1748183648807 0.0002016110084417766 71
1748184329882 0.00018947512507439858 72
1748185008355 0.00017765062666479236 73
1748185687367 0.0001661491825652991 74
1748186367153 0.00015498214331265904 75
1748187046568 0.00014416052942640146 76
1748187726360 0.00013369502053292248 77
1748188407160 0.00012359594482598446 78
1748189086992 0.00011387326887403327 79
1748189767116 0.000104536587784401 80
1748190446537 9.559511573409197e-05 81
1748191126397 8.705767687650267e-05 82
1748191806247 7.893269663304791e-05 83
1748192485788 7.122819337828756e-05 84
1748193164764 6.395177052675793e-05 85
1748193843519 5.711060902932042e-05 86
1748194523065 5.071146028642937e-05 87
1748195203496 4.476063948531561e-05 88
1748195883097 3.926401936765833e-05 89
1748196553395 3.422702443389891e-05 90
1748197223771 2.9654625589913275e-05 91
1748197894065 2.5551335241327577e-05 92
1748198564045 2.1921202840320064e-05 93
1748199234138 1.8767810889299018e-05 94
1748199903876 1.6094271405406757e-05 95
1748200573881 1.390322284933354e-05 96
1748201244121 1.219682752147544e-05 97
1748201914387 1.0976769428005628e-05 98
1748202583994 1.024425261896289e-05 99
