1747730998067 0.00017136 0
1747731001838 0.00034293277199999995 1
1747731005398 0.000507436944 2
1747731008994 0.0006648725159999999 3
1747731012515 0.0006574512 4
1747731016066 0.000643314 5
1747731019586 0.0006291768 6
1747731023084 0.0006150395999999999 7
1747731026908 0.0006009024 8
1747731030413 0.0005867652000000001 9
1747731033915 0.000572628 10
1747731037372 0.0005584908 11
1747731040927 0.0005443536 12
1747731044416 0.0005302164 13
1747731047979 0.0005160792 14
1747731051524 0.000501942 15
1747731054991 0.00048780479999999994 16
1747731058517 0.0004736675999999999 17
1747731061949 0.00045953040000000007 18
1747731065533 0.0004453932 19
1747731069034 0.000431256 20
1747731072557 0.0004171188 21
1747731076096 0.0004029816 22
1747731079847 0.0003888444000000001 23
1747731083387 0.0003747072 24
1747731086928 0.00036057 25
1747731090404 0.0003464328 26
1747731093915 0.00033229559999999996 27
1747731097306 0.00031815839999999995 28
1747731100758 0.00030402120000000004 29
1747731104203 0.000289884 30
1747731107688 0.0002757468 31
1747731111145 0.0002616096 32
1747731114686 0.00024747239999999997 33
1747731118267 0.00023333519999999997 34
1747731121722 0.00021919800000000004 35
1747731125415 0.00020506080000000002 36
1747731128875 0.00019092360000000003 37
1747731132269 0.00017678639999999999 38
1747731135711 0.0001626492 39
1747731139842 0.00014851199999999998 40
1747731143376 0.00013437480000000004 41
1747731146869 0.00012023760000000004 42
1747731150368 0.0001061004 43
1747731153859 9.19632e-05 44
1747731157325 7.782599999999998e-05 45
1747731160759 6.368879999999998e-05 46
1747731164169 4.9551600000000036e-05 47
1747731167546 3.541440000000003e-05 48
