1748133465068 0.82053 0
1748134197451 0.97917 1
1748134896795 0.98909 2
1748135587838 0.99115 3
1748136276683 0.99217 4
1748136963795 0.9924 5
1748137649996 0.99277 6
1748138335915 0.99296 7
1748139022067 0.99309 8
1748139706915 0.99319 9
1748140392504 0.99328 10
1748141077150 0.99333 11
1748141761987 0.99337 12
1748142447509 0.99341 13
1748143132620 0.99344 14
1748143817244 0.99346 15
1748144501751 0.99348 16
1748145186980 0.9935 17
1748145872083 0.99352 18
1748146556779 0.99354 19
1748147241770 0.99355 20
1748147926150 0.99357 21
1748148610491 0.99357 22
1748149295212 0.99359 23
1748149980116 0.99359 24
1748150664684 0.99359 25
1748151349658 0.99361 26
1748152034091 0.99361 27
1748152718700 0.99361 28
1748153403580 0.99363 29
1748154087401 0.99364 30
1748154772260 0.99366 31
1748155456403 0.99368 32
1748156142565 0.99368 33
1748156827795 0.9937 34
1748157512368 0.99372 35
1748158196514 0.99374 36
1748158881009 0.99375 37
1748159564907 0.99375 38
1748160249098 0.99375 39
1748160933543 0.99376 40
1748161617917 0.99376 41
1748162305240 0.99375 42
1748162992011 0.99376 43
1748163677868 0.99376 44
1748164363651 0.99376 45
1748165049607 0.99376 46
1748165735764 0.99375 47
1748166421548 0.99376 48
1748167107326 0.99378 49
1748167793097 0.99378 50
1748168478636 0.9938 51
1748169164123 0.9938 52
1748169850198 0.99379 53
1748170535976 0.99379 54
1748171221636 0.9938 55
1748171906314 0.99381 56
1748172590681 0.9938 57
1748173275407 0.9938 58
1748173959526 0.99381 59
1748174644030 0.99381 60
1748175328260 0.99382 61
1748176013178 0.99382 62
1748176697900 0.99382 63
1748177382866 0.99382 64
1748178067533 0.99382 65
1748178753151 0.99382 66
1748179438382 0.99382 67
1748180123843 0.99382 68
1748180809617 0.99382 69
1748181495531 0.99381 70
