1748133465068 0.71984 0
1748134197451 0.94893 1
1748134896795 0.97606 2
1748135587838 0.98307 3
1748136276683 0.98687 4
1748136963795 0.9884 5
1748137649996 0.98968 6
1748138335915 0.99012 7
1748139022067 0.99083 8
1748139706915 0.99086 9
1748140392504 0.991 10
1748141077150 0.99132 11
1748141761987 0.99158 12
1748142447509 0.99182 13
1748143132620 0.99209 14
1748143817244 0.99242 15
1748144501751 0.99259 16
1748145186980 0.99268 17
1748145872083 0.99273 18
1748146556779 0.99281 19
1748147241770 0.99279 20
1748147926150 0.99282 21
1748148610491 0.99299 22
1748149295212 0.99313 23
1748149980116 0.99316 24
1748150664684 0.99333 25
1748151349658 0.9933 26
1748152034091 0.99319 27
1748152718700 0.99324 28
1748153403580 0.99315 29
1748154087401 0.99319 30
1748154772260 0.99329 31
1748155456403 0.99331 32
1748156142565 0.99337 33
1748156827795 0.99342 34
1748157512368 0.99348 35
1748158196514 0.9935 36
1748158881009 0.99356 37
1748159564907 0.9936 38
1748160249098 0.99357 39
1748160933543 0.99353 40
1748161617917 0.99346 41
1748162305240 0.99347 42
1748162992011 0.99352 43
1748163677868 0.99354 44
1748164363651 0.99359 45
1748165049607 0.99351 46
1748165735764 0.99353 47
1748166421548 0.99357 48
1748167107326 0.9936 49
1748167793097 0.99364 50
1748168478636 0.99364 51
1748169164123 0.99366 52
1748169850198 0.99365 53
1748170535976 0.9936 54
1748171221636 0.99365 55
1748171906314 0.99361 56
1748172590681 0.99353 57
1748173275407 0.99353 58
1748173959526 0.99354 59
1748174644030 0.99351 60
1748175328260 0.99353 61
1748176013178 0.99353 62
1748176697900 0.99356 63
1748177382866 0.99354 64
1748178067533 0.99356 65
1748178753151 0.99354 66
1748179438382 0.9935 67
1748180123843 0.99354 68
1748180809617 0.99354 69
1748181495531 0.99357 70
