1748133465068 0.74865 0
1748134197451 0.94467 1
1748134896795 0.97463 2
1748135587838 0.98365 3
1748136276683 0.9889 4
1748136963795 0.99135 5
1748137649996 0.99274 6
1748138335915 0.99333 7
1748139022067 0.99367 8
1748139706915 0.9946 9
1748140392504 0.99499 10
1748141077150 0.99512 11
1748141761987 0.99527 12
1748142447509 0.99535 13
1748143132620 0.99548 14
1748143817244 0.99549 15
1748144501751 0.99562 16
1748145186980 0.99573 17
1748145872083 0.99583 18
1748146556779 0.99581 19
1748147241770 0.99587 20
1748147926150 0.99602 21
1748148610491 0.99589 22
1748149295212 0.99589 23
1748149980116 0.99588 24
1748150664684 0.9959 25
1748151349658 0.99599 26
1748152034091 0.99614 27
1748152718700 0.99616 28
1748153403580 0.99631 29
1748154087401 0.99637 30
1748154772260 0.99643 31
1748155456403 0.99648 32
1748156142565 0.99655 33
1748156827795 0.99659 34
1748157512368 0.99666 35
1748158196514 0.99678 36
1748158881009 0.9968 37
1748159564907 0.99676 38
1748160249098 0.9969 39
1748160933543 0.99695 40
1748161617917 0.99704 41
1748162305240 0.99706 42
1748162992011 0.997 43
1748163677868 0.99708 44
1748164363651 0.99713 45
1748165049607 0.99722 46
1748165735764 0.99723 47
1748166421548 0.99721 48
1748167107326 0.99728 49
1748167793097 0.99733 50
1748168478636 0.99737 51
1748169164123 0.99743 52
1748169850198 0.99746 53
1748170535976 0.99744 54
1748171221636 0.99744 55
1748171906314 0.99745 56
1748172590681 0.99746 57
1748173275407 0.99745 58
1748173959526 0.9975 59
1748174644030 0.9975 60
1748175328260 0.99751 61
1748176013178 0.99755 62
1748176697900 0.99757 63
1748177382866 0.99763 64
1748178067533 0.99759 65
1748178753151 0.9976 66
1748179438382 0.99767 67
1748180123843 0.99772 68
1748180809617 0.99771 69
1748181495531 0.99772 70
