1746976897364 1.0 239
1746977003757 1.0 239
1746977045236 1.0 239
1746977093955 2.0 478
1746977113923 2.0 478
1746977162577 3.0 717
1746977200322 3.0 717
1746977203873 3.0 717
1746977433809 1.0 239
1746977452288 1.0 239
1746977519729 2.0 478
1746977560610 2.0 478
1746977628001 3.0 717
1746977665793 3.0 717
1746977733328 4.0 956
1746977763403 4.0 956
1746977812211 5.0 1195
1746977844252 5.0 1195
1746977892682 6.0 1434
1746977926664 6.0 1434
1746977974967 7.0 1673
1746978006120 7.0 1673
1746978054391 8.0 1912
1746978094502 8.0 1912
1746978143217 9.0 2151
1746978177970 9.0 2151
1746978226297 10.0 2390
1746978263334 10.0 2390
1746978266973 10.0 2390
