1746524654199 0.13218 0
1746524695738 0.31392 1
1746524736388 0.6178 2
1746524777545 0.776 3
1746524819045 0.8618 4
1746524859481 0.90605 5
1746524900389 0.95836 6
1746524941547 0.96426 7
1746524982707 0.9855 8
1746525023410 0.99119 9
1746525064364 0.99216 10
1746525105167 0.99076 11
1746525146006 0.98923 12
1746525186282 0.99184 13
1746525227050 0.99305 14
1746525267947 0.995 15
1746525308217 0.995 16
1746525348726 0.99499 17
1746525389402 0.9949 18
1746525429522 0.99499 19
1746525470675 0.995 20
1746525511055 0.995 21
1746525551446 0.995 22
1746525592153 0.99411 23
1746525632944 0.995 24
1746525673747 0.995 25
1746525680770 0.995 25
