197 0.059333 0.501667 0.112000 0.470000
533 0.153333 0.488333 0.093333 0.316667
258 0.244667 0.501667 0.108000 0.416667
746 0.350333 0.498333 0.122000 0.376667
63 0.449667 0.490000 0.090000 0.326667
545 0.536333 0.500000 0.098000 0.373333
39 0.643667 0.500000 0.136667 0.460000
945 0.722667 0.490000 0.034667 0.266667
385 0.811667 0.496667 0.163333 0.460000
577 0.939333 0.491667 0.110667 0.430000
661 1.040667 0.500000 0.106667 0.346667
98 1.179000 0.488333 0.184667 0.923333
373 1.356333 0.508333 0.190000 0.950000
942 1.463333 0.505000 0.044000 0.343333
11 1.536000 0.488333 0.120000 0.443333
534 1.633667 0.508333 0.094000 0.403333
517 1.737333 0.503333 0.130667 0.440000
36 1.854333 0.496667 0.116667 0.380000
4 1.960667 0.506667 0.109333 0.446667
397 2.045000 0.491667 0.074000 0.323333
191 2.126000 0.498333 0.108000 0.443333
576 2.228333 0.505000 0.114000 0.450000
951 2.293000 0.508333 0.034000 0.270000
221 2.397333 0.496667 0.189333 0.946667
591 2.557333 0.495000 0.145333 0.443333
231 2.678000 0.496667 0.112000 0.500000
1002 2.744000 0.493333 0.034667 0.260000
785 2.788000 0.506667 0.070667 0.300000
111 2.858000 0.498333 0.082667 0.390000
782 2.932000 0.505000 0.085333 0.390000
733 3.011000 0.508333 0.087333 0.530000
535 3.121333 0.506667 0.149333 0.340000
384 3.269333 0.510000 0.161333 0.806667
1013 3.359000 0.493333 0.032667 0.266667
482 3.397667 0.501667 0.062000 0.323333
361 3.493333 0.508333 0.148000 0.456667
341 3.597333 0.488333 0.073333 0.303333
542 3.685667 0.491667 0.119333 0.416667
831 3.796667 0.488333 0.120000 0.536667
436 3.916000 0.493333 0.137333 0.380000
909 4.029667 0.508333 0.108667 0.476667
914 4.133000 0.493333 0.115333 0.366667
446 4.209000 0.508333 0.052667 0.316667
216 4.278667 0.501667 0.100000 0.443333
962 4.342000 0.503333 0.045333 0.340000
65 4.394333 0.490000 0.076667 0.193333
228 4.473000 0.496667 0.100667 0.460000
459 4.550333 0.501667 0.070000 0.416667
934 4.597667 0.496667 0.043333 0.320000
982 4.629000 0.495000 0.034000 0.276667
557 4.685333 0.500000 0.093333 0.633333
668 4.789000 0.498333 0.128667 0.423333
330 4.885667 0.506667 0.079333 0.306667
412 4.958000 0.491667 0.082667 0.416667
892 5.086000 0.493333 0.188000 0.940000
880 5.220000 0.490000 0.100000 0.326667
938 5.286333 0.498333 0.046000 0.356667
230 5.359667 0.493333 0.115333 0.473333
205 5.457667 0.500000 0.099333 0.400000
266 5.583000 0.495000 0.171333 0.856667
949 5.679667 0.506667 0.038000 0.286667
307 5.723333 0.490000 0.065333 0.373333
288 5.803000 0.510000 0.111333 0.420000
268 5.939000 0.501667 0.180667 0.903333
158 6.108333 0.488333 0.174000 0.870000
214 6.237000 0.496667 0.103333 0.520000
605 6.352000 0.503333 0.146667 0.393333
395 6.475333 0.506667 0.118667 0.360000
47 6.587333 0.510000 0.118667 0.573333
73 6.721000 0.496667 0.163333 0.513333
801 6.842667 0.505000 0.100000 0.370000
168 6.940333 0.490000 0.108667 0.400000
19 7.044000 0.506667 0.112000 0.366667
253 7.121000 0.493333 0.056667 0.513333
79 7.259333 0.500000 0.238667 0.453333
390 7.437667 0.488333 0.134000 0.363333
329 7.588000 0.493333 0.186667 0.673333
901 7.769667 0.488333 0.194000 0.970000
137 7.887000 0.493333 0.059333 0.293333
1018 7.929667 0.508333 0.043333 0.343333
369 8.057667 0.505000 0.227333 1.136667
520 8.227333 0.500000 0.132000 0.413333
199 8.331667 0.488333 0.095333 0.383333
131 8.425000 0.498333 0.110000 0.436667
265 8.524333 0.510000 0.107333 0.413333
219 8.616667 0.490000 0.092000 0.380000
656 8.720667 0.493333 0.134667 0.333333
981 8.796000 0.503333 0.034667 0.253333
881 8.869333 0.500000 0.128000 0.426667
66 8.985000 0.505000 0.116667 0.616667
586 9.098667 0.488333 0.126667 0.356667
646 9.190333 0.490000 0.072667 0.313333
786 9.256333 0.488333 0.075333 0.463333
142 9.331000 0.490000 0.088667 0.413333
83 9.411667 0.490000 0.090000 0.440000
815 9.500667 0.505000 0.104000 0.250000
996 9.564333 0.503333 0.039333 0.293333
34 9.630333 0.490000 0.111333 0.433333
442 9.716667 0.510000 0.081333 0.420000
102 9.836333 0.491667 0.178000 0.383333
832 9.973333 0.495000 0.113333 0.490000
130 10.117333 0.501667 0.190667 0.396667
923 10.227333 0.488333 0.046667 0.356667
15 10.298333 0.508333 0.108667 0.350000
820 10.389333 0.496667 0.089333 0.373333
91 10.535667 0.491667 0.222000 1.110000
969 10.654000 0.498333 0.033333 0.276667
257 10.738667 0.488333 0.150667 0.496667
539 10.834667 0.491667 0.060000 0.270000
714 10.940667 0.505000 0.170667 0.470000
410 11.077000 0.495000 0.122000 0.543333
940 11.150000 0.490000 0.041333 0.300000
32 11.221333 0.498333 0.120000 0.456667
1012 11.293667 0.508333 0.042000 0.316667
751 11.349000 0.488333 0.086000 0.376667
353 11.468667 0.496667 0.168000 0.840000
760 11.608333 0.493333 0.127333 0.413333
250 11.733000 0.500000 0.139333 0.673333
435 11.825667 0.508333 0.059333 0.303333
9 11.902667 0.510000 0.110667 0.433333
551 12.025000 0.493333 0.150000 0.466667
429 12.138333 0.506667 0.096667 0.340000
943 12.193667 0.491667 0.034000 0.283333
467 12.236667 0.493333 0.068000 0.386667
685 12.303000 0.510000 0.079333 0.320000
992 12.354000 0.508333 0.038667 0.310000
127 12.427333 0.508333 0.126667 0.430000
544 12.535667 0.493333 0.106000 0.386667
575 12.625000 0.508333 0.086000 0.283333
96 12.740333 0.498333 0.160667 0.803333
626 12.912667 0.506667 0.202667 1.013333
968 13.022667 0.488333 0.036000 0.290000
463 13.062000 0.488333 0.057333 0.343333
120 13.177000 0.510000 0.186000 0.486667
283 13.331333 0.510000 0.140000 0.480000
417 13.426667 0.488333 0.070667 0.343333
75 13.538000 0.510000 0.170667 0.520000
297 13.650667 0.491667 0.069333 0.356667
274 13.723000 0.500000 0.092667 0.433333
1019 13.777333 0.505000 0.034667 0.283333
108 13.895000 0.501667 0.215333 0.463333
424 14.064667 0.488333 0.140000 0.443333
738 14.175000 0.501667 0.094000 0.450000
936 14.234667 0.498333 0.040000 0.310000
249 14.277000 0.493333 0.062000 0.453333
510 14.351333 0.500000 0.106667 0.333333
929 14.420333 0.495000 0.044667 0.330000
144 14.488000 0.506667 0.110667 0.520000
677 14.593667 0.493333 0.115333 0.386667
366 14.707333 0.491667 0.129333 0.363333
593 14.847000 0.498333 0.164667 0.823333
695 15.011667 0.503333 0.179333 0.460000
567 15.148000 0.501667 0.110667 0.450000
97 15.294667 0.496667 0.197333 0.426667
891 15.419000 0.508333 0.064667 0.250000
680 15.496000 0.501667 0.102667 0.350000
476 15.568000 0.506667 0.056000 0.313333
888 15.678000 0.506667 0.181333 0.906667
584 15.836667 0.510000 0.154667 0.460000
339 15.951667 0.508333 0.094000 0.496667
74 16.071667 0.490000 0.162000 0.506667
810 16.198000 0.498333 0.109333 0.483333
578 16.300000 0.505000 0.110667 0.456667
991 16.363333 0.491667 0.029333 0.250000
17 16.414333 0.500000 0.091333 0.320000
696 16.517667 0.505000 0.134000 0.310000
279 16.616000 0.490000 0.080000 0.460000
336 16.693000 0.496667 0.094000 0.453333
538 16.820333 0.501667 0.176667 0.430000
860 16.991667 0.505000 0.183333 0.916667
922 17.096000 0.501667 0.040000 0.310000
747 17.155000 0.510000 0.098000 0.393333
657 17.251667 0.501667 0.108667 0.456667
997 17.314333 0.495000 0.034000 0.283333
693 17.370000 0.510000 0.097333 0.473333
499 17.437000 0.491667 0.054000 0.323333
774 17.498333 0.503333 0.084667 0.433333
599 17.590667 0.495000 0.118667 0.363333
239 17.743000 0.488333 0.203333 1.016667
995 17.856000 0.490000 0.041333 0.300000
512 17.924000 0.508333 0.109333 0.370000
603 18.081333 0.500000 0.222667 1.113333
241 18.232333 0.503333 0.099333 0.546667
933 18.289667 0.490000 0.031333 0.253333
70 18.359333 0.503333 0.124000 0.426667
431 18.465000 0.508333 0.103333 0.356667
741 18.571667 0.510000 0.124667 0.433333
903 18.684333 0.491667 0.118000 0.323333
465 18.772000 0.491667 0.073333 0.436667
457 18.836333 0.506667 0.070000 0.360000
319 18.905667 0.496667 0.088667 0.320000
418 18.987667 0.493333 0.091333 0.440000
426 19.050667 0.500000 0.050667 0.346667
14 19.107667 0.488333 0.080667 0.283333
503 19.219667 0.508333 0.158000 0.410000
188 19.336667 0.506667 0.093333 0.406667
563 19.440000 0.488333 0.133333 0.296667
1008 19.523333 0.493333 0.048000 0.366667
282 19.604333 0.491667 0.127333 0.436667
400 19.682000 0.495000 0.048000 0.416667
684 19.746333 0.496667 0.095333 0.320000
291 19.848333 0.498333 0.124667 0.496667
825 19.959667 0.493333 0.114000 0.546667
791 20.049000 0.493333 0.083333 0.500000
204 20.143000 0.503333 0.119333 0.513333
77 20.262667 0.491667 0.140000 0.350000
608 20.382333 0.500000 0.118000 0.420000
966 20.447667 0.506667 0.032667 0.266667
49 20.557000 0.488333 0.204667 1.023333
292 20.702333 0.510000 0.103333 0.400000
759 20.812000 0.501667 0.130667 0.376667
536 20.945333 0.500000 0.149333 0.586667
415 21.092333 0.491667 0.159333 0.536667
601 21.232667 0.490000 0.138667 0.420000
1004 21.315333 0.498333 0.040000 0.310000
784 21.353667 0.510000 0.056667 0.460000
56 21.404333 0.493333 0.062000 0.086667
874 21.462667 0.508333 0.072000 0.330000
401 21.544333 0.495000 0.106000 0.543333
48 21.703667 0.488333 0.227333 1.136667
438 21.903667 0.501667 0.187333 0.936667
1016 22.009333 0.488333 0.040000 0.323333
961 22.039333 0.498333 0.037333 0.276667
509 22.096000 0.488333 0.093333 0.303333
322 22.186000 0.508333 0.101333 0.143333
737 22.257667 0.493333 0.062000 0.400000
946 22.302333 0.500000 0.043333 0.340000
725 22.366667 0.505000 0.098667 0.416667
325 22.491000 0.496667 0.166000 0.600000
1021 22.583667 0.501667 0.039333 0.296667
818 22.664667 0.498333 0.140000 0.410000
136 22.782333 0.495000 0.115333 0.510000
788 22.917333 0.510000 0.169333 0.480000
404 23.040000 0.506667 0.094667 0.473333
950 23.098667 0.500000 0.037333 0.306667
530 23.162667 0.508333 0.105333 0.510000
13 23.261000 0.498333 0.107333 0.350000
399 23.358000 0.505000 0.102667 0.370000
269 23.468333 0.500000 0.134000 0.413333
663 23.577667 0.488333 0.103333 0.356667
822 23.663000 0.496667 0.087333 0.286667
580 23.784000 0.505000 0.173333 0.410000
129 23.940000 0.506667 0.153333 0.580000
720 24.110000 0.496667 0.206667 1.033333
44 24.259333 0.488333 0.105333 0.430000
952 24.323667 0.503333 0.039333 0.300000
619 24.394000 0.488333 0.114667 0.616667
653 24.507000 0.501667 0.130000 0.423333
190 24.608667 0.508333 0.088000 0.356667
780 24.716667 0.488333 0.145333 0.416667
194 24.825333 0.491667 0.090667 0.403333
875 24.926000 0.490000 0.129333 0.320000
7 25.050000 0.505000 0.132000 0.410000
789 25.139667 0.501667 0.062000 0.370000
856 25.242667 0.488333 0.162667 0.403333
126 25.380000 0.510000 0.130667 0.433333
676 25.500667 0.508333 0.128000 0.476667
145 25.594667 0.493333 0.076000 0.346667
540 25.713333 0.495000 0.181333 0.663333
937 25.816333 0.496667 0.039333 0.293333
115 25.854333 0.503333 0.052667 0.306667
26 25.928333 0.488333 0.112667 0.376667
311 26.022333 0.490000 0.091333 0.406667
638 26.100000 0.500000 0.082667 0.320000
658 26.161000 0.506667 0.058000 0.346667
566 26.243667 0.498333 0.124667 0.523333
616 26.364333 0.505000 0.132667 0.323333
20 26.467333 0.503333 0.090667 0.300000
381 26.568333 0.501667 0.131333 0.350000
778 26.677667 0.501667 0.102000 0.696667
275 26.743000 0.501667 0.048667 0.310000
380 26.825667 0.508333 0.134000 0.370000
840 26.935667 0.491667 0.099333 0.496667
343 27.037667 0.503333 0.122000 0.353333
722 27.148000 0.508333 0.116000 0.336667
402 27.261667 0.490000 0.131333 0.366667
474 27.348000 0.495000 0.061333 0.310000
980 27.387667 0.495000 0.038000 0.290000
1017 27.415667 0.488333 0.038000 0.303333
606 27.480333 0.503333 0.108667 0.346667
483 27.558667 0.488333 0.061333 0.370000
295 27.629000 0.501667 0.092667 0.396667
993 27.683000 0.506667 0.031333 0.246667
806 27.767000 0.491667 0.156667 0.783333
502 27.877333 0.493333 0.082667 0.386667
496 27.974333 0.493333 0.124667 0.513333
388 28.103333 0.503333 0.149333 0.446667
90 28.252333 0.508333 0.168667 0.363333
610 28.395333 0.491667 0.130667 0.403333
473 28.487667 0.500000 0.070000 0.366667
134 28.569667 0.508333 0.107333 0.343333
68 28.681333 0.498333 0.136000 0.390000
970 28.756333 0.500000 0.034000 0.280000
367 28.839667 0.495000 0.146000 0.416667
267 29.020667 0.510000 0.229333 1.146667
391 29.202000 0.496667 0.150667 0.433333
271 29.376667 0.500000 0.216000 1.080000
983 29.500333 0.500000 0.050000 0.366667
490 29.552333 0.493333 0.067333 0.346667
1015 29.595667 0.506667 0.039333 0.300000
222 29.654333 0.496667 0.095333 0.420000
456 29.737333 0.495000 0.084000 0.436667
550 29.809667 0.498333 0.076667 0.383333
301 29.867000 0.506667 0.058000 0.326667
481 29.914000 0.493333 0.053333 0.306667
470 29.965333 0.501667 0.068000 0.383333
43 30.037000 0.501667 0.090000 0.350000
133 30.125000 0.505000 0.099333 0.310000
928 30.187000 0.508333 0.038000 0.296667
742 30.296000 0.496667 0.197333 0.986667
749 30.432333 0.488333 0.095333 0.410000
38 30.535000 0.503333 0.126000 0.420000
716 30.663667 0.500000 0.147333 0.366667
907 30.778667 0.496667 0.098667 0.320000
581 30.862333 0.508333 0.086000 0.370000
754 30.957333 0.496667 0.118667 0.573333
362 31.085333 0.503333 0.156000 0.460000
67 31.247667 0.495000 0.183333 0.916667
263 31.442333 0.495000 0.220667 1.103333
849 31.597667 0.498333 0.106000 0.496667
321 31.690667 0.505000 0.098667 0.403333
886 31.837667 0.488333 0.211333 1.056667
871 31.971667 0.500000 0.070000 0.340000
611 32.049000 0.496667 0.104667 0.393333
3 32.127333 0.493333 0.072000 0.320000
1014 32.177000 0.496667 0.046000 0.340000
796 32.254333 0.498333 0.122000 0.423333
690 32.354333 0.491667 0.092667 0.450000
526 32.472000 0.510000 0.156000 0.413333
82 32.585667 0.500000 0.086000 0.586667
600 32.686000 0.503333 0.129333 0.393333
805 32.830333 0.500000 0.176667 0.506667
689 32.953333 0.506667 0.086667 0.426667
813 33.045000 0.493333 0.112667 0.280000
167 33.171667 0.488333 0.158000 0.790000
256 33.299333 0.488333 0.110667 0.370000
516 33.411667 0.510000 0.132667 0.453333
78 33.555333 0.490000 0.169333 0.380000
172 33.698333 0.506667 0.135333 0.500000
790 33.798333 0.505000 0.079333 0.490000
620 33.906333 0.508333 0.150000 0.630000
673 34.026000 0.510000 0.105333 0.353333
736 34.099667 0.506667 0.060667 0.400000
592 34.186333 0.495000 0.128667 0.370000
845 34.290333 0.506667 0.099333 0.406667
883 34.416000 0.503333 0.169333 0.360000
377 34.568000 0.491667 0.153333 0.410000
917 34.663000 0.498333 0.052667 0.376667
464 34.707000 0.493333 0.052667 0.293333
320 34.798667 0.506667 0.148000 0.486667
148 34.976333 0.491667 0.222000 1.110000
408 35.135333 0.495000 0.113333 0.430000
590 35.264000 0.501667 0.158667 0.610000
932 35.356333 0.501667 0.040667 0.316667
246 35.446000 0.508333 0.156000 0.543333
595 35.581667 0.505000 0.131333 0.396667
1022 35.664000 0.495000 0.048000 0.363333
310 35.710667 0.498333 0.065333 0.370000
24 35.802667 0.510000 0.132000 0.453333
42 35.900000 0.496667 0.076000 0.433333
466 35.959000 0.500000 0.059333 0.346667
54 36.018667 0.491667 0.073333 0.370000
468 36.088667 0.506667 0.082667 0.426667
715 36.207333 0.510000 0.170667 0.426667
316 36.328333 0.490000 0.090000 0.326667
1000 36.382667 0.491667 0.037333 0.290000
355 36.474000 0.501667 0.161333 0.443333
285 36.599000 0.498333 0.102000 0.330000
181 36.724000 0.490000 0.164000 0.820000
182 36.863333 0.500000 0.130667 0.446667
317 36.966000 0.493333 0.094667 0.353333
211 37.061000 0.503333 0.115333 0.586667
617 37.162667 0.503333 0.101333 0.440000
609 37.243333 0.503333 0.074667 0.306667
100 37.361000 0.491667 0.179333 0.376667
531 37.527667 0.496667 0.171333 0.453333
781 37.638000 0.510000 0.062667 0.320000
643 37.716667 0.496667 0.110667 0.393333
363 37.873000 0.501667 0.216667 1.083333
549 38.026667 0.490000 0.105333 0.360000
421 38.163000 0.495000 0.186000 0.930000
634 38.283667 0.505000 0.070000 0.290000
139 38.351667 0.490000 0.082000 0.460000
671 38.437667 0.490000 0.110000 0.413333
804 38.575000 0.503333 0.178000 0.513333
484 38.706667 0.508333 0.098667 0.343333
1020 38.767667 0.506667 0.042000 0.306667
867 38.831000 0.488333 0.104667 0.330000
649 38.927333 0.490000 0.105333 0.553333
76 39.036667 0.500000 0.129333 0.406667
114 39.132333 0.498333 0.079333 0.390000
974 39.187333 0.506667 0.050667 0.380000
245 39.242000 0.501667 0.074667 0.316667
688 39.315000 0.501667 0.086000 0.416667
761 39.421333 0.510000 0.140000 0.400000
260 39.539000 0.491667 0.114000 0.290000
248 39.628333 0.493333 0.079333 0.426667
505 39.688667 0.498333 0.057333 0.243333
709 39.764333 0.498333 0.108667 0.450000
462 39.843000 0.508333 0.064667 0.390000
500 39.904000 0.490000 0.076000 0.340000
711 40.027667 0.505000 0.188667 0.943333
405 40.175000 0.510000 0.120667 0.466667
908 40.272000 0.493333 0.089333 0.333333
926 40.332333 0.500000 0.050000 0.373333
51 40.410333 0.510000 0.120667 0.386667
569 40.512333 0.495000 0.103333 0.450000
798 40.603667 0.510000 0.095333 0.346667
225 40.689667 0.505000 0.090000 0.443333
971 40.748667 0.508333 0.041333 0.303333
318 40.809667 0.505000 0.098000 0.483333
432 40.922333 0.493333 0.140667 0.273333
585 41.050000 0.501667 0.132000 0.370000
642 41.145667 0.488333 0.076667 0.310000
441 41.213333 0.506667 0.073333 0.386667
699 41.300667 0.510000 0.117333 0.340000
180 41.406667 0.491667 0.110667 0.423333
629 41.560667 0.500000 0.216000 1.080000
847 41.711333 0.491667 0.105333 0.330000
186 41.796333 0.495000 0.083333 0.363333
853 41.881333 0.508333 0.105333 0.436667
772 42.012000 0.508333 0.176000 0.496667
360 42.206333 0.491667 0.231333 1.156667
726 42.354667 0.490000 0.082667 0.433333
836 42.430333 0.501667 0.086000 0.370000
925 42.481667 0.503333 0.032667 0.253333
155 42.542667 0.506667 0.102667 0.573333
445 42.623667 0.500000 0.074000 0.380000
877 42.697333 0.506667 0.088000 0.453333
407 42.775667 0.491667 0.084667 0.323333
814 42.887667 0.498333 0.152667 0.383333
406 43.006000 0.493333 0.098667 0.380000
553 43.109333 0.503333 0.124000 0.453333
149 43.232000 0.496667 0.134667 0.373333
821 43.334667 0.493333 0.084000 0.560000
665 43.428667 0.496667 0.118667 0.386667
543 43.581667 0.488333 0.206000 0.690000
212 43.726333 0.493333 0.098000 0.433333
681 43.789667 0.508333 0.047333 0.430000
635 43.851333 0.490000 0.090667 0.413333
289 43.993667 0.508333 0.212667 0.416667
368 44.153333 0.495000 0.126667 0.390000
793 44.265000 0.493333 0.110000 0.453333
85 44.365000 0.496667 0.108667 0.413333
234 44.470000 0.493333 0.114667 0.466667
492 44.552667 0.500000 0.066667 0.360000
21 44.630333 0.506667 0.107333 0.346667
583 44.698000 0.488333 0.045333 0.310000
647 44.744333 0.490000 0.063333 0.326667
700 44.839000 0.496667 0.144667 0.573333
776 44.978333 0.503333 0.151333 0.400000
326 45.090333 0.510000 0.086000 0.393333
739 45.158667 0.493333 0.064000 0.560000
501 45.222000 0.491667 0.077333 0.343333
819 45.324333 0.498333 0.142000 0.430000
882 45.442333 0.503333 0.114000 0.440000
80 45.536000 0.500000 0.090667 0.466667
965 45.594000 0.496667 0.041333 0.306667
895 45.683667 0.510000 0.154000 0.453333
105 45.867667 0.491667 0.228667 1.143333
331 46.064333 0.508333 0.180667 0.903333
110 46.209333 0.503333 0.124000 0.466667
170 46.376333 0.501667 0.226000 1.130000
631 46.555333 0.490000 0.152000 0.506667
947 46.646333 0.495000 0.050000 0.376667
309 46.699000 0.501667 0.068667 0.390000
978 46.738333 0.493333 0.028667 0.240000
775 46.777667 0.503333 0.066000 0.306667
614 46.881000 0.508333 0.155333 0.776667
964 46.970333 0.500000 0.043333 0.320000
794 47.019333 0.498333 0.069333 0.430000
640 47.090000 0.491667 0.085333 0.430000
281 47.197000 0.508333 0.144667 0.496667
702 47.344333 0.488333 0.163333 0.816667
238 47.481000 0.506667 0.126000 0.493333
756 47.608333 0.498333 0.147333 0.450000
660 47.720000 0.496667 0.092000 0.313333
579 47.847000 0.505000 0.180667 0.436667
851 47.969667 0.506667 0.084667 0.400000
176 48.058667 0.503333 0.112000 0.393333
233 48.151667 0.506667 0.088667 0.446667
403 48.272000 0.493333 0.168000 0.466667
686 48.395333 0.488333 0.092000 0.450000
411 48.517000 0.505000 0.170000 0.330000
977 48.613333 0.500000 0.041333 0.306667
1 48.661000 0.498333 0.068667 0.350000
834 48.733000 0.493333 0.094000 0.466667
332 48.879333 0.495000 0.213333 0.516667
123 49.030000 0.490000 0.108000 0.686667
701 49.160000 0.490000 0.165333 0.520000
718 49.321000 0.501667 0.176667 0.883333
227 49.449333 0.490000 0.093333 0.386667
504 49.559333 0.500000 0.145333 0.413333
252 49.676667 0.501667 0.109333 0.430000
116 49.786333 0.490000 0.130000 0.406667
670 49.901000 0.501667 0.118000 0.403333
244 50.033667 0.488333 0.160667 0.436667
717 50.210667 0.506667 0.212000 1.060000
944 50.326333 0.490000 0.032667 0.260000
478 50.372333 0.493333 0.075333 0.440000
697 50.434667 0.493333 0.062667 0.313333
710 50.544333 0.500000 0.171333 0.513333
607 50.685333 0.488333 0.129333 0.396667
911 50.782667 0.501667 0.084000 0.296667
870 50.851667 0.495000 0.071333 0.363333
905 50.961667 0.500000 0.166000 0.520000
812 51.093000 0.496667 0.116667 0.280000
541 51.234333 0.490000 0.179333 0.386667
35 51.382667 0.488333 0.134667 0.443333
342 51.485667 0.491667 0.091333 0.383333
458 51.555667 0.488333 0.062000 0.316667
833 51.635333 0.491667 0.116000 0.496667
803 51.772333 0.500000 0.174000 0.553333
374 51.921000 0.493333 0.138000 0.393333
308 52.021667 0.496667 0.078000 0.446667
306 52.084000 0.510000 0.062667 0.353333
650 52.186667 0.495000 0.157333 0.516667
472 52.300667 0.510000 0.085333 0.440000
723 52.379667 0.506667 0.091333 0.313333
169 52.477667 0.506667 0.120667 0.426667
1007 52.547000 0.510000 0.035333 0.266667
662 52.607000 0.495000 0.098000 0.316667
894 52.711667 0.506667 0.126000 0.393333
807 52.867000 0.496667 0.204667 0.473333
777 53.003667 0.501667 0.084667 0.370000
439 53.095667 0.510000 0.112667 0.453333
521 53.212000 0.491667 0.138667 0.390000
376 53.377333 0.506667 0.210667 1.053333
582 53.582667 0.500000 0.217333 1.086667
753 53.741333 0.488333 0.120000 0.390000
195 53.832333 0.496667 0.082000 0.400000
202 53.969000 0.491667 0.206000 1.030000
652 54.135333 0.491667 0.142667 0.463333
41 54.279000 0.501667 0.159333 0.470000
830 54.404000 0.500000 0.104000 0.520000
837 54.496667 0.496667 0.101333 0.506667
976 54.564000 0.500000 0.048000 0.340000
698 54.604667 0.491667 0.050667 0.270000
728 54.650667 0.508333 0.057333 0.510000
243 54.775000 0.508333 0.208667 1.043333
826 54.918667 0.496667 0.092000 0.453333
498 54.981667 0.506667 0.051333 0.300000
795 55.034000 0.490000 0.073333 0.453333
1010 55.085000 0.488333 0.044667 0.343333
604 55.161667 0.495000 0.122000 0.370000
161 55.270667 0.506667 0.110667 0.386667
561 55.420667 0.501667 0.206667 0.423333
687 55.570000 0.496667 0.105333 0.513333
338 55.681333 0.505000 0.136000 0.703333
864 55.801667 0.500000 0.119333 0.480000
209 55.910667 0.496667 0.114667 0.580000
33 56.020333 0.505000 0.124667 0.476667
920 56.129667 0.493333 0.111333 0.440000
323 56.294000 0.503333 0.233333 0.466667
613 56.493333 0.501667 0.181333 0.463333
858 56.634000 0.490000 0.120000 0.366667
973 56.705333 0.491667 0.040000 0.310000
679 56.758000 0.508333 0.081333 0.496667
644 56.834333 0.508333 0.087333 0.403333
177 56.978333 0.491667 0.218000 1.090000
150 57.137667 0.508333 0.114000 0.470000
930 57.206667 0.500000 0.041333 0.320000
107 57.313333 0.490000 0.189333 0.946667
118 57.456333 0.493333 0.116667 0.420000
71 57.548000 0.506667 0.080000 0.433333
770 57.641333 0.501667 0.120000 0.336667
632 57.789000 0.498333 0.194000 0.970000
270 57.959000 0.498333 0.162000 0.810000
242 58.087333 0.488333 0.108000 0.430000
972 58.153667 0.506667 0.042000 0.326667
597 58.233667 0.503333 0.135333 0.400000
758 58.368333 0.508333 0.154000 0.456667
162 58.497667 0.496667 0.118000 0.440000
189 58.598333 0.490000 0.103333 0.520000
280 58.691667 0.491667 0.099333 0.363333
692 58.783000 0.506667 0.099333 0.493333
799 58.867667 0.500000 0.087333 0.333333
1023 58.920667 0.488333 0.038667 0.290000
731 58.968000 0.491667 0.072000 0.376667
848 59.063667 0.505000 0.139333 0.463333
443 59.167333 0.508333 0.082667 0.430000
427 59.281333 0.510000 0.162667 0.813333
967 59.372333 0.506667 0.036667 0.313333
218 59.439333 0.510000 0.117333 0.526667
861 59.518667 0.490000 0.054667 0.426667
84 59.589667 0.490000 0.107333 0.313333
88 59.755667 0.510000 0.238000 0.513333
897 59.944000 0.508333 0.154667 0.436667
328 60.091333 0.510000 0.156000 0.780000
587 60.236333 0.508333 0.152667 0.476667
855 60.340333 0.506667 0.072667 0.186667
185 60.478333 0.505000 0.216667 1.083333
612 60.641333 0.501667 0.128000 0.336667
437 60.731333 0.508333 0.072000 0.356667
827 60.809667 0.498333 0.104667 0.470000
5 60.889000 0.498333 0.070000 0.316667
156 60.984000 0.490000 0.134667 0.400000
278 61.109667 0.488333 0.134000 0.410000
425 61.208333 0.488333 0.082000 0.483333
487 61.275667 0.493333 0.066000 0.353333
893 61.369667 0.501667 0.135333 0.396667
889 61.514000 0.500000 0.168000 0.513333
523 61.657333 0.506667 0.137333 0.433333
835 61.780333 0.491667 0.127333 0.550000
277 61.873333 0.500000 0.073333 0.333333
95 61.990000 0.500000 0.174667 0.873333
370 62.136667 0.506667 0.134667 0.406667
659 62.230667 0.503333 0.069333 0.280000
986 62.273000 0.503333 0.032667 0.266667
305 62.319667 0.490000 0.080667 0.446667
419 62.402000 0.500000 0.098667 0.480000
513 62.499667 0.495000 0.112667 0.356667
264 62.641667 0.505000 0.190000 0.950000
229 62.768333 0.488333 0.083333 0.416667
121 62.814000 0.488333 0.022667 0.363333
712 62.885667 0.510000 0.138000 0.426667
57 62.976667 0.490000 0.061333 0.240000
708 63.055667 0.496667 0.116667 0.480000
589 63.153333 0.506667 0.094667 0.393333
53 63.244000 0.503333 0.105333 0.386667
2 63.328667 0.506667 0.082667 0.426667
409 63.410333 0.495000 0.095333 0.476667
198 63.508000 0.505000 0.120000 0.563333
598 63.625333 0.503333 0.133333 0.393333
630 63.766667 0.501667 0.165333 0.556667
293 63.894667 0.491667 0.104000 0.436667
984 63.956333 0.491667 0.038000 0.303333
641 64.013667 0.490000 0.090000 0.413333
46 64.082000 0.495000 0.065333 0.536667
372 64.170333 0.496667 0.124667 0.340000
448 64.264667 0.496667 0.080000 0.420000
913 64.345667 0.510000 0.102000 0.320000
915 64.419667 0.503333 0.060667 0.500000
365 64.507000 0.493333 0.127333 0.360000
898 64.623667 0.508333 0.123333 0.383333
193 64.715333 0.500000 0.078667 0.386667
771 64.784000 0.503333 0.077333 0.380000
359 64.904667 0.506667 0.181333 0.906667
560 65.065000 0.501667 0.155333 0.776667
16 65.191333 0.508333 0.114667 0.376667
727 65.274667 0.490000 0.068000 0.386667
354 65.381333 0.503333 0.161333 0.466667
440 65.489333 0.495000 0.070667 0.410000
602 65.573000 0.490000 0.116667 0.353333
215 65.664000 0.496667 0.084000 0.393333
237 65.734667 0.501667 0.073333 0.543333
489 65.795000 0.508333 0.066000 0.363333
532 65.866333 0.493333 0.094000 0.480000
935 65.922000 0.503333 0.036000 0.273333
866 66.044000 0.503333 0.226667 1.133333
987 66.168000 0.498333 0.037333 0.276667
287 66.231667 0.488333 0.103333 0.376667
146 66.321000 0.488333 0.094000 0.430000
173 66.413667 0.490000 0.104667 0.473333
621 66.485333 0.503333 0.056000 0.553333
519 66.570333 0.488333 0.131333 0.436667
765 66.669333 0.506667 0.081333 0.380000
284 66.759667 0.505000 0.116667 0.416667
45 66.842000 0.498333 0.066667 0.330000
766 66.937333 0.495000 0.141333 0.416667
486 67.029000 0.493333 0.055333 0.326667
259 67.096000 0.493333 0.097333 0.486667
358 67.193000 0.501667 0.112667 0.296667
829 67.295000 0.498333 0.107333 0.523333
58 67.366000 0.510000 0.050667 0.273333
958 67.404333 0.506667 0.046000 0.353333
294 67.543333 0.500000 0.252000 0.413333
554 67.741667 0.491667 0.164667 0.823333
990 67.835000 0.508333 0.038000 0.323333
112 67.924333 0.498333 0.155333 0.516667
921 68.025333 0.495000 0.066667 0.396667
327 68.123333 0.488333 0.144000 0.396667
179 68.244000 0.493333 0.117333 0.420000
730 68.371333 0.510000 0.157333 0.600000
92 68.529000 0.495000 0.171333 0.856667
919 68.647000 0.501667 0.079333 0.403333
206 68.731667 0.506667 0.106000 0.533333
192 68.828667 0.506667 0.105333 0.533333
141 68.909333 0.508333 0.070667 0.343333
300 68.972667 0.498333 0.076000 0.243333
226 69.061000 0.493333 0.119333 0.600000
994 69.132000 0.510000 0.037333 0.313333
452 69.177667 0.503333 0.070000 0.406667
491 69.265000 0.498333 0.118000 0.576667
664 69.376333 0.490000 0.124667 0.426667
954 69.452667 0.500000 0.046667 0.346667
734 69.558000 0.498333 0.184000 0.483333
811 69.718333 0.498333 0.150000 0.410000
117 69.853000 0.510000 0.135333 0.400000
899 69.972000 0.506667 0.121333 0.320000
779 70.042333 0.503333 0.032667 0.326667
618 70.089333 0.506667 0.078667 0.493333
286 70.177000 0.498333 0.114000 0.430000
208 70.315333 0.500000 0.177333 0.886667
101 70.512333 0.496667 0.235333 0.506667
477 70.668333 0.491667 0.091333 0.456667
232 70.751333 0.491667 0.093333 0.376667
303 70.827667 0.490000 0.074000 0.420000
382 70.958667 0.500000 0.208000 1.040000
333 71.134000 0.500000 0.157333 0.786667
87 71.291333 0.506667 0.176000 0.880000
12 71.420000 0.505000 0.100000 0.330000
449 71.498000 0.488333 0.072000 0.363333
272 71.616667 0.498333 0.178667 0.530000
59 71.800333 0.493333 0.203333 0.533333
843 71.938000 0.510000 0.089333 0.433333
220 72.037667 0.491667 0.128667 0.516667
124 72.132333 0.500000 0.078000 0.300000
37 72.215000 0.510000 0.100667 0.353333
396 72.324000 0.493333 0.133333 0.366667
975 72.399000 0.510000 0.035333 0.266667
344 72.488000 0.493333 0.162667 0.813333
378 72.616000 0.506667 0.109333 0.300000
828 72.715667 0.490000 0.104667 0.486667
335 72.817000 0.488333 0.111333 0.370000
627 72.959667 0.495000 0.191333 0.630000
1011 73.066667 0.503333 0.038667 0.306667
81 73.133667 0.505000 0.108667 0.443333
912 73.233000 0.505000 0.104667 0.410000
422 73.324000 0.508333 0.094667 0.390000
555 73.386000 0.490000 0.045333 0.420000
956 73.415333 0.500000 0.030667 0.253333
451 73.451667 0.500000 0.058000 0.306667
113 73.509333 0.510000 0.077333 0.353333
8 73.588667 0.490000 0.094667 0.373333
151 73.670667 0.501667 0.086667 0.430000
637 73.740333 0.501667 0.068667 0.350000
508 73.803000 0.496667 0.071333 0.420000
22 73.893000 0.491667 0.122000 0.410000
885 73.989333 0.506667 0.084000 0.386667
103 74.108333 0.491667 0.172667 0.863333
988 74.209667 0.493333 0.047333 0.346667
985 74.248000 0.503333 0.042667 0.340000
767 74.316667 0.496667 0.112000 0.320000
624 74.453667 0.508333 0.182000 0.910000
153 74.576667 0.495000 0.081333 0.363333
792 74.665667 0.491667 0.115333 0.470000
704 74.769667 0.501667 0.112667 0.343333
27 74.882667 0.496667 0.129333 0.440000
705 75.029333 0.490000 0.178667 0.893333
887 75.179667 0.508333 0.139333 0.450000
744 75.326000 0.510000 0.169333 0.846667
633 75.481000 0.508333 0.156667 0.783333
217 75.599333 0.506667 0.098667 0.413333
86 75.698667 0.510000 0.113333 0.486667
844 75.809000 0.496667 0.122000 0.500000
511 75.917333 0.498333 0.109333 0.343333
571 76.011000 0.488333 0.098000 0.396667
122 76.115000 0.498333 0.127333 0.456667
570 76.217333 0.503333 0.093333 0.393333
23 76.323000 0.506667 0.135333 0.386667
740 76.441000 0.510000 0.119333 0.273333
865 76.539667 0.510000 0.094000 0.353333
655 76.623000 0.491667 0.088667 0.376667
223 76.711000 0.503333 0.100667 0.453333
552 76.778667 0.488333 0.050667 0.343333
769 76.850333 0.496667 0.111333 0.326667
164 76.953000 0.500000 0.114000 0.406667
910 77.056333 0.501667 0.110000 0.350000
140 77.211000 0.505000 0.214000 1.070000
906 77.372000 0.493333 0.126667 0.353333
745 77.474000 0.501667 0.096000 0.390000
471 77.543000 0.491667 0.062000 0.370000
383 77.622333 0.500000 0.115333 0.313333
558 77.718333 0.503333 0.095333 0.460000
485 77.789000 0.490000 0.064667 0.380000
979 77.836000 0.503333 0.044000 0.360000
862 77.890000 0.503333 0.078667 0.386667
998 77.943333 0.510000 0.045333 0.353333
138 77.989000 0.500000 0.063333 0.333333
846 78.064000 0.493333 0.105333 0.433333
235 78.157333 0.501667 0.097333 0.403333
783 78.233333 0.508333 0.074667 0.410000
254 78.336667 0.491667 0.145333 0.550000
625 78.471000 0.500000 0.142000 0.480000
196 78.588333 0.495000 0.108667 0.443333
876 78.698333 0.495000 0.128667 0.330000
255 78.834333 0.503333 0.156667 0.593333
808 78.949333 0.490000 0.086667 0.386667
859 79.045667 0.488333 0.119333 0.336667
955 79.115667 0.498333 0.040667 0.316667
896 79.185333 0.491667 0.113333 0.343333
868 79.273667 0.501667 0.078000 0.450000
299 79.363667 0.500000 0.116667 0.453333
304 79.453333 0.496667 0.081333 0.453333
1003 79.503000 0.506667 0.032667 0.260000
447 79.538000 0.510000 0.056000 0.293333
455 79.598667 0.500000 0.081333 0.420000
174 79.682000 0.490000 0.101333 0.380000
959 79.741667 0.493333 0.031333 0.246667
350 79.815667 0.491667 0.136667 0.403333
748 79.926000 0.493333 0.102667 0.373333
565 80.057000 0.510000 0.176667 0.360000
497 80.207667 0.493333 0.142000 0.366667
838 80.319000 0.503333 0.100667 0.413333
568 80.403333 0.495000 0.086667 0.430000
460 80.483333 0.508333 0.086667 0.443333
672 80.569333 0.510000 0.101333 0.386667
931 80.635333 0.500000 0.045333 0.326667
800 80.694333 0.506667 0.092667 0.366667
159 80.755667 0.510000 0.048667 0.366667
872 80.847000 0.488333 0.148667 0.423333
337 81.009333 0.506667 0.193333 0.586667
694 81.149000 0.505000 0.103333 0.510000
61 81.240333 0.488333 0.096667 0.483333
645 81.322000 0.505000 0.082667 0.356667
200 81.410667 0.505000 0.113333 0.450000
527 81.519333 0.496667 0.121333 0.386667
691 81.611000 0.506667 0.075333 0.366667
416 81.687333 0.498333 0.090667 0.430000
386 81.803000 0.508333 0.158000 0.416667
444 81.903000 0.490000 0.062000 0.373333
340 81.996667 0.506667 0.138667 0.413333
213 82.118667 0.496667 0.118667 0.566667
669 82.233667 0.488333 0.131333 0.416667
106 82.407000 0.495000 0.231333 1.156667
824 82.580667 0.498333 0.129333 0.530000
428 82.680667 0.506667 0.085333 0.586667
750 82.759667 0.510000 0.091333 0.340000
537 82.954000 0.503333 0.312000 0.540000
314 83.147333 0.493333 0.092000 0.320000
706 83.217667 0.505000 0.068667 0.356667
900 83.312000 0.500000 0.140000 0.413333
125 83.422333 0.493333 0.095333 0.446667
89 83.544333 0.505000 0.162000 0.336667
904 83.655667 0.508333 0.078000 0.416667
157 83.766333 0.495000 0.162000 0.643333
564 83.906333 0.488333 0.131333 0.270000
392 84.024000 0.501667 0.124000 0.343333
93 84.194000 0.491667 0.236000 0.496667
488 84.345000 0.496667 0.086000 0.420000
62 84.410000 0.508333 0.062667 0.303333
357 84.493333 0.495000 0.117333 0.323333
475 84.574667 0.503333 0.065333 0.346667
556 84.655000 0.500000 0.115333 0.480000
393 84.758667 0.508333 0.106667 0.283333
884 84.860333 0.490000 0.111333 0.380000
963 84.930333 0.491667 0.043333 0.343333
135 85.012333 0.500000 0.140667 0.433333
816 85.133667 0.510000 0.115333 0.413333
178 85.238000 0.496667 0.109333 0.393333
768 85.316667 0.493333 0.068000 0.140000
752 85.376000 0.491667 0.068000 0.190000
495 85.433000 0.488333 0.060667 0.330000
525 85.518667 0.505000 0.130667 0.416667
479 85.613667 0.491667 0.076667 0.410000
154 85.691333 0.488333 0.094667 0.483333
345 85.842667 0.496667 0.221333 1.106667
64 85.982667 0.500000 0.074667 0.406667
852 86.064000 0.508333 0.106667 0.450000
379 86.163000 0.496667 0.111333 0.346667
675 86.264000 0.508333 0.108000 0.350000
247 86.355333 0.490000 0.090667 0.360000
469 86.420000 0.490000 0.058667 0.306667
674 86.504000 0.508333 0.128000 0.423333
842 86.602667 0.498333 0.086667 0.423333
588 86.689333 0.491667 0.100000 0.430000
735 86.801667 0.508333 0.140667 0.570000
623 86.939000 0.488333 0.148667 0.490000
450 87.037000 0.496667 0.064667 0.373333
651 87.142667 0.503333 0.161333 0.526667
175 87.313000 0.498333 0.194000 0.970000
817 87.455667 0.490000 0.106000 0.386667
94 87.609667 0.505000 0.222000 0.476667
890 87.756000 0.506667 0.090667 0.380000
514 87.853333 0.495000 0.124000 0.416667
313 87.970000 0.491667 0.126667 0.430000
454 88.050667 0.490000 0.053333 0.306667
713 88.159667 0.501667 0.184667 0.463333
757 88.303000 0.506667 0.119333 0.340000
352 88.423667 0.493333 0.142000 0.373333
522 88.543667 0.495000 0.116667 0.363333
863 88.635000 0.493333 0.082000 0.393333
729 88.677000 0.510000 0.020667 0.320000
529 88.743333 0.501667 0.130667 0.503333
298 88.847333 0.503333 0.090667 0.453333
924 88.905333 0.506667 0.044000 0.320000
546 88.975667 0.508333 0.111333 0.396667
346 89.110333 0.495000 0.178000 0.890000
574 89.227000 0.488333 0.074000 0.303333
528 89.312000 0.495000 0.116000 0.410000
160 89.397000 0.505000 0.070000 0.363333
30 89.487667 0.510000 0.128667 0.380000
916 89.644333 0.495000 0.204667 1.023333
873 89.784333 0.506667 0.088667 0.413333
207 89.875667 0.493333 0.107333 0.513333
99 90.030333 0.508333 0.215333 0.456667
171 90.186667 0.496667 0.114667 0.440000
939 90.257000 0.498333 0.043333 0.343333
654 90.383667 0.496667 0.226000 0.473333
240 90.524667 0.500000 0.073333 0.380000
290 90.607333 0.503333 0.110667 0.346667
506 90.674667 0.508333 0.037333 0.416667
347 90.752667 0.491667 0.136000 0.376667
1005 90.830667 0.491667 0.038667 0.296667
371 90.909333 0.505000 0.134667 0.410000
453 91.005000 0.493333 0.070000 0.400000
878 91.077000 0.491667 0.090000 0.456667
296 91.173000 0.503333 0.115333 0.453333
413 91.293000 0.490000 0.140667 0.593333
615 91.426333 0.488333 0.143333 0.650000
518 91.537667 0.498333 0.095333 0.323333
31 91.652333 0.498333 0.147333 0.436667
389 91.787667 0.496667 0.143333 0.453333
841 91.899667 0.508333 0.094000 0.430000
52 91.998000 0.496667 0.118667 0.413333
594 92.114667 0.491667 0.134667 0.416667
224 92.219333 0.505000 0.093333 0.376667
682 92.310000 0.490000 0.102667 0.386667
678 92.407000 0.498333 0.104667 0.343333
6 92.508000 0.505000 0.113333 0.463333
132 92.603000 0.495000 0.095333 0.410000
147 92.695667 0.498333 0.103333 0.463333
69 92.796000 0.491667 0.116000 0.576667
559 92.889333 0.501667 0.088000 0.423333
119 92.967333 0.493333 0.088000 0.520000
573 93.052667 0.500000 0.098667 0.393333
622 93.158000 0.500000 0.129333 0.440000
183 93.256333 0.493333 0.082000 0.413333
348 93.364667 0.491667 0.148000 0.470000
850 93.473333 0.490000 0.088000 0.366667
989 93.528333 0.508333 0.038000 0.276667
764 93.575333 0.503333 0.072000 0.346667
60 93.648667 0.505000 0.093333 0.390000
918 93.735000 0.510000 0.096667 0.340000
261 93.864667 0.503333 0.182667 0.913333
109 94.052000 0.506667 0.206667 0.446667
356 94.206000 0.501667 0.117333 0.350000
743 94.293333 0.495000 0.073333 0.310000
721 94.402000 0.493333 0.158667 0.480000
387 94.548333 0.505000 0.150000 0.470000
755 94.690000 0.496667 0.150667 0.500000
28 94.811667 0.491667 0.107333 0.376667
763 94.887667 0.490000 0.060667 0.506667
1001 94.927000 0.508333 0.036667 0.276667
165 94.998333 0.493333 0.122000 0.446667
312 95.115333 0.495000 0.125333 0.423333
902 95.248000 0.501667 0.153333 0.410000
349 95.414333 0.495000 0.196667 0.983333
29 95.564667 0.496667 0.120000 0.340000
201 95.664000 0.491667 0.093333 0.383333
854 95.791333 0.493333 0.181333 0.906667
152 95.908667 0.503333 0.069333 0.340000
276 95.963667 0.496667 0.056667 0.366667
953 96.000333 0.505000 0.035333 0.270000
493 96.049667 0.503333 0.082000 0.360000
324 96.148667 0.505000 0.132000 0.650000
50 96.287000 0.505000 0.159333 0.523333
375 96.451333 0.510000 0.186667 0.933333
434 96.597667 0.501667 0.122000 0.410000
166 96.715333 0.490000 0.130667 0.460000
18 96.825333 0.501667 0.108000 0.350000
394 96.943333 0.488333 0.144000 0.403333
251 97.039000 0.495000 0.064667 0.376667
398 97.104333 0.495000 0.083333 0.443333
719 97.224000 0.491667 0.173333 0.443333
839 97.351333 0.491667 0.094667 0.496667
480 97.421000 0.496667 0.063333 0.340000
302 97.470667 0.503333 0.056000 0.313333
0 97.515000 0.496667 0.047333 0.380000
315 97.586667 0.501667 0.109333 0.396667
879 97.713000 0.495000 0.162000 0.490000
762 97.822667 0.508333 0.072000 0.323333
636 97.918333 0.508333 0.134000 0.310000
203 98.030667 0.505000 0.110667 0.523333
639 98.120000 0.496667 0.082667 0.413333
797 98.206333 0.491667 0.110000 0.403333
163 98.304667 0.505000 0.104000 0.363333
72 98.393667 0.493333 0.090000 0.433333
1006 98.447333 0.501667 0.030667 0.243333
941 98.475333 0.503333 0.042667 0.320000
666 98.551000 0.488333 0.128667 0.443333
40 98.662667 0.501667 0.112000 0.370000
823 98.754000 0.490000 0.090667 0.473333
334 98.862333 0.501667 0.144667 0.510000
351 98.979000 0.510000 0.108667 0.286667
1009 99.043667 0.510000 0.035333 0.273333
262 99.157333 0.490000 0.209333 1.046667
210 99.296333 0.495000 0.087333 0.423333
420 99.383667 0.496667 0.102000 0.386667
802 99.505333 0.500000 0.158667 0.333333
857 99.662667 0.510000 0.174667 0.873333
732 99.777333 0.498333 0.068000 0.336667
273 99.835333 0.506667 0.061333 0.360000
494 99.892667 0.510000 0.072000 0.386667
707 99.980333 0.495000 0.120667 0.483333
703 100.098000 0.488333 0.128000 0.443333
10 100.210000 0.496667 0.114667 0.373333
524 100.320667 0.491667 0.125333 0.390000
547 100.408333 0.501667 0.067333 0.383333
433 100.515000 0.506667 0.159333 0.420000
948 100.606333 0.510000 0.038000 0.313333
414 100.665333 0.490000 0.094667 0.486667
724 100.755000 0.495000 0.099333 0.430000
548 100.874667 0.495000 0.154667 0.570000
187 101.003667 0.503333 0.118000 0.473333
628 101.136000 0.503333 0.165333 0.560000
999 101.227333 0.496667 0.036000 0.286667
184 101.277333 0.510000 0.084000 0.413333
423 101.402667 0.493333 0.186667 0.933333
430 101.531667 0.500000 0.090000 0.386667
25 101.630000 0.496667 0.121333 0.420000
128 101.765333 0.506667 0.165333 0.826667
960 101.865333 0.496667 0.048000 0.366667
236 101.931333 0.505000 0.097333 0.396667
507 102.001667 0.508333 0.062000 0.336667
515 102.072667 0.506667 0.096000 0.313333
869 102.143000 0.508333 0.064667 0.396667
648 102.200333 0.510000 0.067333 0.300000
562 102.321000 0.503333 0.187333 0.426667
572 102.455333 0.491667 0.100000 0.410000
596 102.571333 0.488333 0.145333 0.443333
957 102.655333 0.506667 0.038667 0.320000
461 102.702667 0.498333 0.073333 0.376667
927 102.746000 0.508333 0.032000 0.250000
683 102.833000 0.495000 0.158000 0.790000
143 102.950667 0.510000 0.090667 0.386667
104 103.101000 0.488333 0.226000 1.130000
55 103.254000 0.501667 0.100000 0.283333
773 103.353667 0.501667 0.114000 0.330000
787 103.445000 0.490000 0.086000 0.520000
667 103.545333 0.491667 0.132000 0.463333
809 103.664000 0.510000 0.122667 0.646667
364 103.826000 0.503333 0.217333 1.086667
