686 0.056667 0.508333 0.106667 0.523333
215 0.195000 0.498333 0.188667 0.943333
181 0.348000 0.506667 0.137333 0.460000
831 0.465333 0.503333 0.116000 0.480000
939 0.536333 0.488333 0.046000 0.350000
18 0.611667 0.496667 0.119333 0.406667
281 0.725667 0.500000 0.127333 0.440000
189 0.848333 0.493333 0.134000 0.533333
845 0.959333 0.501667 0.105333 0.436667
467 1.034000 0.501667 0.060000 0.303333
461 1.098667 0.505000 0.085333 0.436667
512 1.186333 0.496667 0.107333 0.373333
917 1.253000 0.498333 0.039333 0.276667
56 1.303667 0.496667 0.076667 0.106667
332 1.414000 0.503333 0.158667 0.793333
892 1.571333 0.490000 0.176000 0.880000
673 1.699000 0.506667 0.095333 0.306667
809 1.787667 0.505000 0.100667 0.556667
441 1.865667 0.510000 0.068667 0.353333
496 1.949667 0.488333 0.119333 0.496667
730 2.059333 0.493333 0.114667 0.500000
511 2.156333 0.498333 0.096667 0.303333
210 2.246667 0.503333 0.097333 0.386667
397 2.338000 0.491667 0.101333 0.450000
458 2.411667 0.505000 0.059333 0.330000
111 2.473000 0.501667 0.083333 0.363333
391 2.584000 0.490000 0.156000 0.440000
714 2.755000 0.505000 0.204667 1.023333
225 2.909000 0.498333 0.118000 0.476667
256 3.012333 0.506667 0.108667 0.386667
599 3.129333 0.490000 0.144000 0.433333
752 3.223333 0.488333 0.062667 0.163333
252 3.301000 0.503333 0.111333 0.433333
186 3.389333 0.488333 0.081333 0.416667
498 3.446667 0.495000 0.053333 0.323333
32 3.529333 0.505000 0.125333 0.410000
445 3.626000 0.498333 0.082667 0.423333
588 3.707000 0.488333 0.099333 0.450000
907 3.809000 0.493333 0.119333 0.386667
411 3.946333 0.496667 0.174000 0.373333
722 4.089333 0.491667 0.128000 0.376667
217 4.190000 0.496667 0.092000 0.380000
795 4.265000 0.488333 0.075333 0.463333
183 4.358000 0.490000 0.128000 0.520000
878 4.457333 0.496667 0.085333 0.440000
659 4.545000 0.493333 0.106000 0.420000
497 4.663000 0.490000 0.143333 0.366667
399 4.771667 0.491667 0.092667 0.316667
313 4.861667 0.508333 0.100667 0.363333
262 4.965333 0.501667 0.122667 0.616667
796 5.068000 0.496667 0.102667 0.346667
97 5.217000 0.506667 0.212667 0.460000
505 5.354667 0.488333 0.081333 0.336667
492 5.419000 0.496667 0.066000 0.346667
728 5.478000 0.505000 0.070667 0.610000
995 5.520667 0.508333 0.034667 0.263333
324 5.588667 0.493333 0.118667 0.580000
909 5.683333 0.510000 0.085333 0.373333
546 5.759333 0.498333 0.085333 0.303333
446 5.826333 0.496667 0.068667 0.353333
450 5.882667 0.490000 0.061333 0.320000
184 5.947333 0.488333 0.086667 0.410000
587 6.045333 0.488333 0.125333 0.370000
964 6.124667 0.490000 0.046667 0.346667
35 6.205667 0.510000 0.131333 0.420000
515 6.311667 0.493333 0.094000 0.293333
750 6.414333 0.496667 0.128667 0.486667
747 6.525667 0.490000 0.110000 0.466667
803 6.632000 0.496667 0.121333 0.366667
932 6.700000 0.503333 0.030667 0.253333
582 6.764000 0.503333 0.110667 0.446667
431 6.857000 0.496667 0.094000 0.320000
20 6.958333 0.493333 0.126000 0.406667
593 7.101333 0.500000 0.176000 0.500000
376 7.240667 0.488333 0.120000 0.350000
131 7.348333 0.501667 0.112667 0.436667
1017 7.415333 0.501667 0.038667 0.316667
674 7.479667 0.508333 0.110000 0.390000
608 7.586000 0.506667 0.122667 0.433333
620 7.705333 0.495000 0.133333 0.570000
778 7.799667 0.505000 0.075333 0.483333
986 7.851667 0.495000 0.046000 0.343333
272 7.946000 0.496667 0.157333 0.786667
113 8.066333 0.500000 0.102000 0.546667
953 8.126000 0.508333 0.030667 0.256667
485 8.158333 0.503333 0.051333 0.293333
437 8.223000 0.493333 0.092667 0.460000
491 8.313333 0.503333 0.104000 0.506667
179 8.419667 0.490000 0.124667 0.473333
689 8.524000 0.496667 0.102667 0.506667
175 8.621000 0.496667 0.107333 0.373333
191 8.707667 0.493333 0.086000 0.413333
406 8.785333 0.491667 0.085333 0.323333
245 8.854333 0.505000 0.071333 0.336667
1012 8.899000 0.503333 0.038000 0.313333
47 8.963667 0.510000 0.106000 0.513333
966 9.029667 0.503333 0.046000 0.360000
202 9.104000 0.496667 0.122667 0.533333
979 9.179667 0.503333 0.043333 0.340000
567 9.249667 0.498333 0.114000 0.476667
288 9.359000 0.501667 0.124667 0.476667
273 9.442000 0.493333 0.054667 0.320000
363 9.548333 0.508333 0.176667 0.883333
227 9.675667 0.505000 0.096667 0.450000
349 9.805333 0.503333 0.181333 0.906667
705 9.974667 0.490000 0.176000 0.880000
754 10.109000 0.498333 0.107333 0.523333
642 10.205000 0.510000 0.098000 0.386667
30 10.317000 0.491667 0.144667 0.416667
137 10.418000 0.495000 0.072000 0.356667
300 10.487667 0.510000 0.080667 0.260000
1003 10.535667 0.508333 0.034000 0.250000
701 10.643667 0.508333 0.199333 0.996667
544 10.772667 0.503333 0.076000 0.293333
612 10.914333 0.508333 0.224667 1.123333
504 11.088333 0.495000 0.139333 0.396667
731 11.183667 0.506667 0.064667 0.320000
220 11.251667 0.501667 0.087333 0.436667
844 11.339000 0.506667 0.106000 0.466667
592 11.475667 0.498333 0.184667 0.923333
305 11.587000 0.510000 0.058000 0.326667
619 11.665000 0.498333 0.112667 0.596667
702 11.787333 0.488333 0.150667 0.470000
765 11.892667 0.496667 0.073333 0.353333
493 11.951333 0.506667 0.064000 0.340000
540 12.069333 0.496667 0.185333 0.706667
819 12.214667 0.508333 0.122667 0.336667
648 12.310000 0.491667 0.082667 0.343333
545 12.393667 0.508333 0.100667 0.363333
640 12.477333 0.496667 0.081333 0.413333
763 12.537667 0.490000 0.056667 0.426667
346 12.611333 0.495000 0.105333 0.323333
668 12.717667 0.491667 0.126000 0.410000
177 12.866000 0.490000 0.188000 0.940000
229 13.042000 0.510000 0.182667 0.913333
881 13.199667 0.498333 0.146000 0.490000
451 13.299333 0.490000 0.070667 0.366667
150 13.372667 0.496667 0.094667 0.386667
632 13.514333 0.505000 0.203333 0.656667
996 13.625333 0.493333 0.038667 0.300000
562 13.728667 0.498333 0.182667 0.376667
430 13.868333 0.495000 0.114000 0.490000
309 13.953000 0.510000 0.074000 0.413333
162 14.037000 0.505000 0.114000 0.416667
518 14.134000 0.491667 0.093333 0.323333
343 14.247667 0.498333 0.148667 0.423333
330 14.353333 0.493333 0.081333 0.313333
424 14.457667 0.490000 0.144667 0.460000
867 14.587000 0.493333 0.130000 0.453333
140 14.710333 0.510000 0.130000 0.666667
123 14.822000 0.491667 0.106667 0.690000
839 14.918000 0.498333 0.105333 0.550000
838 15.025333 0.503333 0.129333 0.560000
340 15.151667 0.506667 0.142000 0.440000
99 15.319000 0.501667 0.206000 1.030000
126 15.492333 0.488333 0.158000 0.790000
753 15.640667 0.508333 0.153333 0.496667
241 15.755000 0.500000 0.090000 0.486667
214 15.846667 0.506667 0.112000 0.560000
900 15.974667 0.500000 0.162667 0.453333
354 16.108333 0.496667 0.124667 0.353333
85 16.211333 0.498333 0.094667 0.356667
547 16.288000 0.506667 0.076000 0.426667
53 16.377667 0.496667 0.116667 0.393333
1020 16.450000 0.490000 0.046667 0.340000
576 16.520000 0.508333 0.106667 0.430000
138 16.593333 0.508333 0.058667 0.343333
329 16.705333 0.506667 0.180000 0.600000
812 16.854333 0.501667 0.131333 0.403333
729 16.925333 0.498333 0.029333 0.343333
257 17.000000 0.496667 0.136000 0.460000
600 17.110667 0.503333 0.104000 0.313333
338 17.206667 0.493333 0.108000 0.560000
86 17.289333 0.488333 0.074667 0.336667
459 17.348667 0.498333 0.057333 0.296667
757 17.433333 0.503333 0.130667 0.446667
128 17.557333 0.491667 0.136000 0.396667
409 17.663333 0.510000 0.093333 0.466667
105 17.822333 0.500000 0.239333 0.513333
490 17.976333 0.498333 0.082000 0.423333
291 18.078333 0.488333 0.138000 0.523333
388 18.213333 0.508333 0.146667 0.463333
534 18.316333 0.503333 0.072667 0.300000
977 18.365333 0.498333 0.040000 0.330000
564 18.449333 0.500000 0.142667 0.293333
898 18.614000 0.500000 0.201333 1.006667
311 18.762333 0.495000 0.114000 0.496667
606 18.871333 0.496667 0.120000 0.373333
27 18.990667 0.501667 0.136000 0.456667
304 19.091333 0.498333 0.082667 0.463333
379 19.206333 0.498333 0.167333 0.836667
904 19.325333 0.493333 0.085333 0.406667
33 19.419000 0.506667 0.122000 0.406667
697 19.503333 0.498333 0.064000 0.323333
266 19.618667 0.501667 0.180000 0.550000
12 19.760000 0.506667 0.118667 0.413333
334 19.885667 0.506667 0.151333 0.520000
771 19.987333 0.500000 0.069333 0.360000
935 20.034333 0.495000 0.044667 0.330000
294 20.156333 0.508333 0.216667 0.343333
503 20.336667 0.495000 0.160000 0.430000
519 20.473333 0.491667 0.132000 0.436667
174 20.587000 0.503333 0.111333 0.406667
435 20.665667 0.505000 0.059333 0.323333
478 20.711333 0.490000 0.052000 0.300000
990 20.746667 0.490000 0.038667 0.286667
759 20.823000 0.505000 0.131333 0.410000
692 20.924333 0.503333 0.090000 0.440000
452 20.995667 0.501667 0.068667 0.356667
302 21.051667 0.495000 0.059333 0.330000
626 21.180667 0.496667 0.212000 1.060000
974 21.295333 0.488333 0.034667 0.283333
931 21.321333 0.501667 0.033333 0.256667
479 21.365333 0.505000 0.072000 0.370000
709 21.434333 0.510000 0.084667 0.346667
348 21.546000 0.496667 0.157333 0.420000
926 21.633000 0.491667 0.036667 0.303333
366 21.723667 0.501667 0.159333 0.443333
316 21.860000 0.508333 0.132000 0.510000
72 21.974333 0.503333 0.111333 0.533333
3 22.064333 0.505000 0.084667 0.390000
654 22.180000 0.510000 0.165333 0.826667
830 22.314667 0.490000 0.117333 0.486667
820 22.401333 0.495000 0.076000 0.310000
852 22.486667 0.506667 0.110667 0.466667
572 22.583000 0.500000 0.095333 0.386667
211 22.667667 0.498333 0.092667 0.443333
805 22.767333 0.503333 0.125333 0.360000
394 22.889000 0.501667 0.136667 0.416667
942 22.968000 0.505000 0.034667 0.283333
133 23.035667 0.500000 0.116667 0.373333
781 23.114667 0.501667 0.061333 0.316667
176 23.186333 0.493333 0.095333 0.340000
146 23.271000 0.495000 0.090000 0.470000
100 23.390333 0.508333 0.168667 0.843333
494 23.498667 0.490000 0.068000 0.366667
622 23.633667 0.495000 0.219333 1.096667
358 23.802000 0.500000 0.132000 0.380000
0 23.882333 0.496667 0.043333 0.333333
785 23.928000 0.505000 0.061333 0.270000
886 24.027333 0.496667 0.157333 0.786667
466 24.135000 0.495000 0.072667 0.436667
634 24.210000 0.488333 0.092000 0.376667
204 24.291000 0.505000 0.086000 0.430000
469 24.361333 0.493333 0.074667 0.393333
764 24.423667 0.491667 0.068667 0.323333
425 24.497667 0.500000 0.094000 0.506667
994 24.555667 0.490000 0.036667 0.280000
19 24.614333 0.500000 0.095333 0.340000
356 24.712333 0.506667 0.119333 0.340000
164 24.824333 0.496667 0.124667 0.446667
707 24.936667 0.495000 0.113333 0.523333
777 25.039667 0.506667 0.111333 0.460000
36 25.140000 0.495000 0.104000 0.330000
1021 25.203333 0.488333 0.042667 0.343333
897 25.271667 0.506667 0.112667 0.326667
681 25.343000 0.488333 0.043333 0.396667
854 25.426000 0.496667 0.138667 0.420000
724 25.531000 0.505000 0.088667 0.416667
275 25.590667 0.488333 0.050667 0.310000
456 25.638000 0.505000 0.058667 0.343333
914 25.713333 0.506667 0.108000 0.326667
373 25.824333 0.510000 0.134000 0.420000
1004 25.900000 0.501667 0.033333 0.256667
808 25.952333 0.490000 0.088667 0.406667
64 26.017000 0.500000 0.060667 0.333333
79 26.145333 0.493333 0.209333 0.413333
616 26.320667 0.510000 0.161333 0.406667
380 26.456000 0.498333 0.128000 0.356667
110 26.580333 0.501667 0.140667 0.496667
331 26.746333 0.503333 0.211333 0.500000
951 26.867333 0.493333 0.045333 0.340000
863 26.924667 0.498333 0.089333 0.430000
267 27.028333 0.500000 0.134000 0.406667
788 27.195333 0.493333 0.220000 1.100000
786 27.325333 0.498333 0.060000 0.363333
226 27.395667 0.491667 0.099333 0.403333
539 27.474333 0.493333 0.075333 0.333333
393 27.562333 0.501667 0.118000 0.350000
635 27.665333 0.495000 0.101333 0.416667
866 27.820333 0.495000 0.224667 1.123333
1008 27.941000 0.510000 0.030000 0.246667
462 27.977667 0.505000 0.062000 0.350000
885 28.046667 0.508333 0.093333 0.430000
212 28.174333 0.491667 0.175333 0.876667
968 28.278333 0.508333 0.050000 0.363333
155 28.348000 0.505000 0.104000 0.570000
1018 28.412333 0.500000 0.043333 0.326667
418 28.477667 0.503333 0.100667 0.486667
369 28.596667 0.503333 0.150667 0.473333
475 28.698333 0.508333 0.070000 0.363333
949 28.743000 0.495000 0.034000 0.270000
535 28.847000 0.496667 0.187333 0.400000
1015 28.954000 0.488333 0.045333 0.356667
927 28.986000 0.488333 0.036000 0.283333
378 29.069667 0.491667 0.148667 0.450000
167 29.233333 0.500000 0.194667 0.973333
687 29.374000 0.500000 0.101333 0.500000
224 29.465333 0.490000 0.097333 0.393333
930 29.523000 0.503333 0.031333 0.260000
152 29.566000 0.496667 0.070667 0.340000
246 29.666000 0.488333 0.142667 0.516667
31 29.795333 0.498333 0.134667 0.396667
278 29.933000 0.496667 0.160667 0.486667
821 30.058000 0.493333 0.104000 0.660000
888 30.163000 0.508333 0.120667 0.390000
827 30.273333 0.495000 0.113333 0.490000
429 30.381333 0.505000 0.120000 0.410000
870 30.464333 0.506667 0.060667 0.313333
937 30.505333 0.498333 0.041333 0.343333
950 30.540333 0.495000 0.043333 0.323333
168 30.611000 0.501667 0.116667 0.410000
282 30.731000 0.503333 0.140667 0.480000
10 30.838667 0.500000 0.090667 0.313333
595 30.947667 0.508333 0.142000 0.436667
163 31.076333 0.508333 0.128667 0.476667
350 31.203000 0.491667 0.140667 0.423333
627 31.341333 0.496667 0.154667 0.773333
999 31.431000 0.498333 0.038000 0.290000
734 31.534333 0.506667 0.188667 0.500000
381 31.691667 0.505000 0.142000 0.390000
987 31.770667 0.490000 0.029333 0.240000
80 31.831000 0.505000 0.108667 0.550000
253 31.905667 0.491667 0.058000 0.543333
523 31.989667 0.496667 0.123333 0.393333
916 32.132667 0.491667 0.177333 0.376667
463 32.253333 0.491667 0.081333 0.416667
187 32.336667 0.488333 0.104000 0.430000
355 32.439000 0.501667 0.119333 0.316667
415 32.583333 0.493333 0.189333 0.946667
973 32.692333 0.508333 0.043333 0.323333
843 32.767000 0.501667 0.120667 0.536667
864 32.876333 0.508333 0.112667 0.436667
244 33.013000 0.510000 0.174000 0.480000
398 33.129333 0.488333 0.078667 0.423333
596 33.209667 0.506667 0.100667 0.306667
597 33.318333 0.501667 0.131333 0.410000
957 33.394000 0.488333 0.034667 0.270000
690 33.439000 0.506667 0.072667 0.353333
745 33.515333 0.510000 0.096000 0.360000
470 33.592333 0.488333 0.078000 0.450000
976 33.646000 0.496667 0.048000 0.346667
879 33.717333 0.510000 0.108000 0.320000
342 33.796000 0.505000 0.062667 0.290000
216 33.865333 0.495000 0.093333 0.376667
877 33.944000 0.490000 0.077333 0.386667
887 34.068000 0.490000 0.189333 0.946667
314 34.213667 0.490000 0.115333 0.400000
1011 34.278667 0.493333 0.033333 0.266667
307 34.324000 0.498333 0.074667 0.423333
761 34.408667 0.510000 0.110667 0.320000
998 34.470000 0.506667 0.032000 0.260000
1009 34.505667 0.508333 0.052667 0.376667
423 34.626000 0.506667 0.208000 1.040000
779 34.740333 0.505000 0.035333 0.303333
166 34.819000 0.488333 0.135333 0.476667
903 34.935000 0.488333 0.114000 0.336667
766 35.036667 0.490000 0.105333 0.306667
440 35.112000 0.498333 0.062667 0.316667
584 35.247333 0.496667 0.228000 1.140000
664 35.411333 0.488333 0.114667 0.423333
161 35.510000 0.500000 0.098667 0.380000
579 35.643667 0.510000 0.187333 0.506667
477 35.757667 0.508333 0.060667 0.330000
797 35.826000 0.496667 0.096000 0.386667
577 35.925667 0.508333 0.116667 0.463333
190 36.024333 0.510000 0.100667 0.460000
552 36.094000 0.491667 0.056000 0.383333
941 36.130667 0.495000 0.036000 0.270000
685 36.194667 0.493333 0.105333 0.413333
598 36.308667 0.508333 0.141333 0.423333
265 36.434000 0.503333 0.129333 0.500000
500 36.526667 0.500000 0.076000 0.353333
7 36.608667 0.488333 0.108000 0.330000
628 36.738333 0.491667 0.168667 0.843333
913 36.877000 0.495000 0.122000 0.370000
847 36.988000 0.505000 0.118667 0.356667
130 37.130000 0.490000 0.185333 0.386667
73 37.294000 0.488333 0.157333 0.496667
716 37.441333 0.493333 0.156000 0.780000
231 37.572000 0.493333 0.122667 0.493333
352 37.697000 0.496667 0.147333 0.420000
106 37.874333 0.505000 0.220667 1.103333
325 38.090000 0.510000 0.228000 1.140000
197 38.250000 0.496667 0.112000 0.460000
26 38.356667 0.496667 0.120000 0.400000
428 38.456000 0.490000 0.092000 0.620000
749 38.548333 0.508333 0.111333 0.450000
68 38.663333 0.503333 0.134667 0.393333
952 38.746333 0.503333 0.048667 0.360000
857 38.857667 0.505000 0.187333 0.936667
524 39.008333 0.500000 0.127333 0.400000
671 39.117333 0.493333 0.109333 0.373333
538 39.235333 0.488333 0.146667 0.376667
748 39.360667 0.503333 0.120000 0.413333
482 39.455000 0.495000 0.082000 0.423333
828 39.529000 0.500000 0.082000 0.366667
773 39.625667 0.490000 0.127333 0.346667
614 39.785000 0.508333 0.207333 1.036667
22 39.946000 0.506667 0.130667 0.440000
813 40.067333 0.506667 0.128000 0.460000
507 40.157667 0.493333 0.070000 0.360000
45 40.219000 0.490000 0.070000 0.346667
975 40.263000 0.493333 0.031333 0.260000
249 40.299667 0.498333 0.060667 0.403333
629 40.402333 0.510000 0.160667 0.533333
856 40.554667 0.498333 0.160000 0.396667
319 40.668000 0.505000 0.082667 0.310000
153 40.739000 0.488333 0.074000 0.330000
700 40.841333 0.491667 0.145333 0.576667
1002 40.922667 0.493333 0.030667 0.246667
448 40.965333 0.510000 0.073333 0.380000
125 41.045667 0.506667 0.103333 0.493333
768 41.123000 0.503333 0.070000 0.180000
182 41.202667 0.501667 0.108000 0.410000
454 41.279667 0.490000 0.066000 0.346667
736 41.333000 0.491667 0.056667 0.370000
570 41.395000 0.506667 0.083333 0.360000
37 41.492667 0.503333 0.132000 0.420000
732 41.586667 0.503333 0.076000 0.393333
902 41.720000 0.503333 0.206667 1.033333
822 41.864667 0.490000 0.100000 0.353333
883 42.012333 0.491667 0.210000 1.050000
114 42.145667 0.505000 0.072667 0.356667
741 42.229333 0.493333 0.108000 0.366667
509 42.323667 0.508333 0.095333 0.296667
185 42.420333 0.490000 0.114000 0.500000
90 42.584667 0.501667 0.234667 0.496667
124 42.731333 0.490000 0.078667 0.280000
308 42.804667 0.488333 0.081333 0.463333
837 42.881667 0.500000 0.091333 0.453333
602 42.980333 0.493333 0.119333 0.360000
160 43.071667 0.501667 0.083333 0.450000
69 43.156667 0.496667 0.105333 0.566667
912 43.250333 0.503333 0.100667 0.393333
802 43.395667 0.506667 0.206000 0.446667
811 43.540333 0.498333 0.103333 0.370000
755 43.653333 0.506667 0.142667 0.440000
60 43.750667 0.488333 0.066667 0.290000
46 43.804000 0.495000 0.053333 0.483333
321 43.872667 0.510000 0.100000 0.406667
719 44.004667 0.496667 0.177333 0.886667
826 44.141333 0.500000 0.116000 0.573333
8 44.242333 0.488333 0.104667 0.410000
442 44.321333 0.508333 0.072000 0.396667
862 44.390333 0.510000 0.080667 0.440000
420 44.471000 0.506667 0.098000 0.380000
268 44.600333 0.495000 0.178000 0.890000
814 44.735000 0.493333 0.106000 0.300000
136 44.887667 0.498333 0.219333 1.096667
361 45.054000 0.491667 0.128000 0.336667
317 45.168333 0.488333 0.120667 0.443333
621 45.246667 0.505000 0.049333 0.476667
341 45.300667 0.498333 0.073333 0.310000
573 45.366000 0.495000 0.076000 0.290000
122 45.449667 0.505000 0.107333 0.390000
801 45.541667 0.495000 0.091333 0.330000
1007 45.594000 0.505000 0.033333 0.256667
548 45.657667 0.490000 0.108667 0.366667
650 45.789667 0.488333 0.168667 0.843333
101 45.949333 0.506667 0.164000 0.820000
55 46.093000 0.498333 0.138000 0.390000
676 46.205667 0.491667 0.102000 0.376667
559 46.292667 0.491667 0.085333 0.416667
1005 46.349000 0.506667 0.047333 0.366667
751 46.411000 0.503333 0.094000 0.406667
880 46.505667 0.488333 0.111333 0.383333
855 46.591000 0.496667 0.078000 0.193333
721 46.712333 0.493333 0.178000 0.466667
895 46.859000 0.495000 0.132667 0.356667
783 46.959667 0.508333 0.083333 0.456667
455 47.027667 0.490000 0.070000 0.366667
193 47.101000 0.498333 0.096667 0.396667
263 47.253000 0.498333 0.223333 1.116667
959 47.380667 0.491667 0.046667 0.356667
908 47.451000 0.510000 0.111333 0.406667
165 47.547333 0.510000 0.098667 0.346667
230 47.702333 0.491667 0.230000 1.150000
39 47.856000 0.500000 0.096000 0.313333
384 47.969667 0.488333 0.150000 0.396667
810 48.087667 0.510000 0.099333 0.413333
506 48.145667 0.493333 0.031333 0.360000
767 48.204667 0.491667 0.104000 0.303333
292 48.314000 0.495000 0.128000 0.476667
938 48.393333 0.500000 0.045333 0.340000
969 48.432000 0.505000 0.045333 0.343333
132 48.495333 0.505000 0.097333 0.423333
652 48.601667 0.493333 0.128667 0.433333
537 48.753000 0.501667 0.187333 0.936667
67 48.919000 0.495000 0.163333 0.816667
4 49.029667 0.488333 0.076667 0.303333
238 49.111333 0.491667 0.104000 0.396667
849 49.208000 0.506667 0.109333 0.520000
236 49.306667 0.490000 0.104000 0.413333
495 49.395667 0.488333 0.094000 0.423333
825 49.474000 0.493333 0.082667 0.400000
199 49.566333 0.500000 0.119333 0.513333
129 49.672667 0.493333 0.109333 0.413333
91 49.826000 0.503333 0.216000 1.080000
444 49.955667 0.501667 0.058000 0.303333
297 50.015667 0.490000 0.080667 0.406667
306 50.083333 0.508333 0.069333 0.390000
774 50.144333 0.496667 0.066000 0.393333
992 50.196667 0.498333 0.053333 0.383333
16 50.271000 0.503333 0.108667 0.360000
715 50.421333 0.496667 0.209333 1.046667
517 50.577000 0.505000 0.119333 0.376667
77 50.694333 0.491667 0.128667 0.316667
899 50.848667 0.506667 0.193333 0.966667
936 50.953333 0.498333 0.034667 0.276667
24 51.019333 0.503333 0.114667 0.386667
385 51.140333 0.491667 0.146000 0.450000
213 51.252000 0.496667 0.093333 0.460000
169 51.353333 0.490000 0.122667 0.460000
947 51.424667 0.510000 0.034667 0.280000
269 51.518000 0.506667 0.169333 0.546667
984 51.620000 0.496667 0.048000 0.360000
360 51.709667 0.493333 0.151333 0.400000
71 51.807667 0.500000 0.060667 0.326667
109 51.921667 0.490000 0.183333 0.393333
14 52.048000 0.490000 0.089333 0.306667
412 52.137333 0.503333 0.106667 0.533333
395 52.237333 0.488333 0.112000 0.296667
42 52.314333 0.501667 0.055333 0.316667
578 52.392000 0.490000 0.113333 0.440000
221 52.494333 0.508333 0.106000 0.463333
633 52.655333 0.500000 0.230667 0.653333
156 52.848333 0.488333 0.170000 0.430000
301 52.960000 0.488333 0.070667 0.396667
638 53.031333 0.500000 0.089333 0.353333
554 53.138333 0.510000 0.139333 0.393333
481 53.232333 0.506667 0.068667 0.373333
57 53.283333 0.508333 0.046667 0.243333
233 53.377333 0.500000 0.157333 0.786667
541 53.537000 0.496667 0.179333 0.446667
344 53.681000 0.510000 0.126000 0.340000
919 53.772000 0.488333 0.070667 0.343333
336 53.858333 0.495000 0.118000 0.556667
251 53.940000 0.491667 0.062667 0.350000
556 54.023667 0.505000 0.123333 0.516667
359 54.135333 0.508333 0.118667 0.316667
365 54.241333 0.506667 0.109333 0.306667
921 54.313333 0.508333 0.053333 0.316667
247 54.383000 0.493333 0.104667 0.460000
6 54.481000 0.503333 0.104667 0.386667
737 54.551000 0.493333 0.051333 0.380000
312 54.617333 0.506667 0.098667 0.360000
219 54.710667 0.493333 0.104000 0.513333
443 54.800000 0.508333 0.092000 0.463333
873 54.888000 0.505000 0.098667 0.436667
196 54.977000 0.495000 0.098000 0.483333
51 55.077333 0.493333 0.120000 0.426667
295 55.182667 0.505000 0.105333 0.443333
310 55.261667 0.495000 0.070000 0.396667
742 55.384000 0.500000 0.193333 0.966667
195 55.521667 0.493333 0.095333 0.386667
703 55.666000 0.490000 0.210667 1.053333
655 55.813333 0.490000 0.098667 0.406667
962 55.873000 0.495000 0.039333 0.323333
145 55.934000 0.505000 0.100000 0.516667
762 56.017333 0.488333 0.080000 0.343333
119 56.096000 0.500000 0.096000 0.566667
960 56.155667 0.491667 0.039333 0.316667
531 56.254667 0.510000 0.173333 0.353333
586 56.440667 0.496667 0.212000 1.060000
723 56.595000 0.501667 0.112667 0.390000
449 56.676667 0.505000 0.069333 0.363333
465 56.738667 0.490000 0.070667 0.406667
50 56.817667 0.503333 0.107333 0.346667
670 56.911667 0.503333 0.099333 0.340000
658 56.988667 0.505000 0.070667 0.410000
75 57.095667 0.510000 0.156667 0.493333
258 57.274333 0.495000 0.219333 1.096667
561 57.452000 0.510000 0.152000 0.326667
637 57.542000 0.490000 0.048000 0.253333
149 57.648000 0.505000 0.180000 0.516667
487 57.759667 0.488333 0.063333 0.336667
704 57.830333 0.496667 0.096667 0.333333
739 57.904667 0.505000 0.069333 0.496667
514 57.998000 0.490000 0.133333 0.420000
738 58.105000 0.500000 0.096667 0.426667
794 58.184333 0.488333 0.075333 0.443333
328 58.286667 0.501667 0.142667 0.370000
315 58.410333 0.503333 0.122000 0.433333
483 58.499667 0.501667 0.072667 0.430000
558 58.570000 0.510000 0.088000 0.426667
468 58.637000 0.490000 0.063333 0.320000
565 58.723667 0.491667 0.130000 0.263333
259 58.859000 0.505000 0.156667 0.783333
997 58.948667 0.490000 0.038667 0.320000
15 59.012333 0.508333 0.107333 0.356667
141 59.094333 0.488333 0.070000 0.316667
851 59.169667 0.490000 0.099333 0.406667
630 59.326000 0.496667 0.228000 1.140000
575 59.491667 0.505000 0.123333 0.403333
760 59.618333 0.500000 0.150000 0.440000
1016 59.700667 0.506667 0.030667 0.253333
798 59.758000 0.493333 0.098667 0.353333
542 59.861333 0.495000 0.126667 0.476667
756 59.973333 0.491667 0.110667 0.336667
735 60.094333 0.503333 0.151333 0.593333
34 60.231333 0.498333 0.137333 0.463333
5 60.334667 0.496667 0.084000 0.393333
9 60.422333 0.500000 0.110000 0.433333
571 60.517667 0.508333 0.100667 0.410000
568 60.618000 0.490000 0.118667 0.593333
457 60.707333 0.488333 0.077333 0.396667
871 60.771000 0.500000 0.064667 0.340000
550 60.834000 0.495000 0.078667 0.390000
740 60.934333 0.493333 0.136667 0.313333
171 61.057667 0.510000 0.124667 0.453333
254 61.192333 0.491667 0.159333 0.603333
375 61.348000 0.493333 0.172000 0.860000
1006 61.446667 0.503333 0.041333 0.320000
276 61.488000 0.500000 0.057333 0.386667
894 61.577000 0.490000 0.134000 0.413333
54 61.669333 0.508333 0.064000 0.350000
662 61.753000 0.488333 0.118000 0.383333
143 61.850333 0.510000 0.096667 0.506667
333 61.962667 0.508333 0.144000 0.350000
983 62.046667 0.490000 0.042667 0.333333
270 62.138333 0.508333 0.156667 0.470000
661 62.264667 0.500000 0.109333 0.386667
434 62.375333 0.510000 0.132000 0.446667
607 62.491333 0.506667 0.114667 0.353333
413 62.592667 0.505000 0.102667 0.416667
1 62.678333 0.493333 0.087333 0.446667
255 62.792667 0.496667 0.161333 0.613333
98 62.978333 0.495000 0.230000 1.150000
407 63.142667 0.496667 0.112000 0.446667
417 63.234000 0.501667 0.089333 0.430000
711 63.371000 0.490000 0.199333 0.560000
693 63.503000 0.508333 0.082000 0.396667
660 63.596667 0.488333 0.118667 0.396667
120 63.745333 0.496667 0.193333 0.966667
699 63.911333 0.495000 0.157333 0.450000
353 64.073333 0.506667 0.182667 0.913333
134 64.218667 0.500000 0.128000 0.426667
377 64.332667 0.493333 0.113333 0.300000
453 64.414000 0.488333 0.064000 0.323333
991 64.453667 0.505000 0.035333 0.283333
476 64.492333 0.503333 0.059333 0.306667
201 64.558333 0.501667 0.088667 0.450000
94 64.698333 0.495000 0.204667 1.023333
81 64.841333 0.510000 0.097333 0.386667
218 64.975667 0.505000 0.186000 0.930000
850 65.104000 0.503333 0.089333 0.413333
1000 65.161333 0.498333 0.040000 0.310000
993 65.195667 0.488333 0.043333 0.350000
65 65.247000 0.498333 0.076667 0.190000
733 65.319667 0.496667 0.087333 0.526667
818 65.417667 0.508333 0.126000 0.283333
83 65.508000 0.496667 0.069333 0.340000
144 65.589333 0.501667 0.106667 0.450000
1010 65.653333 0.505000 0.040000 0.316667
911 65.704333 0.493333 0.080667 0.300000
284 65.808333 0.505000 0.143333 0.516667
527 65.939000 0.488333 0.134000 0.416667
289 66.080667 0.496667 0.169333 0.846667
775 66.186000 0.498333 0.061333 0.296667
371 66.319667 0.491667 0.226000 1.130000
528 66.473000 0.501667 0.100667 0.343333
643 66.572333 0.495000 0.111333 0.403333
323 66.710667 0.493333 0.178667 0.893333
680 66.855000 0.488333 0.123333 0.403333
142 67.001000 0.491667 0.182000 0.910000
989 67.103667 0.506667 0.043333 0.353333
436 67.169333 0.500000 0.101333 0.300000
1001 67.228667 0.506667 0.037333 0.273333
543 67.327000 0.505000 0.174000 0.870000
958 67.421333 0.503333 0.034667 0.286667
372 67.502333 0.495000 0.140667 0.376667
107 67.663000 0.498333 0.196667 0.983333
695 67.826333 0.506667 0.150000 0.433333
318 67.948333 0.503333 0.114000 0.493333
665 68.054667 0.508333 0.118667 0.430000
158 68.189333 0.493333 0.169333 0.846667
121 68.275333 0.505000 0.018667 0.350000
382 68.354000 0.506667 0.152000 0.433333
237 68.462667 0.496667 0.080000 0.520000
727 68.529000 0.501667 0.070000 0.323333
180 68.622000 0.495000 0.133333 0.516667
823 68.727333 0.491667 0.097333 0.476667
555 68.781667 0.505000 0.028667 0.290000
525 68.839667 0.500000 0.104667 0.353333
817 68.950667 0.503333 0.133333 0.300000
48 69.088000 0.510000 0.154667 0.773333
978 69.178000 0.491667 0.040000 0.296667
841 69.244667 0.505000 0.112000 0.463333
617 69.341667 0.490000 0.095333 0.400000
194 69.438000 0.490000 0.114667 0.486667
44 69.537667 0.498333 0.103333 0.396667
364 69.653333 0.503333 0.146667 0.346667
59 69.792667 0.495000 0.150667 0.396667
235 69.899667 0.500000 0.082000 0.380000
433 70.011000 0.493333 0.154000 0.380000
789 70.110333 0.501667 0.060667 0.376667
945 70.155000 0.496667 0.043333 0.340000
842 70.220667 0.496667 0.104000 0.446667
770 70.323000 0.510000 0.115333 0.346667
816 70.427667 0.488333 0.110000 0.396667
108 70.578000 0.490000 0.206667 1.033333
836 70.722667 0.503333 0.097333 0.460000
667 70.825000 0.508333 0.124667 0.416667
1023 70.899667 0.488333 0.044667 0.330000
647 70.947667 0.490000 0.068667 0.340000
925 70.994333 0.508333 0.043333 0.323333
529 71.071667 0.496667 0.131333 0.493333
868 71.173667 0.495000 0.092667 0.523333
679 71.262667 0.496667 0.102667 0.586667
1022 71.320667 0.506667 0.032000 0.266667
901 71.405667 0.496667 0.152667 0.420000
672 71.522333 0.488333 0.095333 0.343333
859 71.624000 0.503333 0.124000 0.373333
320 71.736000 0.488333 0.117333 0.356667
875 71.887333 0.506667 0.200000 1.000000
148 72.065333 0.500000 0.169333 0.460000
526 72.222667 0.496667 0.164000 0.420000
489 72.330333 0.491667 0.071333 0.410000
135 72.415667 0.496667 0.112667 0.346667
102 72.574333 0.501667 0.219333 0.463333
591 72.740333 0.506667 0.128667 0.380000
112 72.877667 0.503333 0.159333 0.533333
63 73.009667 0.495000 0.119333 0.430000
726 73.105000 0.495000 0.090000 0.470000
876 73.231667 0.496667 0.183333 0.480000
499 73.342667 0.506667 0.056000 0.340000
234 73.420000 0.495000 0.114667 0.463333
104 73.572667 0.506667 0.206667 0.440000
922 73.687667 0.506667 0.039333 0.286667
29 73.773333 0.500000 0.150667 0.406667
351 73.913000 0.500000 0.148667 0.420000
882 74.040333 0.505000 0.123333 0.483333
285 74.143000 0.498333 0.102000 0.330000
791 74.220667 0.488333 0.069333 0.423333
1014 74.268667 0.496667 0.040000 0.313333
38 74.326000 0.488333 0.093333 0.310000
769 74.417667 0.505000 0.103333 0.316667
860 74.556667 0.490000 0.192000 0.960000
615 74.692333 0.505000 0.096667 0.443333
2 74.780000 0.491667 0.093333 0.483333
250 74.932667 0.500000 0.230667 1.153333
89 75.151333 0.510000 0.222667 1.113333
510 75.314667 0.508333 0.122667 0.376667
464 75.396667 0.493333 0.061333 0.366667
368 75.495333 0.496667 0.156000 0.460000
345 75.644333 0.510000 0.156667 0.446667
557 75.752667 0.495000 0.073333 0.503333
603 75.888000 0.508333 0.214667 0.456667
396 76.049333 0.508333 0.121333 0.370000
758 76.157667 0.488333 0.110000 0.316667
806 76.283667 0.498333 0.162000 0.810000
296 76.410333 0.496667 0.107333 0.393333
280 76.513000 0.510000 0.112667 0.386667
127 76.673667 0.505000 0.226000 1.130000
58 76.809333 0.503333 0.060000 0.353333
872 76.911333 0.488333 0.160000 0.456667
792 77.046000 0.490000 0.122667 0.500000
956 77.125000 0.495000 0.050000 0.370000
203 77.186000 0.506667 0.092000 0.446667
961 77.247667 0.498333 0.044667 0.350000
948 77.282667 0.503333 0.040000 0.326667
884 77.364667 0.503333 0.137333 0.506667
367 77.490333 0.506667 0.128667 0.353333
279 77.598333 0.510000 0.100667 0.580000
390 77.692333 0.506667 0.104667 0.320000
410 77.788000 0.496667 0.105333 0.433333
447 77.868333 0.510000 0.068667 0.360000
154 77.930667 0.510000 0.076000 0.366667
713 78.070000 0.506667 0.217333 1.086667
208 78.215333 0.491667 0.088000 0.443333
583 78.283333 0.503333 0.064000 0.373333
924 78.324333 0.493333 0.036667 0.300000
43 78.382667 0.488333 0.100000 0.390000
92 78.539333 0.503333 0.230667 0.486667
645 78.689333 0.498333 0.088000 0.403333
649 78.775000 0.500000 0.099333 0.533333
274 78.878000 0.491667 0.120000 0.596667
374 79.005000 0.500000 0.148667 0.413333
698 79.105667 0.503333 0.066000 0.346667
684 79.193000 0.506667 0.124667 0.486667
981 79.261667 0.490000 0.032667 0.280000
824 79.321000 0.491667 0.106000 0.443333
943 79.386333 0.490000 0.038000 0.293333
940 79.423000 0.490000 0.050000 0.366667
580 79.522667 0.498333 0.164000 0.430000
861 79.622333 0.496667 0.054000 0.413333
13 79.702000 0.501667 0.121333 0.390000
61 79.792333 0.500000 0.074000 0.360000
347 79.884333 0.495000 0.126000 0.383333
780 79.996667 0.488333 0.112000 0.336667
889 80.118333 0.506667 0.150000 0.460000
88 80.280000 0.496667 0.192000 0.413333
532 80.422667 0.506667 0.108000 0.553333
82 80.504333 0.495000 0.070000 0.523333
829 80.580000 0.501667 0.098667 0.450000
874 80.668667 0.496667 0.092000 0.433333
157 80.801333 0.506667 0.192000 0.960000
206 80.937000 0.498333 0.094000 0.403333
905 81.037333 0.508333 0.126667 0.416667
40 81.156000 0.503333 0.125333 0.413333
41 81.282000 0.508333 0.141333 0.390000
574 81.382000 0.496667 0.076000 0.306667
710 81.511667 0.500000 0.199333 0.546667
422 81.643667 0.506667 0.082000 0.306667
683 81.728000 0.503333 0.105333 0.313333
720 81.856000 0.488333 0.169333 0.456667
929 81.952333 0.496667 0.036667 0.266667
84 82.022000 0.501667 0.116000 0.323333
954 82.093000 0.505000 0.040667 0.290000
198 82.170667 0.496667 0.129333 0.533333
357 82.322000 0.510000 0.193333 0.966667
66 82.468333 0.510000 0.116667 0.646667
560 82.615333 0.503333 0.194667 0.973333
173 82.752333 0.496667 0.092667 0.426667
682 82.845333 0.501667 0.109333 0.410000
920 82.946667 0.501667 0.106667 0.396667
264 83.045667 0.501667 0.106000 0.403333
955 83.112333 0.498333 0.047333 0.336667
386 83.198333 0.503333 0.138000 0.420000
988 83.278667 0.491667 0.036000 0.283333
971 83.313000 0.488333 0.050000 0.376667
915 83.363667 0.510000 0.067333 0.540000
62 83.431000 0.505000 0.082000 0.383333
287 83.514000 0.510000 0.097333 0.373333
370 83.609333 0.503333 0.110667 0.300000
980 83.682333 0.510000 0.050000 0.366667
28 83.757333 0.498333 0.120000 0.416667
76 83.866000 0.488333 0.113333 0.356667
70 83.979000 0.500000 0.127333 0.420000
222 84.084000 0.488333 0.098667 0.476667
536 84.219000 0.498333 0.191333 0.956667
656 84.396667 0.498333 0.180000 0.410000
172 84.535667 0.503333 0.116667 0.433333
513 84.652000 0.495000 0.132000 0.450000
858 84.766000 0.493333 0.116000 0.420000
891 84.847000 0.510000 0.063333 0.293333
327 84.931333 0.498333 0.118667 0.336667
339 85.024333 0.491667 0.082000 0.436667
563 85.126667 0.508333 0.142667 0.296667
865 85.239667 0.501667 0.100667 0.343333
460 85.326000 0.490000 0.085333 0.426667
706 85.402000 0.493333 0.080000 0.400000
610 85.484000 0.496667 0.104000 0.320000
473 85.570333 0.495000 0.083333 0.423333
666 85.660333 0.493333 0.110000 0.366667
240 85.747000 0.493333 0.078000 0.380000
669 85.836333 0.493333 0.119333 0.406667
618 85.929667 0.498333 0.080667 0.516667
691 86.003333 0.506667 0.082667 0.406667
228 86.084333 0.493333 0.092667 0.466667
298 86.169667 0.505000 0.095333 0.483333
116 86.267333 0.501667 0.114667 0.356667
533 86.366667 0.510000 0.098667 0.340000
807 86.505000 0.508333 0.198000 0.530000
601 86.654667 0.501667 0.120000 0.356667
833 86.767000 0.508333 0.118000 0.556667
784 86.848667 0.491667 0.061333 0.476667
569 86.913000 0.508333 0.080667 0.330000
743 86.993667 0.498333 0.094000 0.396667
419 87.075667 0.496667 0.087333 0.426667
787 87.151000 0.510000 0.082000 0.493333
800 87.241667 0.491667 0.115333 0.436667
414 87.406667 0.490000 0.229333 1.146667
717 87.606333 0.505000 0.183333 0.543333
283 87.760000 0.506667 0.140000 0.480000
480 87.850667 0.493333 0.058667 0.333333
675 87.922333 0.495000 0.098000 0.356667
23 88.049000 0.491667 0.168667 0.483333
486 88.163333 0.508333 0.077333 0.450000
243 88.277333 0.495000 0.164000 0.543333
933 88.370333 0.510000 0.039333 0.300000
261 88.472667 0.490000 0.178667 0.893333
432 88.634333 0.495000 0.164667 0.336667
400 88.729333 0.505000 0.044000 0.370000
426 88.764333 0.510000 0.044667 0.306667
25 88.829667 0.505000 0.104667 0.370000
815 88.926000 0.491667 0.106667 0.336667
890 89.012000 0.500000 0.085333 0.433333
923 89.065667 0.490000 0.040667 0.306667
416 89.119667 0.498333 0.086000 0.416667
708 89.209333 0.493333 0.110667 0.446667
605 89.321000 0.495000 0.127333 0.330000
1019 89.395000 0.493333 0.035333 0.293333
934 89.425000 0.488333 0.042000 0.303333
52 89.481000 0.496667 0.088667 0.300000
835 89.576333 0.506667 0.115333 0.473333
653 89.698667 0.498333 0.146667 0.470000
893 89.875000 0.501667 0.220667 1.103333
549 90.036000 0.491667 0.120000 0.410000
553 90.133667 0.491667 0.094000 0.336667
335 90.251667 0.505000 0.156667 0.536667
502 90.358667 0.491667 0.073333 0.330000
772 90.500000 0.506667 0.224000 1.120000
589 90.656333 0.490000 0.104667 0.493333
404 90.790667 0.510000 0.181333 0.906667
11 90.936000 0.498333 0.124000 0.410000
604 91.062333 0.490000 0.143333 0.453333
782 91.182333 0.501667 0.112667 0.530000
516 91.293333 0.500000 0.125333 0.420000
718 91.428667 0.500000 0.162667 0.813333
139 91.538333 0.505000 0.072667 0.416667
49 91.679667 0.495000 0.224667 1.123333
746 91.858000 0.508333 0.145333 0.423333
118 91.970667 0.500000 0.096000 0.366667
421 92.096333 0.501667 0.170000 0.516667
501 92.211333 0.506667 0.076000 0.340000
178 92.293333 0.510000 0.106667 0.373333
678 92.400000 0.493333 0.122667 0.460000
439 92.516667 0.501667 0.124000 0.516667
207 92.624333 0.510000 0.104667 0.420000
848 92.716667 0.503333 0.097333 0.293333
590 92.821333 0.501667 0.125333 0.430000
408 92.923333 0.501667 0.097333 0.370000
488 92.997333 0.495000 0.064000 0.316667
387 93.084667 0.498333 0.129333 0.363333
17 93.186333 0.495000 0.090000 0.290000
631 93.305000 0.505000 0.163333 0.556667
965 93.402667 0.503333 0.046667 0.360000
293 93.461667 0.493333 0.088667 0.373333
1013 93.514000 0.495000 0.029333 0.250000
566 93.581667 0.510000 0.119333 0.486667
117 93.702667 0.500000 0.136000 0.413333
392 93.833667 0.506667 0.143333 0.440000
832 93.947000 0.508333 0.102000 0.436667
223 94.037000 0.496667 0.095333 0.380000
581 94.124333 0.488333 0.094000 0.403333
776 94.248667 0.510000 0.173333 0.413333
799 94.370000 0.498333 0.082667 0.310000
260 94.486333 0.495000 0.163333 0.450000
520 94.613667 0.510000 0.108667 0.340000
87 94.736333 0.495000 0.156667 0.783333
985 94.828333 0.498333 0.044667 0.323333
677 94.886000 0.508333 0.088000 0.330000
471 94.958000 0.496667 0.076000 0.453333
963 95.010333 0.496667 0.048667 0.360000
967 95.049667 0.493333 0.044667 0.346667
712 95.159667 0.505000 0.194000 0.970000
151 95.282667 0.496667 0.069333 0.360000
115 95.340000 0.508333 0.058667 0.283333
286 95.407000 0.503333 0.088667 0.333333
103 95.541333 0.490000 0.200000 0.433333
508 95.664333 0.488333 0.064667 0.343333
613 95.771000 0.505000 0.167333 0.456667
521 95.911000 0.510000 0.131333 0.333333
944 95.989333 0.510000 0.041333 0.313333
474 96.031333 0.488333 0.057333 0.310000
846 96.103667 0.506667 0.103333 0.480000
74 96.207333 0.488333 0.121333 0.376667
790 96.297333 0.488333 0.074667 0.443333
906 96.382667 0.496667 0.113333 0.313333
644 96.469333 0.491667 0.078667 0.390000
438 96.570667 0.493333 0.144000 0.440000
205 96.689000 0.491667 0.106000 0.536667
239 96.779333 0.495000 0.088000 0.550000
853 96.856000 0.498333 0.085333 0.350000
611 96.925000 0.501667 0.071333 0.296667
946 96.976333 0.510000 0.044667 0.353333
389 97.048333 0.495000 0.112667 0.316667
972 97.115333 0.498333 0.038667 0.303333
840 97.176333 0.495000 0.098000 0.403333
303 97.246333 0.498333 0.062000 0.350000
744 97.371333 0.503333 0.206667 1.033333
248 97.502667 0.493333 0.074667 0.400000
403 97.597667 0.495000 0.135333 0.370000
170 97.705000 0.503333 0.098000 0.366667
322 97.801333 0.500000 0.114667 0.226667
982 97.869333 0.503333 0.040000 0.313333
639 97.915000 0.503333 0.066000 0.326667
869 97.972333 0.501667 0.066000 0.383333
484 98.043000 0.506667 0.090000 0.320000
594 98.149333 0.491667 0.138667 0.416667
405 98.266000 0.491667 0.108000 0.416667
299 98.355000 0.510000 0.086000 0.333333
928 98.413667 0.501667 0.046000 0.356667
696 98.496667 0.503333 0.134667 0.306667
918 98.613000 0.505000 0.114000 0.370000
209 98.726000 0.498333 0.132000 0.536667
78 98.865000 0.491667 0.159333 0.796667
472 98.970667 0.503333 0.066667 0.346667
188 99.036333 0.500000 0.080667 0.373333
401 99.105000 0.493333 0.072667 0.406667
585 99.184000 0.490000 0.104000 0.300000
651 99.332000 0.503333 0.208000 1.040000
337 99.538000 0.495000 0.224000 0.436667
910 99.712333 0.510000 0.139333 0.426667
277 99.806333 0.503333 0.066000 0.306667
624 99.928000 0.491667 0.190667 0.643333
646 100.061000 0.496667 0.092667 0.426667
427 100.198333 0.501667 0.200667 1.003333
21 100.346000 0.490000 0.112000 0.360000
93 100.516667 0.508333 0.242667 0.510000
663 100.677667 0.506667 0.095333 0.333333
402 100.797000 0.503333 0.156667 0.400000
271 100.937667 0.510000 0.144667 0.466667
657 101.051333 0.506667 0.097333 0.433333
641 101.135667 0.498333 0.084667 0.390000
694 101.204667 0.488333 0.072000 0.350000
623 101.326000 0.490000 0.184000 0.620000
290 101.464667 0.505000 0.113333 0.330000
688 101.564333 0.503333 0.104667 0.513333
609 101.638333 0.505000 0.059333 0.243333
793 101.701000 0.491667 0.084667 0.343333
522 101.792333 0.508333 0.116667 0.370000
383 101.904667 0.498333 0.128000 0.376667
147 102.002667 0.496667 0.088000 0.433333
530 102.086000 0.503333 0.097333 0.473333
326 102.163000 0.498333 0.076667 0.343333
242 102.239333 0.503333 0.093333 0.360000
636 102.347333 0.506667 0.138667 0.353333
804 102.483000 0.493333 0.151333 0.466667
200 102.600333 0.498333 0.103333 0.523333
95 102.736667 0.510000 0.186667 0.933333
896 102.882667 0.495000 0.124000 0.363333
625 103.045000 0.495000 0.219333 1.096667
192 103.251333 0.500000 0.210667 1.053333
970 103.367667 0.496667 0.038000 0.306667
551 103.450333 0.505000 0.144667 0.436667
725 103.570000 0.500000 0.113333 0.480000
232 103.663667 0.493333 0.090000 0.440000
834 103.761667 0.495000 0.120667 0.503333
362 103.891667 0.503333 0.156667 0.420000
159 103.983333 0.488333 0.040000 0.283333
96 104.074333 0.488333 0.158000 0.790000
