578 0.058333 0.505000 0.110000 0.450000
245 0.131667 0.498333 0.056667 0.303333
797 0.209667 0.490000 0.114000 0.426667
237 0.298667 0.501667 0.077333 0.550000
731 0.361667 0.500000 0.066000 0.346667
216 0.434333 0.488333 0.099333 0.483333
850 0.533667 0.506667 0.119333 0.493333
121 0.593000 0.498333 0.016667 0.303333
563 0.666000 0.488333 0.149333 0.303333
425 0.783333 0.488333 0.101333 0.596667
952 0.843667 0.500000 0.039333 0.306667
349 0.917333 0.493333 0.122667 0.333333
40 1.023000 0.506667 0.102000 0.366667
629 1.136667 0.491667 0.145333 0.490000
155 1.240333 0.506667 0.079333 0.440000
292 1.336333 0.491667 0.128667 0.510000
81 1.451000 0.500000 0.114000 0.466667
515 1.565333 0.490000 0.128000 0.433333
271 1.700667 0.510000 0.162667 0.493333
112 1.855000 0.501667 0.164667 0.823333
1021 1.946000 0.491667 0.037333 0.283333
412 1.994333 0.488333 0.074000 0.376667
802 2.115333 0.491667 0.185333 0.383333
818 2.269667 0.503333 0.140667 0.440000
558 2.370667 0.491667 0.081333 0.396667
92 2.490667 0.493333 0.173333 0.866667
80 2.621000 0.501667 0.102000 0.516667
516 2.715333 0.506667 0.100000 0.326667
584 2.814000 0.490000 0.112000 0.313333
177 2.929667 0.498333 0.134000 0.496667
22 3.057667 0.488333 0.142000 0.470000
878 3.169667 0.496667 0.096667 0.493333
734 3.295333 0.503333 0.173333 0.446667
145 3.410667 0.503333 0.072000 0.380000
656 3.501667 0.503333 0.126000 0.333333
520 3.620333 0.503333 0.128667 0.433333
5 3.717333 0.505000 0.082667 0.363333
138 3.791000 0.506667 0.083333 0.480000
980 3.848333 0.498333 0.051333 0.376667
666 3.913333 0.488333 0.093333 0.303333
144 4.050000 0.510000 0.193333 0.966667
454 4.163333 0.491667 0.053333 0.283333
657 4.226000 0.508333 0.088000 0.350000
110 4.321667 0.501667 0.122000 0.456667
618 4.406333 0.498333 0.060667 0.403333
481 4.467667 0.491667 0.076667 0.416667
660 4.546333 0.493333 0.094000 0.320000
638 4.640333 0.490000 0.112667 0.453333
19 4.738000 0.505000 0.102667 0.363333
475 4.810667 0.500000 0.061333 0.353333
965 4.855000 0.500000 0.043333 0.346667
313 4.931333 0.488333 0.124000 0.483333
819 5.051667 0.510000 0.134000 0.326667
981 5.127667 0.505000 0.038000 0.290000
740 5.208333 0.510000 0.143333 0.326667
267 5.380667 0.500000 0.217333 1.086667
342 5.524000 0.510000 0.089333 0.420000
135 5.625000 0.510000 0.127333 0.373333
723 5.733333 0.493333 0.106667 0.366667
944 5.798000 0.496667 0.040000 0.313333
42 5.850667 0.490000 0.078667 0.440000
202 5.935333 0.491667 0.108000 0.470000
381 6.054000 0.493333 0.145333 0.420000
603 6.197000 0.498333 0.155333 0.776667
653 6.349667 0.490000 0.164667 0.540000
337 6.561667 0.508333 0.274000 0.696667
375 6.769667 0.510000 0.158000 0.453333
18 6.901667 0.501667 0.119333 0.410000
53 6.998000 0.496667 0.090667 0.320000
808 7.090667 0.508333 0.108000 0.403333
366 7.192333 0.500000 0.112667 0.300000
597 7.306000 0.500000 0.133333 0.413333
143 7.416000 0.488333 0.101333 0.470000
352 7.530333 0.490000 0.140667 0.440000
710 7.689000 0.501667 0.190000 0.950000
753 7.859000 0.508333 0.170000 0.556667
937 7.954667 0.501667 0.041333 0.310000
765 8.000333 0.503333 0.067333 0.366667
607 8.089000 0.495000 0.126000 0.376667
125 8.185667 0.505000 0.080667 0.383333
259 8.331333 0.510000 0.224000 1.120000
37 8.483000 0.498333 0.094000 0.303333
179 8.586000 0.510000 0.130667 0.493333
954 8.665333 0.501667 0.044000 0.323333
142 8.732667 0.496667 0.108000 0.460000
459 8.806000 0.503333 0.056000 0.293333
835 8.880333 0.501667 0.110000 0.423333
576 8.981333 0.490000 0.106667 0.420000
970 9.050333 0.503333 0.044667 0.340000
922 9.084667 0.496667 0.040000 0.326667
113 9.135667 0.490000 0.079333 0.426667
691 9.207667 0.500000 0.079333 0.386667
163 9.304000 0.493333 0.128000 0.486667
785 9.398000 0.505000 0.076000 0.323333
680 9.475333 0.498333 0.093333 0.336667
28 9.560000 0.501667 0.092000 0.343333
699 9.658333 0.500000 0.118000 0.326667
580 9.779000 0.495000 0.140667 0.370000
61 9.877333 0.498333 0.076000 0.370000
884 9.970333 0.491667 0.123333 0.436667
570 10.062667 0.498333 0.074667 0.316667
7 10.136667 0.508333 0.093333 0.290000
892 10.244000 0.495000 0.141333 0.403333
189 10.355333 0.498333 0.094667 0.470000
639 10.434667 0.503333 0.080000 0.400000
599 10.529667 0.501667 0.123333 0.376667
889 10.648333 0.493333 0.128667 0.420000
932 10.728667 0.503333 0.046667 0.360000
429 10.799667 0.495000 0.115333 0.396667
796 10.902667 0.505000 0.110667 0.390000
115 10.981000 0.493333 0.066000 0.380000
260 11.091667 0.491667 0.174000 0.503333
231 11.217333 0.508333 0.092000 0.463333
361 11.319667 0.510000 0.128667 0.353333
921 11.409667 0.510000 0.064667 0.380000
54 11.465333 0.488333 0.060000 0.356667
374 11.555333 0.503333 0.134667 0.373333
317 11.661000 0.506667 0.091333 0.346667
528 11.763667 0.498333 0.134000 0.443333
814 11.886000 0.496667 0.130667 0.333333
1017 11.962333 0.510000 0.036667 0.286667
432 12.041667 0.496667 0.142000 0.286667
686 12.148333 0.490000 0.086000 0.426667
783 12.228667 0.505000 0.089333 0.490000
961 12.283667 0.510000 0.038000 0.300000
862 12.337000 0.510000 0.083333 0.413333
285 12.439333 0.501667 0.136000 0.496667
368 12.576667 0.496667 0.152000 0.473333
426 12.672000 0.506667 0.056000 0.326667
1002 12.709333 0.491667 0.036000 0.296667
507 12.755333 0.505000 0.072000 0.396667
790 12.825667 0.500000 0.083333 0.506667
371 12.928667 0.501667 0.140000 0.410000
778 13.036000 0.500000 0.094667 0.606667
170 13.158667 0.510000 0.166667 0.833333
550 13.265667 0.493333 0.063333 0.313333
522 13.339333 0.490000 0.102667 0.346667
773 13.449000 0.501667 0.131333 0.363333
914 13.575667 0.491667 0.138000 0.423333
73 13.693000 0.496667 0.116667 0.366667
661 13.799667 0.500000 0.115333 0.380000
567 13.913000 0.505000 0.128667 0.530000
190 14.025667 0.505000 0.111333 0.496667
388 14.136000 0.506667 0.128000 0.360000
703 14.303667 0.505000 0.224667 1.123333
490 14.443667 0.490000 0.070000 0.360000
34 14.524333 0.498333 0.108667 0.343333
1016 14.592000 0.495000 0.042667 0.330000
360 14.680667 0.493333 0.154667 0.460000
974 14.769667 0.498333 0.038000 0.310000
93 14.894667 0.501667 0.226667 0.470000
363 15.066000 0.496667 0.136000 0.413333
1 15.170667 0.498333 0.086667 0.416667
687 15.255333 0.510000 0.102667 0.500000
476 15.339000 0.493333 0.078000 0.400000
251 15.397000 0.496667 0.056667 0.320000
340 15.479000 0.496667 0.127333 0.400000
393 15.592667 0.493333 0.113333 0.340000
1006 15.667333 0.488333 0.049333 0.350000
658 15.718333 0.500000 0.070000 0.406667
191 15.796667 0.505000 0.104000 0.416667
685 15.894667 0.500000 0.105333 0.400000
581 15.985667 0.501667 0.090000 0.390000
65 16.070000 0.490000 0.092000 0.233333
763 16.137667 0.500000 0.062000 0.453333
766 16.213667 0.506667 0.106000 0.313333
444 16.297000 0.503333 0.079333 0.406667
508 16.358000 0.508333 0.062667 0.316667
348 16.441333 0.505000 0.118667 0.323333
936 16.514667 0.491667 0.045333 0.336667
496 16.582667 0.501667 0.104000 0.443333
867 16.672000 0.498333 0.089333 0.283333
350 16.784333 0.505000 0.151333 0.450000
176 16.902333 0.500000 0.102000 0.386667
511 17.001333 0.505000 0.109333 0.343333
187 17.088667 0.491667 0.081333 0.410000
770 17.183667 0.500000 0.123333 0.353333
387 17.330667 0.503333 0.188000 0.940000
564 17.498667 0.493333 0.161333 0.333333
537 17.651333 0.500000 0.164000 0.820000
77 17.782667 0.495000 0.113333 0.283333
955 17.853000 0.505000 0.046000 0.356667
456 17.903333 0.505000 0.073333 0.443333
384 18.001333 0.503333 0.140000 0.373333
201 18.121667 0.495000 0.114000 0.496667
59 18.251333 0.490000 0.162667 0.813333
541 18.400333 0.508333 0.148667 0.310000
870 18.491667 0.491667 0.054000 0.283333
891 18.537333 0.505000 0.053333 0.336667
663 18.606000 0.498333 0.104000 0.336667
282 18.718000 0.508333 0.138667 0.476667
714 18.849333 0.496667 0.140000 0.446667
329 19.008667 0.498333 0.196000 0.696667
849 19.143000 0.491667 0.092667 0.436667
152 19.217667 0.505000 0.076667 0.376667
866 19.335333 0.506667 0.177333 0.526667
184 19.461000 0.501667 0.091333 0.370000
208 19.589000 0.491667 0.178000 0.890000
370 19.736000 0.495000 0.132000 0.350000
667 19.845333 0.501667 0.101333 0.330000
761 19.963667 0.500000 0.154000 0.460000
470 20.066000 0.498333 0.066667 0.370000
421 20.185000 0.488333 0.187333 0.936667
455 20.304000 0.505000 0.069333 0.370000
628 20.397333 0.508333 0.137333 0.456667
748 20.503667 0.496667 0.090000 0.306667
166 20.600333 0.490000 0.118000 0.453333
983 20.669667 0.490000 0.036667 0.280000
330 20.722667 0.498333 0.088000 0.330000
633 20.838667 0.490000 0.158667 0.793333
109 21.015333 0.503333 0.213333 0.453333
616 21.203333 0.488333 0.178667 0.450000
212 21.345333 0.498333 0.122667 0.490000
270 21.485333 0.493333 0.173333 0.866667
623 21.676333 0.501667 0.223333 1.116667
238 21.831667 0.496667 0.100667 0.393333
993 21.897333 0.491667 0.048000 0.356667
579 22.004667 0.505000 0.186667 0.470000
357 22.169667 0.498333 0.160667 0.803333
468 22.273000 0.488333 0.060667 0.363333
242 22.365000 0.510000 0.138000 0.526667
48 22.581667 0.508333 0.308667 0.496667
540 22.811000 0.501667 0.170000 0.670000
977 22.906333 0.498333 0.035333 0.290000
501 22.963333 0.488333 0.092000 0.423333
30 23.057667 0.488333 0.116667 0.363333
609 23.140667 0.510000 0.062667 0.260000
307 23.196667 0.493333 0.062667 0.353333
78 23.324333 0.495000 0.212667 1.063333
129 23.495667 0.495000 0.148667 0.570000
871 23.593000 0.508333 0.063333 0.316667
982 23.631000 0.491667 0.031333 0.263333
620 23.701000 0.506667 0.123333 0.526667
1015 23.777333 0.505000 0.048000 0.356667
304 23.830667 0.496667 0.073333 0.413333
85 23.908333 0.508333 0.102000 0.383333
846 24.003667 0.491667 0.104667 0.510000
575 24.093333 0.495000 0.094667 0.310000
11 24.175333 0.506667 0.084000 0.313333
1010 24.233000 0.496667 0.051333 0.373333
255 24.304333 0.503333 0.111333 0.426667
843 24.435333 0.496667 0.168000 0.840000
316 24.572000 0.501667 0.120000 0.423333
128 24.725667 0.488333 0.203333 0.623333
467 24.848667 0.488333 0.061333 0.343333
25 24.921667 0.506667 0.104667 0.380000
154 25.011000 0.490000 0.094000 0.486667
907 25.108000 0.491667 0.116000 0.390000
585 25.219333 0.495000 0.121333 0.343333
506 25.290000 0.495000 0.034667 0.376667
1013 25.320667 0.495000 0.045333 0.350000
383 25.389667 0.493333 0.107333 0.340000
449 25.468000 0.498333 0.065333 0.343333
880 25.542000 0.490000 0.100000 0.360000
728 25.606000 0.506667 0.046667 0.420000
555 25.638000 0.495000 0.032000 0.316667
724 25.695333 0.505000 0.097333 0.443333
118 25.790000 0.501667 0.106667 0.410000
244 25.906667 0.491667 0.145333 0.383333
394 26.035667 0.508333 0.128667 0.390000
86 26.138000 0.510000 0.092000 0.406667
408 26.217000 0.510000 0.083333 0.333333
70 26.307000 0.488333 0.114000 0.376667
573 26.402333 0.488333 0.094000 0.390000
759 26.511667 0.506667 0.138000 0.440000
312 26.631000 0.500000 0.114000 0.386667
906 26.755000 0.491667 0.154000 0.416667
227 26.869667 0.505000 0.095333 0.390000
358 26.973333 0.496667 0.125333 0.360000
642 27.081000 0.498333 0.106000 0.430000
1019 27.144000 0.505000 0.034667 0.263333
612 27.233333 0.488333 0.161333 0.410000
966 27.323333 0.493333 0.034667 0.273333
967 27.351333 0.503333 0.041333 0.326667
498 27.386333 0.500000 0.047333 0.293333
991 27.422000 0.493333 0.042667 0.340000
512 27.485333 0.503333 0.098667 0.326667
997 27.545667 0.488333 0.035333 0.283333
959 27.575000 0.490000 0.038000 0.313333
942 27.603667 0.505000 0.038000 0.290000
767 27.677667 0.498333 0.123333 0.376667
627 27.812333 0.503333 0.166000 0.546667
225 27.986333 0.491667 0.202000 1.010000
391 28.147000 0.495000 0.136667 0.383333
460 28.239667 0.501667 0.063333 0.350000
643 28.313000 0.506667 0.103333 0.373333
545 28.403667 0.490000 0.091333 0.366667
413 28.502000 0.498333 0.125333 0.530000
908 28.613000 0.498333 0.112667 0.430000
929 28.684667 0.491667 0.044000 0.330000
868 28.740333 0.503333 0.083333 0.480000
857 28.885667 0.508333 0.227333 0.496667
43 29.037000 0.503333 0.092667 0.366667
373 29.158667 0.490000 0.164000 0.820000
299 29.286667 0.501667 0.105333 0.410000
431 29.391333 0.498333 0.117333 0.396667
617 29.494000 0.500000 0.102667 0.400000
692 29.580333 0.495000 0.083333 0.403333
548 29.672000 0.490000 0.114667 0.413333
336 29.778000 0.498333 0.117333 0.550000
215 29.886333 0.493333 0.115333 0.540000
196 30.000000 0.493333 0.129333 0.533333
298 30.100667 0.508333 0.085333 0.423333
985 30.154667 0.495000 0.037333 0.290000
262 30.214333 0.508333 0.098000 0.490000
569 30.293000 0.491667 0.079333 0.336667
95 30.409667 0.508333 0.168667 0.843333
646 30.520000 0.501667 0.069333 0.330000
296 30.595667 0.503333 0.099333 0.373333
882 30.678333 0.498333 0.086000 0.343333
552 30.741333 0.491667 0.060000 0.416667
325 30.823000 0.501667 0.118000 0.516667
82 30.910333 0.508333 0.070000 0.530000
396 31.010000 0.493333 0.148000 0.406667
248 31.113000 0.506667 0.071333 0.386667
531 31.248333 0.510000 0.212667 0.640000
418 31.385000 0.503333 0.075333 0.366667
535 31.484000 0.505000 0.142667 0.316667
278 31.603333 0.501667 0.114667 0.350000
572 31.688000 0.503333 0.074667 0.306667
729 31.730667 0.505000 0.029333 0.423333
517 31.784667 0.503333 0.096000 0.300000
344 31.900667 0.508333 0.156000 0.443333
106 32.051667 0.501667 0.160667 0.803333
948 32.145667 0.506667 0.042000 0.340000
382 32.218333 0.496667 0.116667 0.366667
247 32.322000 0.493333 0.106667 0.426667
521 32.429000 0.491667 0.122000 0.310000
320 32.546333 0.501667 0.127333 0.396667
885 32.647333 0.505000 0.092000 0.416667
735 32.758667 0.501667 0.144000 0.570000
68 32.889667 0.510000 0.138000 0.393333
249 32.985333 0.493333 0.068000 0.460000
1001 33.027667 0.505000 0.035333 0.290000
430 33.097000 0.503333 0.122000 0.526667
826 33.193333 0.491667 0.088000 0.430000
636 33.276333 0.501667 0.098000 0.243333
168 33.366333 0.505000 0.102000 0.363333
968 33.426667 0.506667 0.037333 0.300000
466 33.471000 0.490000 0.071333 0.433333
377 33.558667 0.491667 0.122667 0.356667
755 33.681000 0.495000 0.139333 0.470000
419 33.785667 0.495000 0.087333 0.430000
303 33.859333 0.506667 0.078667 0.440000
679 33.938000 0.503333 0.098667 0.573333
254 34.051333 0.508333 0.142667 0.543333
276 34.137000 0.505000 0.047333 0.290000
458 34.189333 0.496667 0.077333 0.413333
847 34.285667 0.495000 0.131333 0.410000
492 34.378333 0.488333 0.074000 0.330000
4 34.459667 0.505000 0.104667 0.423333
364 34.581000 0.500000 0.151333 0.373333
947 34.671667 0.495000 0.044667 0.336667
473 34.724667 0.496667 0.074667 0.433333
173 34.813000 0.493333 0.119333 0.546667
693 34.904333 0.488333 0.078000 0.390000
957 34.957000 0.505000 0.040667 0.310000
380 35.023000 0.505000 0.110000 0.336667
928 35.094333 0.500000 0.046000 0.353333
958 35.131667 0.488333 0.044667 0.363333
289 35.249667 0.500000 0.211333 0.406667
709 35.393000 0.495000 0.090000 0.363333
838 35.489000 0.493333 0.116667 0.473333
920 35.596667 0.488333 0.114667 0.436667
1011 35.664333 0.493333 0.040667 0.306667
353 35.746000 0.498333 0.142667 0.396667
905 35.872000 0.491667 0.125333 0.396667
230 35.994667 0.498333 0.136000 0.530000
519 36.122000 0.508333 0.136000 0.443333
986 36.204333 0.508333 0.043333 0.330000
754 36.290333 0.493333 0.147333 0.720000
777 36.410000 0.496667 0.106667 0.460000
214 36.498333 0.488333 0.086000 0.390000
379 36.590667 0.495000 0.114667 0.330000
220 36.678000 0.510000 0.078667 0.386667
294 36.818667 0.500000 0.216000 1.080000
111 36.953667 0.500000 0.072667 0.340000
811 37.047333 0.490000 0.130667 0.426667
589 37.154000 0.510000 0.096000 0.386667
130 37.286000 0.503333 0.188000 0.406667
406 37.416667 0.510000 0.090667 0.346667
865 37.498333 0.491667 0.087333 0.290000
500 37.580667 0.498333 0.097333 0.463333
594 37.673333 0.488333 0.106667 0.330000
79 37.830000 0.493333 0.226667 1.133333
322 37.978000 0.508333 0.084000 0.116667
229 38.067667 0.495000 0.111333 0.443333
803 38.206000 0.491667 0.178667 0.516667
956 38.308667 0.506667 0.041333 0.300000
800 38.360000 0.505000 0.081333 0.303333
315 38.452667 0.493333 0.117333 0.406667
994 38.526000 0.496667 0.045333 0.340000
250 38.609667 0.498333 0.138000 0.670000
879 38.727667 0.505000 0.114000 0.343333
834 38.829667 0.495000 0.104667 0.436667
806 38.967333 0.490000 0.190667 0.493333
742 39.111333 0.491667 0.112000 0.443333
536 39.239667 0.508333 0.162000 0.810000
119 39.349667 0.503333 0.072667 0.420000
461 39.406667 0.501667 0.060000 0.330000
727 39.460333 0.498333 0.066000 0.410000
288 39.540667 0.491667 0.108000 0.403333
595 39.641000 0.493333 0.106000 0.333333
309 39.725333 0.503333 0.080000 0.446667
402 39.829333 0.496667 0.142667 0.406667
2 39.925333 0.488333 0.065333 0.323333
183 40.006667 0.493333 0.116000 0.480000
401 40.093667 0.496667 0.075333 0.420000
38 40.179000 0.491667 0.111333 0.350000
973 40.251333 0.510000 0.048000 0.366667
75 40.340000 0.501667 0.144000 0.456667
934 40.425333 0.493333 0.046667 0.360000
631 40.537000 0.498333 0.195333 0.976667
817 40.694000 0.493333 0.136000 0.500000
478 40.790000 0.501667 0.076000 0.443333
758 40.898667 0.491667 0.156000 0.510000
510 41.038333 0.510000 0.139333 0.433333
50 41.167000 0.490000 0.135333 0.420000
990 41.248667 0.491667 0.048000 0.363333
855 41.292667 0.490000 0.060000 0.153333
133 41.370000 0.496667 0.112000 0.373333
151 41.450333 0.496667 0.067333 0.326667
213 41.519667 0.501667 0.084667 0.430000
117 41.608333 0.500000 0.108667 0.333333
530 41.709667 0.496667 0.111333 0.526667
392 41.825333 0.491667 0.138667 0.436667
346 41.977667 0.488333 0.186000 0.930000
327 42.132333 0.488333 0.138000 0.403333
690 42.241000 0.503333 0.098000 0.473333
321 42.320000 0.490000 0.076000 0.340000
791 42.377333 0.501667 0.058667 0.356667
694 42.437000 0.493333 0.076667 0.380000
62 42.499000 0.501667 0.063333 0.303333
279 42.565000 0.500000 0.084667 0.473333
411 42.699667 0.496667 0.202000 0.433333
1009 42.816667 0.496667 0.045333 0.353333
301 42.862000 0.505000 0.061333 0.343333
789 42.916000 0.508333 0.060000 0.363333
641 42.978667 0.503333 0.085333 0.406667
943 43.035333 0.506667 0.041333 0.340000
333 43.117000 0.488333 0.136667 0.310000
1004 43.197333 0.505000 0.041333 0.330000
674 43.274333 0.493333 0.130000 0.453333
771 43.378000 0.495000 0.096000 0.470000
67 43.548333 0.500000 0.259333 0.613333
737 43.702000 0.505000 0.068000 0.416667
1003 43.751000 0.505000 0.046000 0.363333
13 43.830333 0.510000 0.126000 0.406667
873 43.940667 0.505000 0.112000 0.490000
69 44.046667 0.493333 0.114667 0.620000
780 44.160000 0.500000 0.125333 0.380000
211 44.312333 0.505000 0.198000 0.990000
107 44.514667 0.490000 0.224000 1.120000
962 44.641000 0.508333 0.043333 0.330000
434 44.717000 0.493333 0.124667 0.420000
157 44.853000 0.506667 0.166000 0.700000
904 44.965333 0.491667 0.078667 0.370000
415 45.108667 0.510000 0.226667 1.133333
428 45.254000 0.508333 0.081333 0.543333
181 45.396000 0.510000 0.217333 1.086667
268 45.576667 0.500000 0.158667 0.793333
539 45.678333 0.506667 0.058000 0.260000
682 45.746333 0.491667 0.092667 0.363333
916 45.858000 0.498333 0.150667 0.303333
659 45.968333 0.503333 0.088667 0.373333
165 46.065667 0.488333 0.124667 0.463333
136 46.187333 0.508333 0.134667 0.563333
258 46.292667 0.506667 0.089333 0.320000
684 46.391667 0.501667 0.122000 0.416667
422 46.487000 0.488333 0.083333 0.310000
241 46.562667 0.501667 0.088000 0.490000
36 46.654000 0.510000 0.108000 0.400000
559 46.745000 0.501667 0.088667 0.436667
598 46.831000 0.505000 0.096667 0.290000
35 46.936667 0.496667 0.133333 0.453333
524 47.061333 0.503333 0.134667 0.426667
89 47.228000 0.501667 0.212000 0.456667
453 47.359000 0.495000 0.070000 0.356667
832 47.450000 0.510000 0.129333 0.573333
976 47.527333 0.505000 0.040000 0.310000
721 47.631667 0.508333 0.186000 0.930000
221 47.762667 0.491667 0.096000 0.436667
738 47.846667 0.488333 0.089333 0.436667
950 47.900000 0.498333 0.034667 0.270000
1000 47.922667 0.508333 0.030667 0.263333
833 47.973333 0.501667 0.088000 0.403333
634 48.045667 0.490000 0.071333 0.306667
998 48.094667 0.503333 0.046667 0.340000
148 48.185333 0.490000 0.152000 0.413333
792 48.306333 0.500000 0.103333 0.420000
630 48.458000 0.503333 0.218667 1.093333
6 48.615333 0.498333 0.110667 0.403333
114 48.704333 0.491667 0.080667 0.403333
805 48.841000 0.491667 0.208667 1.043333
900 49.049333 0.500000 0.225333 1.126667
874 49.201667 0.500000 0.098000 0.473333
902 49.303000 0.498333 0.119333 0.363333
810 49.418333 0.505000 0.124667 0.516667
794 49.505000 0.493333 0.067333 0.400000
386 49.593667 0.491667 0.123333 0.383333
503 49.712333 0.488333 0.127333 0.376667
343 49.837000 0.495000 0.140667 0.390000
963 49.917000 0.496667 0.032667 0.266667
9 49.978000 0.506667 0.104000 0.466667
139 50.059000 0.500000 0.074000 0.426667
637 50.111000 0.508333 0.048667 0.256667
571 50.171000 0.496667 0.088667 0.360000
219 50.252333 0.500000 0.091333 0.440000
760 50.380000 0.506667 0.180000 0.900000
414 50.513000 0.493333 0.103333 0.526667
210 50.614333 0.490000 0.114000 0.520000
939 50.681333 0.491667 0.038667 0.290000
787 50.733667 0.496667 0.080667 0.486667
246 50.849000 0.490000 0.168667 0.593333
1018 50.943333 0.491667 0.037333 0.290000
557 50.994667 0.498333 0.081333 0.523333
447 51.061000 0.508333 0.067333 0.376667
209 51.132000 0.493333 0.089333 0.453333
39 51.228000 0.506667 0.120000 0.386667
676 51.331333 0.510000 0.104000 0.346667
798 51.416667 0.508333 0.085333 0.343333
816 51.520333 0.501667 0.139333 0.403333
706 51.617333 0.490000 0.070667 0.366667
58 51.676000 0.501667 0.062667 0.316667
757 51.762333 0.488333 0.124667 0.356667
608 51.876667 0.491667 0.120000 0.416667
830 51.974333 0.503333 0.091333 0.380000
821 52.120000 0.506667 0.218667 1.093333
583 52.246667 0.493333 0.054667 0.313333
308 52.303667 0.510000 0.076667 0.426667
16 52.396333 0.500000 0.127333 0.413333
823 52.500667 0.505000 0.098667 0.430000
486 52.576667 0.503333 0.072000 0.373333
984 52.626333 0.491667 0.047333 0.356667
601 52.712667 0.503333 0.141333 0.446667
160 52.816667 0.496667 0.081333 0.440000
897 52.907667 0.491667 0.116667 0.323333
197 53.009333 0.500000 0.105333 0.466667
600 53.106000 0.508333 0.108000 0.323333
494 53.194333 0.491667 0.086000 0.430000
619 53.283333 0.495000 0.106667 0.570000
749 53.383667 0.510000 0.112667 0.473333
801 53.486000 0.505000 0.108000 0.403333
417 53.574333 0.493333 0.087333 0.420000
556 53.665000 0.498333 0.114000 0.470000
864 53.773333 0.500000 0.118667 0.466667
8 53.883333 0.508333 0.114667 0.436667
474 53.964333 0.505000 0.064667 0.336667
323 54.081667 0.505000 0.188667 0.430000
903 54.234667 0.500000 0.136000 0.386667
705 54.343667 0.500000 0.102000 0.320000
182 54.472000 0.503333 0.172000 0.860000
671 54.607000 0.490000 0.115333 0.400000
591 54.723667 0.493333 0.135333 0.413333
224 54.835000 0.503333 0.106000 0.453333
287 54.941000 0.508333 0.124667 0.456667
424 55.067000 0.496667 0.147333 0.460000
23 55.204000 0.500000 0.140000 0.400000
945 55.288000 0.501667 0.042667 0.330000
150 55.356000 0.508333 0.106667 0.430000
326 55.441333 0.490000 0.084000 0.380000
445 55.506667 0.501667 0.064000 0.343333
670 55.586000 0.498333 0.110667 0.356667
206 55.686667 0.510000 0.106667 0.506667
969 55.758667 0.496667 0.050667 0.380000
946 55.792667 0.503333 0.037333 0.306667
266 55.899000 0.510000 0.195333 0.640000
668 56.056333 0.498333 0.134000 0.443333
376 56.178333 0.505000 0.126000 0.370000
625 56.313667 0.503333 0.158000 0.520000
621 56.418667 0.508333 0.070667 0.643333
51 56.505333 0.505000 0.117333 0.436667
281 56.627000 0.488333 0.139333 0.476667
624 56.782333 0.496667 0.188667 0.633333
610 56.942000 0.500000 0.145333 0.453333
853 57.046333 0.505000 0.083333 0.363333
842 57.135000 0.508333 0.114000 0.563333
180 57.240667 0.500000 0.113333 0.393333
100 57.372667 0.498333 0.165333 0.356667
104 57.530333 0.510000 0.167333 0.360000
443 57.636333 0.506667 0.060667 0.366667
858 57.705000 0.495000 0.090000 0.283333
495 57.775667 0.491667 0.070000 0.376667
195 57.856333 0.510000 0.108667 0.440000
261 58.012333 0.498333 0.220667 1.103333
677 58.180667 0.496667 0.132000 0.440000
63 58.294000 0.488333 0.109333 0.383333
137 58.366333 0.500000 0.055333 0.326667
786 58.419000 0.506667 0.070000 0.426667
72 58.542000 0.490000 0.190667 0.953333
996 58.647333 0.496667 0.034667 0.266667
912 58.699333 0.505000 0.086667 0.336667
588 58.777667 0.503333 0.086000 0.373333
49 58.908000 0.493333 0.194667 0.973333
848 59.054333 0.510000 0.116667 0.353333
665 59.147667 0.506667 0.088667 0.340000
200 59.227000 0.491667 0.088667 0.450000
650 59.360333 0.501667 0.196667 0.983333
158 59.532667 0.490000 0.164000 0.820000
647 59.644000 0.498333 0.072000 0.363333
223 59.734667 0.495000 0.128000 0.523333
919 59.822333 0.508333 0.067333 0.323333
218 59.894667 0.490000 0.094667 0.386667
681 59.958333 0.488333 0.046000 0.416667
178 60.020333 0.498333 0.094000 0.343333
743 60.104333 0.500000 0.088667 0.366667
493 60.179000 0.505000 0.076667 0.363333
886 60.288667 0.503333 0.160000 0.800000
722 60.431667 0.505000 0.143333 0.416667
769 60.568667 0.500000 0.149333 0.426667
134 60.694667 0.508333 0.118667 0.383333
164 60.815667 0.503333 0.138000 0.493333
762 60.912000 0.508333 0.069333 0.296667
1014 60.961000 0.490000 0.043333 0.340000
708 61.013667 0.498333 0.080667 0.356667
310 61.083000 0.503333 0.074000 0.420000
782 61.171000 0.503333 0.122000 0.573333
372 61.294333 0.510000 0.140667 0.373333
964 61.373000 0.506667 0.032667 0.260000
120 61.468000 0.510000 0.176000 0.433333
925 61.569667 0.488333 0.040667 0.330000
497 61.650000 0.503333 0.134667 0.346667
992 61.730667 0.505000 0.046667 0.343333
280 61.804000 0.501667 0.114667 0.403333
675 61.903333 0.510000 0.100000 0.346667
807 62.060667 0.510000 0.228000 1.140000
615 62.277000 0.505000 0.220667 1.103333
895 62.445667 0.508333 0.132667 0.416667
989 62.522000 0.490000 0.040000 0.306667
71 62.568333 0.496667 0.070000 0.386667
192 62.655000 0.498333 0.116667 0.463333
622 62.787667 0.495000 0.164667 0.556667
153 62.913333 0.493333 0.102667 0.466667
264 63.012667 0.491667 0.112000 0.430000
883 63.148667 0.506667 0.173333 0.380000
491 63.276333 0.495000 0.102000 0.503333
824 63.373000 0.495000 0.110000 0.456667
544 63.472667 0.496667 0.109333 0.413333
146 63.558667 0.510000 0.076000 0.333333
222 63.652333 0.498333 0.126000 0.516667
899 63.767000 0.500000 0.120667 0.366667
752 63.848000 0.506667 0.061333 0.166667
204 63.919333 0.493333 0.094667 0.393333
654 64.058667 0.490000 0.200000 1.000000
328 64.253667 0.495000 0.204667 0.523333
586 64.410000 0.500000 0.121333 0.360000
389 64.525333 0.500000 0.126667 0.346667
505 64.608667 0.498333 0.058667 0.243333
887 64.698667 0.510000 0.134667 0.433333
489 64.789667 0.510000 0.066000 0.393333
995 64.839000 0.510000 0.047333 0.340000
640 64.896333 0.506667 0.082000 0.406667
526 65.004000 0.491667 0.149333 0.396667
768 65.109000 0.495000 0.076667 0.170000
553 65.183333 0.498333 0.092000 0.316667
840 65.280667 0.510000 0.122667 0.540000
423 65.412000 0.506667 0.158667 0.793333
87 65.565333 0.491667 0.161333 0.350000
719 65.706667 0.498333 0.140000 0.363333
484 65.825000 0.498333 0.115333 0.423333
538 65.952333 0.508333 0.152667 0.390000
240 66.046667 0.490000 0.054667 0.286667
525 66.128333 0.493333 0.123333 0.406667
931 66.202000 0.491667 0.040000 0.303333
938 66.232667 0.496667 0.041333 0.326667
32 66.294000 0.491667 0.098667 0.323333
290 66.395333 0.510000 0.120000 0.320000
306 66.481000 0.508333 0.071333 0.396667
446 66.545667 0.503333 0.071333 0.413333
404 66.675000 0.505000 0.200667 1.003333
828 66.807333 0.508333 0.080000 0.383333
243 66.950000 0.506667 0.221333 1.106667
332 67.149333 0.490000 0.190667 0.953333
405 67.284333 0.510000 0.095333 0.366667
527 67.401333 0.490000 0.154667 0.773333
127 67.522000 0.496667 0.102667 0.340000
593 67.646333 0.503333 0.166000 0.480000
480 67.752000 0.491667 0.062667 0.330000
605 67.856333 0.501667 0.163333 0.430000
339 67.966667 0.508333 0.077333 0.390000
645 68.030000 0.506667 0.069333 0.306667
923 68.072000 0.495000 0.033333 0.276667
385 68.152667 0.498333 0.142667 0.416667
779 68.234333 0.503333 0.038000 0.340000
596 68.293000 0.503333 0.096667 0.293333
122 68.388333 0.501667 0.108667 0.436667
672 68.485667 0.488333 0.106000 0.363333
156 68.610667 0.500000 0.161333 0.413333
860 68.770333 0.506667 0.176667 0.480000
725 68.913667 0.505000 0.130000 0.550000
700 69.046333 0.503333 0.150000 0.606667
369 69.169000 0.490000 0.112667 0.333333
400 69.242000 0.505000 0.053333 0.476667
764 69.299333 0.500000 0.074667 0.340000
469 69.367333 0.490000 0.080000 0.406667
1020 69.422667 0.498333 0.049333 0.356667
551 69.504333 0.503333 0.127333 0.386667
217 69.604000 0.493333 0.092000 0.373333
91 69.758667 0.498333 0.232000 0.490000
433 69.923333 0.501667 0.114667 0.290000
410 70.022333 0.493333 0.096667 0.473333
359 70.155000 0.488333 0.188667 0.943333
162 70.297333 0.500000 0.112000 0.400000
822 70.408667 0.491667 0.128000 0.470000
613 70.554000 0.500000 0.181333 0.466667
275 70.663333 0.503333 0.057333 0.353333
926 70.706000 0.506667 0.045333 0.340000
745 70.777000 0.488333 0.112667 0.423333
479 70.859000 0.495000 0.068667 0.370000
529 70.944333 0.498333 0.118000 0.576667
918 71.055667 0.491667 0.124667 0.436667
450 71.141333 0.506667 0.065333 0.340000
876 71.238333 0.498333 0.142000 0.370000
869 71.334000 0.501667 0.062667 0.410000
483 71.390000 0.496667 0.066667 0.400000
390 71.484667 0.491667 0.136000 0.396667
1005 71.561000 0.495000 0.031333 0.263333
949 71.584667 0.505000 0.034667 0.256667
960 71.613667 0.495000 0.042000 0.350000
841 71.666000 0.503333 0.082667 0.360000
435 71.723000 0.505000 0.047333 0.243333
726 71.776000 0.501667 0.078667 0.410000
17 71.864000 0.495000 0.114667 0.376667
554 71.979667 0.498333 0.136667 0.383333
941 72.058333 0.496667 0.035333 0.260000
509 72.116333 0.510000 0.096667 0.326667
718 72.252000 0.503333 0.190667 0.953333
518 72.400333 0.493333 0.122000 0.393333
839 72.494333 0.506667 0.082000 0.366667
632 72.631333 0.510000 0.208000 1.040000
175 72.791000 0.503333 0.130000 0.466667
331 72.946667 0.496667 0.194667 0.973333
499 73.063000 0.505000 0.055333 0.343333
98 73.179667 0.500000 0.191333 0.413333
881 73.324333 0.500000 0.116667 0.393333
951 73.390000 0.503333 0.028000 0.233333
662 73.454000 0.510000 0.113333 0.393333
863 73.563000 0.506667 0.118000 0.566667
15 73.661667 0.501667 0.096667 0.310000
239 73.753000 0.506667 0.104667 0.646667
416 73.832667 0.491667 0.073333 0.350000
84 73.929000 0.506667 0.139333 0.380000
274 74.040000 0.498333 0.101333 0.503333
105 74.183667 0.491667 0.206000 1.030000
825 74.325000 0.508333 0.090000 0.370000
635 74.402000 0.500000 0.082667 0.333333
1008 74.454000 0.493333 0.037333 0.266667
74 74.539333 0.506667 0.148000 0.460000
102 74.711667 0.488333 0.212667 1.063333
812 74.866000 0.496667 0.116000 0.280000
46 74.945000 0.491667 0.062000 0.570000
649 75.011000 0.500000 0.083333 0.433333
988 75.058667 0.495000 0.032000 0.270000
90 75.171667 0.491667 0.212667 0.456667
108 75.358667 0.503333 0.177333 0.886667
924 75.453667 0.503333 0.030000 0.246667
464 75.490667 0.491667 0.062667 0.323333
669 75.569667 0.503333 0.111333 0.386667
205 75.674667 0.506667 0.116000 0.553333
462 75.756000 0.496667 0.066667 0.393333
399 75.830667 0.508333 0.101333 0.336667
894 75.943333 0.501667 0.142667 0.443333
41 76.113000 0.505000 0.212667 1.063333
83 76.261000 0.493333 0.098000 0.473333
286 76.361667 0.503333 0.122000 0.446667
940 76.435000 0.498333 0.039333 0.296667
574 76.485667 0.493333 0.075333 0.306667
1022 76.534000 0.500000 0.038667 0.313333
305 76.578000 0.490000 0.065333 0.373333
123 76.645667 0.495000 0.090000 0.543333
733 76.724000 0.506667 0.081333 0.486667
161 76.801333 0.498333 0.092000 0.356667
193 76.898333 0.505000 0.116667 0.556667
3 76.986000 0.495000 0.072000 0.330000
398 77.060000 0.500000 0.092000 0.453333
56 77.131000 0.498333 0.066000 0.110000
297 77.197000 0.495000 0.079333 0.410000
126 77.292667 0.505000 0.132000 0.450000
565 77.441000 0.490000 0.184667 0.380000
439 77.585000 0.490000 0.122000 0.493333
167 77.727667 0.495000 0.179333 0.896667
463 77.839000 0.493333 0.060667 0.313333
55 77.921667 0.505000 0.122000 0.316667
314 78.019667 0.506667 0.094000 0.333333
547 78.095000 0.491667 0.070000 0.396667
228 78.183333 0.503333 0.121333 0.493333
409 78.282000 0.493333 0.089333 0.453333
827 78.363000 0.495000 0.091333 0.436667
933 78.423000 0.495000 0.042000 0.316667
300 78.467667 0.503333 0.067333 0.220000
927 78.515333 0.498333 0.042667 0.316667
772 78.610667 0.506667 0.161333 0.453333
877 78.730000 0.510000 0.096000 0.480000
935 78.787333 0.508333 0.032000 0.263333
678 78.852333 0.488333 0.116667 0.410000
440 78.939333 0.488333 0.076000 0.410000
335 79.044333 0.501667 0.151333 0.530000
57 79.144667 0.508333 0.066667 0.270000
20 79.214333 0.501667 0.086000 0.303333
582 79.322667 0.495000 0.144000 0.563333
652 79.495000 0.495000 0.220667 1.103333
257 79.656667 0.500000 0.121333 0.386667
442 79.742000 0.495000 0.066667 0.336667
293 79.814333 0.493333 0.095333 0.366667
732 79.900667 0.496667 0.093333 0.453333
14 79.984333 0.506667 0.092667 0.326667
836 80.064667 0.493333 0.088000 0.386667
171 80.165000 0.495000 0.130000 0.496667
116 80.290667 0.498333 0.141333 0.423333
756 80.415667 0.496667 0.127333 0.386667
592 80.552000 0.490000 0.164000 0.533333
272 80.706000 0.505000 0.164000 0.483333
911 80.826000 0.510000 0.093333 0.333333
472 80.895000 0.503333 0.064667 0.340000
854 80.993333 0.503333 0.145333 0.506667
341 81.091667 0.506667 0.067333 0.286667
913 81.178667 0.508333 0.125333 0.376667
978 81.252000 0.510000 0.036000 0.266667
232 81.309000 0.488333 0.094000 0.476667
10 81.387000 0.503333 0.082000 0.286667
60 81.455667 0.495000 0.075333 0.330000
909 81.538333 0.503333 0.108667 0.526667
953 81.605333 0.493333 0.044000 0.326667
235 81.676000 0.490000 0.112000 0.446667
487 81.761667 0.506667 0.074000 0.426667
147 81.836000 0.506667 0.092000 0.446667
815 81.942000 0.501667 0.133333 0.356667
295 82.066667 0.506667 0.129333 0.553333
504 82.186000 0.501667 0.124000 0.363333
712 82.353667 0.501667 0.228667 1.143333
713 82.540667 0.510000 0.165333 0.826667
94 82.713333 0.493333 0.194667 0.973333
707 82.863000 0.510000 0.123333 0.493333
852 82.967000 0.488333 0.104667 0.450000
186 83.068333 0.498333 0.111333 0.516667
534 83.160667 0.490000 0.089333 0.380000
234 83.249667 0.498333 0.104667 0.423333
397 83.339667 0.498333 0.092667 0.423333
689 83.427333 0.510000 0.096000 0.473333
793 83.525667 0.493333 0.116667 0.473333
739 83.606333 0.496667 0.062000 0.520000
901 83.739333 0.506667 0.220000 1.100000
831 83.890000 0.488333 0.096000 0.396667
696 83.995000 0.488333 0.127333 0.290000
403 84.136000 0.498333 0.169333 0.470000
626 84.293333 0.493333 0.158667 0.793333
448 84.393000 0.495000 0.054000 0.323333
324 84.469333 0.505000 0.116000 0.563333
351 84.594667 0.501667 0.152000 0.450000
64 84.699333 0.498333 0.072000 0.370000
185 84.772667 0.505000 0.090667 0.390000
365 84.889667 0.495000 0.158000 0.470000
45 84.989333 0.501667 0.061333 0.310000
837 85.074667 0.498333 0.129333 0.530000
12 85.188000 0.503333 0.110667 0.386667
644 85.274667 0.510000 0.078667 0.353333
851 85.357333 0.496667 0.105333 0.433333
896 85.475333 0.491667 0.149333 0.470000
207 85.605333 0.495000 0.124000 0.550000
704 85.723667 0.510000 0.132667 0.426667
253 85.806333 0.501667 0.047333 0.470000
587 85.882667 0.506667 0.125333 0.386667
774 85.968667 0.505000 0.066667 0.356667
562 86.076333 0.510000 0.166000 0.346667
872 86.226000 0.508333 0.146667 0.416667
76 86.366333 0.508333 0.154000 0.476667
354 86.515667 0.498333 0.163333 0.476667
875 86.666000 0.505000 0.153333 0.383333
611 86.775667 0.505000 0.080667 0.343333
730 86.873000 0.490000 0.131333 0.493333
488 86.974667 0.495000 0.088000 0.423333
31 87.069667 0.500000 0.115333 0.340000
131 87.176667 0.505000 0.114667 0.443333
999 87.249333 0.493333 0.050667 0.373333
199 87.319333 0.491667 0.102667 0.523333
96 87.462333 0.490000 0.196667 0.426667
845 87.593333 0.506667 0.085333 0.353333
614 87.711000 0.505000 0.166000 0.830000
252 87.863667 0.491667 0.159333 0.616667
566 87.989667 0.508333 0.110000 0.456667
648 88.080667 0.491667 0.088000 0.370000
1007 88.135667 0.493333 0.035333 0.266667
438 88.214667 0.488333 0.138667 0.416667
971 88.297000 0.495000 0.039333 0.303333
485 88.339667 0.498333 0.062000 0.323333
813 88.433333 0.495000 0.138667 0.363333
741 88.552667 0.501667 0.118667 0.416667
284 88.667333 0.495000 0.129333 0.463333
775 88.767667 0.488333 0.090000 0.436667
311 88.855333 0.495000 0.104000 0.450000
367 88.961667 0.500000 0.127333 0.353333
560 89.099667 0.491667 0.164667 0.823333
441 89.201333 0.493333 0.057333 0.300000
159 89.245667 0.501667 0.044667 0.350000
744 89.354667 0.496667 0.186667 0.933333
319 89.496333 0.498333 0.110000 0.390000
532 89.586333 0.490000 0.086000 0.440000
1023 89.645667 0.496667 0.046000 0.333333
784 89.690667 0.491667 0.057333 0.476667
829 89.756667 0.490000 0.088000 0.393333
44 89.842667 0.488333 0.101333 0.403333
514 89.929667 0.498333 0.092667 0.310000
291 90.039667 0.501667 0.147333 0.570000
655 90.142667 0.510000 0.076000 0.340000
347 90.247667 0.493333 0.150000 0.473333
746 90.372000 0.508333 0.118667 0.390000
533 90.494333 0.510000 0.140667 0.493333
236 90.617000 0.491667 0.123333 0.503333
750 90.717000 0.506667 0.096667 0.360000
972 90.775000 0.510000 0.035333 0.300000
226 90.832000 0.503333 0.096000 0.486667
859 90.937000 0.508333 0.132667 0.403333
890 91.050333 0.510000 0.111333 0.446667
452 91.135000 0.493333 0.074000 0.373333
711 91.261333 0.505000 0.197333 0.623333
302 91.382333 0.488333 0.058000 0.323333
269 91.499333 0.503333 0.193333 0.586667
747 91.636000 0.505000 0.097333 0.416667
318 91.732333 0.491667 0.110000 0.463333
568 91.826333 0.506667 0.095333 0.480000
910 91.930000 0.496667 0.132000 0.440000
273 92.012333 0.510000 0.047333 0.313333
47 92.084333 0.491667 0.111333 0.543333
194 92.179000 0.493333 0.098000 0.400000
24 92.271000 0.505000 0.100667 0.336667
141 92.361333 0.500000 0.100000 0.486667
776 92.475333 0.490000 0.144000 0.326667
577 92.584000 0.505000 0.090667 0.356667
21 92.672000 0.491667 0.098667 0.343333
356 92.775667 0.510000 0.124667 0.340000
523 92.890000 0.505000 0.118667 0.390000
26 92.991000 0.495000 0.103333 0.350000
140 93.138000 0.510000 0.208000 1.040000
132 93.278667 0.490000 0.086667 0.373333
188 93.371667 0.510000 0.112667 0.553333
502 93.456667 0.505000 0.074667 0.330000
174 93.592333 0.491667 0.212667 1.063333
698 93.722667 0.496667 0.061333 0.326667
334 93.825000 0.503333 0.159333 0.493333
795 93.938667 0.491667 0.081333 0.496667
695 94.069667 0.498333 0.196667 0.983333
781 94.200000 0.495000 0.082667 0.430000
604 94.298333 0.501667 0.130000 0.390000
590 94.425667 0.490000 0.144667 0.560000
606 94.554667 0.508333 0.129333 0.390000
888 94.706667 0.496667 0.192000 0.960000
683 94.855667 0.500000 0.123333 0.360000
861 94.931667 0.488333 0.042000 0.330000
1012 94.958000 0.495000 0.030667 0.250000
378 95.041667 0.490000 0.156667 0.453333
651 95.214000 0.503333 0.205333 1.026667
917 95.328000 0.491667 0.041333 0.296667
664 95.404000 0.495000 0.126667 0.483333
546 95.516667 0.491667 0.112000 0.423333
277 95.605000 0.510000 0.078000 0.366667
124 95.682667 0.493333 0.094667 0.333333
172 95.774667 0.498333 0.108000 0.410000
66 95.913333 0.500000 0.188000 0.940000
987 96.017333 0.488333 0.033333 0.263333
549 96.079333 0.505000 0.104000 0.356667
844 96.182000 0.500000 0.118667 0.520000
362 96.312333 0.500000 0.162000 0.460000
856 96.467667 0.498333 0.164667 0.403333
751 96.595000 0.503333 0.106000 0.453333
457 96.670000 0.500000 0.060000 0.320000
420 96.739333 0.495000 0.096000 0.356667
97 96.893000 0.491667 0.227333 1.136667
427 97.042333 0.496667 0.090000 0.420000
697 97.115667 0.488333 0.071333 0.356667
437 97.199000 0.510000 0.111333 0.506667
338 97.323667 0.503333 0.158000 0.820000
701 97.501667 0.505000 0.212667 1.063333
715 97.697667 0.508333 0.192667 0.963333
893 97.880000 0.510000 0.192000 0.586667
688 98.001000 0.490000 0.070000 0.346667
465 98.057333 0.490000 0.058667 0.306667
355 98.153667 0.491667 0.148667 0.423333
788 98.292667 0.506667 0.149333 0.440000
149 98.441667 0.505000 0.162000 0.810000
263 98.575000 0.495000 0.120667 0.383333
820 98.669000 0.493333 0.080667 0.340000
169 98.750667 0.508333 0.100000 0.376667
804 98.866000 0.503333 0.149333 0.433333
915 98.974667 0.510000 0.088000 0.706667
103 99.103667 0.500000 0.190000 0.413333
52 99.240000 0.493333 0.097333 0.326667
975 99.297000 0.510000 0.036667 0.313333
29 99.364667 0.488333 0.117333 0.316667
407 99.463000 0.503333 0.094000 0.353333
451 99.541333 0.501667 0.081333 0.423333
345 99.644000 0.490000 0.142667 0.386667
198 99.748667 0.498333 0.084000 0.356667
101 99.883333 0.490000 0.202667 0.426667
256 100.042000 0.508333 0.128000 0.456667
979 100.122000 0.496667 0.049333 0.366667
436 100.193667 0.491667 0.111333 0.296667
0 100.265667 0.491667 0.046000 0.370000
395 100.387333 0.496667 0.216000 1.080000
799 100.543333 0.491667 0.116000 0.463333
602 100.642000 0.493333 0.101333 0.306667
561 100.769667 0.506667 0.168667 0.360000
99 100.945000 0.498333 0.196667 0.983333
27 101.100667 0.498333 0.134667 0.456667
471 101.195000 0.508333 0.074000 0.383333
283 101.284333 0.500000 0.120667 0.440000
265 101.388333 0.500000 0.104667 0.400000
477 101.467000 0.501667 0.071333 0.390000
233 101.542333 0.503333 0.095333 0.413333
809 101.644333 0.503333 0.123333 0.660000
513 101.749000 0.496667 0.100667 0.320000
33 101.846000 0.488333 0.113333 0.370000
673 101.936000 0.505000 0.086667 0.296667
88 102.081000 0.506667 0.219333 0.473333
716 102.263667 0.488333 0.162000 0.810000
542 102.389333 0.506667 0.105333 0.366667
930 102.448000 0.498333 0.028000 0.243333
203 102.502000 0.493333 0.100000 0.506667
898 102.618333 0.501667 0.151333 0.403333
736 102.719000 0.488333 0.067333 0.443333
543 102.832333 0.505000 0.178000 0.543333
482 102.941333 0.506667 0.060000 0.333333
720 103.049667 0.506667 0.172667 0.473333
702 103.215333 0.503333 0.176000 0.880000
717 103.390000 0.503333 0.190667 0.953333
