668 0.051000 0.505000 0.095333 0.330000
431 0.135667 0.490000 0.091333 0.313333
848 0.234000 0.508333 0.122667 0.370000
815 0.356667 0.503333 0.140000 0.426667
755 0.473667 0.505000 0.114000 0.330000
182 0.595333 0.495000 0.142667 0.483333
851 0.714000 0.490000 0.113333 0.466667
759 0.816000 0.495000 0.106667 0.310000
112 0.941667 0.508333 0.159333 0.530000
287 1.066000 0.503333 0.105333 0.393333
160 1.146333 0.501667 0.074000 0.396667
132 1.217333 0.498333 0.088000 0.396667
987 1.272000 0.503333 0.041333 0.346667
328 1.378667 0.495000 0.185333 0.430000
165 1.518333 0.501667 0.107333 0.383333
874 1.605333 0.500000 0.081333 0.393333
514 1.691000 0.498333 0.108667 0.350000
557 1.777333 0.496667 0.080000 0.560000
333 1.898333 0.505000 0.179333 0.896667
358 2.088333 0.498333 0.220667 1.103333
823 2.237667 0.505000 0.091333 0.403333
186 2.330000 0.496667 0.106667 0.493333
561 2.451667 0.506667 0.154000 0.333333
710 2.599000 0.491667 0.158000 0.790000
187 2.711667 0.488333 0.080667 0.403333
9 2.793667 0.506667 0.102000 0.406667
81 2.899333 0.501667 0.125333 0.496667
1015 2.970333 0.500000 0.035333 0.300000
480 3.010667 0.500000 0.064000 0.326667
227 3.095000 0.495000 0.122000 0.516667
301 3.187667 0.491667 0.082000 0.456667
42 3.257333 0.493333 0.070667 0.393333
758 3.350667 0.498333 0.133333 0.383333
170 3.465333 0.490000 0.114667 0.400000
593 3.625000 0.498333 0.220667 1.103333
948 3.751667 0.508333 0.048667 0.363333
351 3.837667 0.498333 0.143333 0.390000
571 3.951333 0.490000 0.097333 0.400000
857 4.088000 0.496667 0.190667 0.426667
813 4.240000 0.505000 0.133333 0.490000
488 4.339667 0.488333 0.086000 0.416667
37 4.429667 0.493333 0.107333 0.373333
809 4.534000 0.495000 0.121333 0.636667
807 4.695000 0.491667 0.219333 1.096667
116 4.855000 0.490000 0.118000 0.380000
159 4.927333 0.501667 0.040000 0.296667
120 5.046000 0.498333 0.213333 0.616667
939 5.163000 0.510000 0.039333 0.300000
337 5.304667 0.500000 0.264000 0.786667
129 5.507667 0.505000 0.155333 0.590000
51 5.636667 0.491667 0.117333 0.423333
10 5.738000 0.490000 0.105333 0.373333
104 5.880667 0.490000 0.194667 0.973333
949 5.989667 0.491667 0.040667 0.336667
627 6.085667 0.510000 0.171333 0.566667
275 6.191667 0.488333 0.060667 0.363333
829 6.259333 0.503333 0.094667 0.393333
582 6.370000 0.500000 0.141333 0.520000
643 6.482667 0.490000 0.100000 0.380000
375 6.617000 0.501667 0.187333 0.936667
731 6.747333 0.495000 0.088000 0.436667
577 6.829000 0.505000 0.095333 0.376667
903 6.937333 0.498333 0.141333 0.363333
676 7.065667 0.505000 0.132667 0.463333
238 7.238667 0.496667 0.228000 1.140000
489 7.387667 0.498333 0.086000 0.436667
698 7.452000 0.490000 0.058667 0.306667
686 7.511000 0.488333 0.075333 0.370000
394 7.620333 0.501667 0.156667 0.783333
256 7.752667 0.488333 0.128000 0.436667
346 7.896000 0.493333 0.177333 0.886667
930 7.994667 0.488333 0.038667 0.310000
912 8.048667 0.503333 0.082667 0.333333
92 8.185667 0.491667 0.207333 1.036667
936 8.297667 0.500000 0.034000 0.273333
877 8.344333 0.508333 0.078000 0.383333
139 8.406667 0.503333 0.064000 0.366667
62 8.472000 0.488333 0.085333 0.396667
497 8.583000 0.498333 0.156667 0.396667
968 8.668000 0.503333 0.030667 0.253333
207 8.775333 0.506667 0.204000 1.020000
166 8.923333 0.506667 0.108000 0.420000
789 9.008000 0.506667 0.080000 0.493333
816 9.114667 0.508333 0.146667 0.336667
761 9.261000 0.488333 0.160667 0.463333
717 9.419000 0.505000 0.171333 0.856667
605 9.558000 0.498333 0.121333 0.316667
953 9.628000 0.508333 0.032000 0.270000
229 9.677333 0.495000 0.082667 0.363333
998 9.728667 0.508333 0.036000 0.283333
428 9.782667 0.493333 0.090667 0.606667
539 9.860333 0.498333 0.080667 0.356667
842 9.945667 0.491667 0.103333 0.436667
724 10.031000 0.491667 0.080667 0.450000
446 10.099667 0.488333 0.075333 0.436667
426 10.161667 0.498333 0.063333 0.430000
110 10.246667 0.496667 0.121333 0.433333
663 10.345667 0.490000 0.091333 0.326667
909 10.424333 0.503333 0.084667 0.366667
285 10.518000 0.490000 0.117333 0.413333
711 10.654333 0.493333 0.172667 0.513333
875 10.812000 0.498333 0.162667 0.396667
938 10.899667 0.498333 0.028667 0.243333
719 11.010667 0.501667 0.212000 0.550000
836 11.154667 0.498333 0.094667 0.410000
136 11.265667 0.498333 0.143333 0.490000
196 11.375667 0.496667 0.096667 0.473333
372 11.491000 0.508333 0.150000 0.396667
659 11.609667 0.490000 0.102000 0.406667
418 11.706333 0.498333 0.106000 0.516667
505 11.787333 0.503333 0.072000 0.300000
961 11.830667 0.508333 0.033333 0.256667
838 11.897667 0.491667 0.119333 0.483333
58 11.979667 0.493333 0.058000 0.300000
344 12.062667 0.495000 0.122667 0.323333
153 12.162000 0.505000 0.092000 0.410000
203 12.253000 0.491667 0.110000 0.476667
54 12.329333 0.503333 0.060000 0.306667
246 12.421000 0.505000 0.143333 0.490000
958 12.506333 0.488333 0.042000 0.310000
648 12.557333 0.508333 0.080000 0.376667
399 12.644667 0.505000 0.109333 0.396667
341 12.730333 0.495000 0.075333 0.323333
331 12.858333 0.495000 0.199333 0.996667
462 12.980000 0.510000 0.064000 0.353333
236 13.049667 0.496667 0.095333 0.380000
679 13.135667 0.496667 0.090000 0.553333
599 13.237333 0.491667 0.133333 0.403333
619 13.344333 0.495000 0.094000 0.503333
56 13.423333 0.505000 0.077333 0.116667
114 13.499667 0.498333 0.090000 0.443333
697 13.562667 0.503333 0.056000 0.280000
583 13.617000 0.498333 0.066000 0.423333
458 13.669667 0.498333 0.055333 0.316667
466 13.723000 0.493333 0.068667 0.413333
290 13.827000 0.501667 0.155333 0.476667
481 13.934333 0.510000 0.074000 0.446667
604 14.036333 0.510000 0.146000 0.460000
223 14.162333 0.495000 0.126000 0.516667
810 14.263667 0.501667 0.094000 0.430000
43 14.353667 0.503333 0.102000 0.406667
590 14.464333 0.500000 0.136667 0.486667
147 14.559333 0.490000 0.073333 0.386667
762 14.626667 0.506667 0.077333 0.333333
224 14.717667 0.503333 0.120667 0.480000
581 14.816000 0.495000 0.094667 0.443333
746 14.922333 0.495000 0.135333 0.430000
177 15.090000 0.493333 0.220000 1.100000
339 15.245000 0.505000 0.108667 0.570000
844 15.395667 0.488333 0.208667 1.043333
410 15.538333 0.506667 0.091333 0.393333
404 15.680000 0.500000 0.210667 1.053333
8 15.828333 0.505000 0.103333 0.416667
1017 15.892667 0.495000 0.044000 0.316667
897 15.971000 0.491667 0.127333 0.356667
434 16.092000 0.493333 0.132000 0.460000
126 16.227000 0.488333 0.151333 0.530000
584 16.364667 0.496667 0.138667 0.433333
625 16.511333 0.500000 0.168000 0.560000
639 16.627000 0.488333 0.076667 0.370000
658 16.684333 0.505000 0.058000 0.336667
320 16.761000 0.496667 0.115333 0.346667
927 16.834000 0.510000 0.045333 0.326667
683 16.912667 0.491667 0.126667 0.410000
708 17.058333 0.508333 0.180667 0.903333
521 17.210333 0.501667 0.136667 0.363333
624 17.352667 0.503333 0.161333 0.546667
901 17.490667 0.501667 0.130667 0.356667
516 17.595333 0.503333 0.096000 0.313333
464 17.668333 0.491667 0.070000 0.356667
500 17.727000 0.501667 0.067333 0.303333
508 17.776667 0.488333 0.052000 0.296667
913 17.854667 0.491667 0.122667 0.383333
343 17.972333 0.503333 0.128667 0.373333
308 18.068333 0.510000 0.078000 0.433333
754 18.154667 0.510000 0.113333 0.553333
957 18.228667 0.498333 0.049333 0.356667
438 18.350333 0.501667 0.214000 1.070000
995 18.462000 0.503333 0.029333 0.240000
250 18.576000 0.510000 0.218667 1.093333
728 18.700333 0.493333 0.050000 0.440000
906 18.793333 0.501667 0.152000 0.436667
647 18.895000 0.508333 0.066000 0.336667
527 18.981667 0.496667 0.120667 0.393333
447 19.070667 0.505000 0.076000 0.416667
21 19.162667 0.501667 0.122667 0.403333
456 19.248667 0.503333 0.068000 0.366667
111 19.312667 0.488333 0.074667 0.323333
270 19.428000 0.488333 0.176000 0.536667
720 19.594333 0.493333 0.175333 0.473333
475 19.707667 0.495000 0.067333 0.390000
124 19.785667 0.500000 0.106000 0.373333
798 19.891333 0.506667 0.120000 0.446667
713 20.029333 0.493333 0.174667 0.873333
884 20.180000 0.501667 0.142667 0.536667
66 20.297000 0.490000 0.111333 0.660000
682 20.405667 0.491667 0.123333 0.510000
100 20.544000 0.503333 0.173333 0.866667
506 20.640667 0.501667 0.038667 0.410000
595 20.716000 0.493333 0.129333 0.393333
276 20.797333 0.505000 0.050667 0.323333
586 20.870000 0.491667 0.109333 0.330000
780 20.982333 0.495000 0.128667 0.396667
806 21.128000 0.496667 0.176000 0.880000
923 21.225667 0.510000 0.039333 0.300000
415 21.300000 0.488333 0.128000 0.436667
964 21.377000 0.506667 0.042000 0.306667
269 21.473333 0.495000 0.169333 0.536667
781 21.593333 0.493333 0.085333 0.446667
945 21.647000 0.505000 0.042000 0.330000
904 21.689000 0.488333 0.062000 0.323333
525 21.781000 0.505000 0.135333 0.430000
847 21.895333 0.496667 0.109333 0.333333
867 21.995333 0.503333 0.105333 0.346667
892 22.119000 0.510000 0.162000 0.473333
656 22.256000 0.493333 0.128000 0.300000
687 22.359333 0.508333 0.094667 0.463333
620 22.498333 0.501667 0.203333 1.016667
427 22.702667 0.510000 0.218667 1.093333
652 22.910000 0.510000 0.216000 1.080000
820 23.055000 0.490000 0.087333 0.360000
562 23.154000 0.506667 0.129333 0.280000
839 23.265333 0.488333 0.110667 0.490000
41 23.371000 0.488333 0.114000 0.330000
630 23.503333 0.498333 0.165333 0.550000
736 23.602667 0.505000 0.052000 0.350000
546 23.664000 0.505000 0.084000 0.343333
493 23.740667 0.503333 0.084000 0.446667
607 23.826667 0.490000 0.104000 0.306667
245 23.909000 0.506667 0.074000 0.313333
610 24.007333 0.500000 0.141333 0.433333
85 24.111333 0.498333 0.086667 0.330000
888 24.223667 0.498333 0.158000 0.503333
201 24.338333 0.508333 0.091333 0.463333
1005 24.395333 0.510000 0.040000 0.300000
1012 24.428000 0.508333 0.042667 0.336667
513 24.510000 0.506667 0.138667 0.433333
362 24.681667 0.501667 0.220667 1.103333
794 24.815000 0.488333 0.060667 0.370000
143 24.874333 0.506667 0.074000 0.353333
79 25.002667 0.503333 0.198667 0.993333
919 25.129333 0.488333 0.068000 0.323333
47 25.199333 0.496667 0.090667 0.433333
300 25.269000 0.501667 0.064667 0.203333
743 25.335667 0.491667 0.082000 0.356667
735 25.424000 0.498333 0.112000 0.443333
319 25.510000 0.495000 0.080000 0.296667
50 25.606333 0.491667 0.130000 0.410000
169 25.743333 0.490000 0.160000 0.800000
233 25.874667 0.498333 0.116000 0.490000
845 25.974667 0.490000 0.102667 0.433333
68 26.076000 0.510000 0.117333 0.333333
628 26.214667 0.505000 0.176000 0.590000
976 26.314333 0.500000 0.043333 0.340000
1016 26.351333 0.510000 0.045333 0.366667
439 26.409000 0.491667 0.090000 0.370000
986 26.468000 0.505000 0.044000 0.356667
82 26.514333 0.498333 0.063333 0.470000
171 26.590333 0.501667 0.108667 0.416667
601 26.705667 0.490000 0.142000 0.433333
977 26.789000 0.503333 0.040667 0.326667
507 26.838000 0.493333 0.076000 0.400000
772 26.972333 0.498333 0.206000 1.030000
32 27.125667 0.505000 0.119333 0.403333
359 27.246000 0.506667 0.141333 0.400000
78 27.416000 0.503333 0.217333 1.086667
729 27.527667 0.488333 0.020667 0.303333
76 27.592333 0.506667 0.123333 0.380000
392 27.721667 0.491667 0.154000 0.443333
199 27.839667 0.488333 0.096667 0.490000
277 27.915667 0.498333 0.068667 0.316667
637 27.967667 0.505000 0.055333 0.283333
87 28.079000 0.495000 0.182000 0.910000
649 28.219667 0.501667 0.114000 0.596667
526 28.329667 0.510000 0.126000 0.346667
254 28.456333 0.506667 0.146000 0.566667
814 28.577667 0.496667 0.114000 0.366667
478 28.657333 0.498333 0.060000 0.303333
38 28.736000 0.496667 0.117333 0.386667
483 28.822000 0.496667 0.070667 0.400000
137 28.875000 0.495000 0.055333 0.276667
933 28.914667 0.510000 0.042667 0.326667
536 28.999667 0.498333 0.143333 0.536667
237 29.094333 0.488333 0.064667 0.476667
222 29.211333 0.490000 0.184000 0.920000
216 29.350000 0.501667 0.106667 0.436667
141 29.444667 0.500000 0.096000 0.420000
503 29.555667 0.508333 0.143333 0.403333
990 29.640667 0.498333 0.040000 0.343333
18 29.709333 0.493333 0.110667 0.366667
666 29.825000 0.500000 0.136667 0.473333
450 29.913667 0.508333 0.056667 0.343333
777 29.994667 0.498333 0.118667 0.470000
879 30.113333 0.510000 0.136000 0.373333
700 30.254667 0.490000 0.164000 0.820000
833 30.387000 0.500000 0.115333 0.573333
490 30.479000 0.505000 0.083333 0.430000
621 30.537333 0.501667 0.049333 0.510000
519 30.606333 0.495000 0.104667 0.343333
929 30.672000 0.493333 0.044000 0.333333
234 30.733000 0.503333 0.095333 0.386667
230 30.837000 0.506667 0.132667 0.513333
732 30.937667 0.491667 0.088667 0.463333
642 31.024333 0.510000 0.099333 0.393333
16 31.114000 0.500000 0.097333 0.326667
589 31.198667 0.503333 0.089333 0.366667
992 31.253667 0.505000 0.034000 0.263333
430 31.323000 0.498333 0.118000 0.510000
555 31.389000 0.506667 0.032667 0.300000
303 31.427000 0.503333 0.063333 0.360000
835 31.501000 0.508333 0.098000 0.396667
827 31.593667 0.495000 0.102000 0.423333
398 31.673000 0.501667 0.076667 0.410000
691 31.740667 0.503333 0.076000 0.373333
280 31.838000 0.503333 0.138667 0.513333
496 31.960000 0.498333 0.124000 0.510000
442 32.042667 0.508333 0.061333 0.310000
443 32.100667 0.496667 0.073333 0.426667
893 32.223333 0.503333 0.192000 0.553333
198 32.359667 0.491667 0.096667 0.416667
587 32.462000 0.491667 0.125333 0.376667
853 32.564667 0.498333 0.100000 0.476667
240 32.634667 0.505000 0.060000 0.323333
737 32.681000 0.498333 0.050000 0.303333
296 32.740667 0.496667 0.088000 0.320000
46 32.807667 0.505000 0.064667 0.550000
457 32.862333 0.498333 0.062000 0.363333
4 32.926000 0.491667 0.081333 0.350000
150 33.017667 0.508333 0.119333 0.463333
504 33.138000 0.506667 0.141333 0.413333
140 33.317667 0.491667 0.231333 1.156667
661 33.487333 0.495000 0.124000 0.396667
530 33.595000 0.495000 0.111333 0.556667
898 33.701000 0.506667 0.114000 0.300000
470 33.779000 0.495000 0.059333 0.350000
433 33.861333 0.493333 0.124000 0.240000
348 33.998000 0.505000 0.164000 0.490000
889 34.138667 0.491667 0.137333 0.463333
15 34.244000 0.495000 0.093333 0.336667
751 34.329333 0.490000 0.097333 0.393333
455 34.404667 0.505000 0.069333 0.350000
80 34.478333 0.501667 0.091333 0.470000
0 34.538667 0.510000 0.049333 0.386667
156 34.635333 0.498333 0.161333 0.416667
533 34.769000 0.510000 0.122000 0.413333
856 34.914000 0.500000 0.181333 0.446667
709 35.043000 0.501667 0.090000 0.370000
756 35.150333 0.508333 0.138000 0.403333
369 35.266333 0.488333 0.114000 0.316667
804 35.393000 0.498333 0.156667 0.783333
452 35.498333 0.493333 0.071333 0.373333
119 35.565333 0.506667 0.081333 0.480000
163 35.665000 0.491667 0.135333 0.503333
212 35.777000 0.500000 0.102000 0.493333
325 35.900333 0.490000 0.163333 0.693333
162 36.026333 0.490000 0.102000 0.373333
791 36.099000 0.493333 0.062000 0.366667
49 36.223333 0.506667 0.201333 1.006667
231 36.377333 0.505000 0.126667 0.523333
247 36.481667 0.506667 0.096667 0.406667
887 36.575667 0.498333 0.111333 0.343333
265 36.677333 0.488333 0.106667 0.410000
799 36.767667 0.490000 0.094000 0.346667
974 36.830333 0.491667 0.046000 0.330000
289 36.953000 0.488333 0.216667 1.083333
626 37.140333 0.510000 0.171333 0.573333
558 37.255000 0.488333 0.076667 0.376667
363 37.345333 0.495000 0.117333 0.316667
556 37.442000 0.503333 0.096000 0.400000
705 37.568333 0.491667 0.172667 0.863333
549 37.707000 0.510000 0.124667 0.420000
984 37.776000 0.493333 0.029333 0.246667
1 37.821333 0.508333 0.078667 0.383333
103 37.950000 0.503333 0.197333 0.420000
774 38.068667 0.498333 0.056000 0.296667
1020 38.112667 0.493333 0.052000 0.380000
598 38.183000 0.500000 0.102000 0.306667
411 38.330333 0.506667 0.208667 0.466667
304 38.466667 0.496667 0.077333 0.440000
448 38.540667 0.510000 0.084000 0.426667
715 38.657000 0.508333 0.166000 0.830000
865 38.788667 0.503333 0.112000 0.420000
352 38.890667 0.495000 0.110667 0.296667
765 38.974667 0.491667 0.070667 0.330000
612 39.077333 0.491667 0.154667 0.403333
258 39.210333 0.501667 0.127333 0.423333
578 39.317000 0.490000 0.104667 0.426667
644 39.397000 0.510000 0.075333 0.373333
763 39.449000 0.510000 0.047333 0.346667
453 39.500333 0.498333 0.071333 0.376667
355 39.593667 0.500000 0.128667 0.353333
795 39.680333 0.496667 0.060667 0.380000
22 39.773667 0.488333 0.144667 0.483333
172 39.907333 0.488333 0.137333 0.483333
73 40.046000 0.495000 0.158667 0.490000
574 40.160333 0.500000 0.084667 0.340000
77 40.259333 0.510000 0.130667 0.326667
368 40.391667 0.495000 0.154000 0.456667
311 40.509000 0.498333 0.099333 0.430000
306 40.588333 0.510000 0.079333 0.446667
365 40.705333 0.490000 0.172000 0.860000
980 40.808000 0.503333 0.046667 0.346667
3 40.861000 0.508333 0.074000 0.343333
646 40.937000 0.506667 0.094000 0.446667
94 41.074667 0.510000 0.201333 0.426667
1023 41.183667 0.505000 0.035333 0.276667
128 41.267667 0.508333 0.148667 0.430000
675 41.394000 0.493333 0.124000 0.413333
487 41.480333 0.493333 0.066000 0.346667
811 41.581333 0.510000 0.153333 0.360000
45 41.678333 0.501667 0.056667 0.283333
57 41.730000 0.493333 0.061333 0.346667
371 41.817000 0.493333 0.131333 0.400000
106 41.957000 0.495000 0.164667 0.823333
329 42.116000 0.496667 0.169333 0.846667
900 42.256667 0.503333 0.130667 0.353333
523 42.361000 0.496667 0.092667 0.293333
243 42.479667 0.495000 0.164667 0.823333
208 42.606333 0.508333 0.102000 0.423333
704 42.705000 0.495000 0.112667 0.376667
641 42.794333 0.505000 0.082000 0.383333
436 42.874333 0.491667 0.095333 0.256667
39 42.968333 0.503333 0.111333 0.413333
878 43.056667 0.510000 0.081333 0.413333
671 43.149667 0.500000 0.118000 0.446667
409 43.280333 0.505000 0.158000 0.790000
739 43.380667 0.503333 0.056000 0.413333
220 43.442000 0.498333 0.082667 0.376667
225 43.531333 0.495000 0.114667 0.470000
444 43.617333 0.506667 0.072000 0.366667
950 43.661667 0.493333 0.031333 0.246667
840 43.724667 0.501667 0.114667 0.510000
764 43.817000 0.491667 0.084667 0.456667
535 43.939000 0.505000 0.175333 0.383333
670 44.073000 0.503333 0.108667 0.366667
242 44.166000 0.501667 0.096000 0.370000
742 44.317667 0.498333 0.222000 1.110000
74 44.478667 0.501667 0.114667 0.356667
614 44.602000 0.500000 0.146667 0.373333
283 44.733333 0.498333 0.130667 0.450000
846 44.836333 0.498333 0.095333 0.416667
678 44.933000 0.491667 0.112667 0.390000
962 45.000000 0.493333 0.041333 0.333333
60 45.053667 0.490000 0.083333 0.353333
902 45.141333 0.503333 0.112000 0.346667
803 45.264000 0.496667 0.148000 0.433333
931 45.353000 0.505000 0.050000 0.370000
387 45.443333 0.488333 0.145333 0.423333
579 45.585333 0.500000 0.158667 0.326667
354 45.716667 0.508333 0.121333 0.356667
370 45.848667 0.493333 0.161333 0.806667
899 45.978667 0.510000 0.113333 0.346667
920 46.079000 0.496667 0.100667 0.373333
281 46.189667 0.493333 0.139333 0.493333
573 46.295000 0.496667 0.091333 0.373333
654 46.456333 0.495000 0.251333 0.470000
188 46.636000 0.488333 0.122667 0.496667
473 46.728667 0.503333 0.077333 0.406667
400 46.789667 0.498333 0.058000 0.470000
324 46.875667 0.508333 0.131333 0.643333
721 47.006000 0.493333 0.144000 0.406667
645 47.109667 0.491667 0.076667 0.343333
184 47.194333 0.493333 0.112667 0.460000
413 47.319333 0.510000 0.153333 0.613333
596 47.458667 0.495000 0.145333 0.436667
834 47.574000 0.498333 0.098667 0.410000
727 47.645667 0.500000 0.063333 0.326667
134 47.713333 0.495000 0.092000 0.290000
947 47.771667 0.505000 0.038000 0.283333
135 47.842000 0.491667 0.117333 0.470000
334 47.968000 0.506667 0.153333 0.526667
472 48.072667 0.500000 0.069333 0.353333
33 48.147333 0.505000 0.093333 0.350000
284 48.251000 0.500000 0.130000 0.466667
469 48.342667 0.496667 0.068000 0.353333
204 48.423333 0.505000 0.109333 0.550000
776 48.551667 0.490000 0.162000 0.366667
69 48.675333 0.493333 0.104000 0.520000
726 48.752333 0.496667 0.068667 0.366667
252 48.859000 0.505000 0.158000 0.623333
461 48.970333 0.498333 0.083333 0.463333
894 49.068667 0.490000 0.132000 0.373333
876 49.191333 0.496667 0.132000 0.353333
802 49.325333 0.500000 0.149333 0.386667
460 49.426333 0.500000 0.067333 0.366667
155 49.503333 0.490000 0.102667 0.546667
808 49.609667 0.510000 0.128667 0.473333
1009 49.686333 0.510000 0.044667 0.353333
367 49.760333 0.488333 0.120667 0.383333
349 49.902000 0.503333 0.177333 0.886667
298 50.027333 0.493333 0.090667 0.460000
760 50.137667 0.493333 0.148667 0.500000
422 50.245000 0.510000 0.084667 0.320000
651 50.359333 0.490000 0.157333 0.786667
217 50.481000 0.493333 0.102000 0.420000
788 50.613333 0.498333 0.181333 0.490000
313 50.753333 0.496667 0.113333 0.386667
872 50.877667 0.491667 0.152667 0.436667
221 50.990667 0.505000 0.086667 0.383333
632 51.127667 0.498333 0.200667 1.003333
379 51.333667 0.495000 0.230000 1.150000
96 51.553000 0.495000 0.228667 1.143333
479 51.694667 0.495000 0.072000 0.363333
509 51.785333 0.500000 0.129333 0.406667
955 51.862333 0.501667 0.039333 0.330000
633 51.983667 0.491667 0.223333 0.616667
792 52.132000 0.488333 0.089333 0.363333
180 52.231333 0.508333 0.129333 0.470000
572 52.344000 0.493333 0.110667 0.486667
84 52.453333 0.495000 0.128000 0.370000
407 52.569000 0.491667 0.119333 0.476667
408 52.661000 0.498333 0.084667 0.323333
157 52.763333 0.495000 0.133333 0.556667
966 52.841333 0.488333 0.038667 0.323333
178 52.919000 0.495000 0.134000 0.490000
1001 53.000667 0.498333 0.044000 0.323333
145 53.061000 0.508333 0.092667 0.490000
942 53.117000 0.498333 0.035333 0.290000
121 53.136667 0.506667 0.020000 0.380000
191 53.203333 0.495000 0.133333 0.530000
541 53.373333 0.500000 0.224000 1.120000
271 53.550333 0.501667 0.143333 0.450000
309 53.644333 0.488333 0.063333 0.356667
569 53.711667 0.505000 0.091333 0.370000
125 53.800333 0.505000 0.103333 0.443333
299 53.884333 0.510000 0.079333 0.306667
279 53.973333 0.495000 0.116000 0.656667
1022 54.039333 0.498333 0.036000 0.283333
425 54.100667 0.496667 0.105333 0.620000
144 54.197000 0.488333 0.100667 0.456667
6 54.292667 0.491667 0.106667 0.390000
544 54.378333 0.498333 0.078000 0.276667
305 54.446333 0.510000 0.074000 0.406667
295 54.533000 0.508333 0.112667 0.483333
712 54.672333 0.498333 0.182000 0.456667
611 54.797000 0.488333 0.080667 0.303333
29 54.882667 0.495000 0.110667 0.296667
985 54.950333 0.491667 0.038000 0.310000
321 55.014667 0.491667 0.108000 0.510000
785 55.100333 0.496667 0.083333 0.346667
55 55.195000 0.508333 0.124667 0.350000
822 55.294000 0.506667 0.093333 0.280000
53 55.379667 0.503333 0.098000 0.340000
260 55.504667 0.498333 0.172000 0.436667
854 55.681667 0.510000 0.199333 0.686667
330 55.817333 0.495000 0.090667 0.343333
622 55.936333 0.498333 0.162000 0.810000
266 56.091333 0.491667 0.165333 0.503333
915 56.203667 0.493333 0.072667 0.593333
886 56.285667 0.510000 0.107333 0.353333
685 56.380667 0.498333 0.100000 0.403333
109 56.525000 0.495000 0.203333 1.016667
594 56.671333 0.488333 0.105333 0.330000
486 56.754333 0.496667 0.079333 0.406667
107 56.873333 0.498333 0.172000 0.370000
779 56.971667 0.506667 0.040667 0.346667
551 57.042667 0.491667 0.121333 0.370000
602 57.166667 0.503333 0.142667 0.433333
631 57.317333 0.488333 0.173333 0.570000
800 57.447333 0.498333 0.101333 0.383333
832 57.536667 0.508333 0.090667 0.423333
826 57.625333 0.501667 0.104000 0.430000
650 57.728667 0.495000 0.120000 0.390000
474 57.815000 0.490000 0.066000 0.353333
773 57.913333 0.508333 0.149333 0.436667
716 58.055667 0.510000 0.150000 0.440000
994 58.147333 0.505000 0.046667 0.356667
477 58.205667 0.510000 0.086000 0.440000
757 58.311333 0.493333 0.145333 0.413333
451 58.409333 0.491667 0.068000 0.343333
360 58.506333 0.510000 0.139333 0.433333
664 58.621333 0.493333 0.106667 0.340000
991 58.688667 0.501667 0.045333 0.350000
90 58.811333 0.501667 0.216000 0.463333
323 58.999000 0.503333 0.172667 0.340000
559 59.113000 0.505000 0.074000 0.363333
983 59.163000 0.491667 0.043333 0.310000
386 59.264667 0.493333 0.177333 0.886667
99 59.430333 0.491667 0.172667 0.863333
499 59.532000 0.510000 0.049333 0.300000
916 59.643333 0.488333 0.192000 0.476667
189 59.777333 0.490000 0.096000 0.400000
88 59.897333 0.510000 0.158667 0.793333
262 60.032000 0.490000 0.130667 0.653333
575 60.149667 0.490000 0.122000 0.400000
603 60.282333 0.498333 0.156667 0.783333
161 60.411000 0.508333 0.120667 0.456667
565 60.525667 0.500000 0.126000 0.260000
20 60.636667 0.495000 0.109333 0.350000
421 60.755000 0.501667 0.147333 0.496667
406 60.876333 0.500000 0.114000 0.440000
801 60.971333 0.495000 0.092000 0.370000
414 61.072333 0.493333 0.124667 0.586667
391 61.201333 0.493333 0.146667 0.400000
263 61.338333 0.501667 0.144667 0.530000
869 61.436000 0.503333 0.066667 0.413333
495 61.494000 0.490000 0.068000 0.373333
2 61.563333 0.498333 0.086667 0.430000
753 61.675333 0.488333 0.157333 0.496667
522 61.797667 0.498333 0.104667 0.323333
117 61.912333 0.500000 0.140667 0.433333
981 61.994333 0.501667 0.039333 0.290000
175 62.051667 0.506667 0.094000 0.360000
235 62.148667 0.496667 0.120000 0.546667
818 62.274333 0.495000 0.150000 0.396667
725 62.406333 0.498333 0.131333 0.556667
7 62.511000 0.496667 0.094000 0.320000
655 62.603000 0.493333 0.103333 0.413333
382 62.726333 0.510000 0.158000 0.433333
312 62.849000 0.496667 0.104667 0.386667
805 62.973000 0.500000 0.158000 0.460000
924 63.065000 0.500000 0.040667 0.293333
228 63.118333 0.491667 0.084667 0.423333
858 63.204667 0.498333 0.108000 0.370000
775 63.280000 0.503333 0.062667 0.313333
390 63.377000 0.495000 0.150000 0.416667
563 63.514000 0.510000 0.144000 0.293333
148 63.653000 0.503333 0.150000 0.446667
616 63.805333 0.503333 0.174667 0.873333
733 63.930333 0.496667 0.094000 0.553333
149 64.039000 0.488333 0.143333 0.370000
885 64.136667 0.491667 0.068000 0.296667
440 64.206000 0.510000 0.089333 0.453333
550 64.273000 0.506667 0.064667 0.320000
412 64.334333 0.500000 0.071333 0.366667
441 64.392333 0.510000 0.060667 0.313333
131 64.478000 0.491667 0.129333 0.503333
568 64.596000 0.510000 0.124000 0.620000
548 64.729000 0.505000 0.155333 0.490000
963 64.824333 0.503333 0.051333 0.386667
881 64.908667 0.491667 0.136000 0.456667
345 65.051000 0.498333 0.167333 0.490000
970 65.151333 0.505000 0.050667 0.376667
72 65.211333 0.500000 0.089333 0.426667
690 65.290000 0.495000 0.085333 0.416667
378 65.405667 0.488333 0.159333 0.796667
635 65.517000 0.500000 0.083333 0.340000
115 65.580000 0.488333 0.061333 0.296667
510 65.669333 0.496667 0.134667 0.420000
860 65.810000 0.503333 0.160000 0.800000
310 65.922333 0.503333 0.080667 0.460000
1014 65.975667 0.501667 0.046000 0.356667
703 66.061333 0.501667 0.138667 0.443333
356 66.196667 0.506667 0.148000 0.426667
44 66.325000 0.498333 0.123333 0.496667
193 66.422667 0.498333 0.089333 0.370000
855 66.493000 0.503333 0.066000 0.166667
837 66.565667 0.508333 0.099333 0.496667
600 66.674667 0.488333 0.136000 0.410000
969 66.752667 0.498333 0.034667 0.276667
831 66.818667 0.501667 0.117333 0.490000
688 66.905000 0.498333 0.075333 0.363333
538 67.006667 0.493333 0.141333 0.320000
786 67.105333 0.490000 0.072000 0.440000
23 67.213667 0.488333 0.163333 0.476667
895 67.343333 0.508333 0.112000 0.323333
278 67.451000 0.508333 0.120667 0.363333
401 67.550000 0.488333 0.097333 0.543333
672 67.650667 0.490000 0.120000 0.400000
866 67.774667 0.506667 0.144000 0.386667
1021 67.859667 0.510000 0.043333 0.313333
89 67.957333 0.493333 0.170667 0.853333
202 68.083667 0.491667 0.102000 0.396667
449 68.164000 0.501667 0.078667 0.403333
465 68.221333 0.500000 0.056000 0.293333
292 68.312000 0.508333 0.141333 0.543333
524 68.430667 0.503333 0.112000 0.360000
570 68.523000 0.503333 0.087333 0.360000
937 68.581000 0.508333 0.043333 0.350000
122 68.639667 0.503333 0.087333 0.313333
797 68.728667 0.493333 0.104000 0.393333
482 68.805000 0.505000 0.063333 0.343333
164 68.894667 0.496667 0.130667 0.466667
1000 68.972333 0.506667 0.043333 0.333333
377 69.051333 0.500000 0.128000 0.400000
97 69.217000 0.505000 0.218000 1.090000
173 69.378000 0.503333 0.118667 0.540000
699 69.489333 0.488333 0.117333 0.343333
868 69.578333 0.496667 0.074000 0.420000
617 69.660333 0.498333 0.103333 0.416667
830 69.763000 0.508333 0.118000 0.590000
40 69.877333 0.493333 0.126667 0.440000
701 70.046000 0.510000 0.225333 1.126667
36 70.205000 0.500000 0.106000 0.360000
75 70.316667 0.491667 0.133333 0.416667
123 70.436333 0.508333 0.124667 0.743333
26 70.546333 0.495000 0.112667 0.383333
636 70.645333 0.505000 0.100000 0.223333
677 70.739333 0.510000 0.105333 0.366667
95 70.876667 0.500000 0.185333 0.926667
880 71.014667 0.510000 0.105333 0.393333
65 71.106000 0.501667 0.094667 0.236667
501 71.182333 0.501667 0.071333 0.316667
615 71.281333 0.493333 0.141333 0.626667
954 71.364333 0.491667 0.043333 0.350000
812 71.435333 0.498333 0.116000 0.270000
967 71.499667 0.493333 0.031333 0.240000
83 71.547333 0.500000 0.084000 0.413333
609 71.617000 0.506667 0.072667 0.300000
454 71.677667 0.505000 0.063333 0.376667
168 71.766667 0.503333 0.130667 0.460000
783 71.871333 0.505000 0.094667 0.503333
127 71.975000 0.491667 0.132667 0.443333
342 72.065000 0.490000 0.062000 0.286667
293 72.136667 0.488333 0.101333 0.390000
374 72.253000 0.495000 0.150000 0.450000
790 72.355667 0.503333 0.075333 0.453333
424 72.446667 0.496667 0.121333 0.380000
979 72.521667 0.496667 0.043333 0.326667
28 72.581333 0.493333 0.090667 0.293333
528 72.670667 0.493333 0.101333 0.326667
1019 72.736333 0.503333 0.047333 0.360000
852 72.800333 0.510000 0.095333 0.393333
925 72.858667 0.508333 0.038667 0.303333
657 72.908667 0.510000 0.077333 0.306667
730 72.999000 0.505000 0.122000 0.483333
597 73.107333 0.488333 0.114667 0.350000
432 73.227333 0.500000 0.138667 0.273333
437 73.338000 0.496667 0.101333 0.460000
940 73.402000 0.493333 0.040000 0.333333
259 73.499000 0.495000 0.168667 0.843333
71 73.607667 0.491667 0.062000 0.330000
146 73.676000 0.503333 0.094667 0.446667
824 73.770000 0.490000 0.113333 0.466667
445 73.850000 0.501667 0.066667 0.343333
183 73.931333 0.508333 0.116000 0.556667
566 74.044000 0.505000 0.124000 0.503333
192 74.155667 0.495000 0.115333 0.583333
419 74.246667 0.498333 0.082667 0.396667
997 74.295000 0.490000 0.030000 0.246667
592 74.381667 0.501667 0.158000 0.510000
388 74.524333 0.506667 0.147333 0.400000
591 74.671333 0.501667 0.162667 0.496667
554 74.808667 0.496667 0.126667 0.353333
366 74.940667 0.510000 0.154667 0.480000
11 75.067000 0.490000 0.112667 0.413333
965 75.136667 0.503333 0.044000 0.333333
978 75.170333 0.500000 0.038000 0.293333
841 75.244333 0.503333 0.126000 0.513333
638 75.356333 0.490000 0.111333 0.433333
332 75.488333 0.501667 0.166000 0.830000
194 75.620000 0.503333 0.112000 0.466667
1006 75.683333 0.498333 0.030667 0.243333
640 75.732000 0.506667 0.086667 0.440000
917 75.783667 0.498333 0.034000 0.250000
825 75.840667 0.506667 0.096000 0.460000
63 75.931667 0.506667 0.106000 0.380000
61 76.018000 0.500000 0.080000 0.400000
993 76.069000 0.503333 0.035333 0.266667
943 76.097333 0.493333 0.040000 0.293333
956 76.132000 0.500000 0.046667 0.353333
926 76.165667 0.508333 0.036667 0.263333
205 76.286333 0.498333 0.220667 1.103333
317 76.433667 0.500000 0.088667 0.340000
734 76.554000 0.488333 0.166667 0.456667
395 76.692333 0.510000 0.126000 0.380000
30 76.814667 0.506667 0.133333 0.393333
326 76.909333 0.498333 0.072000 0.323333
435 76.963333 0.498333 0.052000 0.243333
484 77.038333 0.495000 0.112667 0.476667
864 77.147667 0.496667 0.120667 0.466667
693 77.251667 0.510000 0.100667 0.493333
417 77.338000 0.490000 0.092000 0.446667
1011 77.399667 0.498333 0.046000 0.363333
402 77.474667 0.495000 0.124000 0.330000
989 77.550333 0.508333 0.043333 0.336667
1008 77.586667 0.501667 0.042667 0.330000
138 77.642333 0.505000 0.083333 0.436667
468 77.709333 0.510000 0.064000 0.353333
534 77.781000 0.491667 0.095333 0.376667
19 77.863000 0.490000 0.087333 0.280000
102 77.991000 0.508333 0.182000 0.396667
195 78.116667 0.488333 0.089333 0.376667
934 78.173333 0.496667 0.038667 0.306667
971 78.205000 0.488333 0.040667 0.336667
946 78.235667 0.491667 0.035333 0.270000
819 78.327333 0.496667 0.161333 0.380000
576 78.454667 0.490000 0.109333 0.426667
130 78.617000 0.498333 0.230000 1.150000
975 78.746000 0.500000 0.044000 0.346667
35 78.819000 0.490000 0.118000 0.453333
108 78.948000 0.500000 0.158667 0.793333
273 79.054667 0.493333 0.068000 0.413333
511 79.132000 0.506667 0.105333 0.326667
1007 79.196667 0.493333 0.038667 0.286667
494 79.246333 0.495000 0.078000 0.343333
211 79.365667 0.498333 0.178000 0.890000
70 79.526000 0.491667 0.158667 0.530000
787 79.638333 0.491667 0.083333 0.503333
91 79.787667 0.498333 0.228667 1.143333
769 79.960333 0.503333 0.134000 0.380000
922 80.038333 0.508333 0.036667 0.296667
918 80.104333 0.506667 0.114000 0.393333
232 80.210667 0.500000 0.117333 0.493333
921 80.290000 0.493333 0.057333 0.340000
653 80.372333 0.505000 0.122000 0.396667
416 80.463333 0.491667 0.080000 0.383333
158 80.603000 0.498333 0.216667 1.083333
662 80.761667 0.506667 0.120667 0.420000
770 80.872667 0.510000 0.116000 0.333333
200 80.961667 0.495000 0.079333 0.396667
702 81.089667 0.491667 0.190000 0.596667
48 81.258333 0.498333 0.162000 0.810000
272 81.419333 0.506667 0.180000 0.900000
219 81.560667 0.491667 0.118667 0.476667
952 81.632000 0.503333 0.042667 0.346667
364 81.743000 0.505000 0.196667 0.983333
669 81.895333 0.508333 0.125333 0.410000
249 81.979000 0.488333 0.055333 0.430000
531 82.081333 0.505000 0.162667 0.483333
34 82.216000 0.493333 0.124000 0.406667
766 82.333667 0.496667 0.126000 0.366667
882 82.447000 0.491667 0.120667 0.490000
210 82.549000 0.503333 0.102000 0.513333
485 82.624000 0.505000 0.062667 0.330000
98 82.736333 0.503333 0.179333 0.380000
255 82.891333 0.505000 0.146667 0.563333
380 83.012333 0.508333 0.114000 0.310000
696 83.121000 0.495000 0.120667 0.276667
14 83.224333 0.493333 0.102000 0.353333
891 83.302000 0.496667 0.072000 0.293333
384 83.411000 0.501667 0.159333 0.483333
560 83.579667 0.505000 0.191333 0.956667
883 83.752333 0.488333 0.174000 0.376667
213 83.878667 0.493333 0.098667 0.406667
64 83.949333 0.503333 0.062667 0.306667
357 84.049333 0.488333 0.156000 0.436667
928 84.135000 0.508333 0.032667 0.263333
547 84.178000 0.491667 0.073333 0.423333
608 84.251333 0.493333 0.088000 0.313333
385 84.381667 0.501667 0.192667 0.963333
291 84.525333 0.510000 0.109333 0.433333
267 84.647000 0.510000 0.150000 0.493333
393 84.784333 0.505000 0.138000 0.376667
429 84.908333 0.495000 0.124667 0.430000
722 85.031667 0.505000 0.135333 0.396667
350 85.170000 0.500000 0.157333 0.433333
771 85.285333 0.508333 0.093333 0.483333
197 85.380333 0.506667 0.114000 0.540000
532 85.486667 0.506667 0.116000 0.593333
674 85.592667 0.501667 0.116000 0.396667
314 85.695667 0.491667 0.104667 0.410000
745 85.796000 0.496667 0.112000 0.426667
545 85.898333 0.508333 0.106000 0.383333
871 85.976333 0.500000 0.066000 0.326667
251 86.035333 0.508333 0.066667 0.383333
951 86.080000 0.505000 0.037333 0.283333
512 86.151333 0.501667 0.121333 0.390000
747 86.251000 0.491667 0.094000 0.403333
932 86.306333 0.505000 0.032667 0.263333
420 86.352333 0.496667 0.076667 0.293333
294 86.485667 0.495000 0.203333 0.343333
206 86.644333 0.488333 0.128667 0.523333
515 86.750000 0.488333 0.098667 0.330000
152 86.838333 0.510000 0.098000 0.440000
282 86.933000 0.496667 0.108667 0.380000
302 87.010000 0.503333 0.064000 0.366667
873 87.082667 0.508333 0.096000 0.456667
52 87.179000 0.491667 0.112667 0.403333
606 87.286667 0.510000 0.122667 0.386667
214 87.395667 0.506667 0.112667 0.533333
244 87.520000 0.498333 0.152000 0.416667
118 87.637000 0.508333 0.100667 0.390000
492 87.715333 0.498333 0.073333 0.383333
361 87.823000 0.495000 0.155333 0.443333
181 88.004000 0.493333 0.221333 1.106667
752 88.150000 0.500000 0.086667 0.233333
113 88.218667 0.498333 0.070667 0.350000
914 88.299000 0.493333 0.104667 0.306667
629 88.415000 0.500000 0.146000 0.480000
264 88.537333 0.493333 0.114667 0.440000
105 88.692000 0.505000 0.208000 0.443333
706 88.817667 0.506667 0.058000 0.300000
142 88.884000 0.496667 0.088000 0.453333
176 89.027333 0.506667 0.216000 1.080000
327 89.182667 0.505000 0.113333 0.350000
239 89.277000 0.500000 0.094000 0.580000
185 89.367000 0.495000 0.100667 0.403333
179 89.476333 0.508333 0.134000 0.490000
459 89.568000 0.488333 0.065333 0.343333
471 89.621667 0.503333 0.056667 0.293333
714 89.733333 0.506667 0.180000 0.900000
154 89.853667 0.506667 0.078000 0.400000
93 89.989667 0.495000 0.207333 0.443333
935 90.102333 0.491667 0.034000 0.276667
684 90.162000 0.488333 0.102667 0.356667
999 90.225000 0.510000 0.043333 0.320000
257 90.305333 0.500000 0.137333 0.420000
941 90.383000 0.508333 0.036667 0.283333
86 90.442000 0.496667 0.101333 0.473333
694 90.520667 0.500000 0.073333 0.360000
209 90.634667 0.496667 0.168000 0.840000
226 90.766333 0.495000 0.110000 0.516667
750 90.875667 0.510000 0.127333 0.473333
796 90.984000 0.493333 0.104000 0.433333
336 91.073667 0.510000 0.095333 0.460000
5 91.150667 0.503333 0.072000 0.346667
768 91.216000 0.491667 0.073333 0.170000
396 91.299667 0.490000 0.111333 0.333333
340 91.414333 0.490000 0.135333 0.406667
911 91.532000 0.493333 0.113333 0.420000
552 91.605667 0.506667 0.054000 0.333333
863 91.676333 0.491667 0.107333 0.516667
580 91.806000 0.488333 0.172000 0.410000
17 91.939000 0.500000 0.112667 0.380000
623 92.092667 0.503333 0.208000 1.040000
634 92.228333 0.490000 0.082000 0.353333
12 92.324667 0.510000 0.124000 0.400000
27 92.455333 0.501667 0.150667 0.503333
870 92.547000 0.503333 0.050000 0.233333
718 92.661667 0.491667 0.198000 0.990000
944 92.773333 0.508333 0.044000 0.336667
517 92.836667 0.491667 0.097333 0.316667
996 92.896333 0.503333 0.035333 0.280000
389 92.963000 0.495000 0.114000 0.303333
782 93.063667 0.501667 0.107333 0.496667
248 93.146667 0.506667 0.078667 0.426667
680 93.240000 0.493333 0.128000 0.473333
261 93.393333 0.493333 0.194667 0.973333
564 93.546333 0.488333 0.127333 0.270000
692 93.640333 0.500000 0.076667 0.380000
1010 93.688667 0.510000 0.038667 0.280000
905 93.783000 0.501667 0.164667 0.523333
849 93.906333 0.498333 0.102000 0.456667
859 93.998667 0.491667 0.098667 0.290000
793 94.093667 0.508333 0.104667 0.430000
13 94.186000 0.490000 0.098667 0.340000
689 94.272667 0.500000 0.094667 0.466667
1018 94.333667 0.490000 0.047333 0.366667
297 94.384333 0.500000 0.068667 0.353333
982 94.434667 0.506667 0.048000 0.366667
861 94.474667 0.508333 0.046667 0.363333
381 94.551667 0.491667 0.126000 0.356667
59 94.699667 0.498333 0.190000 0.496667
537 94.894333 0.488333 0.218000 1.090000
988 95.020333 0.500000 0.047333 0.373333
896 95.099667 0.506667 0.130000 0.340000
665 95.216333 0.495000 0.120667 0.436667
405 95.310333 0.506667 0.084667 0.333333
723 95.402333 0.496667 0.115333 0.400000
778 95.496333 0.508333 0.087333 0.570000
613 95.606333 0.503333 0.152667 0.413333
749 95.732000 0.491667 0.112000 0.483333
335 95.838000 0.508333 0.120000 0.410000
1002 95.910667 0.498333 0.044000 0.343333
476 95.960333 0.510000 0.071333 0.366667
740 96.050333 0.508333 0.127333 0.296667
101 96.190000 0.500000 0.168000 0.360000
908 96.314000 0.496667 0.096000 0.360000
25 96.415000 0.490000 0.120667 0.433333
151 96.503333 0.491667 0.076000 0.390000
373 96.590333 0.500000 0.112667 0.306667
67 96.747333 0.503333 0.214667 0.440000
498 96.869667 0.501667 0.050000 0.310000
190 96.938667 0.501667 0.104000 0.416667
1013 97.001333 0.491667 0.038667 0.283333
585 97.078667 0.501667 0.133333 0.423333
491 97.180667 0.496667 0.084000 0.413333
241 97.264333 0.498333 0.096667 0.503333
542 97.357667 0.503333 0.103333 0.406667
667 97.454333 0.505000 0.107333 0.370000
174 97.566667 0.490000 0.134667 0.480000
463 97.655333 0.491667 0.060000 0.356667
286 97.735333 0.495000 0.116000 0.436667
748 97.841000 0.495000 0.114000 0.390000
520 97.940333 0.495000 0.103333 0.336667
502 98.031667 0.503333 0.095333 0.460000
24 98.129667 0.498333 0.114000 0.383333
540 98.276333 0.505000 0.199333 0.996667
307 98.404667 0.508333 0.073333 0.410000
972 98.452000 0.508333 0.036000 0.296667
828 98.514333 0.510000 0.107333 0.520000
218 98.627333 0.505000 0.133333 0.536667
1003 98.707000 0.505000 0.040667 0.303333
862 98.754333 0.495000 0.070000 0.370000
315 98.846667 0.498333 0.130667 0.510000
543 99.013000 0.501667 0.219333 1.096667
347 99.191667 0.495000 0.155333 0.443333
423 99.315000 0.490000 0.108667 0.366667
274 99.415667 0.495000 0.107333 0.503333
907 99.509667 0.490000 0.099333 0.313333
821 99.610333 0.488333 0.118000 0.736667
322 99.713667 0.498333 0.104667 0.103333
960 99.776333 0.493333 0.036667 0.286667
383 99.845000 0.501667 0.115333 0.330000
618 99.933667 0.501667 0.080667 0.510000
959 99.987000 0.498333 0.044667 0.343333
850 100.044000 0.506667 0.089333 0.413333
588 100.126667 0.491667 0.093333 0.416667
1004 100.187667 0.496667 0.043333 0.320000
660 100.255333 0.510000 0.106667 0.360000
973 100.322667 0.491667 0.042667 0.330000
553 100.392333 0.506667 0.116667 0.400000
467 100.482000 0.503333 0.076000 0.426667
843 100.552333 0.498333 0.079333 0.383333
744 100.667667 0.498333 0.164667 0.823333
338 100.803333 0.510000 0.124000 0.640000
707 100.917333 0.495000 0.117333 0.543333
817 101.032667 0.508333 0.132000 0.303333
910 101.159333 0.495000 0.141333 0.443333
397 101.265667 0.496667 0.084667 0.346667
738 101.347333 0.508333 0.093333 0.456667
767 101.442333 0.493333 0.111333 0.313333
31 101.568333 0.508333 0.154000 0.450000
518 101.697667 0.503333 0.123333 0.413333
353 101.833333 0.503333 0.164000 0.820000
784 101.942000 0.508333 0.066667 0.543333
673 102.025667 0.500000 0.119333 0.400000
288 102.147667 0.508333 0.143333 0.543333
695 102.310667 0.506667 0.197333 0.986667
741 102.451000 0.508333 0.102000 0.356667
268 102.605000 0.491667 0.220667 1.103333
681 102.726333 0.488333 0.039333 0.350000
567 102.788333 0.496667 0.103333 0.433333
318 102.882000 0.496667 0.104000 0.440000
890 102.978333 0.490000 0.108667 0.520000
167 103.093000 0.488333 0.134000 0.496667
253 103.182000 0.496667 0.061333 0.520000
403 103.271000 0.491667 0.130000 0.390000
316 103.382667 0.500000 0.108000 0.400000
215 103.480667 0.503333 0.102667 0.493333
133 103.569667 0.493333 0.095333 0.406667
376 103.676000 0.495000 0.136000 0.376667
529 103.797667 0.503333 0.126000 0.546667
