404 0.111333 0.510000 0.216000 1.080000
637 0.244333 0.498333 0.067333 0.343333
170 0.330000 0.495000 0.121333 0.470000
853 0.428000 0.508333 0.094667 0.436667
897 0.522333 0.510000 0.114000 0.333333
502 0.618667 0.495000 0.094667 0.443333
835 0.724333 0.488333 0.130000 0.523333
406 0.842333 0.510000 0.119333 0.460000
511 0.944667 0.501667 0.100000 0.330000
200 1.042000 0.501667 0.109333 0.543333
431 1.145667 0.488333 0.118000 0.390000
154 1.231333 0.505000 0.072000 0.350000
312 1.304000 0.508333 0.089333 0.316667
814 1.404000 0.500000 0.124000 0.280000
422 1.508667 0.495000 0.101333 0.370000
179 1.638667 0.503333 0.176000 0.880000
548 1.789667 0.498333 0.142000 0.443333
854 1.960667 0.493333 0.220000 1.100000
240 2.101667 0.506667 0.079333 0.413333
183 2.189000 0.490000 0.112667 0.486667
692 2.283667 0.510000 0.095333 0.466667
92 2.404667 0.510000 0.166667 0.833333
588 2.522333 0.490000 0.086000 0.386667
307 2.593000 0.506667 0.071333 0.400000
990 2.644667 0.510000 0.046667 0.360000
90 2.762667 0.493333 0.205333 1.026667
597 2.905333 0.506667 0.100000 0.300000
432 3.017333 0.495000 0.144000 0.276667
244 3.167667 0.493333 0.174000 0.480000
521 3.305333 0.498333 0.118667 0.296667
704 3.415667 0.493333 0.116667 0.353333
459 3.494000 0.490000 0.056000 0.320000
970 3.539333 0.495000 0.049333 0.376667
259 3.614000 0.510000 0.116000 0.580000
569 3.703333 0.503333 0.082667 0.360000
44 3.799333 0.510000 0.125333 0.480000
918 3.910000 0.490000 0.110667 0.366667
767 4.007000 0.508333 0.099333 0.283333
731 4.086333 0.495000 0.079333 0.416667
842 4.165333 0.490000 0.096000 0.433333
923 4.226000 0.500000 0.040000 0.300000
682 4.298000 0.506667 0.118667 0.493333
242 4.393000 0.500000 0.091333 0.353333
820 4.472667 0.496667 0.085333 0.353333
416 4.546667 0.510000 0.076000 0.366667
729 4.590667 0.495000 0.028000 0.390000
327 4.650333 0.501667 0.108667 0.303333
443 4.724667 0.496667 0.060000 0.360000
803 4.819333 0.500000 0.145333 0.453333
733 4.918667 0.501667 0.066667 0.396667
607 5.010000 0.493333 0.132000 0.400000
861 5.088667 0.508333 0.044000 0.343333
14 5.160000 0.498333 0.116000 0.390000
556 5.265333 0.508333 0.109333 0.456667
961 5.332000 0.490000 0.044000 0.320000
752 5.386000 0.491667 0.080000 0.230000
847 5.474000 0.501667 0.114667 0.390000
651 5.591667 0.496667 0.136667 0.440000
64 5.688333 0.505000 0.071333 0.376667
353 5.816333 0.488333 0.203333 1.016667
979 5.930000 0.510000 0.040000 0.313333
478 5.966333 0.498333 0.051333 0.303333
421 6.057000 0.500000 0.150000 0.440000
288 6.174333 0.488333 0.103333 0.396667
302 6.255000 0.491667 0.078000 0.443333
938 6.307333 0.488333 0.042667 0.336667
741 6.363000 0.490000 0.084667 0.293333
328 6.486667 0.498333 0.177333 0.450000
486 6.596333 0.503333 0.059333 0.353333
293 6.659333 0.495000 0.081333 0.316667
126 6.797333 0.496667 0.209333 1.046667
824 6.954000 0.505000 0.118667 0.510000
590 7.074667 0.510000 0.142667 0.593333
48 7.242000 0.510000 0.208000 1.040000
890 7.394667 0.510000 0.114667 0.466667
756 7.517667 0.503333 0.150000 0.433333
541 7.686000 0.508333 0.200000 0.416667
857 7.890333 0.501667 0.222000 0.476667
449 8.023667 0.493333 0.063333 0.326667
611 8.098667 0.510000 0.104000 0.413333
595 8.212000 0.508333 0.142667 0.416667
269 8.374333 0.505000 0.202000 1.010000
19 8.518333 0.495000 0.106000 0.356667
303 8.603333 0.493333 0.082667 0.466667
140 8.712333 0.508333 0.155333 0.776667
291 8.835000 0.495000 0.103333 0.390000
341 8.912667 0.490000 0.072000 0.306667
817 8.997000 0.496667 0.110000 0.266667
42 9.077667 0.496667 0.064667 0.366667
467 9.135333 0.498333 0.069333 0.343333
967 9.180000 0.495000 0.037333 0.283333
700 9.249000 0.505000 0.115333 0.463333
72 9.341333 0.496667 0.086667 0.413333
900 9.449000 0.508333 0.142000 0.410000
525 9.558000 0.491667 0.094667 0.316667
770 9.650333 0.493333 0.106000 0.306667
600 9.767000 0.491667 0.147333 0.456667
158 9.943667 0.508333 0.219333 1.096667
920 10.095667 0.496667 0.103333 0.406667
728 10.168333 0.493333 0.059333 0.520000
376 10.252667 0.505000 0.128000 0.350000
436 10.360667 0.510000 0.104000 0.306667
742 10.477333 0.495000 0.144000 0.603333
41 10.594667 0.495000 0.109333 0.303333
273 10.675333 0.510000 0.068000 0.393333
484 10.748000 0.503333 0.097333 0.366667
1023 10.811667 0.503333 0.043333 0.313333
917 10.849000 0.493333 0.047333 0.353333
536 10.947000 0.501667 0.164667 0.823333
39 11.066333 0.496667 0.094000 0.333333
888 11.177333 0.498333 0.145333 0.436667
792 11.302333 0.488333 0.119333 0.476667
519 11.407333 0.505000 0.104000 0.343333
322 11.509667 0.506667 0.115333 0.140000
799 11.612000 0.503333 0.108000 0.393333
973 11.682000 0.503333 0.048000 0.346667
198 11.749000 0.498333 0.102000 0.476667
968 11.812333 0.488333 0.038000 0.290000
398 11.859000 0.506667 0.068667 0.353333
620 11.951333 0.505000 0.129333 0.550000
214 12.066000 0.506667 0.117333 0.480000
430 12.164667 0.503333 0.097333 0.413333
660 12.253333 0.495000 0.097333 0.330000
297 12.330000 0.488333 0.074667 0.416667
872 12.427667 0.490000 0.135333 0.380000
749 12.533333 0.491667 0.096000 0.383333
188 12.633667 0.505000 0.118000 0.550000
427 12.749000 0.500000 0.128667 0.640000
929 12.820333 0.501667 0.030000 0.250000
8 12.886667 0.506667 0.117333 0.413333
477 12.974000 0.506667 0.076000 0.400000
189 13.066667 0.506667 0.122667 0.526667
697 13.147333 0.500000 0.058667 0.293333
623 13.283667 0.501667 0.230000 1.150000
779 13.406000 0.501667 0.033333 0.290000
30 13.477000 0.506667 0.124667 0.360000
735 13.607667 0.501667 0.152667 0.596667
922 13.696000 0.495000 0.040000 0.303333
166 13.755333 0.488333 0.098667 0.343333
206 13.845000 0.495000 0.100667 0.416667
934 13.904000 0.498333 0.036000 0.263333
136 13.968667 0.496667 0.110667 0.426667
62 14.049333 0.493333 0.068000 0.313333
858 14.129000 0.490000 0.108667 0.333333
364 14.265333 0.496667 0.181333 0.906667
537 14.440667 0.493333 0.185333 0.926667
1009 14.544000 0.488333 0.036000 0.263333
63 14.604667 0.491667 0.105333 0.376667
402 14.723333 0.510000 0.149333 0.386667
289 14.906333 0.498333 0.232667 0.450000
545 15.060667 0.495000 0.093333 0.350000
925 15.119667 0.488333 0.040667 0.303333
763 15.157000 0.491667 0.047333 0.350000
65 15.208333 0.501667 0.075333 0.196667
217 15.302667 0.493333 0.133333 0.533333
787 15.390000 0.498333 0.058667 0.363333
68 15.483667 0.510000 0.144667 0.413333
702 15.629667 0.505000 0.162000 0.503333
560 15.776667 0.488333 0.149333 0.476667
471 15.883667 0.498333 0.084667 0.436667
104 16.009000 0.493333 0.180667 0.393333
932 16.109000 0.500000 0.039333 0.280000
286 16.166667 0.490000 0.092000 0.340000
804 16.266667 0.491667 0.124000 0.356667
71 16.349000 0.495000 0.059333 0.316667
786 16.406667 0.506667 0.069333 0.426667
37 16.493667 0.506667 0.123333 0.400000
534 16.585667 0.498333 0.079333 0.310000
909 16.666667 0.488333 0.096000 0.410000
884 16.760333 0.510000 0.106000 0.380000
773 16.870667 0.495000 0.128000 0.350000
69 16.979667 0.495000 0.106000 0.556667
582 17.089000 0.505000 0.130000 0.496667
161 17.194000 0.493333 0.096000 0.333333
488 17.267333 0.503333 0.064000 0.313333
148 17.351000 0.491667 0.122000 0.336667
482 17.436333 0.490000 0.067333 0.340000
985 17.478333 0.501667 0.031333 0.250000
723 17.540333 0.503333 0.106000 0.360000
247 17.624000 0.493333 0.081333 0.313333
898 17.712667 0.490000 0.116000 0.320000
1010 17.782667 0.495000 0.038667 0.316667
561 17.892333 0.491667 0.196667 0.403333
574 18.024333 0.488333 0.083333 0.336667
707 18.113000 0.506667 0.112667 0.526667
411 18.254333 0.495000 0.187333 0.370000
390 18.406000 0.491667 0.132000 0.356667
35 18.509333 0.506667 0.090667 0.333333
393 18.608667 0.493333 0.128000 0.360000
323 18.760667 0.490000 0.194667 0.973333
598 18.915000 0.490000 0.134000 0.393333
933 18.998333 0.498333 0.048667 0.370000
708 19.101667 0.508333 0.178000 0.890000
29 19.246000 0.495000 0.129333 0.383333
379 19.382667 0.493333 0.161333 0.453333
314 19.501000 0.500000 0.094000 0.326667
223 19.605333 0.498333 0.133333 0.536667
12 19.716667 0.490000 0.104000 0.340000
199 19.807333 0.510000 0.093333 0.393333
552 19.877000 0.510000 0.059333 0.386667
567 19.950333 0.498333 0.107333 0.456667
777 20.056667 0.510000 0.125333 0.526667
806 20.201667 0.501667 0.178000 0.890000
564 20.359667 0.495000 0.151333 0.336667
270 20.506333 0.501667 0.162000 0.810000
818 20.659667 0.488333 0.160667 0.370000
639 20.769000 0.490000 0.075333 0.373333
204 20.844333 0.500000 0.090000 0.440000
53 20.929333 0.508333 0.098667 0.330000
248 21.011333 0.490000 0.082667 0.426667
370 21.116333 0.506667 0.143333 0.413333
790 21.215333 0.495000 0.068000 0.410000
461 21.273000 0.496667 0.063333 0.326667
626 21.365000 0.496667 0.139333 0.460000
326 21.463000 0.495000 0.071333 0.323333
617 21.546333 0.500000 0.110000 0.453333
1002 21.612667 0.496667 0.040000 0.286667
954 21.651000 0.491667 0.051333 0.376667
829 21.731333 0.488333 0.122667 0.510000
838 21.827667 0.503333 0.088667 0.373333
839 21.916000 0.506667 0.108000 0.553333
991 21.983333 0.488333 0.040000 0.296667
425 22.048000 0.496667 0.104000 0.626667
272 22.181333 0.506667 0.177333 0.520000
863 22.302333 0.503333 0.083333 0.400000
60 22.365000 0.500000 0.060667 0.246667
546 22.441667 0.490000 0.112667 0.406667
375 22.560000 0.500000 0.141333 0.426667
604 22.694333 0.500000 0.143333 0.433333
345 22.840000 0.500000 0.164000 0.480000
635 22.958667 0.506667 0.093333 0.406667
719 23.074667 0.503333 0.154667 0.773333
587 23.210667 0.488333 0.136000 0.423333
619 23.321000 0.490000 0.104667 0.586667
426 23.400333 0.506667 0.067333 0.406667
882 23.485000 0.505000 0.118000 0.456667
966 23.555333 0.495000 0.036000 0.283333
573 23.612333 0.505000 0.091333 0.350000
150 23.718333 0.506667 0.134000 0.553333
266 23.874000 0.490000 0.192000 0.640000
224 24.018000 0.501667 0.109333 0.556667
232 24.119333 0.505000 0.110667 0.443333
339 24.209333 0.493333 0.086667 0.460000
275 24.279333 0.493333 0.066667 0.400000
832 24.347333 0.495000 0.089333 0.363333
43 24.440333 0.495000 0.110000 0.430000
241 24.534667 0.495000 0.098667 0.536667
355 24.644333 0.505000 0.138000 0.396667
304 24.736667 0.493333 0.065333 0.373333
371 24.821000 0.490000 0.123333 0.333333
698 24.911000 0.488333 0.071333 0.370000
710 25.015000 0.506667 0.156667 0.466667
103 25.191333 0.490000 0.213333 1.066667
329 25.373667 0.505000 0.171333 0.856667
410 25.507333 0.493333 0.114667 0.506667
394 25.620000 0.493333 0.128000 0.353333
642 25.728333 0.488333 0.104667 0.403333
720 25.854333 0.510000 0.162000 0.473333
750 25.981667 0.503333 0.112667 0.420000
445 26.063667 0.491667 0.068667 0.363333
95 26.204000 0.500000 0.229333 1.146667
514 26.368000 0.495000 0.118667 0.376667
585 26.481333 0.508333 0.125333 0.350000
23 26.604333 0.491667 0.135333 0.390000
859 26.728000 0.500000 0.125333 0.366667
101 26.863000 0.503333 0.164667 0.346667
11 26.994667 0.491667 0.118667 0.390000
245 27.069333 0.493333 0.048000 0.293333
624 27.173000 0.493333 0.175333 0.593333
32 27.302333 0.488333 0.103333 0.323333
989 27.361000 0.510000 0.034000 0.266667
82 27.408667 0.491667 0.080000 0.590000
862 27.479667 0.510000 0.082000 0.380000
174 27.561333 0.491667 0.100000 0.370000
451 27.636333 0.506667 0.070000 0.420000
88 27.779000 0.496667 0.231333 0.493333
210 27.929333 0.491667 0.088000 0.443333
424 28.020000 0.498333 0.110667 0.350000
793 28.122667 0.496667 0.110667 0.453333
903 28.233333 0.490000 0.126667 0.366667
1012 28.309667 0.508333 0.040667 0.296667
162 28.374000 0.501667 0.106667 0.376667
237 28.454333 0.508333 0.072667 0.536667
249 28.519333 0.498333 0.073333 0.590000
102 28.664333 0.500000 0.232667 0.493333
614 28.856000 0.500000 0.165333 0.826667
547 28.973000 0.491667 0.082000 0.463333
1015 29.025333 0.488333 0.041333 0.343333
964 29.056000 0.501667 0.034667 0.256667
220 29.106667 0.503333 0.082667 0.406667
499 29.167667 0.490000 0.055333 0.340000
10 29.235333 0.508333 0.097333 0.350000
960 29.300000 0.506667 0.052000 0.380000
907 29.363667 0.506667 0.092667 0.300000
438 29.483000 0.493333 0.166000 0.500000
452 29.592333 0.493333 0.070000 0.360000
400 29.655333 0.491667 0.069333 0.523333
441 29.722333 0.498333 0.084667 0.430000
131 29.850333 0.501667 0.186000 0.930000
942 29.959000 0.493333 0.044667 0.340000
661 30.039667 0.496667 0.132667 0.440000
434 30.163333 0.496667 0.133333 0.453333
646 30.264000 0.490000 0.088000 0.400000
463 30.333333 0.493333 0.070667 0.366667
114 30.403333 0.500000 0.088000 0.433333
712 30.519000 0.501667 0.156667 0.783333
555 30.608000 0.503333 0.038667 0.380000
730 30.673333 0.490000 0.108000 0.466667
691 30.763000 0.493333 0.086000 0.420000
263 30.884333 0.488333 0.170000 0.850000
2 30.997667 0.495000 0.076667 0.396667
1001 31.045333 0.510000 0.034667 0.286667
282 31.120000 0.506667 0.129333 0.453333
813 31.234667 0.505000 0.116000 0.410000
462 31.312333 0.495000 0.052667 0.316667
408 31.372000 0.495000 0.084000 0.316667
811 31.463000 0.501667 0.114000 0.370000
668 31.561000 0.495000 0.100667 0.336667
633 31.718667 0.498333 0.229333 0.636667
0 31.850667 0.488333 0.052000 0.403333
9 31.914000 0.510000 0.094667 0.373333
771 32.001667 0.490000 0.096667 0.506667
112 32.120333 0.493333 0.154000 0.526667
169 32.235333 0.495000 0.094667 0.343333
650 32.343667 0.503333 0.140667 0.460000
74 32.477000 0.496667 0.142000 0.433333
265 32.593667 0.488333 0.107333 0.410000
340 32.706667 0.490000 0.134667 0.386667
503 32.824667 0.503333 0.120000 0.360000
24 32.948333 0.491667 0.147333 0.496667
487 33.045667 0.508333 0.062000 0.370000
330 33.111667 0.500000 0.086000 0.333333
187 33.206000 0.491667 0.120000 0.503333
405 33.311000 0.493333 0.103333 0.406667
734 33.456000 0.493333 0.205333 0.546667
325 33.644667 0.510000 0.185333 0.926667
153 33.767000 0.498333 0.078000 0.350000
147 33.839667 0.498333 0.087333 0.410000
601 33.927000 0.506667 0.103333 0.306667
195 34.034333 0.498333 0.130000 0.516667
816 34.161000 0.500000 0.143333 0.326667
316 34.289333 0.501667 0.130667 0.503333
135 34.396333 0.490000 0.103333 0.306667
812 34.502667 0.488333 0.126667 0.410000
132 34.596667 0.510000 0.077333 0.333333
356 34.682667 0.506667 0.113333 0.313333
86 34.771667 0.506667 0.083333 0.353333
670 34.859000 0.495000 0.110000 0.383333
693 34.950333 0.493333 0.091333 0.446667
1 35.027000 0.510000 0.082000 0.426667
55 35.112667 0.496667 0.104000 0.246667
780 35.238333 0.491667 0.160667 0.496667
216 35.351000 0.490000 0.083333 0.406667
311 35.425333 0.490000 0.082667 0.360000
718 35.537667 0.488333 0.160667 0.803333
910 35.659667 0.491667 0.099333 0.323333
349 35.768667 0.498333 0.138667 0.423333
500 35.865667 0.510000 0.072667 0.346667
594 35.950000 0.491667 0.109333 0.343333
549 36.043667 0.495000 0.094000 0.316667
109 36.182000 0.490000 0.196000 0.420000
580 36.342333 0.498333 0.142000 0.376667
1013 36.429000 0.488333 0.047333 0.356667
613 36.557000 0.495000 0.228667 1.143333
532 36.720000 0.510000 0.117333 0.600000
643 36.822667 0.505000 0.105333 0.363333
208 36.915667 0.490000 0.098000 0.400000
578 37.014667 0.505000 0.114667 0.476667
407 37.106000 0.490000 0.085333 0.326667
971 37.163333 0.503333 0.046667 0.366667
418 37.222333 0.503333 0.086000 0.413333
796 37.316333 0.501667 0.116667 0.476667
261 37.425333 0.510000 0.118667 0.580000
575 37.527667 0.493333 0.100667 0.340000
705 37.634667 0.495000 0.132000 0.396667
930 37.716333 0.503333 0.046000 0.346667
977 37.749667 0.508333 0.034000 0.276667
17 37.811667 0.488333 0.103333 0.350000
251 37.886333 0.510000 0.060667 0.353333
672 37.959667 0.500000 0.100667 0.340000
412 38.051333 0.503333 0.097333 0.493333
374 38.147000 0.508333 0.107333 0.323333
56 38.233333 0.498333 0.081333 0.110000
81 38.320333 0.491667 0.111333 0.450000
373 38.449000 0.490000 0.163333 0.486667
46 38.555667 0.495000 0.066000 0.570000
31 38.693333 0.490000 0.224000 1.120000
826 38.859000 0.510000 0.122000 0.506667
943 38.932333 0.506667 0.040667 0.320000
228 38.993000 0.491667 0.100667 0.510000
139 39.063333 0.506667 0.058667 0.340000
831 39.139667 0.491667 0.110000 0.510000
13 39.239667 0.496667 0.108667 0.353333
466 39.315333 0.501667 0.057333 0.323333
950 39.351667 0.488333 0.034000 0.263333
788 39.459667 0.501667 0.196667 0.583333
346 39.633000 0.505000 0.164667 0.823333
690 39.743000 0.496667 0.075333 0.373333
963 39.791333 0.505000 0.038667 0.310000
757 39.860000 0.508333 0.116000 0.370000
212 39.950000 0.495000 0.084000 0.383333
236 40.027667 0.498333 0.088667 0.390000
616 40.132333 0.505000 0.139333 0.396667
354 40.274333 0.491667 0.158000 0.790000
437 40.386000 0.506667 0.080000 0.400000
995 40.436000 0.490000 0.034667 0.280000
290 40.517000 0.490000 0.144667 0.426667
701 40.679333 0.493333 0.194667 0.620000
625 40.871667 0.505000 0.203333 1.016667
663 41.028667 0.490000 0.129333 0.433333
334 41.159000 0.506667 0.144667 0.440000
935 41.243667 0.495000 0.043333 0.316667
565 41.338000 0.508333 0.164000 0.350000
278 41.492333 0.503333 0.162000 0.486667
338 41.630333 0.490000 0.131333 0.680000
743 41.723333 0.496667 0.072000 0.313333
855 41.787333 0.498333 0.074667 0.190000
149 41.920000 0.510000 0.210667 1.053333
634 42.064667 0.510000 0.092000 0.386667
599 42.167333 0.506667 0.130667 0.393333
515 42.289667 0.498333 0.127333 0.396667
819 42.411000 0.500000 0.134000 0.480000
129 42.539667 0.501667 0.139333 0.550000
593 42.688333 0.501667 0.176667 0.503333
260 42.853000 0.505000 0.170000 0.476667
489 42.965000 0.508333 0.072667 0.430000
361 43.070667 0.495000 0.156000 0.436667
559 43.171333 0.495000 0.064000 0.310000
948 43.216667 0.488333 0.040000 0.303333
785 43.262667 0.510000 0.065333 0.280000
994 43.309667 0.493333 0.044667 0.346667
474 43.358000 0.506667 0.069333 0.413333
906 43.442333 0.500000 0.116667 0.360000
667 43.554333 0.505000 0.120667 0.403333
479 43.636333 0.501667 0.058000 0.310000
528 43.724667 0.501667 0.133333 0.436667
395 43.855667 0.488333 0.142000 0.396667
886 43.976000 0.496667 0.117333 0.386667
658 44.064000 0.490000 0.076000 0.433333
123 44.177667 0.508333 0.171333 0.856667
310 44.294667 0.500000 0.076000 0.426667
296 44.380333 0.500000 0.115333 0.426667
258 44.495000 0.491667 0.127333 0.430000
470 44.589333 0.488333 0.080000 0.416667
798 44.660667 0.495000 0.080000 0.316667
305 44.723667 0.506667 0.063333 0.360000
592 44.842333 0.501667 0.190000 0.950000
837 44.979667 0.508333 0.099333 0.410000
50 45.088333 0.503333 0.132667 0.426667
726 45.194667 0.493333 0.100000 0.520000
669 45.289000 0.510000 0.107333 0.366667
902 45.416000 0.506667 0.161333 0.433333
659 45.529000 0.490000 0.083333 0.333333
460 45.601333 0.500000 0.076000 0.386667
996 45.655667 0.501667 0.046000 0.336667
936 45.693000 0.508333 0.044667 0.356667
596 45.759333 0.501667 0.101333 0.303333
255 45.863667 0.510000 0.127333 0.486667
447 45.946667 0.495000 0.054667 0.330000
332 46.043333 0.496667 0.157333 0.786667
315 46.173667 0.490000 0.122000 0.446667
699 46.333000 0.508333 0.211333 1.056667
58 46.454000 0.510000 0.050667 0.300000
468 46.498000 0.493333 0.054667 0.326667
740 46.575667 0.488333 0.115333 0.263333
722 46.702000 0.488333 0.157333 0.450000
791 46.813000 0.491667 0.082000 0.503333
108 46.953667 0.505000 0.215333 1.076667
940 47.076667 0.490000 0.049333 0.373333
761 47.156000 0.493333 0.122667 0.366667
134 47.264000 0.493333 0.109333 0.446667
229 47.360000 0.496667 0.096000 0.440000
287 47.458667 0.495000 0.114667 0.430000
558 47.548667 0.493333 0.082667 0.406667
202 47.639667 0.493333 0.118000 0.460000
234 47.729667 0.505000 0.080667 0.383333
165 47.829333 0.505000 0.133333 0.476667
70 47.953667 0.498333 0.130000 0.450000
146 48.062333 0.496667 0.104667 0.546667
805 48.173000 0.505000 0.134000 0.390000
83 48.264000 0.491667 0.066667 0.316667
891 48.320333 0.491667 0.064667 0.270000
533 48.392667 0.506667 0.096000 0.340000
955 48.447667 0.498333 0.034000 0.256667
246 48.540000 0.506667 0.168000 0.593333
774 48.653333 0.503333 0.072000 0.366667
931 48.707667 0.505000 0.051333 0.376667
736 48.762000 0.498333 0.074667 0.410000
638 48.839333 0.501667 0.094667 0.370000
958 48.899333 0.491667 0.045333 0.363333
348 48.998667 0.506667 0.172000 0.860000
409 49.134667 0.508333 0.120000 0.610000
538 49.286000 0.496667 0.201333 0.466667
1003 49.395667 0.496667 0.034000 0.260000
473 49.439333 0.500000 0.070667 0.413333
378 49.529667 0.503333 0.124667 0.340000
320 49.646667 0.506667 0.129333 0.426667
413 49.776667 0.510000 0.144000 0.580000
980 49.861333 0.495000 0.042667 0.316667
27 49.927000 0.498333 0.103333 0.350000
450 50.008333 0.496667 0.076667 0.386667
997 50.055667 0.495000 0.034000 0.256667
122 50.116000 0.510000 0.102667 0.400000
945 50.181667 0.495000 0.047333 0.370000
509 50.249667 0.493333 0.107333 0.340000
982 50.312333 0.510000 0.036667 0.300000
844 50.376000 0.498333 0.104000 0.456667
715 50.505667 0.493333 0.172667 0.526667
99 50.690667 0.493333 0.212000 1.060000
711 50.892000 0.510000 0.205333 0.520000
350 51.059000 0.488333 0.147333 0.443333
271 51.203333 0.508333 0.156000 0.470000
815 51.330667 0.488333 0.117333 0.270000
679 51.418667 0.500000 0.073333 0.426667
51 51.496000 0.495000 0.098667 0.316667
481 51.563667 0.500000 0.055333 0.293333
106 51.692667 0.495000 0.216000 0.463333
688 51.844000 0.505000 0.101333 0.490000
687 51.922667 0.490000 0.073333 0.360000
175 52.000667 0.510000 0.097333 0.360000
529 52.101333 0.493333 0.117333 0.473333
551 52.221000 0.496667 0.139333 0.453333
695 52.365667 0.495000 0.168667 0.843333
856 52.504667 0.498333 0.126667 0.316667
105 52.645333 0.503333 0.174667 0.380000
142 52.825333 0.490000 0.204000 1.020000
368 52.992333 0.488333 0.144667 0.423333
439 53.116667 0.503333 0.121333 0.473333
26 53.244000 0.503333 0.149333 0.506667
190 53.374000 0.495000 0.128000 0.523333
163 53.488000 0.501667 0.117333 0.410000
911 53.578667 0.508333 0.082667 0.310000
612 53.693333 0.503333 0.166667 0.833333
336 53.814000 0.505000 0.089333 0.423333
73 53.932000 0.498333 0.161333 0.530000
472 54.035333 0.495000 0.060000 0.310000
535 54.154333 0.488333 0.191333 0.456667
137 54.274000 0.491667 0.068000 0.350000
927 54.321333 0.505000 0.040000 0.290000
850 54.381333 0.508333 0.100000 0.410000
160 54.462000 0.495000 0.074667 0.430000
916 54.588333 0.501667 0.191333 0.496667
776 54.733333 0.498333 0.118667 0.316667
387 54.841667 0.501667 0.111333 0.310000
40 54.947333 0.501667 0.118667 0.416667
151 55.035333 0.493333 0.072000 0.366667
319 55.113333 0.496667 0.098667 0.366667
781 55.188333 0.498333 0.068667 0.356667
457 55.251333 0.503333 0.070667 0.373333
21 55.328000 0.491667 0.100000 0.330000
384 55.437000 0.510000 0.134000 0.413333
530 55.540667 0.508333 0.093333 0.463333
171 55.637000 0.493333 0.118000 0.420000
744 55.757333 0.501667 0.142667 0.590000
636 55.872333 0.505000 0.107333 0.243333
1019 55.936333 0.508333 0.040667 0.343333
128 56.047000 0.496667 0.200667 0.586667
292 56.200333 0.508333 0.126000 0.496667
78 56.339333 0.498333 0.166667 0.390000
568 56.471667 0.508333 0.114000 0.570000
881 56.597667 0.496667 0.151333 0.506667
184 56.721000 0.503333 0.112667 0.453333
591 56.838000 0.505000 0.141333 0.436667
448 56.940333 0.508333 0.078000 0.403333
647 57.009667 0.495000 0.075333 0.390000
802 57.113333 0.508333 0.146667 0.296667
497 57.232000 0.490000 0.110667 0.286667
893 57.392333 0.508333 0.230000 1.150000
696 57.578667 0.506667 0.161333 0.373333
222 57.702333 0.495000 0.099333 0.410000
357 57.799000 0.490000 0.108667 0.333333
766 57.899000 0.490000 0.104667 0.313333
975 57.963333 0.488333 0.038667 0.290000
846 58.030667 0.503333 0.114667 0.473333
801 58.132333 0.508333 0.106000 0.423333
498 58.200000 0.491667 0.048000 0.290000
764 58.261667 0.495000 0.091333 0.443333
727 58.331000 0.508333 0.067333 0.310000
1016 58.373000 0.491667 0.032667 0.270000
401 58.426000 0.488333 0.088000 0.450000
98 58.537333 0.510000 0.154667 0.773333
218 58.670333 0.488333 0.126000 0.503333
894 58.828333 0.508333 0.210000 1.050000
16 58.982000 0.500000 0.116000 0.373333
869 59.058667 0.495000 0.056000 0.356667
745 59.125333 0.493333 0.092000 0.353333
836 59.209667 0.500000 0.094000 0.420000
606 59.313667 0.505000 0.132667 0.403333
706 59.399333 0.503333 0.057333 0.293333
807 59.500000 0.510000 0.162667 0.813333
577 59.627333 0.510000 0.108000 0.426667
365 59.732000 0.501667 0.116000 0.330000
34 59.839667 0.495000 0.114000 0.376667
317 59.938667 0.510000 0.100000 0.366667
276 60.016333 0.491667 0.071333 0.416667
895 60.108333 0.490000 0.127333 0.393333
632 60.263667 0.488333 0.203333 1.016667
388 60.423333 0.500000 0.133333 0.413333
300 60.518333 0.488333 0.070000 0.223333
572 60.587000 0.490000 0.080667 0.333333
118 60.668333 0.496667 0.102000 0.393333
313 60.759000 0.488333 0.099333 0.336667
673 60.843000 0.498333 0.088667 0.310000
399 60.932667 0.510000 0.109333 0.400000
603 61.092333 0.508333 0.230000 1.150000
45 61.226333 0.491667 0.058000 0.290000
683 61.334667 0.490000 0.176000 0.880000
347 61.491667 0.506667 0.155333 0.486667
924 61.584667 0.503333 0.045333 0.333333
186 61.652333 0.508333 0.110000 0.536667
1005 61.720667 0.493333 0.042667 0.360000
768 61.771000 0.500000 0.074000 0.160000
840 61.849333 0.495000 0.097333 0.483333
299 61.938667 0.505000 0.100000 0.390000
986 62.002667 0.498333 0.041333 0.303333
775 62.059333 0.505000 0.086667 0.423333
231 62.155000 0.488333 0.118000 0.563333
196 62.248333 0.488333 0.083333 0.423333
830 62.323000 0.490000 0.084667 0.386667
93 62.466667 0.493333 0.220000 1.100000
795 62.603333 0.490000 0.069333 0.426667
671 62.683000 0.495000 0.104667 0.376667
79 62.866667 0.488333 0.280000 0.616667
66 63.035333 0.510000 0.073333 0.540000
959 63.086333 0.501667 0.043333 0.323333
156 63.179667 0.500000 0.162000 0.446667
527 63.326333 0.506667 0.150000 0.426667
285 63.450000 0.496667 0.110667 0.360000
1021 63.515667 0.496667 0.036667 0.286667
397 63.564000 0.508333 0.074667 0.310000
640 63.628667 0.493333 0.072000 0.366667
868 63.695667 0.505000 0.080667 0.470000
352 63.800333 0.496667 0.147333 0.433333
279 63.918000 0.500000 0.101333 0.580000
849 64.003667 0.488333 0.086000 0.350000
880 64.093333 0.495000 0.109333 0.376667
84 64.195667 0.505000 0.110000 0.303333
609 64.280667 0.508333 0.078667 0.330000
981 64.332333 0.491667 0.038000 0.303333
760 64.404667 0.510000 0.122667 0.400000
111 64.495667 0.501667 0.079333 0.350000
778 64.575667 0.493333 0.096667 0.620000
115 64.650000 0.506667 0.072000 0.353333
883 64.774333 0.503333 0.196667 0.420000
946 64.888000 0.498333 0.046667 0.336667
889 65.005333 0.496667 0.206667 1.033333
192 65.154000 0.496667 0.108000 0.526667
621 65.230667 0.488333 0.058667 0.590000
284 65.313000 0.496667 0.122000 0.440000
144 65.419333 0.508333 0.109333 0.510000
476 65.509333 0.508333 0.084000 0.423333
510 65.642333 0.498333 0.199333 0.996667
38 65.780333 0.493333 0.095333 0.313333
579 65.899000 0.491667 0.162000 0.370000
653 66.049000 0.496667 0.155333 0.506667
506 66.140000 0.491667 0.044000 0.470000
294 66.248333 0.493333 0.188667 0.300000
504 66.396333 0.496667 0.123333 0.360000
172 66.511333 0.501667 0.122667 0.436667
896 66.632000 0.496667 0.136000 0.413333
877 66.727000 0.495000 0.070000 0.363333
571 66.803667 0.496667 0.099333 0.406667
689 66.885667 0.496667 0.082000 0.400000
783 66.970333 0.490000 0.100667 0.553333
389 67.063000 0.503333 0.104667 0.306667
116 67.170000 0.493333 0.125333 0.386667
331 67.329667 0.495000 0.210000 1.050000
124 67.489667 0.510000 0.123333 0.453333
351 67.620000 0.510000 0.154667 0.773333
89 67.772000 0.490000 0.168000 0.840000
513 67.895667 0.493333 0.094000 0.293333
429 67.992333 0.491667 0.116667 0.423333
941 68.062667 0.491667 0.040000 0.323333
914 68.139333 0.498333 0.132000 0.403333
852 68.251667 0.498333 0.110000 0.490000
235 68.346333 0.488333 0.092667 0.363333
415 68.495667 0.501667 0.226000 1.130000
649 68.648667 0.505000 0.093333 0.530000
337 68.819333 0.503333 0.261333 0.560000
168 69.001000 0.505000 0.120667 0.463333
876 69.141667 0.498333 0.174000 0.430000
562 69.302333 0.496667 0.167333 0.346667
87 69.482667 0.488333 0.213333 0.463333
732 69.618333 0.501667 0.074000 0.356667
899 69.703333 0.510000 0.112000 0.313333
492 69.789667 0.498333 0.079333 0.423333
1022 69.840000 0.498333 0.037333 0.303333
833 69.901000 0.491667 0.104667 0.470000
631 70.016000 0.488333 0.138667 0.463333
119 70.128667 0.498333 0.101333 0.603333
225 70.225000 0.501667 0.104667 0.423333
75 70.345000 0.503333 0.148667 0.466667
167 70.460000 0.490000 0.101333 0.386667
821 70.545667 0.488333 0.084667 0.570000
6 70.625333 0.501667 0.093333 0.336667
709 70.774667 0.490000 0.220000 1.100000
714 70.976000 0.490000 0.198667 0.993333
746 71.122667 0.505000 0.114667 0.330000
268 71.246333 0.501667 0.152667 0.463333
76 71.375667 0.500000 0.123333 0.386667
194 71.477333 0.488333 0.098667 0.496667
675 71.575000 0.496667 0.110000 0.366667
391 71.674667 0.501667 0.109333 0.290000
219 71.767667 0.505000 0.091333 0.396667
717 71.897333 0.500000 0.184000 0.920000
912 72.034333 0.496667 0.108667 0.433333
645 72.127667 0.498333 0.095333 0.430000
185 72.212333 0.506667 0.088667 0.446667
1000 72.273000 0.491667 0.046000 0.336667
992 72.309000 0.495000 0.043333 0.310000
280 72.394333 0.491667 0.140667 0.476667
138 72.493333 0.510000 0.073333 0.380000
680 72.578667 0.508333 0.112000 0.390000
493 72.661667 0.493333 0.072667 0.393333
230 72.754333 0.506667 0.126000 0.486667
676 72.868000 0.501667 0.120000 0.456667
491 72.970667 0.490000 0.098667 0.486667
974 73.030000 0.496667 0.038667 0.286667
414 73.108333 0.490000 0.132667 0.626667
130 73.266667 0.510000 0.198667 0.993333
257 73.447333 0.503333 0.182667 0.913333
444 73.559000 0.505000 0.059333 0.343333
928 73.602667 0.505000 0.046667 0.356667
57 73.640667 0.510000 0.044000 0.246667
641 73.692333 0.495000 0.074000 0.336667
177 73.784000 0.498333 0.126667 0.456667
762 73.887333 0.500000 0.093333 0.406667
1007 73.943333 0.488333 0.037333 0.316667
197 74.021000 0.488333 0.134000 0.536667
61 74.130000 0.490000 0.102667 0.506667
841 74.235667 0.500000 0.126000 0.520000
739 74.318667 0.490000 0.057333 0.500000
524 74.393000 0.506667 0.104667 0.333333
703 74.496333 0.490000 0.118000 0.406667
947 74.569333 0.488333 0.044000 0.316667
113 74.630000 0.501667 0.096000 0.516667
201 74.737667 0.508333 0.132667 0.543333
618 74.832333 0.490000 0.072667 0.420000
666 74.916000 0.508333 0.108000 0.350000
987 74.986333 0.505000 0.046000 0.336667
1011 75.023000 0.496667 0.042000 0.320000
892 75.114000 0.508333 0.157333 0.450000
800 75.227333 0.506667 0.082667 0.293333
747 75.320667 0.510000 0.120000 0.520000
383 75.430333 0.495000 0.119333 0.330000
873 75.518333 0.505000 0.071333 0.336667
298 75.587000 0.496667 0.082000 0.406667
120 75.702667 0.505000 0.165333 0.436667
3 75.818000 0.510000 0.084000 0.380000
143 75.884667 0.500000 0.069333 0.360000
630 76.009333 0.500000 0.194667 0.653333
25 76.159000 0.505000 0.122000 0.456667
343 76.264000 0.506667 0.105333 0.320000
584 76.367000 0.506667 0.114000 0.340000
490 76.453667 0.490000 0.075333 0.446667
77 76.538333 0.493333 0.114000 0.280000
215 76.646333 0.510000 0.115333 0.566667
152 76.739333 0.496667 0.086667 0.426667
860 76.855000 0.495000 0.163333 0.816667
845 76.971000 0.493333 0.083333 0.386667
54 77.031000 0.505000 0.056667 0.290000
1018 77.072333 0.496667 0.044667 0.353333
828 77.146333 0.498333 0.116667 0.476667
233 77.243667 0.505000 0.095333 0.483333
157 77.395667 0.508333 0.222000 1.110000
367 77.571333 0.510000 0.145333 0.440000
544 77.687000 0.490000 0.104667 0.420000
755 77.808000 0.495000 0.156000 0.450000
969 77.898667 0.508333 0.041333 0.303333
59 78.026000 0.496667 0.229333 1.146667
905 78.194000 0.505000 0.125333 0.410000
386 78.314000 0.498333 0.128000 0.350000
656 78.456000 0.506667 0.174667 0.433333
926 78.548333 0.503333 0.030000 0.246667
751 78.600667 0.488333 0.089333 0.363333
253 78.669000 0.491667 0.063333 0.530000
333 78.785333 0.500000 0.186667 0.406667
360 78.985333 0.493333 0.229333 1.146667
652 79.173667 0.488333 0.163333 0.816667
85 79.288000 0.510000 0.084000 0.320000
295 79.374333 0.493333 0.108667 0.460000
159 79.436000 0.501667 0.034667 0.276667
721 79.521000 0.491667 0.150000 0.396667
662 79.639667 0.491667 0.103333 0.336667
848 79.748333 0.508333 0.127333 0.390000
335 79.862667 0.508333 0.121333 0.390000
419 79.954000 0.491667 0.080000 0.383333
674 80.046667 0.495000 0.124000 0.463333
665 80.165333 0.496667 0.132000 0.426667
281 80.294333 0.505000 0.139333 0.476667
725 80.416333 0.508333 0.120667 0.503333
117 80.533333 0.496667 0.132000 0.406667
677 80.636667 0.498333 0.090667 0.323333
100 80.782667 0.498333 0.218667 0.463333
576 80.925333 0.503333 0.084000 0.326667
28 81.020000 0.490000 0.124000 0.420000
871 81.102000 0.493333 0.057333 0.280000
784 81.148333 0.506667 0.051333 0.433333
678 81.232000 0.498333 0.132000 0.423333
657 81.340000 0.493333 0.098667 0.413333
469 81.416667 0.493333 0.072000 0.380000
724 81.477667 0.508333 0.070000 0.470000
47 81.548333 0.490000 0.087333 0.420000
518 81.642333 0.493333 0.114000 0.360000
809 81.748667 0.490000 0.114667 0.620000
988 81.820667 0.501667 0.045333 0.343333
808 81.894333 0.506667 0.122000 0.446667
239 82.001000 0.508333 0.110000 0.683333
772 82.134000 0.501667 0.169333 0.483333
274 82.268000 0.503333 0.118667 0.560000
827 82.370667 0.496667 0.105333 0.486667
810 82.465333 0.495000 0.097333 0.436667
825 82.556333 0.505000 0.102000 0.450000
913 82.665333 0.488333 0.132000 0.390000
423 82.802333 0.500000 0.155333 0.526667
4 82.914333 0.496667 0.082000 0.333333
385 83.015667 0.506667 0.135333 0.373333
125 83.116000 0.491667 0.080000 0.383333
20 83.201333 0.490000 0.108000 0.380000
543 83.329667 0.503333 0.162000 0.493333
540 83.482667 0.505000 0.160000 0.603333
550 83.590333 0.493333 0.070000 0.346667
358 83.678333 0.501667 0.119333 0.330000
213 83.774333 0.508333 0.092667 0.370000
256 83.866333 0.510000 0.108667 0.373333
516 83.959333 0.495000 0.096000 0.310000
951 84.015333 0.498333 0.034667 0.283333
107 84.106000 0.493333 0.162667 0.340000
610 84.232333 0.495000 0.103333 0.316667
243 84.379000 0.498333 0.204667 1.023333
553 84.583000 0.508333 0.223333 1.116667
121 84.695333 0.493333 0.018667 0.306667
978 84.713667 0.500000 0.034000 0.280000
851 84.776000 0.496667 0.105333 0.433333
834 84.878333 0.508333 0.115333 0.483333
501 84.965333 0.503333 0.078667 0.360000
664 85.049000 0.490000 0.104667 0.393333
520 85.147667 0.498333 0.108667 0.343333
904 85.229667 0.501667 0.070000 0.330000
145 85.301000 0.508333 0.088667 0.416667
453 85.377000 0.510000 0.079333 0.413333
589 85.451667 0.493333 0.087333 0.353333
369 85.564333 0.506667 0.154000 0.486667
566 85.698333 0.508333 0.131333 0.523333
794 85.795333 0.491667 0.077333 0.470000
173 85.884333 0.506667 0.118000 0.533333
949 85.952333 0.493333 0.035333 0.293333
495 86.008667 0.506667 0.096000 0.433333
887 86.111000 0.491667 0.122000 0.376667
252 86.218000 0.495000 0.105333 0.416667
226 86.317333 0.508333 0.108000 0.443333
49 86.449333 0.496667 0.174667 0.873333
180 86.591000 0.503333 0.124667 0.466667
454 86.685667 0.498333 0.080667 0.423333
508 86.750333 0.493333 0.064667 0.386667
622 86.864000 0.500000 0.181333 0.906667
433 87.017667 0.488333 0.146000 0.376667
203 87.132000 0.510000 0.102667 0.426667
965 87.203333 0.493333 0.053333 0.386667
440 87.257000 0.495000 0.070000 0.403333
94 87.391667 0.508333 0.212667 1.063333
164 87.548000 0.490000 0.114667 0.440000
694 87.644667 0.508333 0.092000 0.450000
465 87.712333 0.493333 0.060667 0.313333
586 87.794333 0.503333 0.119333 0.360000
908 87.897667 0.498333 0.102000 0.383333
496 87.997000 0.510000 0.110000 0.453333
605 88.110333 0.493333 0.131333 0.340000
96 88.249333 0.503333 0.165333 0.360000
648 88.363000 0.508333 0.075333 0.350000
428 88.436667 0.505000 0.085333 0.590000
885 88.509000 0.508333 0.074000 0.336667
308 88.569667 0.493333 0.067333 0.380000
921 88.625667 0.491667 0.063333 0.370000
984 88.675333 0.508333 0.049333 0.363333
309 88.725667 0.501667 0.068667 0.390000
512 88.810333 0.508333 0.119333 0.376667
602 88.921000 0.501667 0.116667 0.356667
396 89.032667 0.506667 0.122667 0.360000
1008 89.106667 0.493333 0.038667 0.293333
366 89.183333 0.510000 0.133333 0.373333
983 89.265667 0.490000 0.048667 0.360000
267 89.357000 0.505000 0.151333 0.456667
878 89.468000 0.495000 0.090667 0.463333
207 89.584333 0.508333 0.162000 0.810000
435 89.686667 0.500000 0.058667 0.300000
80 89.750333 0.498333 0.088667 0.456667
264 89.899667 0.501667 0.228667 1.143333
522 90.059000 0.495000 0.103333 0.323333
67 90.205667 0.498333 0.207333 1.036667
713 90.396000 0.503333 0.190667 0.953333
957 90.504000 0.490000 0.044000 0.320000
22 90.592000 0.488333 0.150667 0.503333
455 90.700667 0.503333 0.080000 0.413333
181 90.811000 0.498333 0.156667 0.783333
250 90.988000 0.490000 0.216000 1.080000
403 91.157667 0.490000 0.143333 0.393333
485 91.253000 0.500000 0.062000 0.320000
318 91.326667 0.498333 0.105333 0.443333
182 91.447000 0.500000 0.150000 0.500000
494 91.552000 0.503333 0.076000 0.406667
420 91.641667 0.500000 0.118000 0.426667
18 91.735000 0.503333 0.087333 0.280000
507 91.807333 0.493333 0.074667 0.446667
277 91.877000 0.501667 0.082000 0.383333
629 92.002333 0.501667 0.188667 0.636667
458 92.119333 0.498333 0.061333 0.363333
684 92.202000 0.493333 0.117333 0.420000
972 92.269000 0.493333 0.034000 0.260000
557 92.308667 0.510000 0.065333 0.446667
382 92.433667 0.501667 0.200667 1.003333
262 92.574667 0.500000 0.094667 0.480000
254 92.674333 0.488333 0.122000 0.463333
823 92.781333 0.503333 0.105333 0.520000
227 92.872667 0.510000 0.097333 0.473333
737 92.942000 0.510000 0.061333 0.380000
52 93.025667 0.501667 0.119333 0.423333
554 93.155000 0.495000 0.155333 0.776667
654 93.326667 0.495000 0.208000 0.410000
866 93.489333 0.493333 0.133333 0.373333
759 93.608333 0.493333 0.124667 0.360000
581 93.704667 0.490000 0.081333 0.346667
1014 93.755667 0.500000 0.035333 0.286667
956 93.785667 0.490000 0.044667 0.333333
33 93.850000 0.491667 0.098667 0.350000
381 93.950333 0.495000 0.118000 0.350000
875 94.087667 0.503333 0.171333 0.466667
1017 94.180667 0.505000 0.034667 0.283333
380 94.256667 0.493333 0.133333 0.366667
939 94.338333 0.510000 0.048667 0.346667
155 94.403333 0.491667 0.100000 0.510000
937 94.464667 0.493333 0.040000 0.313333
483 94.506667 0.488333 0.057333 0.310000
359 94.605333 0.488333 0.153333 0.443333
993 94.702000 0.490000 0.053333 0.393333
342 94.766667 0.501667 0.096000 0.410000
191 94.858667 0.500000 0.104000 0.486667
7 94.967000 0.490000 0.128667 0.400000
517 95.084667 0.503333 0.120000 0.393333
681 95.160000 0.488333 0.045333 0.383333
15 95.233000 0.500000 0.120667 0.386667
306 95.313667 0.498333 0.055333 0.310000
505 95.361667 0.491667 0.058000 0.243333
919 95.418667 0.495000 0.074667 0.343333
865 95.489333 0.503333 0.086667 0.286667
789 95.560333 0.495000 0.075333 0.456667
716 95.660667 0.503333 0.145333 0.426667
392 95.797000 0.510000 0.146000 0.460000
782 95.920667 0.503333 0.120000 0.553333
344 96.045667 0.488333 0.147333 0.403333
753 96.164667 0.501667 0.108000 0.356667
446 96.240000 0.490000 0.062667 0.380000
1006 96.287667 0.505000 0.046000 0.350000
944 96.324000 0.496667 0.041333 0.340000
178 96.404333 0.506667 0.132667 0.473333
523 96.507000 0.490000 0.092667 0.306667
209 96.646000 0.500000 0.204000 1.020000
864 96.779000 0.493333 0.082000 0.326667
1020 96.836667 0.498333 0.049333 0.376667
363 96.906333 0.500000 0.106000 0.333333
758 97.020667 0.510000 0.138667 0.400000
738 97.128667 0.505000 0.094667 0.423333
998 97.187000 0.508333 0.038000 0.276667
685 97.235333 0.505000 0.078667 0.303333
238 97.327333 0.510000 0.120000 0.466667
843 97.429333 0.498333 0.100000 0.450000
283 97.534000 0.493333 0.126667 0.433333
952 97.609000 0.490000 0.040667 0.306667
976 97.643333 0.490000 0.044000 0.360000
953 97.679000 0.506667 0.046000 0.333333
874 97.730667 0.503333 0.077333 0.380000
442 97.795667 0.500000 0.066000 0.366667
748 97.879333 0.508333 0.120000 0.410000
193 97.975667 0.503333 0.088667 0.446667
570 98.051667 0.510000 0.083333 0.353333
879 98.147333 0.500000 0.124000 0.340000
962 98.223000 0.501667 0.044667 0.323333
539 98.274667 0.493333 0.072000 0.320000
915 98.337333 0.501667 0.068000 0.550000
133 98.404000 0.496667 0.081333 0.360000
542 98.510333 0.501667 0.150000 0.523333
686 98.626000 0.490000 0.094667 0.460000
417 98.707333 0.501667 0.081333 0.396667
97 98.847333 0.501667 0.213333 0.456667
377 99.020333 0.503333 0.147333 0.420000
362 99.157333 0.498333 0.142667 0.423333
797 99.271000 0.500000 0.102000 0.373333
211 99.365667 0.501667 0.103333 0.523333
608 99.454000 0.493333 0.088000 0.313333
615 99.600000 0.500000 0.224000 1.120000
655 99.741667 0.510000 0.076667 0.306667
867 99.815000 0.505000 0.087333 0.283333
583 99.877000 0.508333 0.056667 0.356667
321 99.948667 0.501667 0.100000 0.496667
563 100.086667 0.505000 0.189333 0.443333
141 100.213333 0.500000 0.081333 0.360000
127 100.353333 0.490000 0.218667 1.093333
765 100.492667 0.500000 0.077333 0.400000
769 100.584000 0.506667 0.121333 0.340000
5 100.679667 0.500000 0.084667 0.393333
754 100.773333 0.495000 0.118667 0.576667
531 100.938000 0.493333 0.226667 0.473333
999 101.065333 0.490000 0.044000 0.360000
526 101.162000 0.500000 0.168000 0.446667
36 101.293333 0.488333 0.108000 0.343333
205 101.385667 0.500000 0.094000 0.446667
221 101.480333 0.495000 0.114000 0.456667
644 101.575667 0.488333 0.094000 0.416667
301 101.641667 0.501667 0.058000 0.323333
870 101.690000 0.500000 0.056000 0.286667
110 101.763000 0.496667 0.106000 0.373333
480 101.836667 0.501667 0.056000 0.316667
901 101.926333 0.501667 0.142000 0.443333
372 102.055667 0.495000 0.132667 0.376667
456 102.146667 0.490000 0.068000 0.386667
91 102.265000 0.501667 0.183333 0.390000
464 102.380333 0.495000 0.067333 0.383333
628 102.475333 0.490000 0.136000 0.460000
627 102.630333 0.508333 0.191333 0.643333
176 102.784667 0.506667 0.136000 0.500000
324 102.915667 0.503333 0.144667 0.713333
475 103.011000 0.491667 0.063333 0.376667
822 103.094000 0.506667 0.121333 0.426667
1004 103.164000 0.491667 0.033333 0.276667
