38 0.067000 0.490000 0.127333 0.420000
120 0.207667 0.495000 0.174000 0.870000
581 0.328000 0.510000 0.081333 0.393333
458 0.393000 0.501667 0.063333 0.363333
401 0.468667 0.493333 0.104000 0.546667
179 0.564000 0.503333 0.106667 0.393333
536 0.666000 0.508333 0.112000 0.443333
853 0.760667 0.490000 0.096000 0.453333
220 0.853000 0.490000 0.107333 0.440000
247 0.951333 0.510000 0.102667 0.493333
355 1.088667 0.503333 0.192000 0.960000
775 1.213000 0.491667 0.072667 0.363333
0 1.262333 0.505000 0.044667 0.350000
447 1.304667 0.501667 0.058667 0.323333
125 1.364333 0.510000 0.080667 0.380000
782 1.440667 0.493333 0.085333 0.406667
785 1.507000 0.506667 0.063333 0.266667
6 1.572000 0.510000 0.082667 0.346667
963 1.625000 0.491667 0.040667 0.336667
773 1.713333 0.503333 0.150667 0.433333
933 1.801667 0.493333 0.044667 0.333333
252 1.888333 0.495000 0.142000 0.563333
680 1.999000 0.506667 0.098000 0.360000
223 2.096000 0.496667 0.114667 0.573333
490 2.177000 0.508333 0.063333 0.350000
294 2.306000 0.508333 0.213333 0.356667
27 2.462667 0.508333 0.114667 0.390000
724 2.540000 0.506667 0.058667 0.373333
835 2.625000 0.510000 0.128667 0.546667
519 2.780667 0.490000 0.202667 1.013333
398 2.907667 0.510000 0.064667 0.326667
481 2.967667 0.490000 0.068667 0.360000
779 3.012000 0.488333 0.037333 0.350000
791 3.062333 0.488333 0.076667 0.470000
314 3.153000 0.505000 0.120667 0.423333
281 3.260000 0.505000 0.110667 0.376667
372 3.368000 0.498333 0.120000 0.350000
952 3.439000 0.506667 0.040667 0.326667
441 3.481667 0.503333 0.063333 0.380000
861 3.528333 0.498333 0.046000 0.356667
982 3.560000 0.495000 0.037333 0.296667
194 3.620333 0.501667 0.102000 0.510000
8 3.714333 0.491667 0.102000 0.370000
532 3.809000 0.490000 0.104667 0.533333
660 3.914000 0.500000 0.122667 0.453333
381 4.042333 0.491667 0.154000 0.476667
236 4.163667 0.508333 0.107333 0.536667
292 4.282333 0.506667 0.144667 0.553333
736 4.381000 0.503333 0.071333 0.480000
348 4.467000 0.488333 0.114000 0.356667
814 4.579667 0.498333 0.128667 0.310000
887 4.712333 0.488333 0.156667 0.496667
590 4.854667 0.505000 0.146667 0.503333
895 4.980667 0.506667 0.122667 0.326667
117 5.093000 0.490000 0.122000 0.366667
695 5.233667 0.488333 0.179333 0.896667
271 5.410333 0.508333 0.191333 0.956667
368 5.555667 0.503333 0.114000 0.306667
949 5.625333 0.498333 0.038667 0.296667
662 5.703000 0.508333 0.134000 0.443333
248 5.812000 0.510000 0.102667 0.506667
1008 5.870000 0.488333 0.033333 0.270000
174 5.937000 0.491667 0.116667 0.443333
570 6.040667 0.490000 0.105333 0.440000
217 6.136333 0.488333 0.103333 0.456667
512 6.227667 0.498333 0.092667 0.303333
758 6.338000 0.495000 0.142667 0.470000
772 6.484667 0.495000 0.168000 0.463333
172 6.615333 0.495000 0.112000 0.423333
499 6.694333 0.493333 0.066000 0.393333
5 6.753000 0.501667 0.070000 0.310000
827 6.835667 0.496667 0.110000 0.480000
764 6.926000 0.488333 0.085333 0.396667
226 7.000667 0.493333 0.082667 0.406667
402 7.114333 0.501667 0.164667 0.430000
559 7.223000 0.508333 0.068667 0.336667
34 7.292000 0.491667 0.088000 0.316667
678 7.379667 0.506667 0.102000 0.360000
969 7.450000 0.496667 0.052000 0.373333
118 7.527000 0.498333 0.118000 0.476667
728 7.604333 0.488333 0.054000 0.470000
119 7.675333 0.490000 0.104000 0.620000
552 7.747667 0.508333 0.055333 0.336667
947 7.789667 0.498333 0.043333 0.323333
146 7.845000 0.495000 0.086000 0.390000
367 7.962667 0.510000 0.162667 0.813333
61 8.079667 0.510000 0.091333 0.473333
932 8.143333 0.510000 0.049333 0.373333
594 8.210333 0.505000 0.098000 0.296667
330 8.292000 0.506667 0.081333 0.306667
62 8.364667 0.495000 0.080000 0.370000
346 8.497333 0.510000 0.204000 1.020000
92 8.679000 0.501667 0.172667 0.863333
251 8.791000 0.508333 0.071333 0.403333
942 8.834333 0.510000 0.032667 0.253333
178 8.918333 0.488333 0.155333 0.776667
177 9.045000 0.500000 0.118000 0.440000
503 9.156667 0.500000 0.120000 0.346667
619 9.249333 0.498333 0.081333 0.410000
719 9.374667 0.498333 0.185333 0.516667
388 9.519000 0.505000 0.120667 0.343333
523 9.630000 0.505000 0.118667 0.370000
626 9.773333 0.503333 0.186667 0.633333
74 9.926000 0.506667 0.133333 0.413333
821 10.023333 0.493333 0.081333 0.540000
612 10.121667 0.501667 0.130000 0.336667
222 10.231000 0.491667 0.108667 0.456667
266 10.348333 0.488333 0.144667 0.476667
725 10.467000 0.505000 0.106000 0.450000
973 10.531000 0.490000 0.042000 0.333333
786 10.574333 0.503333 0.059333 0.366667
1019 10.622000 0.501667 0.052000 0.376667
1016 10.663000 0.500000 0.048667 0.373333
637 10.708333 0.498333 0.058000 0.296667
653 10.793333 0.498333 0.132000 0.430000
304 10.892667 0.503333 0.082667 0.466667
710 10.998333 0.488333 0.142000 0.356667
501 11.098333 0.496667 0.074000 0.333333
674 11.171667 0.506667 0.088667 0.326667
328 11.297667 0.491667 0.182000 0.910000
303 11.414667 0.488333 0.065333 0.363333
393 11.519000 0.501667 0.163333 0.816667
777 11.641333 0.495000 0.097333 0.423333
847 11.737333 0.490000 0.109333 0.333333
415 11.856333 0.510000 0.147333 0.486667
1002 11.946000 0.490000 0.046667 0.340000
79 12.061667 0.505000 0.200667 1.003333
766 12.220000 0.500000 0.133333 0.386667
395 12.335000 0.488333 0.112667 0.303333
948 12.403000 0.505000 0.039333 0.336667
876 12.497667 0.503333 0.164667 0.460000
716 12.651000 0.488333 0.162000 0.810000
331 12.831000 0.501667 0.211333 1.056667
181 12.997333 0.510000 0.140000 0.480000
681 13.083333 0.496667 0.046667 0.386667
325 13.182667 0.490000 0.165333 0.826667
307 13.295667 0.493333 0.076667 0.433333
60 13.367000 0.501667 0.083333 0.343333
677 13.466667 0.490000 0.130667 0.433333
748 13.569333 0.495000 0.090667 0.336667
371 13.686000 0.510000 0.156000 0.446667
198 13.867000 0.498333 0.222000 1.110000
309 13.999333 0.488333 0.057333 0.323333
191 14.088333 0.491667 0.135333 0.536667
260 14.217000 0.500000 0.140667 0.360000
52 14.330333 0.510000 0.099333 0.346667
45 14.412000 0.510000 0.080000 0.400000
634 14.489333 0.506667 0.089333 0.366667
420 14.576333 0.501667 0.104667 0.383333
136 14.683333 0.495000 0.129333 0.456667
638 14.787333 0.506667 0.094667 0.373333
994 14.843000 0.496667 0.032667 0.253333
338 14.914000 0.498333 0.124000 0.643333
613 15.052000 0.496667 0.170667 0.853333
206 15.183333 0.498333 0.106667 0.543333
778 15.266667 0.491667 0.080000 0.503333
470 15.335667 0.501667 0.076667 0.456667
397 15.412333 0.506667 0.095333 0.393333
322 15.503000 0.503333 0.099333 0.120000
105 15.634667 0.503333 0.184000 0.393333
155 15.774000 0.505000 0.109333 0.570000
1022 15.841667 0.491667 0.039333 0.303333
956 15.878667 0.495000 0.049333 0.370000
720 15.992667 0.488333 0.196000 0.516667
241 16.135333 0.500000 0.105333 0.573333
689 16.218333 0.495000 0.076667 0.376667
311 16.298333 0.493333 0.102000 0.440000
928 16.361000 0.493333 0.038000 0.286667
582 16.474667 0.503333 0.206667 1.033333
7 16.616667 0.510000 0.097333 0.340000
931 16.680000 0.501667 0.045333 0.350000
452 16.731000 0.503333 0.071333 0.360000
905 16.819667 0.488333 0.122000 0.390000
3 16.915000 0.505000 0.087333 0.383333
538 17.030000 0.506667 0.162667 0.373333
535 17.171333 0.510000 0.137333 0.306667
810 17.282333 0.500000 0.100667 0.420000
981 17.343667 0.493333 0.040667 0.326667
753 17.424000 0.495000 0.133333 0.430000
494 17.517000 0.500000 0.070000 0.306667
723 17.602333 0.493333 0.120667 0.413333
337 17.763333 0.493333 0.221333 1.106667
326 17.898667 0.506667 0.065333 0.300000
829 17.980333 0.488333 0.111333 0.483333
883 18.132667 0.501667 0.212000 0.456667
893 18.315333 0.505000 0.173333 0.556667
671 18.449667 0.491667 0.112667 0.390000
70 18.566333 0.508333 0.139333 0.476667
708 18.680333 0.488333 0.107333 0.436667
839 18.783667 0.488333 0.114000 0.483333
235 18.878667 0.510000 0.096000 0.413333
732 18.953000 0.506667 0.067333 0.320000
166 19.026000 0.510000 0.093333 0.353333
342 19.097667 0.496667 0.067333 0.306667
284 19.193667 0.491667 0.142000 0.503333
864 19.306667 0.498333 0.100000 0.390000
783 19.391667 0.501667 0.088667 0.483333
204 19.481000 0.491667 0.110000 0.443333
751 19.583000 0.490000 0.111333 0.480000
816 19.689667 0.501667 0.119333 0.336667
63 19.800333 0.488333 0.115333 0.416667
531 19.950333 0.495000 0.200667 1.003333
290 20.121000 0.501667 0.154000 0.450000
685 20.235667 0.496667 0.091333 0.360000
93 20.362000 0.506667 0.180000 0.900000
333 20.518000 0.493333 0.152000 0.333333
203 20.642667 0.491667 0.114667 0.503333
317 20.747333 0.495000 0.108000 0.430000
26 20.853333 0.508333 0.117333 0.396667
380 20.973333 0.495000 0.141333 0.390000
714 21.152333 0.508333 0.230000 1.150000
795 21.290333 0.488333 0.064667 0.390000
183 21.360667 0.493333 0.092000 0.406667
527 21.469667 0.506667 0.140667 0.460000
908 21.579333 0.500000 0.097333 0.360000
721 21.718667 0.493333 0.200000 1.000000
643 21.869667 0.505000 0.118000 0.416667
900 21.999000 0.505000 0.154000 0.423333
663 22.115000 0.496667 0.095333 0.326667
986 22.174667 0.508333 0.044000 0.343333
53 22.248667 0.496667 0.118667 0.406667
621 22.329333 0.498333 0.060000 0.623333
210 22.404000 0.496667 0.108000 0.446667
919 22.487667 0.505000 0.078000 0.330000
246 22.598000 0.503333 0.158667 0.553333
199 22.717000 0.493333 0.095333 0.393333
526 22.831667 0.491667 0.150000 0.383333
169 22.966000 0.496667 0.136000 0.513333
13 23.089333 0.506667 0.126667 0.406667
21 23.189000 0.498333 0.092667 0.316667
75 23.304667 0.490000 0.154667 0.480000
193 23.417000 0.490000 0.088667 0.446667
636 23.499667 0.501667 0.096667 0.236667
154 23.578333 0.505000 0.079333 0.356667
161 23.658667 0.505000 0.101333 0.370000
324 23.779667 0.491667 0.158000 0.770000
991 23.871000 0.500000 0.044667 0.346667
218 24.000333 0.498333 0.228667 1.143333
809 24.164000 0.510000 0.118667 0.646667
429 24.273667 0.500000 0.115333 0.400000
834 24.383000 0.498333 0.116667 0.523333
848 24.501000 0.500000 0.132667 0.406667
513 24.608667 0.496667 0.100000 0.313333
741 24.702333 0.505000 0.107333 0.363333
954 24.768333 0.500000 0.040667 0.320000
456 24.809667 0.493333 0.055333 0.313333
560 24.913000 0.505000 0.170000 0.536667
186 25.033000 0.505000 0.086000 0.436667
312 25.119667 0.501667 0.106000 0.396667
865 25.221667 0.506667 0.116667 0.386667
888 25.348333 0.508333 0.155333 0.496667
485 25.449667 0.500000 0.060667 0.313333
854 25.560333 0.495000 0.174000 0.870000
472 25.669000 0.496667 0.060667 0.326667
132 25.732667 0.503333 0.084000 0.373333
510 25.829667 0.498333 0.123333 0.463333
533 25.949667 0.508333 0.134000 0.456667
584 26.060333 0.498333 0.106000 0.310000
187 26.158667 0.510000 0.104000 0.426667
234 26.257000 0.500000 0.111333 0.453333
573 26.354000 0.488333 0.100000 0.383333
262 26.439000 0.498333 0.090000 0.456667
711 26.568667 0.490000 0.184000 0.453333
392 26.714000 0.493333 0.125333 0.346667
833 26.826333 0.500000 0.115333 0.533333
904 26.908333 0.508333 0.063333 0.296667
405 26.976667 0.500000 0.092000 0.346667
738 27.046333 0.505000 0.064667 0.316667
378 27.132000 0.501667 0.120000 0.376667
488 27.212333 0.488333 0.060667 0.303333
434 27.288667 0.491667 0.106667 0.363333
899 27.414333 0.508333 0.163333 0.443333
385 27.571000 0.498333 0.168667 0.843333
233 27.727667 0.505000 0.163333 0.816667
995 27.826000 0.500000 0.052000 0.380000
665 27.888333 0.491667 0.091333 0.343333
242 27.976667 0.496667 0.104000 0.400000
287 28.067000 0.501667 0.090000 0.323333
798 28.147000 0.508333 0.083333 0.330000
571 28.238667 0.498333 0.114667 0.476667
1010 28.309333 0.498333 0.041333 0.316667
68 28.396333 0.488333 0.148667 0.423333
360 28.573000 0.498333 0.223333 1.116667
90 28.761667 0.505000 0.174000 0.870000
450 28.876333 0.496667 0.075333 0.380000
574 28.941667 0.500000 0.074000 0.293333
679 29.017667 0.493333 0.094000 0.586667
577 29.108333 0.508333 0.107333 0.410000
249 29.180333 0.500000 0.056667 0.440000
139 29.231333 0.503333 0.062667 0.366667
889 29.340333 0.510000 0.170000 0.520000
656 29.497333 0.493333 0.161333 0.806667
575 29.612333 0.503333 0.088667 0.286667
691 29.691667 0.495000 0.084667 0.416667
49 29.825667 0.491667 0.203333 1.010000
522 29.981000 0.500000 0.126000 0.420000
837 30.089667 0.508333 0.104667 0.456667
32 30.190000 0.488333 0.112000 0.363333
11 30.286000 0.510000 0.098667 0.320000
354 30.425667 0.508333 0.196667 0.983333
373 30.594333 0.495000 0.155333 0.436667
460 30.699333 0.490000 0.073333 0.373333
842 30.785667 0.490000 0.115333 0.480000
860 30.916333 0.505000 0.160667 0.803333
185 31.092000 0.493333 0.210667 1.053333
941 31.210000 0.505000 0.045333 0.330000
518 31.272667 0.503333 0.097333 0.333333
640 31.350000 0.501667 0.072000 0.363333
993 31.397000 0.501667 0.035333 0.290000
918 31.451667 0.496667 0.091333 0.340000
813 31.547667 0.496667 0.116667 0.360000
148 31.703000 0.495000 0.214000 1.070000
399 31.848667 0.500000 0.094667 0.306667
776 31.953667 0.490000 0.135333 0.380000
743 32.057333 0.488333 0.089333 0.370000
202 32.140000 0.500000 0.093333 0.360000
945 32.197000 0.500000 0.035333 0.260000
826 32.256333 0.490000 0.100667 0.486667
123 32.359000 0.510000 0.118000 0.766667
881 32.473667 0.501667 0.131333 0.443333
489 32.557333 0.490000 0.053333 0.320000
980 32.595667 0.508333 0.043333 0.323333
71 32.640333 0.510000 0.063333 0.340000
563 32.737000 0.500000 0.146000 0.306667
673 32.850000 0.508333 0.098667 0.343333
129 32.966333 0.493333 0.154000 0.560000
625 33.127667 0.508333 0.184667 0.616667
195 33.266000 0.510000 0.108000 0.546667
353 33.386667 0.500000 0.149333 0.393333
42 33.485000 0.503333 0.062000 0.353333
692 33.551000 0.506667 0.090000 0.446667
537 33.739000 0.495000 0.302000 0.596667
216 33.922000 0.495000 0.080000 0.376667
215 34.013667 0.510000 0.122000 0.606667
916 34.148667 0.510000 0.161333 0.806667
44 34.277000 0.496667 0.110000 0.446667
300 34.362333 0.498333 0.075333 0.250000
443 34.423333 0.488333 0.060000 0.316667
897 34.505000 0.488333 0.116667 0.336667
580 34.628667 0.495000 0.150667 0.383333
664 34.753333 0.510000 0.114667 0.386667
844 34.899667 0.505000 0.194000 0.970000
600 35.041667 0.506667 0.108667 0.326667
438 35.147667 0.488333 0.118000 0.350000
254 35.261000 0.498333 0.127333 0.490000
329 35.422333 0.488333 0.212667 1.063333
469 35.547333 0.496667 0.057333 0.340000
635 35.617000 0.506667 0.095333 0.393333
445 35.693000 0.508333 0.074000 0.383333
722 35.790000 0.500000 0.140000 0.413333
504 35.913000 0.500000 0.124667 0.360000
151 36.007000 0.498333 0.079333 0.383333
701 36.118333 0.496667 0.156667 0.473333
999 36.206000 0.491667 0.032000 0.263333
828 36.271000 0.496667 0.112667 0.466667
64 36.350333 0.506667 0.066000 0.353333
1011 36.399000 0.508333 0.044667 0.343333
534 36.463000 0.493333 0.096667 0.406667
189 36.564333 0.501667 0.119333 0.483333
152 36.659333 0.508333 0.084000 0.410000
697 36.719333 0.488333 0.054667 0.270000
150 36.799333 0.510000 0.125333 0.486667
1020 36.877667 0.488333 0.051333 0.376667
666 36.962333 0.498333 0.132667 0.443333
205 37.116333 0.501667 0.194000 0.970000
639 37.243000 0.496667 0.078000 0.393333
413 37.343667 0.488333 0.143333 0.576667
40 37.472667 0.496667 0.132000 0.433333
83 37.563667 0.505000 0.070000 0.350000
702 37.677333 0.500000 0.176000 0.880000
911 37.821000 0.491667 0.124667 0.463333
280 37.934333 0.488333 0.119333 0.416667
491 38.030333 0.501667 0.087333 0.430000
1018 38.083000 0.510000 0.036667 0.280000
285 38.200667 0.500000 0.216000 1.080000
276 38.324000 0.493333 0.048000 0.293333
111 38.384000 0.491667 0.085333 0.390000
936 38.441667 0.506667 0.044667 0.346667
850 38.500333 0.498333 0.088667 0.370000
73 38.614000 0.500000 0.152000 0.473333
255 38.738000 0.493333 0.114667 0.433333
604 38.848333 0.496667 0.119333 0.366667
142 38.949000 0.490000 0.095333 0.406667
145 39.022333 0.501667 0.068667 0.336667
760 39.106667 0.506667 0.117333 0.353333
295 39.207333 0.506667 0.104000 0.440000
100 39.333667 0.503333 0.162000 0.346667
717 39.514333 0.500000 0.215333 0.586667
308 39.647667 0.496667 0.066000 0.373333
239 39.737667 0.500000 0.130000 0.793333
230 39.844667 0.510000 0.102667 0.400000
774 39.928333 0.498333 0.078000 0.416667
688 40.003000 0.498333 0.086000 0.416667
797 40.091000 0.505000 0.106000 0.396667
508 40.176667 0.510000 0.078667 0.400000
985 40.225333 0.488333 0.034667 0.263333
141 40.277000 0.490000 0.083333 0.360000
439 40.356667 0.488333 0.094667 0.390000
622 40.506000 0.490000 0.224000 1.120000
375 40.683667 0.488333 0.150000 0.436667
197 40.807000 0.490000 0.116667 0.486667
884 40.931333 0.506667 0.146667 0.526667
377 41.053000 0.498333 0.115333 0.330000
335 41.176667 0.491667 0.150667 0.503333
687 41.290333 0.506667 0.094000 0.460000
343 41.407667 0.498333 0.154000 0.436667
627 41.546667 0.505000 0.138667 0.463333
20 41.661667 0.490000 0.104667 0.353333
464 41.741667 0.493333 0.074000 0.420000
788 41.853667 0.506667 0.168667 0.480000
408 41.981000 0.506667 0.100667 0.380000
455 42.056333 0.508333 0.063333 0.356667
465 42.114667 0.508333 0.073333 0.436667
370 42.196000 0.506667 0.109333 0.286667
886 42.300000 0.498333 0.116000 0.396667
731 42.396667 0.488333 0.090667 0.470000
990 42.457333 0.496667 0.044000 0.346667
607 42.533000 0.493333 0.120667 0.360000
85 42.626000 0.495000 0.085333 0.336667
192 42.721333 0.490000 0.125333 0.520000
250 42.878333 0.505000 0.204667 1.023333
633 43.072667 0.493333 0.202667 1.013333
713 43.247000 0.498333 0.160667 0.803333
9 43.360000 0.490000 0.082667 0.326667
369 43.473667 0.501667 0.163333 0.463333
646 43.588667 0.510000 0.082667 0.373333
566 43.676000 0.493333 0.109333 0.446667
745 43.775000 0.503333 0.107333 0.406667
293 43.857667 0.503333 0.072667 0.300000
498 43.920000 0.510000 0.065333 0.393333
497 44.014667 0.500000 0.142667 0.366667
946 44.100333 0.501667 0.044667 0.350000
659 44.152000 0.493333 0.078667 0.320000
805 44.262333 0.493333 0.155333 0.446667
583 44.367667 0.501667 0.068667 0.390000
1023 44.415667 0.490000 0.043333 0.320000
541 44.532000 0.491667 0.204000 0.443333
923 44.645333 0.496667 0.042667 0.326667
59 44.764333 0.491667 0.208667 0.570000
966 44.882000 0.496667 0.044000 0.346667
288 44.965000 0.500000 0.135333 0.520000
89 45.125333 0.493333 0.202667 0.433333
529 45.262667 0.506667 0.089333 0.420000
162 45.366667 0.495000 0.132000 0.463333
730 45.493000 0.506667 0.136667 0.560000
628 45.664667 0.490000 0.222667 1.113333
212 45.811000 0.498333 0.087333 0.436667
793 45.903667 0.506667 0.112667 0.466667
655 45.991333 0.488333 0.076000 0.336667
207 46.075667 0.506667 0.112667 0.466667
802 46.210667 0.491667 0.170667 0.356667
882 46.336333 0.493333 0.099333 0.393333
699 46.448667 0.495000 0.140000 0.430000
740 46.591333 0.500000 0.165333 0.373333
553 46.727667 0.503333 0.127333 0.446667
126 46.838333 0.493333 0.111333 0.373333
69 46.941333 0.491667 0.109333 0.536667
1004 47.012000 0.506667 0.046667 0.353333
698 47.051333 0.495000 0.050667 0.270000
67 47.184000 0.501667 0.228000 0.490000
789 47.323667 0.501667 0.067333 0.396667
495 47.384667 0.493333 0.072000 0.386667
29 47.486333 0.500000 0.151333 0.406667
374 47.615667 0.498333 0.122000 0.336667
815 47.718667 0.493333 0.104000 0.373333
925 47.786333 0.510000 0.046000 0.346667
30 47.865667 0.495000 0.131333 0.390000
86 47.970667 0.493333 0.098667 0.426667
103 48.121333 0.503333 0.217333 1.086667
769 48.294000 0.496667 0.142667 0.400000
47 48.414333 0.491667 0.118000 0.563333
244 48.537000 0.496667 0.140667 0.373333
14 48.659000 0.488333 0.123333 0.403333
144 48.763667 0.501667 0.104667 0.436667
365 48.872333 0.488333 0.126000 0.370000
131 49.041000 0.495000 0.227333 1.136667
264 49.202000 0.510000 0.113333 0.433333
761 49.313333 0.505000 0.129333 0.370000
781 49.402333 0.491667 0.063333 0.330000
382 49.537000 0.508333 0.226000 1.130000
896 49.709000 0.491667 0.134000 0.370000
410 49.824000 0.490000 0.110667 0.506667
615 49.961667 0.495000 0.182000 0.910000
190 50.110000 0.488333 0.130667 0.536667
515 50.232667 0.493333 0.133333 0.433333
971 50.304667 0.510000 0.030667 0.246667
521 50.372667 0.506667 0.124000 0.340000
211 50.487667 0.490000 0.122000 0.546667
838 50.583000 0.505000 0.086000 0.396667
970 50.637667 0.496667 0.036667 0.313333
386 50.706000 0.493333 0.117333 0.346667
880 50.802333 0.501667 0.090000 0.323333
273 50.866667 0.501667 0.052000 0.343333
565 50.968333 0.491667 0.164667 0.356667
859 51.112333 0.498333 0.139333 0.403333
756 51.252333 0.500000 0.154000 0.466667
466 51.355333 0.488333 0.072000 0.396667
742 51.439333 0.493333 0.116000 0.460000
642 51.527667 0.503333 0.080667 0.326667
511 51.618667 0.495000 0.121333 0.383333
316 51.725333 0.508333 0.110667 0.410000
547 51.813667 0.491667 0.080667 0.456667
72 51.944667 0.493333 0.194667 0.973333
492 52.065667 0.496667 0.063333 0.306667
313 52.146667 0.495000 0.112000 0.430000
116 52.250000 0.490000 0.112000 0.340000
929 52.317000 0.498333 0.038000 0.290000
1000 52.346667 0.488333 0.040000 0.290000
35 52.415333 0.505000 0.114667 0.390000
259 52.515000 0.493333 0.104667 0.520000
486 52.583000 0.508333 0.051333 0.310000
836 52.644333 0.491667 0.084667 0.350000
261 52.726000 0.493333 0.094667 0.460000
818 52.844000 0.490000 0.157333 0.380000
715 53.003000 0.501667 0.175333 0.443333
771 53.124333 0.505000 0.084667 0.410000
593 53.236667 0.503333 0.160000 0.800000
164 53.360667 0.510000 0.108000 0.386667
974 53.430000 0.508333 0.046667 0.350000
48 53.584667 0.510000 0.276000 0.446667
525 53.769000 0.503333 0.107333 0.360000
733 53.849667 0.498333 0.071333 0.430000
647 53.915000 0.500000 0.079333 0.406667
319 53.999667 0.501667 0.108667 0.396667
822 54.102667 0.490000 0.114667 0.346667
225 54.208667 0.501667 0.117333 0.496667
972 54.276000 0.498333 0.034667 0.270000
437 54.328667 0.506667 0.090667 0.446667
159 54.388333 0.506667 0.044667 0.360000
578 54.443333 0.503333 0.081333 0.320000
158 54.589000 0.491667 0.228667 1.143333
787 54.736333 0.501667 0.080667 0.496667
609 54.797000 0.500000 0.060667 0.246667
28 54.875000 0.495000 0.110000 0.416667
263 54.986333 0.508333 0.126000 0.396667
803 55.126000 0.505000 0.173333 0.536667
694 55.246333 0.498333 0.086000 0.423333
832 55.336000 0.490000 0.113333 0.473333
406 55.430333 0.498333 0.094000 0.356667
572 55.517000 0.506667 0.099333 0.420000
168 55.619000 0.490000 0.118000 0.440000
127 55.783333 0.490000 0.228000 1.140000
763 55.920333 0.490000 0.062000 0.480000
676 55.999000 0.500000 0.108667 0.400000
579 56.138000 0.503333 0.184000 0.553333
595 56.293333 0.491667 0.145333 0.443333
425 56.401000 0.495000 0.090000 0.503333
927 56.456667 0.493333 0.041333 0.293333
1 56.506667 0.496667 0.077333 0.406667
909 56.576333 0.493333 0.082000 0.393333
301 56.635333 0.490000 0.056000 0.313333
383 56.722667 0.491667 0.138667 0.376667
291 56.855333 0.505000 0.145333 0.570000
901 56.980333 0.493333 0.120667 0.346667
672 57.083333 0.496667 0.104000 0.353333
448 57.168667 0.500000 0.086667 0.446667
4 57.243333 0.508333 0.080000 0.303333
658 57.303000 0.498333 0.059333 0.343333
808 57.382000 0.500000 0.113333 0.520000
427 57.476333 0.493333 0.095333 0.473333
414 57.565000 0.490000 0.100667 0.513333
101 57.690000 0.510000 0.166667 0.833333
506 57.784667 0.508333 0.041333 0.463333
530 57.843000 0.500000 0.095333 0.446667
645 57.914667 0.493333 0.068000 0.306667
752 57.970667 0.491667 0.058667 0.156667
22 58.054333 0.500000 0.123333 0.413333
934 58.132333 0.498333 0.046000 0.363333
912 58.194000 0.500000 0.092000 0.400000
238 58.295667 0.506667 0.131333 0.520000
718 58.444667 0.493333 0.186667 0.933333
444 58.557000 0.506667 0.056667 0.313333
824 58.617667 0.488333 0.084667 0.356667
505 58.685667 0.493333 0.068667 0.286667
898 58.809000 0.495000 0.191333 0.956667
362 59.000667 0.493333 0.212000 1.060000
209 59.214000 0.496667 0.229333 1.146667
436 59.381667 0.490000 0.124667 0.313333
872 59.503000 0.491667 0.131333 0.383333
487 59.599667 0.510000 0.078000 0.400000
478 59.664667 0.493333 0.068000 0.360000
780 59.751667 0.500000 0.120667 0.346667
907 59.861333 0.506667 0.114667 0.380000
804 59.983333 0.496667 0.142667 0.413333
200 60.095333 0.493333 0.097333 0.386667
423 60.197333 0.506667 0.124000 0.386667
706 60.292667 0.503333 0.080000 0.433333
849 60.375000 0.501667 0.100667 0.450000
597 60.475333 0.501667 0.120000 0.363333
416 60.576000 0.508333 0.096000 0.470000
737 60.637333 0.501667 0.042667 0.296667
755 60.723000 0.500000 0.147333 0.433333
648 60.832000 0.496667 0.085333 0.360000
548 60.943000 0.510000 0.155333 0.486667
357 61.079333 0.491667 0.130667 0.390000
77 61.199667 0.490000 0.126000 0.313333
431 61.314667 0.508333 0.117333 0.403333
462 61.396667 0.488333 0.062667 0.356667
569 61.474667 0.491667 0.112000 0.456667
135 61.574667 0.491667 0.104000 0.303333
726 61.662000 0.508333 0.090667 0.470000
819 61.763000 0.495000 0.131333 0.356667
428 61.853333 0.505000 0.069333 0.456667
910 61.946000 0.490000 0.132000 0.426667
507 62.038000 0.495000 0.069333 0.383333
475 62.092667 0.498333 0.060000 0.316667
479 62.139333 0.491667 0.053333 0.316667
82 62.191000 0.506667 0.064667 0.440000
409 62.276333 0.500000 0.124667 0.633333
15 62.383000 0.491667 0.102000 0.336667
841 62.467667 0.498333 0.082000 0.370000
616 62.590333 0.491667 0.180667 0.903333
940 62.693333 0.491667 0.044000 0.336667
149 62.775667 0.508333 0.136667 0.383333
433 62.915333 0.496667 0.157333 0.313333
586 63.057333 0.508333 0.144000 0.430000
976 63.138000 0.496667 0.036000 0.266667
967 63.168667 0.495000 0.045333 0.363333
812 63.246000 0.505000 0.129333 0.463333
545 63.345667 0.501667 0.088667 0.343333
484 63.432000 0.496667 0.098667 0.346667
321 63.519000 0.503333 0.094000 0.380000
914 63.607333 0.498333 0.098667 0.296667
657 63.697333 0.510000 0.098667 0.393333
669 63.797000 0.510000 0.118000 0.386667
1012 63.865333 0.495000 0.038667 0.290000
121 63.885000 0.498333 0.016667 0.303333
228 63.934667 0.506667 0.102667 0.413333
830 64.031000 0.508333 0.103333 0.423333
130 64.161667 0.508333 0.174000 0.370000
608 64.297667 0.503333 0.112667 0.386667
704 64.406333 0.501667 0.122000 0.416667
339 64.506333 0.498333 0.092667 0.476667
340 64.608667 0.500000 0.129333 0.386667
283 64.720667 0.495000 0.108000 0.370000
418 64.815000 0.498333 0.099333 0.476667
546 64.909000 0.498333 0.104667 0.410000
682 65.006000 0.490000 0.104000 0.393333
442 65.083667 0.498333 0.066000 0.336667
543 65.177333 0.498333 0.138667 0.443333
617 65.298000 0.501667 0.117333 0.516667
407 65.397000 0.490000 0.096667 0.360000
703 65.525000 0.501667 0.176667 0.883333
683 65.667333 0.508333 0.124000 0.376667
298 65.767333 0.510000 0.090667 0.466667
318 65.843667 0.500000 0.080667 0.360000
649 65.917667 0.493333 0.082000 0.426667
661 65.997333 0.508333 0.094667 0.356667
667 66.099333 0.506667 0.128000 0.453333
468 66.183667 0.503333 0.060667 0.353333
935 66.227667 0.505000 0.046000 0.343333
278 66.307000 0.506667 0.127333 0.373333
461 66.396667 0.498333 0.068000 0.343333
684 66.489000 0.498333 0.131333 0.470000
87 66.622667 0.493333 0.156000 0.780000
306 66.725667 0.501667 0.063333 0.350000
379 66.832333 0.506667 0.163333 0.473333
18 66.946000 0.510000 0.081333 0.293333
641 67.024333 0.491667 0.094000 0.430000
624 67.149000 0.505000 0.174000 0.870000
391 67.337667 0.495000 0.219333 1.096667
937 67.456667 0.498333 0.037333 0.270000
675 67.532000 0.498333 0.132000 0.456667
114 67.633333 0.496667 0.089333 0.440000
516 67.731667 0.500000 0.126000 0.413333
267 67.871000 0.510000 0.171333 0.520000
163 68.008333 0.500000 0.120667 0.426667
19 68.115333 0.505000 0.110667 0.390000
592 68.234667 0.490000 0.148000 0.426667
614 68.391333 0.490000 0.178667 0.453333
227 68.530667 0.503333 0.120000 0.486667
602 68.637000 0.505000 0.106000 0.316667
167 68.737000 0.491667 0.108667 0.396667
749 68.827667 0.500000 0.088667 0.373333
955 68.883333 0.510000 0.040000 0.293333
874 68.940333 0.498333 0.087333 0.423333
762 69.019667 0.506667 0.086000 0.380000
979 69.077000 0.496667 0.046000 0.346667
451 69.126000 0.496667 0.072000 0.433333
855 69.192667 0.510000 0.081333 0.206667
108 69.328333 0.498333 0.204667 0.436667
454 69.458667 0.495000 0.069333 0.370000
858 69.540667 0.500000 0.112000 0.346667
180 69.651000 0.488333 0.127333 0.456667
576 69.760667 0.495000 0.106667 0.416667
39 69.868000 0.498333 0.125333 0.476667
113 69.964000 0.503333 0.081333 0.393333
157 70.069667 0.488333 0.150000 0.610000
446 70.182667 0.491667 0.090667 0.463333
558 70.255333 0.508333 0.070667 0.343333
524 70.337667 0.495000 0.108667 0.336667
965 70.401667 0.500000 0.039333 0.313333
644 70.459667 0.501667 0.094000 0.436667
709 70.545667 0.493333 0.098000 0.406667
514 70.647333 0.495000 0.118667 0.396667
171 70.784333 0.491667 0.170000 0.850000
55 70.928000 0.496667 0.130667 0.340000
857 71.099000 0.488333 0.230000 0.496667
457 71.244333 0.488333 0.074000 0.390000
959 71.293333 0.493333 0.037333 0.273333
610 71.369667 0.503333 0.135333 0.420000
1021 71.449000 0.500000 0.043333 0.353333
951 71.484333 0.496667 0.042000 0.313333
84 71.552000 0.500000 0.113333 0.326667
549 71.655000 0.505000 0.106000 0.356667
302 71.740667 0.498333 0.080000 0.450000
744 71.843667 0.496667 0.142000 0.580000
459 71.934000 0.493333 0.056000 0.286667
801 71.992000 0.488333 0.078667 0.316667
208 72.068667 0.490000 0.088000 0.440000
806 72.200000 0.490000 0.194667 0.973333
875 72.350000 0.496667 0.124000 0.300000
310 72.431667 0.503333 0.058000 0.326667
400 72.476667 0.508333 0.049333 0.423333
201 72.558333 0.503333 0.127333 0.540000
784 72.642667 0.495000 0.057333 0.463333
992 72.685000 0.490000 0.043333 0.346667
80 72.744333 0.498333 0.090000 0.450000
37 72.836000 0.505000 0.112000 0.363333
700 72.935000 0.506667 0.106000 0.433333
432 73.059000 0.490000 0.155333 0.300000
807 73.240333 0.505000 0.227333 1.136667
528 73.413000 0.488333 0.135333 0.456667
173 73.523333 0.506667 0.105333 0.480000
473 73.610000 0.506667 0.084000 0.433333
344 73.699667 0.506667 0.114000 0.346667
651 73.831667 0.500000 0.164667 0.540000
746 73.985667 0.510000 0.159333 0.466667
221 74.106333 0.490000 0.100667 0.420000
960 74.172000 0.488333 0.049333 0.370000
913 74.252333 0.506667 0.128667 0.386667
240 74.350667 0.493333 0.081333 0.420000
349 74.438667 0.496667 0.114667 0.306667
958 74.507000 0.500000 0.042000 0.346667
334 74.601667 0.503333 0.167333 0.506667
629 74.765333 0.498333 0.178667 0.603333
134 74.910000 0.506667 0.124000 0.413333
426 74.993667 0.503333 0.063333 0.360000
422 75.058667 0.508333 0.084000 0.323333
630 75.169333 0.493333 0.153333 0.513333
122 75.288667 0.498333 0.105333 0.383333
268 75.440333 0.505000 0.215333 1.076667
350 75.607667 0.488333 0.139333 0.423333
140 75.781667 0.498333 0.228667 1.143333
693 75.923333 0.495000 0.072000 0.350000
449 75.989000 0.490000 0.074000 0.400000
557 76.050667 0.503333 0.069333 0.480000
440 76.111667 0.503333 0.072667 0.373333
364 76.227667 0.498333 0.174000 0.870000
1013 76.323000 0.498333 0.032667 0.256667
403 76.415333 0.491667 0.170667 0.510000
51 76.549000 0.505000 0.112667 0.363333
376 76.660333 0.493333 0.123333 0.366667
253 76.745333 0.493333 0.065333 0.560000
869 76.816000 0.510000 0.089333 0.513333
550 76.889667 0.495000 0.074000 0.370000
652 76.985000 0.503333 0.136667 0.460000
984 77.067333 0.505000 0.042667 0.343333
712 77.161667 0.498333 0.160667 0.803333
245 77.258000 0.501667 0.046667 0.290000
906 77.341333 0.501667 0.136000 0.376667
950 77.418000 0.510000 0.033333 0.260000
894 77.510667 0.490000 0.166667 0.833333
124 77.642000 0.493333 0.109333 0.380000
903 77.765667 0.493333 0.151333 0.446667
453 77.871333 0.505000 0.073333 0.390000
272 77.992000 0.493333 0.188000 0.533333
840 78.126333 0.490000 0.100667 0.413333
517 78.224333 0.493333 0.112667 0.353333
520 78.323667 0.501667 0.106000 0.343333
1017 78.390667 0.503333 0.044000 0.340000
862 78.443333 0.498333 0.080000 0.370000
820 78.525333 0.501667 0.098667 0.416667
943 78.584000 0.510000 0.033333 0.280000
232 78.640667 0.488333 0.097333 0.396667
631 78.773333 0.493333 0.181333 0.906667
975 78.875667 0.495000 0.042000 0.310000
257 78.951000 0.496667 0.122000 0.380000
591 79.065667 0.505000 0.127333 0.363333
618 79.158000 0.496667 0.074667 0.486667
41 79.257667 0.500000 0.139333 0.393333
1014 79.337667 0.498333 0.040667 0.303333
352 79.459000 0.495000 0.215333 1.076667
175 79.660000 0.493333 0.206667 1.033333
237 79.796333 0.510000 0.080667 0.586667
596 79.881667 0.495000 0.103333 0.310000
213 79.975667 0.510000 0.100667 0.493333
902 80.106000 0.493333 0.180000 0.900000
91 80.278333 0.495000 0.184667 0.923333
196 80.406333 0.496667 0.088667 0.446667
25 80.497667 0.500000 0.111333 0.406667
482 80.574333 0.495000 0.062000 0.316667
389 80.699667 0.491667 0.208667 1.043333
65 80.836333 0.503333 0.084667 0.213333
800 80.919000 0.490000 0.095333 0.360000
277 80.993667 0.491667 0.068667 0.330000
467 81.048333 0.506667 0.056667 0.300000
794 81.106667 0.490000 0.080000 0.493333
102 81.230667 0.503333 0.186667 0.400000
885 81.362333 0.505000 0.091333 0.410000
620 81.508000 0.506667 0.218667 1.093333
265 81.666333 0.495000 0.116667 0.443333
739 81.747667 0.501667 0.064667 0.530000
632 81.850667 0.503333 0.154667 0.773333
483 81.949667 0.491667 0.056667 0.316667
384 82.048667 0.488333 0.156000 0.456667
474 82.152667 0.496667 0.072000 0.433333
767 82.231000 0.491667 0.099333 0.296667
588 82.315000 0.498333 0.084667 0.383333
184 82.407333 0.501667 0.118667 0.523333
1003 82.479000 0.491667 0.040667 0.296667
387 82.550667 0.496667 0.117333 0.353333
747 82.644667 0.498333 0.090667 0.370000
176 82.740667 0.493333 0.116000 0.440000
790 82.828333 0.493333 0.072667 0.440000
509 82.903000 0.496667 0.096667 0.300000
670 82.990000 0.505000 0.096000 0.310000
366 83.094333 0.491667 0.131333 0.410000
606 83.221333 0.495000 0.136000 0.403333
1005 83.300333 0.506667 0.040667 0.340000
424 83.372000 0.493333 0.118667 0.373333
327 83.485333 0.501667 0.122667 0.396667
754 83.602333 0.495000 0.127333 0.616667
435 83.686000 0.501667 0.057333 0.310000
78 83.788000 0.496667 0.165333 0.393333
274 83.909000 0.505000 0.091333 0.430000
953 83.968333 0.505000 0.040667 0.303333
926 83.999000 0.503333 0.039333 0.286667
12 84.054333 0.488333 0.090000 0.303333
137 84.123000 0.510000 0.060667 0.300000
404 84.194000 0.491667 0.097333 0.483333
320 84.295000 0.490000 0.122000 0.353333
289 84.437000 0.490000 0.182000 0.346667
56 84.560000 0.501667 0.084000 0.123333
768 84.629000 0.501667 0.067333 0.170000
417 84.693667 0.503333 0.078000 0.373333
94 84.833000 0.501667 0.220667 0.470000
877 84.975000 0.501667 0.076667 0.370000
270 85.112333 0.501667 0.215333 1.076667
358 85.278333 0.498333 0.131333 0.376667
962 85.356000 0.496667 0.040000 0.300000
567 85.427000 0.498333 0.115333 0.463333
112 85.545000 0.505000 0.138000 0.463333
554 85.660667 0.505000 0.109333 0.316667
851 85.760333 0.493333 0.104667 0.426667
598 85.871667 0.508333 0.131333 0.396667
870 85.962667 0.510000 0.066667 0.313333
36 86.049333 0.506667 0.121333 0.400000
686 86.144667 0.495000 0.085333 0.416667
1009 86.205000 0.488333 0.051333 0.376667
696 86.301000 0.508333 0.159333 0.363333
930 86.394333 0.495000 0.042000 0.336667
961 86.430000 0.500000 0.042667 0.333333
107 86.556333 0.508333 0.227333 0.490000
299 86.704000 0.510000 0.081333 0.313333
76 86.792000 0.503333 0.112000 0.346667
412 86.884000 0.503333 0.088000 0.460000
944 86.943000 0.503333 0.050000 0.373333
17 87.007667 0.510000 0.098000 0.346667
24 87.118333 0.501667 0.140667 0.476667
556 87.230333 0.493333 0.098000 0.400000
799 87.310333 0.490000 0.082000 0.300000
750 87.390333 0.510000 0.092667 0.340000
989 87.450667 0.510000 0.045333 0.360000
1006 87.488000 0.500000 0.044000 0.346667
138 87.542667 0.490000 0.078667 0.453333
605 87.645333 0.505000 0.140000 0.376667
110 87.758000 0.495000 0.105333 0.376667
96 87.880667 0.510000 0.156000 0.780000
359 88.014667 0.508333 0.130667 0.396667
555 88.090667 0.508333 0.038667 0.370000
282 88.169333 0.503333 0.136000 0.466667
603 88.301667 0.488333 0.148667 0.356667
2 88.407667 0.495000 0.079333 0.396667
668 88.498667 0.501667 0.120000 0.436667
396 88.613667 0.503333 0.130000 0.380000
817 88.726667 0.491667 0.116000 0.323333
411 88.850000 0.488333 0.150667 0.290000
165 88.965000 0.490000 0.095333 0.366667
811 89.059333 0.510000 0.108000 0.393333
153 89.156000 0.506667 0.098667 0.440000
551 89.250000 0.500000 0.106667 0.340000
939 89.312667 0.491667 0.036000 0.283333
419 89.372000 0.501667 0.098667 0.483333
540 89.496667 0.496667 0.166667 0.606667
471 89.600000 0.495000 0.054667 0.303333
564 89.708667 0.505000 0.180000 0.370000
878 89.838667 0.498333 0.096000 0.490000
341 89.925000 0.488333 0.092667 0.423333
43 90.020333 0.503333 0.111333 0.446667
654 90.159000 0.491667 0.182000 0.910000
58 90.266667 0.503333 0.053333 0.240000
46 90.318333 0.488333 0.067333 0.536667
496 90.404667 0.503333 0.125333 0.526667
964 90.477667 0.510000 0.034000 0.280000
968 90.506667 0.506667 0.041333 0.300000
917 90.538000 0.493333 0.040000 0.293333
390 90.623667 0.501667 0.150000 0.443333
845 90.748000 0.508333 0.113333 0.496667
500 90.841667 0.498333 0.090000 0.396667
757 90.939667 0.501667 0.126000 0.383333
476 91.025000 0.498333 0.060667 0.310000
297 91.078667 0.501667 0.065333 0.356667
924 91.123000 0.488333 0.038000 0.310000
229 91.228667 0.506667 0.188000 0.940000
430 91.380667 0.491667 0.129333 0.556667
231 91.479333 0.490000 0.082667 0.420000
823 91.573000 0.501667 0.118000 0.510000
650 91.690667 0.490000 0.130667 0.420000
729 91.759333 0.505000 0.026667 0.343333
568 91.808000 0.488333 0.086667 0.436667
957 91.864333 0.501667 0.046000 0.363333
796 91.941667 0.510000 0.123333 0.460000
361 92.073333 0.491667 0.156000 0.436667
143 92.182333 0.503333 0.082000 0.440000
188 92.261000 0.508333 0.092667 0.390000
1007 92.319667 0.493333 0.042000 0.313333
214 92.394333 0.493333 0.127333 0.533333
707 92.499667 0.500000 0.096667 0.433333
562 92.605000 0.490000 0.132667 0.273333
871 92.695667 0.510000 0.062000 0.333333
50 92.794000 0.493333 0.148000 0.480000
258 92.908667 0.505000 0.100000 0.336667
305 92.980333 0.503333 0.058000 0.326667
1001 93.017667 0.501667 0.036667 0.290000
95 93.133667 0.496667 0.215333 0.453333
336 93.274000 0.491667 0.084000 0.396667
421 93.372000 0.501667 0.132000 0.390000
866 93.499000 0.498333 0.139333 0.390000
735 93.627667 0.493333 0.135333 0.533333
286 93.734667 0.488333 0.097333 0.350000
873 93.829000 0.496667 0.107333 0.473333
561 93.953000 0.508333 0.155333 0.376667
938 94.043333 0.508333 0.044000 0.350000
544 94.109667 0.508333 0.102000 0.416667
106 94.244667 0.496667 0.185333 0.926667
589 94.389000 0.496667 0.119333 0.480000
347 94.495333 0.506667 0.109333 0.313333
104 94.634667 0.491667 0.185333 0.396667
542 94.767667 0.501667 0.100667 0.396667
988 94.828000 0.510000 0.036000 0.273333
463 94.872000 0.506667 0.066667 0.360000
759 94.970667 0.498333 0.144000 0.416667
256 95.081667 0.506667 0.091333 0.306667
863 95.173000 0.510000 0.106000 0.506667
587 95.295333 0.510000 0.157333 0.786667
879 95.421667 0.503333 0.114000 0.360000
792 95.525667 0.495000 0.110000 0.450000
10 95.619000 0.501667 0.095333 0.330000
690 95.697667 0.508333 0.076667 0.370000
727 95.767667 0.501667 0.076667 0.343333
98 95.895667 0.488333 0.198000 0.990000
890 96.048000 0.493333 0.120000 0.493333
275 96.131333 0.508333 0.062667 0.370000
843 96.203333 0.501667 0.096000 0.463333
109 96.345333 0.493333 0.206667 0.440000
599 96.495000 0.505000 0.108667 0.330000
921 96.579000 0.506667 0.072667 0.426667
825 96.649667 0.488333 0.087333 0.396667
66 96.731000 0.506667 0.090000 0.540000
846 96.808333 0.510000 0.082000 0.366667
831 96.884333 0.506667 0.087333 0.366667
54 96.952667 0.496667 0.068000 0.373333
623 97.074000 0.506667 0.190667 0.626667
345 97.231667 0.505000 0.139333 0.390000
978 97.313000 0.503333 0.038000 0.313333
867 97.373667 0.493333 0.100667 0.333333
770 97.505333 0.500000 0.182667 0.913333
539 97.624667 0.495000 0.074667 0.350000
81 97.709000 0.491667 0.110000 0.443333
160 97.796000 0.503333 0.084000 0.433333
31 97.902000 0.508333 0.146667 0.423333
997 97.985000 0.495000 0.038000 0.276667
1015 98.014333 0.501667 0.038000 0.283333
892 98.095000 0.500000 0.140667 0.406667
133 98.213667 0.505000 0.115333 0.503333
705 98.331667 0.508333 0.138000 0.430000
856 98.461333 0.490000 0.134667 0.333333
182 98.611667 0.488333 0.182000 0.910000
16 98.752333 0.496667 0.115333 0.420000
601 98.860667 0.498333 0.116000 0.343333
734 98.995000 0.510000 0.172667 0.453333
977 99.092333 0.503333 0.035333 0.273333
97 99.194667 0.506667 0.186667 0.933333
394 99.359667 0.498333 0.158000 0.450000
99 99.517667 0.495000 0.176667 0.383333
33 99.653000 0.496667 0.108667 0.346667
356 99.756333 0.488333 0.116667 0.343333
611 99.849667 0.490000 0.088667 0.326667
269 99.966667 0.490000 0.162667 0.506667
170 100.104333 0.510000 0.132667 0.486667
156 100.225333 0.493333 0.124000 0.306667
915 100.322333 0.493333 0.087333 0.713333
868 100.405333 0.495000 0.098667 0.563333
585 100.520000 0.501667 0.146667 0.463333
480 100.624667 0.503333 0.078667 0.400000
279 100.711000 0.505000 0.110000 0.643333
224 100.799667 0.500000 0.080667 0.386667
765 100.864333 0.491667 0.068667 0.363333
323 100.972333 0.490000 0.167333 0.326667
998 101.070333 0.488333 0.042000 0.336667
147 101.127000 0.508333 0.090000 0.383333
987 101.177667 0.508333 0.031333 0.256667
891 101.211333 0.500000 0.050667 0.260000
23 101.318000 0.506667 0.181333 0.520000
502 101.444333 0.508333 0.090000 0.396667
115 101.512000 0.495000 0.061333 0.296667
477 101.570000 0.505000 0.073333 0.403333
57 101.618667 0.506667 0.042667 0.260000
219 101.722667 0.510000 0.178667 0.893333
243 101.868667 0.505000 0.132000 0.430000
493 101.962333 0.491667 0.068667 0.303333
983 102.007333 0.495000 0.036000 0.270000
363 102.076000 0.500000 0.120000 0.346667
128 102.213000 0.496667 0.174000 0.526667
996 102.311000 0.496667 0.040667 0.300000
922 102.343000 0.503333 0.038000 0.293333
351 102.425667 0.493333 0.143333 0.386667
920 102.542667 0.501667 0.108000 0.383333
88 102.676000 0.491667 0.177333 0.383333
315 102.808667 0.493333 0.105333 0.393333
296 102.900333 0.498333 0.095333 0.343333
332 103.035333 0.493333 0.194667 0.973333
852 103.180000 0.488333 0.109333 0.450000
