569 0.053000 0.496667 0.099333 0.406667
873 0.135000 0.503333 0.080667 0.360000
700 0.261667 0.495000 0.191333 0.956667
281 0.404000 0.501667 0.106667 0.363333
432 0.516333 0.510000 0.136667 0.300000
579 0.653333 0.510000 0.154667 0.393333
329 0.828000 0.508333 0.213333 0.783333
424 0.995667 0.493333 0.138000 0.433333
933 1.075667 0.498333 0.039333 0.290000
116 1.166667 0.496667 0.157333 0.466667
180 1.288667 0.501667 0.101333 0.376667
453 1.363667 0.496667 0.067333 0.346667
660 1.442333 0.501667 0.104667 0.363333
395 1.558333 0.510000 0.143333 0.386667
605 1.696000 0.493333 0.148000 0.386667
1021 1.781000 0.510000 0.040667 0.333333
370 1.850333 0.490000 0.115333 0.320000
789 1.933000 0.501667 0.068667 0.423333
448 1.994000 0.488333 0.072000 0.410000
371 2.134333 0.508333 0.226000 1.130000
81 2.282000 0.505000 0.086667 0.350000
948 2.331333 0.498333 0.030667 0.250000
191 2.400667 0.498333 0.122667 0.496667
708 2.497667 0.501667 0.091333 0.423333
626 2.642000 0.500000 0.216000 1.080000
426 2.765667 0.500000 0.051333 0.313333
872 2.842000 0.491667 0.117333 0.336667
556 2.951667 0.498333 0.120667 0.510000
313 3.051000 0.496667 0.098000 0.333333
792 3.150333 0.505000 0.116667 0.483333
472 3.240333 0.491667 0.078000 0.396667
150 3.326667 0.503333 0.112000 0.446667
634 3.409667 0.488333 0.071333 0.296667
848 3.487667 0.496667 0.103333 0.326667
222 3.579000 0.495000 0.098000 0.403333
855 3.664333 0.501667 0.086000 0.223333
592 3.767333 0.505000 0.134667 0.396667
57 3.857667 0.491667 0.063333 0.356667
374 3.951667 0.495000 0.143333 0.410000
550 4.052000 0.491667 0.073333 0.363333
857 4.162333 0.503333 0.160667 0.340000
317 4.289667 0.496667 0.111333 0.413333
738 4.374667 0.506667 0.076000 0.373333
981 4.423667 0.508333 0.042000 0.323333
601 4.491000 0.505000 0.111333 0.343333
666 4.604333 0.501667 0.130000 0.430000
651 4.749333 0.493333 0.176000 0.880000
574 4.877000 0.506667 0.096667 0.386667
128 4.997000 0.505000 0.156667 0.783333
841 5.119667 0.510000 0.102000 0.453333
749 5.216000 0.506667 0.108000 0.433333
5 5.299667 0.510000 0.078000 0.360000
299 5.380667 0.491667 0.100000 0.390000
960 5.442000 0.500000 0.037333 0.286667
838 5.501333 0.505000 0.094667 0.383333
629 5.636333 0.508333 0.194000 0.656667
143 5.777333 0.506667 0.108000 0.460000
766 5.892333 0.510000 0.139333 0.406667
73 6.035667 0.501667 0.163333 0.523333
1013 6.124667 0.493333 0.029333 0.246667
608 6.180667 0.508333 0.101333 0.336667
583 6.251000 0.490000 0.056667 0.340000
878 6.320333 0.491667 0.095333 0.490000
58 6.398000 0.508333 0.073333 0.296667
327 6.496000 0.501667 0.137333 0.363333
953 6.573333 0.500000 0.037333 0.306667
643 6.625333 0.500000 0.084000 0.313333
14 6.700333 0.508333 0.086000 0.310000
963 6.754667 0.500000 0.036000 0.300000
50 6.841667 0.488333 0.151333 0.510000
450 6.945667 0.491667 0.070000 0.363333
637 7.004000 0.495000 0.064000 0.336667
121 7.038000 0.501667 0.021333 0.383333
140 7.100667 0.510000 0.121333 0.660000
995 7.170667 0.501667 0.034667 0.290000
177 7.231333 0.496667 0.106667 0.373333
1015 7.296667 0.500000 0.038667 0.306667
95 7.424667 0.498333 0.232000 0.496667
887 7.600667 0.498333 0.137333 0.416667
674 7.713667 0.496667 0.103333 0.380000
82 7.787333 0.510000 0.060000 0.460000
786 7.841667 0.493333 0.068667 0.426667
661 7.913000 0.500000 0.092667 0.353333
632 8.037000 0.491667 0.172667 0.570000
961 8.136667 0.508333 0.044000 0.343333
90 8.267667 0.508333 0.238000 0.503333
536 8.486000 0.503333 0.217333 1.086667
351 8.679333 0.506667 0.185333 0.926667
16 8.811000 0.496667 0.096667 0.346667
882 8.895667 0.496667 0.090000 0.353333
342 8.972333 0.490000 0.078000 0.346667
715 9.102667 0.495000 0.196000 0.623333
232 9.253667 0.490000 0.120667 0.520000
307 9.333000 0.501667 0.058000 0.330000
630 9.436667 0.490000 0.169333 0.566667
398 9.554333 0.500000 0.086000 0.453333
640 9.620000 0.505000 0.065333 0.330000
814 9.708667 0.498333 0.126667 0.383333
402 9.846000 0.508333 0.166667 0.430000
361 9.988667 0.505000 0.138667 0.430000
678 10.096333 0.508333 0.094000 0.356667
98 10.240000 0.490000 0.206667 0.446667
920 10.396333 0.508333 0.119333 0.450000
8 10.503333 0.500000 0.109333 0.433333
466 10.583667 0.508333 0.071333 0.370000
235 10.676000 0.505000 0.128000 0.510000
718 10.821333 0.490000 0.180000 0.900000
935 10.923333 0.501667 0.041333 0.296667
897 10.994333 0.501667 0.119333 0.363333
210 11.099667 0.500000 0.106000 0.533333
443 11.177333 0.505000 0.065333 0.350000
183 11.255333 0.501667 0.110667 0.543333
142 11.348667 0.498333 0.096000 0.403333
568 11.440333 0.500000 0.102000 0.513333
487 11.517667 0.491667 0.072667 0.370000
138 11.583667 0.495000 0.075333 0.423333
55 11.682333 0.505000 0.136667 0.370000
1017 11.764667 0.493333 0.048000 0.360000
849 11.833333 0.505000 0.109333 0.510000
825 11.933333 0.498333 0.105333 0.456667
430 12.022000 0.498333 0.085333 0.363333
732 12.093667 0.508333 0.071333 0.350000
236 12.165000 0.505000 0.091333 0.363333
239 12.260667 0.505000 0.118667 0.743333
658 12.340667 0.495000 0.061333 0.356667
1005 12.386667 0.510000 0.044000 0.333333
213 12.454000 0.495000 0.104000 0.416667
500 12.540333 0.495000 0.088667 0.396667
78 12.677333 0.510000 0.204000 1.020000
45 12.804667 0.510000 0.065333 0.326667
125 12.890667 0.491667 0.120000 0.510000
685 12.980333 0.508333 0.079333 0.316667
791 13.049333 0.506667 0.078667 0.480000
798 13.136333 0.498333 0.110000 0.443333
303 13.217000 0.501667 0.070000 0.390000
725 13.309667 0.503333 0.131333 0.560000
38 13.432000 0.488333 0.128000 0.430000
386 13.557667 0.501667 0.136667 0.376667
813 13.683333 0.491667 0.129333 0.450000
1023 13.755000 0.490000 0.034000 0.280000
856 13.835000 0.500000 0.142000 0.346667
302 13.937000 0.498333 0.076667 0.423333
113 14.046333 0.498333 0.158000 0.790000
615 14.165667 0.490000 0.098000 0.453333
652 14.272000 0.505000 0.132000 0.450000
728 14.360000 0.508333 0.062667 0.550000
462 14.417667 0.493333 0.071333 0.373333
815 14.507000 0.505000 0.122000 0.376667
190 14.615333 0.498333 0.109333 0.436667
739 14.697333 0.490000 0.070667 0.513333
111 14.764000 0.500000 0.077333 0.366667
532 14.843000 0.498333 0.100667 0.516667
49 14.990000 0.501667 0.209333 1.043333
404 15.139667 0.496667 0.108667 0.540000
992 15.205667 0.500000 0.040667 0.313333
409 15.265333 0.501667 0.092000 0.463333
383 15.376333 0.488333 0.146000 0.410000
273 15.469333 0.508333 0.058667 0.390000
185 15.570667 0.506667 0.162667 0.813333
200 15.701667 0.495000 0.119333 0.476667
509 15.809667 0.508333 0.111333 0.370000
162 15.920333 0.503333 0.130000 0.453333
405 16.030333 0.510000 0.107333 0.406667
379 16.136667 0.488333 0.120000 0.330000
13 16.245667 0.490000 0.114000 0.373333
336 16.358000 0.510000 0.125333 0.606667
519 16.491667 0.495000 0.158000 0.790000
673 16.616333 0.508333 0.107333 0.410000
396 16.764333 0.508333 0.203333 1.016667
958 16.880000 0.508333 0.046667 0.350000
188 16.955667 0.498333 0.123333 0.503333
847 17.070667 0.493333 0.126667 0.406667
485 17.161667 0.498333 0.071333 0.370000
173 17.236000 0.506667 0.092000 0.420000
668 17.338333 0.493333 0.127333 0.426667
570 17.441333 0.510000 0.092000 0.386667
603 17.586667 0.506667 0.218667 1.093333
263 17.772667 0.503333 0.173333 0.866667
648 17.886667 0.501667 0.072000 0.323333
717 18.013667 0.488333 0.198000 0.523333
558 18.147333 0.493333 0.089333 0.440000
704 18.248000 0.501667 0.130667 0.423333
748 18.362667 0.506667 0.116000 0.426667
620 18.471667 0.505000 0.119333 0.523333
622 18.623333 0.490000 0.201333 1.006667
582 18.777333 0.501667 0.121333 0.450000
296 18.878000 0.488333 0.097333 0.363333
951 18.942000 0.510000 0.049333 0.360000
751 19.018000 0.508333 0.116000 0.496667
439 19.130667 0.493333 0.124000 0.486667
114 19.224667 0.500000 0.084000 0.413333
339 19.309000 0.488333 0.104667 0.556667
493 19.401667 0.496667 0.094000 0.420000
152 19.473333 0.503333 0.065333 0.320000
279 19.548333 0.503333 0.098000 0.566667
703 19.637667 0.491667 0.098000 0.363333
444 19.721667 0.498333 0.086000 0.436667
219 19.801000 0.490000 0.088667 0.420000
259 19.885667 0.501667 0.098000 0.490000
413 19.997667 0.490000 0.139333 0.573333
993 20.077667 0.505000 0.034000 0.283333
425 20.141667 0.496667 0.108667 0.606667
707 20.244667 0.503333 0.116000 0.473333
986 20.318333 0.498333 0.046000 0.363333
711 20.424667 0.510000 0.181333 0.553333
182 20.580667 0.506667 0.144000 0.546667
364 20.732333 0.496667 0.178000 0.393333
968 20.827667 0.495000 0.031333 0.270000
712 20.912667 0.496667 0.154667 0.773333
697 21.073333 0.503333 0.182667 0.913333
502 21.192333 0.503333 0.070000 0.313333
221 21.269667 0.501667 0.104667 0.436667
930 21.335667 0.500000 0.043333 0.313333
12 21.393667 0.501667 0.087333 0.310000
943 21.445667 0.506667 0.036667 0.273333
790 21.495000 0.500000 0.079333 0.486667
952 21.549667 0.498333 0.043333 0.356667
452 21.592667 0.508333 0.056000 0.330000
916 21.692000 0.503333 0.162667 0.813333
63 21.823333 0.506667 0.114667 0.413333
499 21.902333 0.493333 0.060667 0.353333
199 21.983333 0.503333 0.114667 0.460000
1002 22.048333 0.493333 0.035333 0.280000
272 22.147000 0.490000 0.176667 0.520000
827 22.275000 0.500000 0.092667 0.406667
735 22.387333 0.491667 0.145333 0.590000
971 22.468000 0.488333 0.033333 0.270000
318 22.517000 0.510000 0.080667 0.406667
170 22.607000 0.510000 0.114000 0.393333
46 22.680000 0.488333 0.050667 0.416667
779 22.718333 0.493333 0.042000 0.380000
212 22.784000 0.506667 0.108000 0.526667
175 22.891000 0.490000 0.123333 0.466667
423 23.005333 0.503333 0.120000 0.413333
607 23.110000 0.491667 0.108000 0.323333
174 23.217333 0.488333 0.125333 0.470000
850 23.332000 0.488333 0.121333 0.496667
353 23.448333 0.500000 0.131333 0.360000
547 23.543667 0.506667 0.078000 0.446667
115 23.600333 0.496667 0.055333 0.266667
1004 23.636000 0.488333 0.033333 0.256667
431 23.695000 0.498333 0.100667 0.343333
214 23.798333 0.495000 0.120667 0.490000
316 23.899000 0.496667 0.100667 0.360000
123 23.993333 0.510000 0.108000 0.693333
969 24.065000 0.508333 0.050000 0.370000
11 24.128333 0.505000 0.094000 0.323333
187 24.216667 0.488333 0.096000 0.396667
135 24.318000 0.506667 0.121333 0.360000
293 24.410667 0.488333 0.077333 0.303333
211 24.491667 0.505000 0.100667 0.416667
604 24.580667 0.491667 0.097333 0.290000
624 24.716000 0.508333 0.193333 0.650000
566 24.859333 0.510000 0.109333 0.446667
363 25.010667 0.506667 0.212000 1.060000
47 25.163667 0.491667 0.112667 0.523333
925 25.236333 0.495000 0.047333 0.356667
102 25.341667 0.496667 0.176667 0.373333
905 25.503333 0.490000 0.161333 0.520000
75 25.652333 0.508333 0.156667 0.503333
103 25.839333 0.506667 0.232000 0.506667
321 25.983000 0.493333 0.075333 0.353333
641 26.054667 0.488333 0.081333 0.390000
830 26.130667 0.495000 0.090667 0.403333
270 26.266333 0.495000 0.200667 0.596667
800 26.415667 0.493333 0.114000 0.440000
459 26.501667 0.495000 0.076667 0.396667
486 26.560333 0.490000 0.058000 0.333333
683 26.638667 0.510000 0.113333 0.313333
384 26.746667 0.488333 0.122667 0.376667
720 26.910667 0.490000 0.218667 1.093333
512 27.069000 0.508333 0.112667 0.396667
877 27.163333 0.506667 0.089333 0.433333
406 27.239667 0.510000 0.083333 0.326667
288 27.325667 0.488333 0.108667 0.410000
633 27.452333 0.498333 0.163333 0.483333
879 27.600667 0.490000 0.152000 0.486667
85 27.712000 0.493333 0.090667 0.353333
468 27.777333 0.488333 0.058667 0.316667
976 27.811667 0.501667 0.030000 0.256667
714 27.896333 0.505000 0.159333 0.796667
826 28.023667 0.498333 0.110000 0.543333
911 28.130333 0.493333 0.119333 0.420000
283 28.247333 0.506667 0.132000 0.453333
894 28.374333 0.508333 0.136667 0.396667
543 28.538000 0.503333 0.208000 1.040000
181 28.732333 0.488333 0.195333 0.976667
112 28.904333 0.505000 0.162000 0.810000
186 29.024000 0.500000 0.094667 0.420000
492 29.093000 0.491667 0.062000 0.336667
560 29.199000 0.498333 0.166000 0.503333
554 29.338667 0.491667 0.132000 0.363333
322 29.450333 0.500000 0.108667 0.160000
407 29.539333 0.493333 0.082667 0.313333
740 29.655333 0.498333 0.162667 0.376667
253 29.753333 0.505000 0.050667 0.470000
157 29.836667 0.506667 0.129333 0.533333
420 29.934000 0.495000 0.081333 0.296667
166 30.024667 0.493333 0.118667 0.460000
286 30.125000 0.493333 0.098000 0.366667
594 30.223000 0.488333 0.118000 0.350000
505 30.303333 0.500000 0.061333 0.253333
924 30.344333 0.503333 0.039333 0.306667
747 30.401000 0.506667 0.087333 0.373333
362 30.505333 0.493333 0.136000 0.386667
21 30.609333 0.501667 0.092000 0.323333
564 30.738333 0.488333 0.180667 0.370000
264 30.881667 0.510000 0.123333 0.466667
693 30.987333 0.495000 0.105333 0.523333
193 31.083333 0.495000 0.106667 0.430000
540 31.209333 0.500000 0.165333 0.826667
195 31.335667 0.505000 0.104667 0.523333
699 31.448667 0.505000 0.141333 0.443333
934 31.532000 0.508333 0.040000 0.310000
139 31.582333 0.510000 0.079333 0.426667
411 31.707667 0.510000 0.186000 0.400000
521 31.865000 0.498333 0.148667 0.390000
557 31.967333 0.500000 0.074667 0.526667
742 32.075667 0.496667 0.162000 0.640000
837 32.190000 0.495000 0.086667 0.423333
765 32.269667 0.500000 0.088667 0.446667
416 32.346667 0.496667 0.085333 0.413333
696 32.451000 0.505000 0.136667 0.310000
137 32.541667 0.491667 0.063333 0.303333
156 32.668333 0.501667 0.207333 1.036667
52 32.822667 0.506667 0.118667 0.420000
709 32.987000 0.488333 0.223333 1.116667
365 33.144333 0.491667 0.108667 0.330000
168 33.235000 0.501667 0.092667 0.350000
734 33.369000 0.501667 0.192667 0.510000
280 33.509000 0.503333 0.106000 0.373333
602 33.617333 0.501667 0.124000 0.376667
315 33.726333 0.501667 0.107333 0.376667
719 33.869333 0.500000 0.198667 0.993333
899 34.068667 0.506667 0.218667 1.093333
369 34.234333 0.493333 0.126000 0.386667
262 34.385333 0.510000 0.193333 0.966667
67 34.622000 0.488333 0.294667 0.603333
258 34.823000 0.503333 0.120667 0.413333
675 34.934000 0.493333 0.121333 0.446667
874 35.020667 0.510000 0.066667 0.326667
496 35.103667 0.490000 0.118000 0.486667
320 35.215667 0.506667 0.126000 0.400000
308 35.299667 0.493333 0.055333 0.313333
1018 35.337333 0.491667 0.040000 0.296667
544 35.395333 0.498333 0.089333 0.323333
233 35.478333 0.501667 0.096667 0.423333
588 35.564333 0.490000 0.092667 0.400000
832 35.654000 0.510000 0.105333 0.426667
257 35.766667 0.495000 0.137333 0.410000
985 35.845333 0.501667 0.036000 0.290000
994 35.871333 0.491667 0.034667 0.283333
885 35.918667 0.500000 0.076000 0.326667
788 36.031333 0.503333 0.165333 0.453333
417 36.150000 0.493333 0.090667 0.433333
876 36.252000 0.495000 0.130667 0.330000
684 36.361667 0.505000 0.106000 0.390000
465 36.439000 0.505000 0.066000 0.363333
690 36.503000 0.510000 0.082000 0.406667
820 36.574000 0.506667 0.076000 0.313333
974 36.622667 0.510000 0.038667 0.306667
240 36.661000 0.490000 0.055333 0.286667
784 36.704333 0.500000 0.047333 0.386667
593 36.800333 0.488333 0.160667 0.490000
559 36.915000 0.491667 0.087333 0.430000
1007 36.965333 0.508333 0.032000 0.270000
234 37.034667 0.498333 0.120000 0.503333
458 37.114333 0.500000 0.056667 0.300000
949 37.158667 0.498333 0.048000 0.350000
745 37.217333 0.493333 0.089333 0.366667
870 37.278667 0.500000 0.053333 0.246667
161 37.357333 0.501667 0.118667 0.436667
108 37.517333 0.503333 0.216000 1.080000
1006 37.638333 0.500000 0.040667 0.353333
147 37.706000 0.496667 0.113333 0.473333
457 37.783333 0.495000 0.057333 0.303333
357 37.870667 0.506667 0.136000 0.393333
545 37.971333 0.510000 0.078667 0.280000
938 38.017000 0.501667 0.032667 0.276667
611 38.071333 0.493333 0.096000 0.353333
31 38.207000 0.505000 0.188667 0.943333
806 38.377667 0.496667 0.166000 0.420000
248 38.491333 0.493333 0.081333 0.433333
726 38.563000 0.500000 0.076667 0.400000
163 38.692333 0.498333 0.200667 1.003333
159 38.800667 0.500000 0.036000 0.286667
931 38.831667 0.490000 0.043333 0.326667
561 38.931667 0.491667 0.171333 0.370000
368 39.063333 0.506667 0.110667 0.306667
862 39.149000 0.491667 0.078000 0.383333
618 39.225333 0.500000 0.089333 0.526667
216 39.308000 0.496667 0.094667 0.386667
66 39.391667 0.496667 0.088667 0.620000
35 39.470333 0.500000 0.087333 0.293333
246 39.587667 0.488333 0.167333 0.836667
507 39.694333 0.498333 0.064667 0.376667
294 39.839333 0.501667 0.242667 0.376667
226 40.016000 0.503333 0.128000 0.526667
890 40.151667 0.495000 0.160667 0.803333
231 40.282333 0.493333 0.114000 0.520000
753 40.398667 0.510000 0.134667 0.440000
823 40.500000 0.498333 0.085333 0.363333
346 40.621000 0.508333 0.172667 0.863333
287 40.741333 0.503333 0.086667 0.320000
776 40.837000 0.498333 0.124667 0.296667
70 40.974667 0.508333 0.166667 0.576667
517 41.104333 0.503333 0.112667 0.360000
794 41.182000 0.508333 0.060000 0.370000
274 41.255333 0.488333 0.100000 0.476667
504 41.372667 0.505000 0.153333 0.443333
19 41.492333 0.498333 0.104667 0.370000
635 41.579000 0.503333 0.088667 0.366667
230 41.672000 0.506667 0.117333 0.493333
397 41.766667 0.508333 0.092000 0.383333
319 41.858667 0.505000 0.105333 0.376667
449 41.938000 0.505000 0.068000 0.356667
656 42.030667 0.498333 0.134667 0.336667
758 42.154000 0.505000 0.132000 0.396667
546 42.261000 0.496667 0.098000 0.360000
831 42.349000 0.506667 0.094000 0.466667
463 42.424333 0.506667 0.071333 0.426667
655 42.487333 0.496667 0.074667 0.326667
429 42.564000 0.510000 0.098667 0.333333
178 42.671667 0.501667 0.131333 0.456667
110 42.780333 0.491667 0.106000 0.376667
250 42.906667 0.495000 0.162667 0.776667
43 43.038667 0.508333 0.116000 0.450000
454 43.115667 0.496667 0.051333 0.306667
843 43.186000 0.500000 0.109333 0.500000
692 43.275333 0.496667 0.089333 0.440000
289 43.432667 0.503333 0.241333 0.460000
506 43.562000 0.490000 0.034667 0.400000
833 43.620667 0.488333 0.098667 0.410000
249 43.696333 0.495000 0.070000 0.470000
461 43.764000 0.500000 0.082667 0.426667
965 43.815000 0.493333 0.036667 0.300000
503 43.939667 0.488333 0.231333 1.156667
861 44.072000 0.500000 0.048000 0.386667
727 44.115000 0.508333 0.055333 0.303333
514 44.195667 0.506667 0.124667 0.386667
664 44.296667 0.493333 0.093333 0.300000
908 44.388333 0.498333 0.104667 0.396667
978 44.449667 0.495000 0.036667 0.303333
761 44.536333 0.506667 0.150000 0.493333
376 44.682333 0.498333 0.155333 0.483333
2 44.784000 0.490000 0.064000 0.306667
783 44.853000 0.491667 0.088667 0.496667
1008 44.909000 0.506667 0.036667 0.293333
29 44.987333 0.508333 0.133333 0.363333
997 45.065000 0.501667 0.039333 0.290000
644 45.110333 0.493333 0.070000 0.313333
1001 45.153667 0.495000 0.031333 0.243333
563 45.229333 0.506667 0.136000 0.280000
757 45.361667 0.510000 0.146000 0.446667
0 45.450667 0.491667 0.049333 0.396667
107 45.547667 0.510000 0.158000 0.340000
382 45.677333 0.500000 0.120000 0.340000
101 45.805333 0.500000 0.156000 0.780000
859 45.940000 0.500000 0.129333 0.366667
7 46.052667 0.501667 0.114667 0.390000
24 46.155333 0.496667 0.108000 0.366667
301 46.228000 0.493333 0.057333 0.326667
34 46.300667 0.505000 0.105333 0.383333
3 46.386667 0.505000 0.085333 0.363333
207 46.489000 0.491667 0.132667 0.536667
937 46.568333 0.491667 0.042000 0.330000
600 46.638000 0.498333 0.112000 0.336667
821 46.724667 0.491667 0.078667 0.503333
390 46.824667 0.490000 0.140000 0.406667
350 46.946667 0.495000 0.117333 0.370000
254 47.057000 0.501667 0.122000 0.463333
650 47.192000 0.506667 0.164000 0.540000
158 47.347000 0.488333 0.164667 0.496667
87 47.511667 0.506667 0.183333 0.400000
812 47.655000 0.491667 0.123333 0.290000
399 47.763667 0.510000 0.112667 0.420000
538 47.894667 0.491667 0.168000 0.390000
285 48.030000 0.506667 0.117333 0.393333
797 48.139333 0.496667 0.117333 0.440000
581 48.230667 0.500000 0.080000 0.340000
819 48.335667 0.496667 0.150000 0.426667
1000 48.420667 0.491667 0.040000 0.310000
621 48.463000 0.505000 0.059333 0.596667
39 48.543333 0.508333 0.114667 0.430000
657 48.639000 0.488333 0.094000 0.410000
292 48.727000 0.506667 0.100667 0.393333
146 48.805667 0.503333 0.076667 0.333333
596 48.897667 0.490000 0.120667 0.366667
689 48.987667 0.495000 0.079333 0.396667
530 49.072333 0.488333 0.106000 0.496667
334 49.181333 0.510000 0.126667 0.426667
1014 49.261667 0.501667 0.048667 0.350000
355 49.371333 0.496667 0.188000 0.940000
61 49.494667 0.510000 0.078667 0.393333
705 49.637000 0.498333 0.220667 1.103333
27 49.797333 0.500000 0.114667 0.386667
479 49.886333 0.496667 0.080667 0.420000
203 49.967667 0.491667 0.098000 0.396667
679 50.049333 0.510000 0.078667 0.446667
909 50.136333 0.500000 0.112667 0.520000
518 50.242667 0.493333 0.113333 0.373333
752 50.334000 0.490000 0.085333 0.226667
475 50.400667 0.490000 0.066667 0.393333
403 50.503667 0.493333 0.156667 0.453333
252 50.633000 0.491667 0.115333 0.463333
764 50.720333 0.496667 0.072667 0.380000
672 50.810667 0.490000 0.125333 0.480000
716 50.959000 0.491667 0.184667 0.923333
23 51.112333 0.508333 0.139333 0.396667
94 51.261333 0.500000 0.177333 0.886667
523 51.393667 0.503333 0.103333 0.320000
817 51.506000 0.500000 0.134667 0.353333
238 51.645000 0.498333 0.156667 0.783333
1009 51.740667 0.505000 0.050667 0.370000
455 51.790333 0.501667 0.066000 0.370000
541 51.929000 0.491667 0.230000 1.150000
778 52.075667 0.508333 0.076667 0.490000
220 52.150333 0.508333 0.087333 0.443333
446 52.224667 0.506667 0.077333 0.393333
869 52.299667 0.491667 0.092667 0.530000
451 52.380333 0.491667 0.083333 0.430000
206 52.463333 0.490000 0.102667 0.413333
1020 52.527000 0.495000 0.038000 0.296667
982 52.558000 0.501667 0.040000 0.296667
987 52.586333 0.506667 0.035333 0.293333
898 52.652333 0.501667 0.110000 0.336667
762 52.741000 0.491667 0.082000 0.363333
284 52.823333 0.495000 0.098667 0.356667
802 52.937667 0.501667 0.147333 0.323333
460 53.048333 0.503333 0.088667 0.453333
723 53.135000 0.503333 0.104667 0.360000
323 53.260667 0.496667 0.162667 0.813333
548 53.392667 0.506667 0.114667 0.413333
208 53.542000 0.500000 0.197333 0.986667
437 53.674667 0.495000 0.081333 0.363333
44 53.765667 0.488333 0.115333 0.463333
132 53.854000 0.506667 0.077333 0.346667
888 53.958667 0.510000 0.148000 0.466667
799 54.076667 0.501667 0.101333 0.383333
555 54.133000 0.495000 0.030000 0.296667
759 54.202667 0.490000 0.129333 0.393333
835 54.308667 0.505000 0.101333 0.396667
344 54.408667 0.500000 0.113333 0.306667
562 54.533000 0.491667 0.154000 0.316667
415 54.671667 0.501667 0.143333 0.490000
845 54.791000 0.493333 0.114000 0.466667
895 54.916667 0.496667 0.153333 0.420000
153 55.024333 0.488333 0.075333 0.336667
996 55.069333 0.496667 0.034667 0.266667
998 55.102000 0.496667 0.045333 0.326667
297 55.154667 0.491667 0.076000 0.390000
189 55.229000 0.506667 0.087333 0.433333
524 55.322333 0.506667 0.115333 0.373333
242 55.420000 0.488333 0.100000 0.390000
421 55.556667 0.493333 0.190667 0.953333
15 55.691667 0.508333 0.094000 0.316667
928 55.743333 0.495000 0.029333 0.243333
160 55.791333 0.488333 0.081333 0.430000
106 55.925333 0.508333 0.204000 0.436667
93 56.120333 0.508333 0.204667 1.023333
349 56.294000 0.491667 0.157333 0.463333
770 56.429667 0.508333 0.130000 0.430000
542 56.554000 0.493333 0.137333 0.486667
665 56.660667 0.508333 0.094667 0.350000
808 56.751667 0.491667 0.107333 0.470000
71 56.837333 0.505000 0.077333 0.423333
1019 56.889667 0.495000 0.044667 0.356667
91 56.995000 0.505000 0.180667 0.383333
33 57.133000 0.505000 0.115333 0.396667
377 57.247333 0.495000 0.128000 0.383333
76 57.385333 0.493333 0.162667 0.500000
787 57.499000 0.510000 0.079333 0.493333
904 57.567000 0.503333 0.075333 0.353333
400 57.623333 0.496667 0.056000 0.480000
531 57.744667 0.496667 0.200000 0.486667
204 57.888667 0.505000 0.106667 0.430000
354 57.993000 0.506667 0.115333 0.353333
471 58.066667 0.508333 0.052000 0.310000
863 58.138667 0.498333 0.112000 0.536667
261 58.245333 0.500000 0.121333 0.580000
171 58.360667 0.503333 0.125333 0.446667
940 58.433000 0.491667 0.038000 0.296667
130 58.552000 0.493333 0.217333 1.086667
126 58.766333 0.508333 0.224667 1.123333
781 58.897667 0.506667 0.055333 0.286667
483 58.948000 0.496667 0.058667 0.333333
278 59.035333 0.495000 0.130667 0.396667
474 59.131667 0.488333 0.082000 0.423333
490 59.194667 0.496667 0.057333 0.320000
906 59.280000 0.488333 0.126667 0.383333
385 59.451333 0.506667 0.229333 1.146667
829 59.607667 0.506667 0.096667 0.466667
442 59.680667 0.501667 0.068000 0.343333
746 59.774333 0.500000 0.134000 0.420000
591 59.907667 0.495000 0.151333 0.496667
136 60.028333 0.496667 0.107333 0.366667
441 60.109667 0.506667 0.071333 0.366667
586 60.213333 0.493333 0.149333 0.440000
129 60.341333 0.505000 0.126667 0.463333
836 60.442333 0.491667 0.090000 0.390000
610 60.545667 0.495000 0.136667 0.423333
380 60.669333 0.500000 0.130667 0.400000
366 60.803333 0.491667 0.153333 0.410000
202 60.950333 0.501667 0.156667 0.783333
197 61.084333 0.503333 0.131333 0.526667
763 61.169667 0.506667 0.059333 0.480000
733 61.230333 0.493333 0.080667 0.486667
912 61.300000 0.488333 0.077333 0.303333
701 61.420667 0.493333 0.180000 0.526667
298 61.538333 0.498333 0.074000 0.363333
196 61.617000 0.491667 0.102000 0.416667
901 61.774000 0.490000 0.226667 1.133333
945 61.897667 0.495000 0.035333 0.303333
867 61.961000 0.500000 0.106000 0.340000
1 62.046667 0.496667 0.081333 0.420000
892 62.160667 0.496667 0.165333 0.480000
768 62.275000 0.491667 0.083333 0.223333
957 62.323333 0.496667 0.032000 0.260000
984 62.356000 0.506667 0.049333 0.360000
88 62.462667 0.510000 0.178667 0.893333
782 62.591667 0.510000 0.099333 0.453333
533 62.693667 0.490000 0.122000 0.426667
866 62.814333 0.505000 0.136667 0.396667
391 62.935333 0.498333 0.122667 0.376667
314 63.054333 0.506667 0.135333 0.500000
497 63.186667 0.488333 0.144000 0.370000
326 63.289667 0.498333 0.076667 0.350000
942 63.337667 0.501667 0.032667 0.256667
936 63.363667 0.503333 0.038000 0.306667
228 63.426667 0.506667 0.105333 0.460000
871 63.497000 0.488333 0.048667 0.256667
755 63.589667 0.503333 0.154000 0.446667
348 63.733667 0.496667 0.147333 0.446667
917 63.821333 0.491667 0.041333 0.290000
785 63.864000 0.503333 0.060000 0.260000
1011 63.901000 0.496667 0.030000 0.253333
141 63.956667 0.496667 0.094667 0.406667
513 64.057667 0.490000 0.120667 0.380000
276 64.138667 0.491667 0.060000 0.376667
100 64.250667 0.506667 0.181333 0.386667
151 64.369333 0.493333 0.076000 0.346667
260 64.477667 0.500000 0.154000 0.433333
330 64.589667 0.506667 0.083333 0.326667
642 64.671333 0.501667 0.097333 0.370000
977 64.734000 0.510000 0.045333 0.326667
309 64.788000 0.498333 0.077333 0.430000
645 64.851333 0.496667 0.069333 0.320000
265 64.937667 0.501667 0.122000 0.470000
440 65.028667 0.506667 0.080000 0.413333
875 65.147667 0.501667 0.172667 0.430000
473 65.269000 0.500000 0.088667 0.446667
209 65.354000 0.510000 0.094667 0.466667
677 65.451667 0.500000 0.114000 0.440000
614 65.586667 0.500000 0.174667 0.873333
167 65.753000 0.505000 0.171333 0.856667
59 65.907333 0.503333 0.154667 0.400000
410 66.028667 0.506667 0.106667 0.520000
311 66.115667 0.488333 0.080667 0.350000
215 66.200667 0.496667 0.104000 0.413333
337 66.346333 0.508333 0.200667 1.003333
105 66.520333 0.501667 0.166000 0.356667
467 66.635667 0.505000 0.082000 0.416667
722 66.725000 0.496667 0.115333 0.340000
447 66.808333 0.491667 0.064667 0.330000
575 66.893667 0.496667 0.126000 0.413333
290 67.011667 0.500000 0.126000 0.340000
1012 67.089333 0.495000 0.044000 0.350000
42 67.132000 0.495000 0.058667 0.330000
914 67.225667 0.491667 0.146000 0.450000
902 67.364667 0.508333 0.150667 0.403333
682 67.481000 0.496667 0.095333 0.366667
803 67.593667 0.500000 0.144667 0.426667
438 67.739000 0.493333 0.164667 0.500000
638 67.865333 0.493333 0.105333 0.413333
822 67.970667 0.500000 0.118667 0.413333
445 68.047333 0.506667 0.050667 0.300000
456 68.110333 0.490000 0.091333 0.460000
392 68.262333 0.505000 0.231333 1.156667
22 68.433000 0.496667 0.127333 0.426667
282 68.560667 0.491667 0.142667 0.516667
41 68.700333 0.498333 0.150000 0.443333
48 68.855000 0.501667 0.172667 0.863333
343 69.014333 0.496667 0.159333 0.433333
919 69.126000 0.508333 0.082667 0.356667
144 69.210000 0.495000 0.101333 0.430000
900 69.354000 0.506667 0.204000 1.020000
907 69.497667 0.490000 0.098000 0.326667
28 69.585000 0.503333 0.096667 0.313333
338 69.683333 0.505000 0.120000 0.616667
580 69.812667 0.501667 0.157333 0.376667
122 69.933667 0.493333 0.100667 0.393333
359 70.035667 0.490000 0.120667 0.320000
903 70.164000 0.503333 0.154667 0.420000
681 70.251667 0.488333 0.039333 0.323333
470 70.297667 0.505000 0.068667 0.410000
332 70.428667 0.503333 0.212000 1.060000
393 70.595333 0.508333 0.134667 0.370000
251 70.684000 0.505000 0.061333 0.356667
247 70.753667 0.503333 0.091333 0.453333
619 70.839667 0.490000 0.098000 0.540000
662 70.939000 0.508333 0.118000 0.390000
991 71.010667 0.491667 0.040000 0.303333
743 71.073667 0.496667 0.099333 0.433333
478 71.151667 0.508333 0.076667 0.423333
731 71.216667 0.498333 0.072000 0.376667
647 71.275333 0.501667 0.060000 0.303333
970 71.317333 0.505000 0.040000 0.296667
756 71.396000 0.488333 0.136000 0.430000
347 71.512667 0.498333 0.113333 0.316667
713 71.658333 0.501667 0.196667 0.603333
891 71.777333 0.500000 0.054667 0.226667
774 71.827333 0.505000 0.064000 0.336667
865 71.907000 0.508333 0.112667 0.390000
516 72.004333 0.510000 0.098000 0.326667
372 72.116333 0.505000 0.146000 0.383333
676 72.244667 0.510000 0.130667 0.420000
551 72.375667 0.510000 0.144667 0.466667
736 72.477333 0.491667 0.077333 0.430000
853 72.551333 0.500000 0.089333 0.420000
422 72.631333 0.510000 0.089333 0.333333
127 72.762333 0.498333 0.188667 0.943333
989 72.871000 0.493333 0.043333 0.320000
966 72.906000 0.506667 0.041333 0.326667
805 73.006667 0.510000 0.176000 0.880000
36 73.145000 0.505000 0.118000 0.416667
627 73.293667 0.490000 0.192667 0.653333
688 73.424000 0.491667 0.081333 0.396667
356 73.526333 0.508333 0.139333 0.383333
585 73.657000 0.500000 0.138000 0.406667
18 73.760667 0.501667 0.088000 0.296667
625 73.879333 0.488333 0.165333 0.556667
269 74.024667 0.501667 0.142667 0.456667
636 74.141667 0.491667 0.108667 0.270000
772 74.269667 0.500000 0.164667 0.453333
328 74.438000 0.501667 0.192000 0.463333
62 74.564000 0.503333 0.076000 0.360000
464 74.632333 0.498333 0.078000 0.396667
64 74.693667 0.510000 0.063333 0.306667
999 74.735333 0.491667 0.037333 0.303333
305 74.778000 0.491667 0.064000 0.356667
932 74.816667 0.496667 0.032000 0.260000
6 74.878333 0.493333 0.111333 0.446667
244 74.996667 0.495000 0.138667 0.376667
598 75.108000 0.503333 0.097333 0.293333
883 75.238333 0.508333 0.182000 0.910000
616 75.412667 0.503333 0.186667 0.933333
381 75.566000 0.503333 0.136000 0.373333
481 75.659667 0.491667 0.066000 0.396667
119 75.724000 0.501667 0.078667 0.470000
17 75.809667 0.503333 0.106000 0.393333
69 75.901000 0.510000 0.092667 0.460000
886 76.013000 0.488333 0.144667 0.476667
680 76.135333 0.493333 0.118667 0.406667
74 76.249333 0.510000 0.122667 0.386667
275 76.326333 0.493333 0.047333 0.313333
80 76.396333 0.506667 0.106000 0.533333
124 76.483333 0.503333 0.081333 0.306667
419 76.562000 0.505000 0.092000 0.443333
893 76.669333 0.498333 0.142667 0.403333
528 76.799667 0.508333 0.131333 0.436667
434 76.922667 0.490000 0.130667 0.446667
846 77.031333 0.506667 0.100000 0.440000
990 77.096000 0.498333 0.044000 0.356667
149 77.183667 0.491667 0.148667 0.390000
179 77.300000 0.506667 0.101333 0.393333
120 77.421000 0.505000 0.159333 0.796667
72 77.530667 0.510000 0.080000 0.386667
769 77.618667 0.503333 0.114667 0.333333
375 77.731667 0.495000 0.128667 0.370000
839 77.841000 0.493333 0.103333 0.446667
488 77.918000 0.506667 0.068000 0.340000
980 77.963333 0.505000 0.037333 0.276667
750 78.038000 0.508333 0.128000 0.476667
818 78.156000 0.500000 0.121333 0.326667
295 78.264000 0.491667 0.112000 0.476667
686 78.356000 0.490000 0.092000 0.446667
729 78.409333 0.510000 0.028000 0.373333
617 78.464333 0.495000 0.102000 0.443333
266 78.579000 0.506667 0.142000 0.426667
612 78.733333 0.490000 0.184000 0.466667
96 78.903333 0.493333 0.173333 0.366667
489 79.015333 0.495000 0.066667 0.343333
388 79.117667 0.506667 0.152667 0.460000
428 79.229000 0.510000 0.086000 0.593333
387 79.322333 0.506667 0.119333 0.326667
578 79.432333 0.510000 0.119333 0.480000
418 79.532000 0.510000 0.098667 0.480000
852 79.630667 0.488333 0.112000 0.476667
962 79.697333 0.503333 0.041333 0.340000
834 79.768333 0.501667 0.115333 0.483333
584 79.882000 0.488333 0.130667 0.390000
595 80.000333 0.491667 0.120667 0.363333
1022 80.071000 0.506667 0.034000 0.280000
975 80.102333 0.491667 0.043333 0.363333
896 80.185333 0.495000 0.141333 0.396667
864 80.302333 0.505000 0.108667 0.430000
501 80.396000 0.506667 0.098667 0.460000
947 80.459333 0.498333 0.048000 0.350000
482 80.513333 0.488333 0.077333 0.423333
522 80.594333 0.493333 0.099333 0.313333
60 80.672000 0.496667 0.072000 0.300000
549 80.762667 0.498333 0.122667 0.410000
744 80.906667 0.510000 0.182667 0.913333
801 81.041000 0.503333 0.100667 0.380000
923 81.098667 0.500000 0.032000 0.260000
495 81.152667 0.500000 0.090667 0.426667
360 81.259333 0.500000 0.140000 0.393333
775 81.357333 0.495000 0.073333 0.363333
793 81.441333 0.498333 0.113333 0.463333
526 81.563333 0.510000 0.148000 0.393333
804 81.692667 0.496667 0.124000 0.360000
237 81.791667 0.505000 0.088667 0.630000
86 81.881333 0.498333 0.108000 0.463333
631 82.008667 0.503333 0.165333 0.560000
331 82.173000 0.505000 0.183333 0.916667
131 82.315667 0.505000 0.115333 0.450000
1010 82.385000 0.498333 0.038000 0.283333
809 82.446333 0.506667 0.100667 0.520000
539 82.524667 0.498333 0.074667 0.350000
959 82.576000 0.493333 0.044000 0.353333
176 82.636000 0.491667 0.093333 0.336667
245 82.703333 0.501667 0.056000 0.296667
910 82.788333 0.495000 0.130000 0.436667
730 82.896333 0.496667 0.103333 0.446667
148 83.021000 0.491667 0.162000 0.470000
155 83.147000 0.493333 0.103333 0.580000
312 83.248000 0.495000 0.114667 0.443333
476 83.327333 0.493333 0.058667 0.346667
436 83.415000 0.495000 0.135333 0.343333
99 83.566333 0.496667 0.182000 0.393333
842 83.709333 0.505000 0.120000 0.496667
68 83.828333 0.500000 0.134000 0.386667
950 83.910000 0.488333 0.046667 0.356667
412 83.960000 0.496667 0.072000 0.366667
884 84.056667 0.505000 0.141333 0.503333
134 84.166000 0.491667 0.094667 0.396667
30 84.276000 0.496667 0.145333 0.413333
306 84.378333 0.493333 0.076667 0.426667
972 84.426333 0.510000 0.032667 0.266667
954 84.455333 0.490000 0.040000 0.293333
223 84.519333 0.488333 0.106667 0.443333
606 84.633000 0.510000 0.134000 0.406667
771 84.731667 0.490000 0.080667 0.420000
484 84.810333 0.491667 0.091333 0.356667
767 84.905000 0.503333 0.114000 0.326667
710 85.053667 0.503333 0.202000 0.633333
494 85.178667 0.501667 0.066667 0.363333
754 85.275667 0.506667 0.147333 0.720000
469 85.373000 0.506667 0.064667 0.353333
721 85.472667 0.498333 0.153333 0.396667
83 85.577333 0.500000 0.072000 0.346667
810 85.658000 0.505000 0.102667 0.436667
118 85.745000 0.488333 0.084667 0.350000
154 85.827667 0.501667 0.098000 0.443333
25 85.953000 0.501667 0.167333 0.836667
184 86.080333 0.501667 0.107333 0.470000
218 86.182667 0.488333 0.110667 0.450000
929 86.247000 0.506667 0.038000 0.320000
333 86.333000 0.495000 0.154000 0.410000
268 86.470000 0.493333 0.134667 0.420000
572 86.577667 0.491667 0.099333 0.416667
534 86.654667 0.493333 0.072000 0.300000
267 86.790333 0.488333 0.216667 1.083333
956 86.909000 0.506667 0.034000 0.280000
955 86.934667 0.490000 0.033333 0.266667
573 86.998667 0.493333 0.112000 0.466667
597 87.097667 0.488333 0.100667 0.296667
498 87.167333 0.491667 0.053333 0.323333
567 87.276333 0.498333 0.184667 0.923333
525 87.410667 0.506667 0.100000 0.320000
964 87.470000 0.503333 0.033333 0.253333
32 87.529333 0.500000 0.105333 0.333333
741 87.619000 0.496667 0.094000 0.320000
408 87.715333 0.503333 0.114667 0.433333
480 87.801667 0.490000 0.076667 0.386667
889 87.903333 0.508333 0.145333 0.450000
590 88.042333 0.488333 0.146000 0.530000
164 88.160333 0.510000 0.107333 0.373333
1016 88.231667 0.498333 0.050000 0.363333
491 88.309000 0.510000 0.119333 0.586667
510 88.414000 0.496667 0.108000 0.333333
983 88.485000 0.503333 0.047333 0.340000
217 88.553667 0.506667 0.110000 0.440000
552 88.624000 0.498333 0.045333 0.290000
433 88.703333 0.498333 0.132000 0.336667
304 88.800000 0.501667 0.076000 0.423333
988 88.851667 0.498333 0.040667 0.303333
858 88.911000 0.510000 0.094000 0.286667
256 89.001667 0.510000 0.102000 0.340000
795 89.080000 0.493333 0.069333 0.413333
706 89.146667 0.503333 0.080000 0.426667
335 89.251667 0.503333 0.144667 0.460000
109 89.401667 0.495000 0.174000 0.870000
172 89.529667 0.503333 0.098000 0.373333
694 89.608333 0.505000 0.078000 0.383333
352 89.714333 0.498333 0.151333 0.436667
687 89.832667 0.493333 0.102667 0.506667
300 89.906333 0.510000 0.058000 0.186667
241 89.975667 0.491667 0.099333 0.550000
967 90.037667 0.508333 0.040667 0.316667
671 90.112667 0.506667 0.122667 0.466667
145 90.214333 0.496667 0.099333 0.526667
979 90.275333 0.508333 0.040000 0.303333
646 90.333000 0.488333 0.090000 0.403333
477 90.397333 0.501667 0.056000 0.290000
79 90.525333 0.496667 0.213333 1.066667
824 90.667000 0.501667 0.088667 0.370000
520 90.758333 0.503333 0.111333 0.353333
944 90.828667 0.500000 0.048000 0.346667
10 90.890000 0.505000 0.093333 0.303333
26 90.986000 0.500000 0.112000 0.380000
691 91.083667 0.510000 0.096667 0.466667
535 91.210667 0.505000 0.177333 0.403333
653 91.359000 0.500000 0.138000 0.453333
921 91.452000 0.508333 0.061333 0.363333
880 91.528333 0.498333 0.104667 0.350000
427 91.620667 0.510000 0.100000 0.473333
358 91.749333 0.506667 0.176000 0.880000
777 91.885000 0.501667 0.114000 0.470000
9 91.981000 0.498333 0.098000 0.403333
816 92.076000 0.488333 0.112000 0.343333
117 92.198000 0.505000 0.149333 0.443333
65 92.314000 0.488333 0.097333 0.250000
565 92.429000 0.491667 0.151333 0.330000
918 92.545667 0.498333 0.100667 0.343333
702 92.691333 0.500000 0.205333 1.026667
198 92.830333 0.498333 0.090000 0.370000
271 92.969333 0.506667 0.208000 1.040000
508 93.094333 0.510000 0.055333 0.333333
599 93.169667 0.498333 0.114000 0.343333
97 93.323333 0.506667 0.213333 1.066667
667 93.479667 0.506667 0.119333 0.413333
915 93.565333 0.496667 0.065333 0.526667
828 93.643333 0.506667 0.110667 0.453333
345 93.759333 0.490000 0.138667 0.420000
613 93.897333 0.493333 0.153333 0.393333
389 94.052000 0.490000 0.170667 0.853333
511 94.182333 0.498333 0.106000 0.336667
868 94.266667 0.495000 0.082667 0.476667
698 94.327000 0.505000 0.055333 0.290000
780 94.404000 0.500000 0.118667 0.333333
227 94.505000 0.495000 0.096667 0.390000
577 94.586667 0.495000 0.084000 0.330000
659 94.668333 0.510000 0.098000 0.400000
628 94.824000 0.490000 0.228000 1.140000
394 94.983667 0.510000 0.108667 0.340000
104 95.136333 0.493333 0.216667 0.460000
401 95.273333 0.508333 0.076000 0.390000
165 95.351333 0.496667 0.098667 0.346667
773 95.464667 0.501667 0.146667 0.436667
589 95.585667 0.505000 0.115333 0.450000
609 95.671667 0.493333 0.076667 0.313333
623 95.787000 0.495000 0.167333 0.836667
529 95.927333 0.505000 0.130667 0.496667
654 96.103667 0.490000 0.239333 0.546667
553 96.277667 0.510000 0.123333 0.420000
1003 96.346333 0.488333 0.034000 0.256667
229 96.416333 0.505000 0.124667 0.523333
796 96.541333 0.495000 0.141333 0.483333
649 96.656333 0.496667 0.102000 0.553333
939 96.719000 0.490000 0.042000 0.346667
325 96.808667 0.500000 0.156000 0.686667
92 96.962333 0.496667 0.167333 0.346667
54 97.071333 0.495000 0.064000 0.350000
133 97.137333 0.501667 0.088000 0.303333
941 97.187667 0.510000 0.031333 0.253333
53 97.243000 0.498333 0.098000 0.350000
324 97.352000 0.503333 0.138667 0.680000
695 97.507333 0.490000 0.192000 0.493333
576 97.643333 0.495000 0.096000 0.383333
527 97.752000 0.495000 0.140000 0.443333
255 97.873333 0.506667 0.117333 0.446667
927 97.944333 0.506667 0.042000 0.353333
663 98.004667 0.503333 0.096000 0.313333
205 98.094000 0.495000 0.101333 0.476667
840 98.199333 0.506667 0.125333 0.526667
913 98.324000 0.488333 0.140000 0.436667
811 98.450000 0.505000 0.125333 0.343333
860 98.600000 0.496667 0.190667 0.953333
56 98.728333 0.496667 0.083333 0.113333
946 98.786333 0.510000 0.046000 0.353333
169 98.867333 0.506667 0.130667 0.460000
851 98.985000 0.508333 0.119333 0.563333
277 99.069000 0.508333 0.066000 0.303333
571 99.145333 0.508333 0.101333 0.410000
4 99.242000 0.503333 0.109333 0.433333
881 99.345667 0.506667 0.118000 0.393333
724 99.435667 0.503333 0.076667 0.326667
367 99.527667 0.496667 0.124667 0.326667
291 99.641667 0.510000 0.120667 0.486667
20 99.740000 0.496667 0.094667 0.333333
587 99.883667 0.491667 0.207333 1.036667
201 100.027667 0.491667 0.098000 0.496667
515 100.123333 0.495000 0.109333 0.356667
243 100.237000 0.500000 0.136667 0.453333
192 100.343667 0.496667 0.094000 0.393333
435 100.415333 0.503333 0.066667 0.333333
973 100.459667 0.501667 0.036667 0.283333
669 100.517333 0.493333 0.097333 0.340000
537 100.681000 0.500000 0.250000 0.466667
670 100.857667 0.501667 0.118000 0.403333
414 100.971000 0.501667 0.123333 0.590000
224 101.072667 0.490000 0.096000 0.393333
854 101.202000 0.503333 0.182667 0.620000
310 101.317667 0.495000 0.067333 0.376667
84 101.396000 0.510000 0.102667 0.286667
89 101.538000 0.506667 0.200000 0.426667
225 101.688667 0.488333 0.120000 0.530000
37 101.802333 0.495000 0.123333 0.390000
737 101.887333 0.490000 0.061333 0.413333
77 101.980333 0.510000 0.144667 0.360000
341 102.088667 0.505000 0.085333 0.350000
340 102.184333 0.506667 0.122000 0.380000
373 102.292667 0.488333 0.113333 0.323333
922 102.360000 0.495000 0.041333 0.316667
926 102.389667 0.498333 0.038000 0.310000
194 102.441333 0.491667 0.082667 0.376667
760 102.541333 0.501667 0.137333 0.403333
378 102.679000 0.496667 0.154000 0.426667
40 102.802333 0.490000 0.110000 0.366667
639 102.880333 0.488333 0.060667 0.303333
844 102.945000 0.491667 0.086000 0.356667
807 103.088333 0.508333 0.219333 1.096667
51 103.247000 0.501667 0.116667 0.430000
