678 0.062000 0.496667 0.117333 0.406667
236 0.169667 0.510000 0.112667 0.466667
650 0.289667 0.501667 0.147333 0.476667
566 0.408333 0.493333 0.107333 0.453333
411 0.551333 0.495000 0.197333 0.396667
618 0.682667 0.488333 0.080000 0.463333
952 0.733000 0.495000 0.035333 0.290000
347 0.801667 0.493333 0.120667 0.373333
56 0.885000 0.495000 0.060667 0.096667
65 0.962333 0.493333 0.111333 0.286667
428 1.061333 0.490000 0.100000 0.660000
354 1.172667 0.505000 0.142667 0.383333
231 1.326000 0.506667 0.177333 0.886667
168 1.504333 0.501667 0.198000 0.990000
31 1.656000 0.503333 0.124000 0.360000
711 1.803333 0.503333 0.189333 0.946667
499 1.919000 0.501667 0.058000 0.350000
912 1.986667 0.496667 0.097333 0.386667
640 2.065000 0.496667 0.076667 0.380000
900 2.163333 0.510000 0.138667 0.366667
774 2.252667 0.491667 0.054667 0.290000
889 2.348333 0.493333 0.150000 0.573333
23 2.491000 0.508333 0.154000 0.443333
916 2.663667 0.508333 0.207333 1.036667
635 2.793333 0.508333 0.072000 0.296667
992 2.842000 0.503333 0.038667 0.280000
603 2.956000 0.490000 0.209333 1.046667
197 3.105667 0.498333 0.108667 0.436667
671 3.206333 0.491667 0.106000 0.370000
332 3.358333 0.488333 0.211333 0.476667
321 3.504000 0.495000 0.096000 0.470000
420 3.597000 0.510000 0.110000 0.420000
91 3.737333 0.490000 0.186667 0.406667
677 3.873667 0.500000 0.104667 0.353333
224 3.979000 0.493333 0.122000 0.500000
753 4.105333 0.490000 0.145333 0.533333
848 4.230000 0.506667 0.117333 0.386667
577 4.322000 0.493333 0.085333 0.326667
187 4.407000 0.498333 0.102000 0.410000
338 4.515333 0.508333 0.128000 0.656667
533 4.617000 0.490000 0.095333 0.326667
817 4.726667 0.495000 0.141333 0.456667
839 4.840000 0.510000 0.100000 0.493333
284 4.954333 0.508333 0.142000 0.523333
317 5.068000 0.500000 0.102667 0.380000
174 5.168000 0.500000 0.112000 0.426667
447 5.248667 0.503333 0.062667 0.353333
897 5.336667 0.500000 0.128000 0.366667
970 5.415000 0.498333 0.042000 0.343333
492 5.459667 0.493333 0.067333 0.340000
663 5.544000 0.498333 0.117333 0.390000
472 5.621000 0.490000 0.052667 0.300000
833 5.694333 0.505000 0.107333 0.483333
694 5.779000 0.495000 0.079333 0.390000
654 5.888000 0.496667 0.158667 0.793333
806 6.048000 0.510000 0.174667 0.873333
473 6.159333 0.490000 0.066667 0.400000
739 6.217000 0.503333 0.066000 0.586667
822 6.300333 0.496667 0.114000 0.366667
875 6.412667 0.491667 0.130667 0.323333
886 6.557667 0.501667 0.179333 0.896667
501 6.674667 0.496667 0.069333 0.340000
262 6.756333 0.495000 0.110000 0.556667
717 6.886333 0.491667 0.166000 0.830000
360 7.017333 0.490000 0.109333 0.333333
933 7.085667 0.503333 0.044667 0.340000
728 7.129667 0.500000 0.063333 0.566667
600 7.224667 0.491667 0.140000 0.410000
220 7.327333 0.506667 0.080000 0.373333
44 7.421667 0.500000 0.126000 0.493333
872 7.535667 0.500000 0.122000 0.340000
927 7.613333 0.496667 0.048000 0.353333
227 7.683000 0.498333 0.108667 0.443333
88 7.819333 0.503333 0.177333 0.886667
25 7.953000 0.496667 0.103333 0.366667
295 8.056667 0.503333 0.120000 0.506667
985 8.126333 0.498333 0.035333 0.263333
387 8.222667 0.503333 0.174667 0.873333
1016 8.322333 0.493333 0.039333 0.320000
681 8.355667 0.493333 0.046000 0.406667
471 8.410333 0.506667 0.076667 0.400000
746 8.515333 0.510000 0.153333 0.493333
157 8.667667 0.495000 0.168667 0.683333
882 8.791333 0.491667 0.098667 0.383333
561 8.922000 0.505000 0.177333 0.376667
918 9.051333 0.496667 0.096000 0.306667
67 9.193667 0.505000 0.208667 1.043333
474 9.328333 0.490000 0.078000 0.400000
984 9.377667 0.503333 0.038000 0.313333
870 9.426333 0.506667 0.074000 0.333333
585 9.519000 0.495000 0.127333 0.396667
643 9.633333 0.496667 0.114667 0.420000
180 9.748000 0.503333 0.132000 0.486667
909 9.857667 0.506667 0.103333 0.453333
571 9.950333 0.508333 0.102000 0.410000
147 10.042000 0.495000 0.101333 0.423333
653 10.149667 0.491667 0.132667 0.430000
303 10.238667 0.495000 0.061333 0.343333
955 10.278333 0.488333 0.036667 0.303333
623 10.384667 0.503333 0.193333 0.626667
128 10.547333 0.503333 0.148000 0.486667
890 10.670000 0.495000 0.113333 0.456667
491 10.766000 0.488333 0.096000 0.470000
570 10.850000 0.501667 0.086667 0.390000
547 10.913667 0.503333 0.056667 0.313333
810 10.990667 0.508333 0.114667 0.476667
213 11.078667 0.488333 0.081333 0.383333
761 11.187667 0.501667 0.152667 0.436667
79 11.371000 0.501667 0.227333 1.136667
486 11.508667 0.491667 0.062667 0.330000
792 11.579333 0.490000 0.097333 0.393333
1021 11.637333 0.500000 0.034667 0.260000
176 11.694000 0.488333 0.096000 0.356667
351 11.791000 0.510000 0.114000 0.320000
483 11.872333 0.503333 0.066000 0.346667
417 11.944000 0.493333 0.093333 0.453333
500 12.022333 0.506667 0.082000 0.373333
996 12.074000 0.495000 0.040000 0.310000
426 12.113667 0.488333 0.055333 0.376667
573 12.191667 0.491667 0.114000 0.476667
313 12.302333 0.506667 0.126000 0.473333
556 12.416333 0.491667 0.118000 0.496667
613 12.532000 0.491667 0.132000 0.343333
452 12.617333 0.498333 0.057333 0.303333
837 12.697667 0.488333 0.120667 0.516667
364 12.833000 0.493333 0.167333 0.366667
767 12.961000 0.496667 0.103333 0.300000
121 13.013667 0.506667 0.018000 0.340000
801 13.070333 0.508333 0.108667 0.403333
124 13.159000 0.496667 0.084667 0.300000
172 13.251000 0.490000 0.114000 0.406667
666 13.348667 0.496667 0.097333 0.333333
938 13.408333 0.491667 0.042000 0.336667
1008 13.443333 0.505000 0.048000 0.376667
449 13.491333 0.493333 0.062667 0.320000
506 13.535000 0.491667 0.042000 0.490000
581 13.600333 0.505000 0.108667 0.496667
155 13.689000 0.501667 0.083333 0.476667
527 13.778667 0.510000 0.116000 0.333333
427 13.937333 0.493333 0.220000 1.100000
550 14.075667 0.495000 0.072667 0.363333
612 14.167333 0.501667 0.126667 0.356667
871 14.256000 0.503333 0.065333 0.313333
145 14.327667 0.501667 0.092667 0.490000
415 14.462333 0.508333 0.191333 0.956667
251 14.577667 0.508333 0.054000 0.310000
779 14.617000 0.506667 0.042000 0.393333
469 14.658333 0.491667 0.058000 0.350000
151 14.712333 0.488333 0.064667 0.330000
881 14.787333 0.498333 0.104000 0.350000
754 14.902333 0.498333 0.140667 0.683333
400 14.992667 0.501667 0.053333 0.443333
445 15.043667 0.510000 0.063333 0.380000
857 15.161333 0.503333 0.188000 0.413333
238 15.328000 0.506667 0.158667 0.793333
369 15.466667 0.491667 0.138667 0.370000
721 15.632000 0.496667 0.206667 0.560000
784 15.756667 0.503333 0.060000 0.506667
219 15.822667 0.496667 0.092000 0.393333
505 15.897333 0.491667 0.073333 0.303333
189 15.964667 0.490000 0.081333 0.386667
554 16.075000 0.503333 0.159333 0.433333
0 16.164333 0.491667 0.039333 0.316667
883 16.266333 0.488333 0.184667 0.923333
637 16.379333 0.491667 0.060000 0.303333
874 16.439667 0.503333 0.078000 0.380000
133 16.515333 0.510000 0.093333 0.413333
48 16.691333 0.488333 0.274667 0.590000
289 16.929667 0.498333 0.222000 0.423333
742 17.090333 0.488333 0.118000 0.483333
423 17.222333 0.488333 0.160667 0.803333
202 17.339667 0.506667 0.091333 0.386667
729 17.390000 0.506667 0.029333 0.340000
658 17.430667 0.501667 0.070667 0.403333
622 17.535333 0.506667 0.152000 0.520000
978 17.621667 0.508333 0.035333 0.290000
490 17.666000 0.500000 0.068000 0.353333
394 17.751667 0.498333 0.116667 0.350000
361 17.871667 0.501667 0.140667 0.423333
275 17.954333 0.503333 0.044667 0.286667
456 18.003667 0.493333 0.071333 0.373333
43 18.074333 0.498333 0.086000 0.343333
446 18.150333 0.500000 0.086000 0.440000
200 18.231667 0.495000 0.092667 0.443333
895 18.351333 0.500000 0.160000 0.460000
664 18.471667 0.506667 0.099333 0.326667
38 18.560000 0.501667 0.092000 0.336667
230 18.664333 0.506667 0.131333 0.586667
803 18.799667 0.505000 0.155333 0.483333
212 18.933333 0.496667 0.129333 0.533333
134 19.057000 0.505000 0.134000 0.416667
119 19.162667 0.501667 0.092000 0.543333
101 19.285000 0.508333 0.167333 0.836667
917 19.379333 0.488333 0.037333 0.270000
430 19.434333 0.488333 0.087333 0.370000
903 19.536000 0.500000 0.129333 0.386667
828 19.653333 0.500000 0.120000 0.520000
462 19.739333 0.510000 0.069333 0.360000
865 19.821000 0.490000 0.114000 0.380000
668 19.922333 0.495000 0.108667 0.363333
540 20.048333 0.491667 0.156667 0.570000
84 20.180667 0.493333 0.125333 0.353333
207 20.279000 0.493333 0.090000 0.366667
528 20.364333 0.495000 0.099333 0.336667
26 20.480000 0.510000 0.150667 0.513333
371 20.609000 0.498333 0.122000 0.363333
493 20.692667 0.495000 0.064000 0.330000
588 20.773667 0.498333 0.112667 0.503333
642 20.866667 0.500000 0.088000 0.340000
628 20.975000 0.493333 0.142000 0.480000
725 21.092000 0.498333 0.109333 0.463333
123 21.216333 0.505000 0.159333 0.796667
477 21.326000 0.508333 0.078667 0.403333
863 21.404000 0.510000 0.097333 0.466667
366 21.518667 0.505000 0.148000 0.463333
572 21.634333 0.491667 0.103333 0.450000
518 21.744667 0.495000 0.134667 0.443333
980 21.824333 0.503333 0.044667 0.346667
744 21.894667 0.505000 0.109333 0.443333
35 22.000667 0.488333 0.120000 0.463333
273 22.078667 0.510000 0.050667 0.306667
869 22.134333 0.496667 0.074000 0.433333
545 22.212000 0.506667 0.097333 0.373333
392 22.365000 0.488333 0.227333 1.136667
922 22.494667 0.503333 0.046667 0.340000
373 22.567667 0.491667 0.119333 0.330000
687 22.655333 0.501667 0.074667 0.363333
1022 22.705333 0.488333 0.044000 0.336667
599 22.773000 0.491667 0.110000 0.330000
735 22.886333 0.508333 0.134000 0.530000
438 23.011667 0.505000 0.134000 0.410000
834 23.125667 0.490000 0.111333 0.460000
587 23.250000 0.488333 0.150667 0.456667
511 23.375667 0.496667 0.114000 0.353333
118 23.477333 0.488333 0.109333 0.390000
699 23.580667 0.495000 0.113333 0.336667
300 23.667000 0.498333 0.072667 0.230000
846 23.748333 0.506667 0.103333 0.486667
657 23.846667 0.510000 0.109333 0.413333
293 23.935000 0.490000 0.084667 0.326667
223 24.030667 0.506667 0.120000 0.486667
517 24.133667 0.496667 0.106000 0.360000
294 24.305333 0.496667 0.252000 0.420000
995 24.447333 0.491667 0.050667 0.383333
827 24.510667 0.500000 0.094667 0.393333
282 24.621333 0.498333 0.145333 0.496667
910 24.754000 0.498333 0.140000 0.456667
470 24.844667 0.501667 0.056000 0.290000
743 24.914000 0.506667 0.101333 0.420000
346 25.031667 0.488333 0.148667 0.403333
626 25.171000 0.510000 0.148667 0.493333
76 25.297000 0.495000 0.120667 0.370000
1019 25.371667 0.500000 0.044667 0.346667
279 25.437667 0.508333 0.107333 0.623333
962 25.499333 0.495000 0.033333 0.263333
108 25.592000 0.493333 0.172000 0.360000
299 25.723667 0.500000 0.106000 0.413333
171 25.872333 0.508333 0.206000 1.030000
277 26.000333 0.508333 0.066000 0.316667
73 26.101000 0.508333 0.152667 0.470000
638 26.212333 0.495000 0.086000 0.336667
374 26.327667 0.491667 0.158000 0.790000
902 26.465000 0.490000 0.132667 0.380000
802 26.624667 0.510000 0.200000 0.453333
854 26.799667 0.491667 0.164667 0.823333
538 26.962667 0.500000 0.176000 0.880000
425 27.081667 0.508333 0.076667 0.463333
632 27.184333 0.491667 0.146000 0.470000
464 27.283667 0.488333 0.070000 0.363333
534 27.356667 0.500000 0.096000 0.380000
972 27.418333 0.506667 0.040667 0.313333
656 27.491333 0.510000 0.125333 0.320000
986 27.570000 0.495000 0.046667 0.350000
971 27.603667 0.503333 0.040667 0.313333
703 27.681333 0.490000 0.132000 0.446667
410 27.788333 0.510000 0.098000 0.453333
812 27.900667 0.496667 0.146667 0.513333
523 28.023000 0.498333 0.112667 0.350000
617 28.116333 0.490000 0.091333 0.366667
439 28.197000 0.503333 0.088667 0.346667
460 28.276000 0.495000 0.086667 0.436667
652 28.386333 0.498333 0.150000 0.496667
737 28.484667 0.488333 0.060000 0.443333
57 28.529000 0.508333 0.043333 0.276667
258 28.598333 0.500000 0.111333 0.380000
539 28.682333 0.501667 0.076667 0.363333
406 28.754333 0.506667 0.086000 0.333333
225 28.833000 0.503333 0.087333 0.400000
336 28.929333 0.495000 0.121333 0.590000
149 29.090667 0.510000 0.218667 1.093333
249 29.222333 0.490000 0.063333 0.506667
783 29.283333 0.506667 0.073333 0.400000
271 29.389667 0.496667 0.159333 0.486667
595 29.518000 0.488333 0.116000 0.350000
504 29.650667 0.490000 0.169333 0.486667
314 29.787333 0.501667 0.122667 0.443333
308 29.871000 0.501667 0.062000 0.350000
604 29.953333 0.490000 0.121333 0.366667
179 30.102667 0.490000 0.196000 0.980000
820 30.243667 0.491667 0.103333 0.423333
601 30.345000 0.506667 0.119333 0.373333
461 30.426000 0.500000 0.058667 0.300000
782 30.493000 0.501667 0.092667 0.430000
353 30.599333 0.500000 0.136000 0.366667
720 30.769000 0.508333 0.219333 1.096667
137 30.910667 0.488333 0.077333 0.376667
229 31.040667 0.503333 0.202667 1.013333
363 31.195667 0.490000 0.127333 0.373333
257 31.310333 0.488333 0.118000 0.356667
255 31.431333 0.488333 0.137333 0.523333
757 31.550000 0.501667 0.120000 0.396667
365 31.670333 0.503333 0.138000 0.380000
999 31.749000 0.506667 0.035333 0.293333
936 31.779667 0.496667 0.039333 0.320000
92 31.880667 0.500000 0.176000 0.880000
278 32.023000 0.490000 0.127333 0.393333
564 32.150333 0.505000 0.146000 0.296667
582 32.307667 0.498333 0.184667 0.923333
740 32.467667 0.495000 0.155333 0.356667
923 32.555333 0.496667 0.040000 0.326667
515 32.623333 0.488333 0.114667 0.383333
63 32.733667 0.500000 0.122000 0.440000
475 32.821667 0.505000 0.072667 0.370000
676 32.893667 0.488333 0.087333 0.330000
18 32.978333 0.505000 0.098000 0.336667
208 33.111667 0.498333 0.186000 0.930000
82 33.233000 0.510000 0.072667 0.540000
199 33.319667 0.493333 0.119333 0.500000
775 33.412667 0.500000 0.086667 0.426667
769 33.505000 0.493333 0.115333 0.373333
698 33.587333 0.490000 0.062667 0.326667
574 33.646000 0.493333 0.072000 0.286667
800 33.714667 0.490000 0.081333 0.326667
861 33.770000 0.491667 0.045333 0.356667
154 33.823000 0.500000 0.079333 0.380000
818 33.914333 0.490000 0.120667 0.440000
949 33.982667 0.508333 0.030667 0.256667
254 34.046333 0.496667 0.114000 0.433333
215 34.140667 0.506667 0.093333 0.420000
749 34.224667 0.505000 0.092000 0.370000
873 34.313333 0.501667 0.098667 0.470000
835 34.414667 0.488333 0.117333 0.456667
997 34.488333 0.496667 0.047333 0.360000
489 34.543000 0.496667 0.075333 0.393333
549 34.625000 0.500000 0.106000 0.360000
132 34.711000 0.491667 0.079333 0.323333
772 34.857667 0.505000 0.227333 1.136667
981 34.977333 0.488333 0.032000 0.276667
247 35.024667 0.510000 0.081333 0.333333
516 35.105667 0.503333 0.100667 0.340000
532 35.197667 0.505000 0.099333 0.503333
974 35.257667 0.496667 0.038000 0.286667
864 35.317333 0.508333 0.100000 0.396667
396 35.438000 0.501667 0.156000 0.490000
686 35.550000 0.500000 0.082667 0.400000
42 35.615000 0.508333 0.063333 0.363333
122 35.700333 0.508333 0.124667 0.456667
726 35.800667 0.501667 0.089333 0.470000
568 35.895000 0.508333 0.115333 0.576667
701 36.027667 0.488333 0.168667 0.843333
594 36.167333 0.498333 0.128000 0.390000
562 36.291000 0.498333 0.135333 0.276667
948 36.372333 0.506667 0.042000 0.320000
840 36.425333 0.496667 0.081333 0.400000
47 36.500667 0.501667 0.086667 0.416667
624 36.631333 0.503333 0.190667 0.646667
86 36.771333 0.505000 0.102667 0.436667
724 36.860000 0.490000 0.090667 0.393333
204 36.950667 0.493333 0.109333 0.500000
218 37.064667 0.491667 0.133333 0.536667
66 37.179667 0.488333 0.111333 0.516667
256 37.271333 0.496667 0.090667 0.313333
39 37.378333 0.501667 0.140667 0.483333
1011 37.459333 0.510000 0.034667 0.280000
567 37.517000 0.488333 0.095333 0.396667
926 37.577000 0.493333 0.039333 0.320000
28 37.642667 0.501667 0.112000 0.416667
563 37.778667 0.500000 0.173333 0.360000
14 37.916000 0.505000 0.116000 0.430000
823 38.011667 0.503333 0.092667 0.440000
605 38.106667 0.501667 0.117333 0.323333
152 38.201000 0.490000 0.086000 0.413333
791 38.267333 0.490000 0.062667 0.380000
780 38.355000 0.496667 0.130000 0.420000
382 38.482667 0.505000 0.138667 0.416667
53 38.585667 0.505000 0.086000 0.310000
127 38.675333 0.508333 0.112000 0.370000
836 38.772667 0.490000 0.098667 0.486667
109 38.907000 0.488333 0.187333 0.936667
689 39.039667 0.503333 0.092667 0.460000
778 39.127000 0.510000 0.100667 0.646667
110 39.243667 0.505000 0.147333 0.516667
584 39.376667 0.488333 0.132000 0.390000
379 39.490000 0.488333 0.109333 0.343333
126 39.594333 0.491667 0.114000 0.396667
324 39.717667 0.493333 0.146000 0.713333
90 39.871000 0.503333 0.174000 0.366667
482 39.980000 0.500000 0.061333 0.313333
975 40.023000 0.503333 0.043333 0.346667
958 40.051000 0.495000 0.032667 0.276667
484 40.108333 0.496667 0.100667 0.386667
758 40.207333 0.493333 0.116000 0.346667
106 40.365000 0.505000 0.215333 1.076667
343 40.543667 0.508333 0.159333 0.470000
941 40.633333 0.506667 0.037333 0.293333
177 40.737333 0.493333 0.190667 0.953333
665 40.879667 0.510000 0.110000 0.380000
732 40.962333 0.496667 0.074000 0.360000
453 41.019000 0.500000 0.056667 0.300000
993 41.061667 0.493333 0.044667 0.326667
495 41.113333 0.495000 0.074667 0.383333
481 41.179667 0.498333 0.075333 0.416667
248 41.249333 0.496667 0.077333 0.406667
443 41.313667 0.508333 0.068667 0.356667
850 41.398000 0.503333 0.116000 0.533333
357 41.531333 0.508333 0.166667 0.496667
3 41.641667 0.506667 0.070000 0.293333
383 41.746333 0.495000 0.159333 0.443333
451 41.852333 0.496667 0.068667 0.366667
789 41.919000 0.498333 0.079333 0.476667
235 42.007000 0.495000 0.112667 0.443333
887 42.112667 0.501667 0.113333 0.350000
305 42.196333 0.503333 0.070000 0.393333
934 42.245000 0.495000 0.043333 0.356667
979 42.275000 0.508333 0.034000 0.270000
690 42.330667 0.505000 0.096000 0.470000
94 42.450333 0.501667 0.159333 0.796667
831 42.568667 0.506667 0.093333 0.440000
454 42.637000 0.501667 0.058000 0.303333
104 42.772667 0.508333 0.229333 0.503333
243 42.976333 0.491667 0.194000 0.970000
633 43.179667 0.508333 0.227333 1.136667
158 43.365333 0.505000 0.162667 0.483333
824 43.495667 0.498333 0.116667 0.556667
291 43.606333 0.501667 0.118000 0.436667
27 43.709333 0.490000 0.105333 0.360000
435 43.786333 0.510000 0.064667 0.306667
727 43.852667 0.510000 0.082667 0.366667
1020 43.909333 0.495000 0.046667 0.363333
210 43.979000 0.496667 0.108667 0.540000
899 44.125000 0.488333 0.202000 1.010000
350 44.276000 0.500000 0.120000 0.353333
150 44.393333 0.490000 0.132000 0.546667
318 44.492000 0.488333 0.081333 0.363333
928 44.551000 0.510000 0.050000 0.360000
842 44.609000 0.496667 0.084667 0.406667
591 44.706333 0.493333 0.123333 0.386667
214 44.805000 0.491667 0.087333 0.436667
884 44.903333 0.503333 0.124000 0.426667
102 45.063667 0.488333 0.214000 1.070000
390 45.231000 0.503333 0.134000 0.360000
879 45.367000 0.510000 0.158000 0.480000
847 45.496667 0.496667 0.118667 0.373333
167 45.605333 0.510000 0.114667 0.413333
259 45.711333 0.488333 0.117333 0.583333
751 45.809333 0.498333 0.093333 0.403333
1017 45.869000 0.498333 0.042000 0.350000
261 45.976667 0.490000 0.190667 0.953333
748 46.118333 0.495000 0.110000 0.383333
682 46.218000 0.500000 0.106667 0.413333
841 46.307667 0.505000 0.086000 0.370000
898 46.397000 0.500000 0.112667 0.313333
328 46.556667 0.506667 0.224000 1.120000
937 46.678667 0.493333 0.040000 0.300000
555 46.707000 0.503333 0.034000 0.340000
252 46.770000 0.510000 0.105333 0.413333
5 46.861000 0.503333 0.095333 0.426667
1015 46.919333 0.500000 0.041333 0.313333
178 46.980333 0.500000 0.098000 0.360000
437 47.058000 0.510000 0.073333 0.353333
935 47.103667 0.490000 0.036667 0.266667
781 47.155333 0.496667 0.081333 0.420000
288 47.256667 0.500000 0.140000 0.540000
805 47.425667 0.505000 0.216667 1.083333
719 47.630000 0.510000 0.205333 1.026667
914 47.794667 0.500000 0.144000 0.426667
621 47.881667 0.490000 0.050000 0.500000
973 47.917667 0.495000 0.039333 0.283333
514 47.989667 0.495000 0.118000 0.396667
825 48.092000 0.503333 0.100000 0.413333
530 48.182667 0.496667 0.100000 0.473333
667 48.273667 0.495000 0.099333 0.323333
920 48.356333 0.503333 0.084667 0.333333
85 48.433000 0.496667 0.084667 0.313333
297 48.504000 0.505000 0.077333 0.410000
70 48.596667 0.505000 0.122667 0.423333
337 48.730667 0.503333 0.160000 0.800000
296 48.860000 0.506667 0.113333 0.413333
241 48.960000 0.490000 0.104000 0.580000
1 49.041333 0.508333 0.073333 0.383333
590 49.186667 0.493333 0.230667 1.153333
826 49.344333 0.508333 0.100667 0.416667
458 49.424000 0.495000 0.078667 0.403333
688 49.502667 0.491667 0.096000 0.476667
959 49.566000 0.510000 0.044000 0.333333
925 49.597667 0.495000 0.036667 0.296667
330 49.650000 0.498333 0.085333 0.323333
164 49.752667 0.508333 0.134667 0.483333
429 49.857667 0.498333 0.088667 0.303333
33 49.944333 0.500000 0.098000 0.360000
661 50.052000 0.501667 0.136000 0.463333
265 50.184333 0.490000 0.147333 0.566667
576 50.291000 0.490000 0.080667 0.320000
193 50.368000 0.500000 0.090667 0.426667
68 50.456333 0.498333 0.099333 0.290000
142 50.542667 0.491667 0.090667 0.476667
575 50.632000 0.500000 0.104000 0.340000
182 50.744667 0.498333 0.140000 0.463333
372 50.888000 0.510000 0.164000 0.480000
463 50.995333 0.510000 0.064000 0.340000
385 51.099333 0.508333 0.158667 0.416667
608 51.219333 0.501667 0.098667 0.323333
113 51.305000 0.495000 0.086000 0.390000
706 51.371333 0.498333 0.060000 0.310000
233 51.450667 0.495000 0.114667 0.523333
188 51.546333 0.508333 0.094000 0.476667
432 51.648667 0.491667 0.130667 0.256667
712 51.803667 0.488333 0.199333 0.996667
960 51.914667 0.496667 0.041333 0.306667
586 51.986333 0.505000 0.116667 0.356667
522 52.092333 0.491667 0.115333 0.390000
862 52.173333 0.508333 0.064000 0.316667
436 52.246333 0.498333 0.099333 0.256667
166 52.346000 0.500000 0.116000 0.413333
97 52.477000 0.506667 0.160667 0.346667
358 52.606333 0.491667 0.118000 0.323333
51 52.706000 0.508333 0.098667 0.356667
830 52.795667 0.491667 0.096667 0.403333
858 52.899667 0.506667 0.127333 0.433333
674 52.998667 0.508333 0.088000 0.310000
503 53.094333 0.506667 0.120667 0.306667
519 53.200667 0.501667 0.105333 0.343333
684 53.302333 0.495000 0.114000 0.430000
58 53.387667 0.501667 0.071333 0.296667
509 53.472333 0.501667 0.118000 0.376667
707 53.570000 0.500000 0.093333 0.440000
24 53.680000 0.500000 0.144000 0.493333
953 53.764333 0.503333 0.039333 0.293333
631 53.858333 0.491667 0.168667 0.570000
931 53.948667 0.503333 0.030667 0.253333
733 53.996667 0.496667 0.081333 0.480000
940 54.045333 0.490000 0.033333 0.273333
246 54.141667 0.488333 0.174000 0.870000
143 54.269667 0.495000 0.095333 0.476667
10 54.366667 0.501667 0.118667 0.423333
878 54.463000 0.500000 0.091333 0.460000
1002 54.522333 0.500000 0.043333 0.346667
964 54.556000 0.500000 0.042667 0.353333
911 54.625333 0.498333 0.110667 0.443333
498 54.696667 0.498333 0.050667 0.316667
307 54.742000 0.491667 0.060000 0.336667
455 54.793000 0.490000 0.056667 0.313333
209 54.922333 0.508333 0.220667 1.103333
266 55.126000 0.503333 0.200000 1.000000
78 55.292333 0.506667 0.150000 0.386667
232 55.405667 0.500000 0.096667 0.453333
185 55.507333 0.510000 0.122667 0.493333
868 55.602000 0.495000 0.085333 0.490000
811 55.708333 0.508333 0.140667 0.343333
943 55.792000 0.488333 0.041333 0.303333
722 55.875000 0.501667 0.140667 0.416667
16 55.989667 0.498333 0.103333 0.343333
799 56.079000 0.493333 0.094000 0.340000
216 56.169000 0.505000 0.103333 0.516667
880 56.268333 0.495000 0.108667 0.383333
829 56.356667 0.498333 0.082667 0.403333
860 56.514000 0.506667 0.252000 0.646667
192 56.737333 0.506667 0.212000 1.060000
335 56.903000 0.493333 0.138000 0.466667
741 57.023000 0.491667 0.122000 0.423333
885 57.115000 0.490000 0.078000 0.360000
697 57.184667 0.490000 0.076000 0.380000
198 57.278667 0.508333 0.129333 0.516667
190 57.395333 0.508333 0.120000 0.583333
795 57.477333 0.501667 0.058667 0.356667
352 57.559667 0.493333 0.123333 0.366667
510 57.670667 0.503333 0.116000 0.413333
15 57.773333 0.508333 0.109333 0.383333
72 57.875667 0.508333 0.108667 0.523333
660 57.984000 0.495000 0.126667 0.463333
117 58.109000 0.496667 0.142000 0.440000
924 58.187667 0.493333 0.028667 0.240000
905 58.264000 0.508333 0.142667 0.443333
531 58.438333 0.495000 0.220667 0.623333
242 58.587000 0.493333 0.092667 0.353333
619 58.669000 0.488333 0.088667 0.476667
378 58.796667 0.493333 0.181333 0.906667
691 58.921333 0.508333 0.085333 0.416667
704 59.022667 0.493333 0.133333 0.400000
405 59.128333 0.510000 0.094000 0.366667
83 59.215000 0.498333 0.092667 0.456667
512 59.311333 0.501667 0.114667 0.363333
1001 59.384000 0.503333 0.045333 0.340000
494 59.442667 0.488333 0.086667 0.470000
718 59.581667 0.495000 0.206000 1.030000
6 59.732667 0.495000 0.109333 0.456667
131 59.845333 0.503333 0.133333 0.520000
138 59.945000 0.503333 0.082000 0.466667
672 60.022667 0.503333 0.093333 0.320000
52 60.123667 0.496667 0.122000 0.406667
485 60.202667 0.490000 0.056000 0.300000
59 60.335333 0.500000 0.226667 1.133333
20 60.489667 0.501667 0.098000 0.350000
763 60.561000 0.495000 0.060667 0.436667
36 60.644667 0.495000 0.122667 0.470000
37 60.764333 0.506667 0.134000 0.460000
627 60.928000 0.493333 0.206667 1.033333
685 61.070333 0.493333 0.092667 0.380000
615 61.171667 0.495000 0.124667 0.563333
589 61.283000 0.510000 0.112667 0.520000
713 61.413333 0.491667 0.166667 0.490000
401 61.535000 0.491667 0.091333 0.510000
794 61.603333 0.491667 0.062667 0.390000
162 61.680667 0.501667 0.112000 0.430000
856 61.795000 0.496667 0.136667 0.340000
448 61.885667 0.505000 0.064667 0.330000
433 61.977667 0.510000 0.132667 0.300000
639 62.068667 0.493333 0.069333 0.346667
596 62.151000 0.495000 0.108667 0.330000
274 62.253000 0.506667 0.114000 0.553333
298 62.342000 0.510000 0.082667 0.413333
896 62.430000 0.488333 0.113333 0.336667
440 62.507000 0.506667 0.055333 0.326667
695 62.618667 0.505000 0.188000 0.523333
752 62.745333 0.488333 0.078667 0.216667
309 62.807000 0.495000 0.063333 0.356667
136 62.892000 0.508333 0.124000 0.443333
716 63.022000 0.490000 0.154667 0.773333
161 63.155333 0.498333 0.129333 0.496667
1023 63.230333 0.495000 0.040667 0.290000
141 63.275667 0.510000 0.068667 0.326667
459 63.337000 0.510000 0.074000 0.413333
4 63.417333 0.505000 0.104000 0.456667
764 63.504000 0.488333 0.082667 0.423333
272 63.604667 0.495000 0.136000 0.396667
951 63.684667 0.496667 0.038667 0.313333
747 63.748667 0.501667 0.106667 0.463333
424 63.865000 0.501667 0.144667 0.456667
1006 63.948000 0.508333 0.034667 0.263333
814 64.024667 0.495000 0.136000 0.390000
444 64.116667 0.488333 0.065333 0.376667
1004 64.163333 0.506667 0.044000 0.333333
60 64.212000 0.498333 0.069333 0.283333
393 64.298667 0.501667 0.117333 0.323333
333 64.451000 0.491667 0.204667 1.023333
977 64.559333 0.510000 0.032000 0.260000
244 64.657000 0.491667 0.176667 0.476667
450 64.765000 0.490000 0.056667 0.306667
285 64.843667 0.491667 0.118000 0.396667
614 64.974000 0.506667 0.161333 0.433333
46 65.071667 0.491667 0.051333 0.416667
1007 65.115333 0.495000 0.052000 0.376667
796 65.200667 0.503333 0.138667 0.553333
807 65.349333 0.510000 0.174667 0.420000
843 65.472667 0.490000 0.085333 0.393333
201 65.561667 0.488333 0.107333 0.483333
558 65.645667 0.493333 0.080667 0.393333
708 65.736333 0.498333 0.118000 0.490000
286 65.832333 0.488333 0.091333 0.343333
845 65.931000 0.495000 0.119333 0.550000
292 66.031667 0.488333 0.100667 0.390000
74 66.146667 0.498333 0.148000 0.456667
963 66.231333 0.488333 0.034667 0.270000
356 66.319667 0.491667 0.155333 0.423333
907 66.451000 0.493333 0.122000 0.406667
487 66.540667 0.495000 0.070667 0.390000
419 66.614333 0.506667 0.091333 0.446667
730 66.726333 0.491667 0.148667 0.543333
647 66.822667 0.490000 0.064000 0.326667
844 66.932000 0.496667 0.174667 0.873333
130 67.095000 0.498333 0.164667 0.343333
892 67.249667 0.500000 0.164667 0.500000
598 67.377000 0.505000 0.103333 0.310000
156 67.523333 0.503333 0.204000 1.020000
969 67.635333 0.508333 0.038667 0.310000
478 67.684667 0.496667 0.073333 0.393333
349 67.780000 0.498333 0.130667 0.363333
866 67.900000 0.508333 0.122667 0.336667
404 68.008667 0.508333 0.110667 0.556667
893 68.162667 0.496667 0.217333 1.086667
49 68.355667 0.488333 0.186000 0.930000
521 68.521333 0.490000 0.164000 0.433333
398 68.638333 0.488333 0.086000 0.450000
630 68.747000 0.498333 0.151333 0.510000
194 68.893333 0.493333 0.157333 0.786667
513 69.019333 0.506667 0.113333 0.380000
421 69.138333 0.498333 0.139333 0.423333
306 69.235333 0.503333 0.070667 0.393333
1018 69.283667 0.506667 0.039333 0.306667
184 69.340000 0.505000 0.090667 0.403333
569 69.427000 0.501667 0.099333 0.390000
994 69.492000 0.491667 0.044000 0.350000
1005 69.526000 0.498333 0.038667 0.283333
386 69.595333 0.506667 0.113333 0.320000
407 69.689667 0.496667 0.094000 0.366667
680 69.789333 0.510000 0.120000 0.433333
135 69.895000 0.503333 0.107333 0.413333
790 69.969667 0.501667 0.059333 0.356667
662 70.047000 0.501667 0.111333 0.370000
203 70.134333 0.493333 0.082000 0.373333
290 70.241667 0.503333 0.146000 0.420000
759 70.371000 0.508333 0.131333 0.416667
234 70.488667 0.498333 0.120000 0.490000
105 70.629667 0.505000 0.179333 0.383333
808 70.760667 0.506667 0.100000 0.440000
913 70.852000 0.490000 0.101333 0.306667
479 70.929000 0.505000 0.071333 0.370000
414 71.059667 0.508333 0.203333 1.016667
496 71.207667 0.496667 0.106000 0.440000
793 71.304000 0.496667 0.105333 0.433333
968 71.367000 0.505000 0.036667 0.303333
367 71.454000 0.493333 0.156000 0.420000
961 71.550000 0.498333 0.050667 0.383333
100 71.659000 0.490000 0.182000 0.380000
263 71.849333 0.493333 0.217333 1.086667
302 71.980333 0.510000 0.058000 0.326667
221 72.047667 0.510000 0.090000 0.366667
388 72.140333 0.493333 0.114000 0.313333
593 72.272667 0.490000 0.169333 0.493333
163 72.419667 0.496667 0.139333 0.486667
416 72.529000 0.493333 0.095333 0.460000
304 72.605667 0.508333 0.071333 0.396667
281 72.693000 0.501667 0.120667 0.423333
609 72.783000 0.506667 0.079333 0.333333
323 72.897667 0.490000 0.166000 0.360000
196 73.033333 0.501667 0.122667 0.510000
983 73.106667 0.503333 0.038667 0.306667
832 73.182333 0.508333 0.126000 0.530000
181 73.293667 0.493333 0.115333 0.393333
422 73.385000 0.495000 0.084667 0.310000
380 73.495333 0.496667 0.156000 0.433333
348 73.643000 0.498333 0.158000 0.790000
345 73.817667 0.498333 0.208667 1.043333
315 73.964333 0.491667 0.098000 0.336667
239 74.088667 0.496667 0.168000 0.840000
731 74.201333 0.508333 0.074667 0.376667
497 74.300667 0.505000 0.137333 0.370000
625 74.453333 0.501667 0.188000 0.636667
144 74.581667 0.490000 0.087333 0.380000
69 74.674333 0.505000 0.115333 0.576667
402 74.794333 0.488333 0.142000 0.376667
413 74.930000 0.495000 0.146667 0.610000
22 75.068333 0.501667 0.146000 0.483333
250 75.222667 0.496667 0.176000 0.880000
982 75.320333 0.505000 0.034000 0.256667
876 75.412667 0.498333 0.165333 0.450000
240 75.525000 0.491667 0.076667 0.403333
301 75.583000 0.493333 0.056667 0.320000
526 75.678333 0.500000 0.154000 0.393333
170 75.796667 0.501667 0.097333 0.356667
466 75.878000 0.498333 0.085333 0.436667
114 75.951667 0.501667 0.078000 0.390000
441 76.025000 0.495000 0.086000 0.436667
987 76.077333 0.510000 0.034667 0.293333
620 76.152000 0.498333 0.129333 0.550000
976 76.227333 0.505000 0.038667 0.303333
112 76.312000 0.488333 0.146667 0.503333
40 76.436667 0.490000 0.117333 0.393333
930 76.502333 0.503333 0.030000 0.253333
2 76.551333 0.501667 0.088000 0.443333
99 76.697000 0.505000 0.219333 1.096667
755 76.868333 0.508333 0.136667 0.396667
165 76.986000 0.488333 0.113333 0.410000
418 77.074333 0.496667 0.082000 0.400000
368 77.218333 0.498333 0.224667 1.123333
815 77.387667 0.501667 0.131333 0.356667
397 77.484000 0.510000 0.078667 0.326667
140 77.605667 0.495000 0.183333 0.916667
950 77.707333 0.506667 0.038667 0.293333
849 77.769667 0.498333 0.100667 0.470000
788 77.915000 0.508333 0.206000 1.030000
700 78.074667 0.495000 0.126667 0.530000
669 78.178667 0.490000 0.100000 0.340000
264 78.292667 0.493333 0.141333 0.540000
967 78.373000 0.496667 0.034000 0.260000
771 78.430000 0.510000 0.093333 0.486667
195 78.520333 0.493333 0.100667 0.400000
606 78.627333 0.500000 0.126667 0.386667
551 78.748000 0.503333 0.130667 0.406667
891 78.837667 0.490000 0.063333 0.253333
41 78.922667 0.500000 0.125333 0.353333
966 78.993333 0.506667 0.032000 0.260000
64 79.031667 0.491667 0.059333 0.330000
715 79.141000 0.488333 0.179333 0.476667
169 79.281000 0.490000 0.116667 0.433333
89 79.431000 0.508333 0.198000 0.990000
8 79.577333 0.501667 0.112000 0.436667
457 79.661000 0.508333 0.068667 0.403333
541 79.783000 0.488333 0.194000 0.483333
745 79.921667 0.505000 0.099333 0.383333
191 80.002333 0.505000 0.082000 0.403333
809 80.087667 0.496667 0.103333 0.533333
607 80.191333 0.495000 0.117333 0.356667
269 80.309333 0.498333 0.134667 0.410000
537 80.512000 0.491667 0.284000 0.436667
111 80.690333 0.498333 0.087333 0.410000
645 80.768667 0.495000 0.089333 0.410000
476 80.842000 0.501667 0.076000 0.403333
770 80.976000 0.500000 0.208000 1.040000
673 81.136333 0.496667 0.128667 0.440000
787 81.235667 0.505000 0.083333 0.503333
736 81.312667 0.503333 0.085333 0.466667
226 81.392333 0.491667 0.090000 0.370000
852 81.486000 0.506667 0.114667 0.466667
408 81.577000 0.496667 0.082000 0.313333
442 81.646000 0.490000 0.073333 0.440000
991 81.691000 0.488333 0.036667 0.283333
116 81.777333 0.508333 0.156000 0.463333
670 81.902000 0.498333 0.106667 0.396667
320 82.011333 0.501667 0.128000 0.390000
773 82.133333 0.506667 0.129333 0.346667
159 82.211000 0.506667 0.044667 0.326667
139 82.263667 0.496667 0.074000 0.400000
95 82.383000 0.508333 0.182000 0.910000
71 82.506333 0.500000 0.078000 0.400000
543 82.628333 0.505000 0.184667 0.923333
813 82.785333 0.500000 0.144000 0.466667
507 82.882667 0.498333 0.066667 0.376667
990 82.926667 0.488333 0.036000 0.276667
750 82.988000 0.505000 0.106667 0.396667
488 83.077000 0.491667 0.090000 0.470000
228 83.160667 0.491667 0.097333 0.490000
77 83.268333 0.506667 0.134000 0.333333
237 83.363667 0.508333 0.076667 0.490000
34 83.450000 0.505000 0.113333 0.370000
217 83.557000 0.510000 0.114000 0.453333
384 83.683000 0.508333 0.156667 0.443333
797 83.801333 0.505000 0.094667 0.350000
988 83.856667 0.495000 0.030667 0.250000
268 83.932333 0.498333 0.134000 0.403333
322 84.044000 0.503333 0.109333 0.186667
205 84.170333 0.498333 0.163333 0.816667
175 84.300000 0.488333 0.109333 0.383333
325 84.435667 0.498333 0.175333 0.756667
529 84.569667 0.500000 0.112667 0.540000
714 84.690667 0.501667 0.145333 0.403333
409 84.808667 0.495000 0.108000 0.550000
283 84.911667 0.505000 0.114000 0.390000
467 85.000667 0.501667 0.078667 0.450000
544 85.078000 0.491667 0.092000 0.376667
723 85.179000 0.503333 0.124667 0.426667
434 85.299000 0.500000 0.130000 0.440000
520 85.410000 0.491667 0.110667 0.370000
859 85.510333 0.491667 0.104667 0.323333
362 85.610667 0.488333 0.110667 0.310000
395 85.713667 0.500000 0.114000 0.333333
559 85.797333 0.506667 0.068000 0.326667
610 85.892000 0.510000 0.141333 0.433333
253 85.978000 0.488333 0.048000 0.456667
465 86.033333 0.498333 0.076000 0.443333
1010 86.082333 0.491667 0.042000 0.323333
310 86.127667 0.493333 0.062000 0.346667
954 86.171667 0.500000 0.044667 0.326667
921 86.218333 0.495000 0.066000 0.390000
675 86.289667 0.503333 0.096667 0.353333
580 86.416333 0.503333 0.171333 0.433333
942 86.513667 0.495000 0.036667 0.263333
326 86.556333 0.491667 0.067333 0.310000
7 86.650000 0.503333 0.133333 0.446667
838 86.753333 0.491667 0.092000 0.396667
956 86.810667 0.505000 0.038667 0.316667
54 86.862333 0.488333 0.082000 0.423333
998 86.911333 0.495000 0.034667 0.270000
344 87.029000 0.505000 0.219333 1.096667
765 87.176000 0.498333 0.093333 0.450000
9 87.268000 0.491667 0.110667 0.443333
877 87.355000 0.491667 0.079333 0.383333
45 87.425000 0.506667 0.079333 0.400000
377 87.524333 0.493333 0.138000 0.406667
947 87.608000 0.508333 0.045333 0.356667
12 87.669667 0.508333 0.095333 0.323333
125 87.768333 0.495000 0.116667 0.503333
821 87.867000 0.498333 0.099333 0.716667
616 87.973667 0.500000 0.128667 0.326667
62 88.070000 0.500000 0.084000 0.393333
683 88.172000 0.493333 0.140000 0.426667
80 88.289333 0.490000 0.112000 0.566667
565 88.413000 0.493333 0.154000 0.346667
552 88.503333 0.505000 0.045333 0.316667
579 88.617667 0.508333 0.200667 0.430000
153 88.747333 0.498333 0.072000 0.323333
211 88.834333 0.506667 0.122000 0.506667
929 88.904333 0.493333 0.038000 0.300000
508 88.948667 0.488333 0.065333 0.343333
370 89.082333 0.505000 0.222000 1.110000
87 89.286000 0.501667 0.204000 0.430000
692 89.432333 0.493333 0.103333 0.506667
906 89.554000 0.508333 0.157333 0.436667
965 89.643333 0.506667 0.036000 0.266667
311 89.701000 0.506667 0.094000 0.406667
30 89.794000 0.510000 0.112000 0.320000
359 89.917333 0.495000 0.153333 0.463333
389 90.077667 0.508333 0.184667 0.923333
75 90.223000 0.488333 0.123333 0.376667
1012 90.291667 0.498333 0.034000 0.270000
1014 90.320333 0.501667 0.040667 0.290000
888 90.404333 0.508333 0.143333 0.456667
403 90.571000 0.505000 0.206000 1.030000
173 90.724667 0.493333 0.118667 0.540000
316 90.817333 0.503333 0.086667 0.313333
578 90.898333 0.506667 0.091333 0.346667
851 90.995000 0.488333 0.118000 0.530000
391 91.119667 0.496667 0.147333 0.440000
756 91.245333 0.493333 0.121333 0.400000
160 91.336333 0.493333 0.079333 0.413333
355 91.428333 0.506667 0.119333 0.366667
553 91.530333 0.510000 0.100667 0.346667
502 91.611667 0.510000 0.075333 0.360000
341 91.678000 0.500000 0.072000 0.293333
760 91.783667 0.495000 0.152667 0.443333
853 91.903667 0.496667 0.103333 0.493333
93 92.061000 0.495000 0.228667 1.143333
148 92.240667 0.498333 0.148000 0.423333
611 92.351333 0.490000 0.092000 0.346667
50 92.462667 0.488333 0.144000 0.430000
776 92.600667 0.506667 0.148000 0.373333
103 92.748333 0.501667 0.166000 0.830000
17 92.871667 0.491667 0.096667 0.336667
245 92.941000 0.493333 0.059333 0.253333
375 93.029333 0.490000 0.132000 0.400000
734 93.163667 0.498333 0.150000 0.396667
542 93.306333 0.496667 0.152667 0.533333
798 93.423667 0.508333 0.095333 0.356667
932 93.486333 0.493333 0.048667 0.360000
766 93.563333 0.505000 0.122667 0.356667
186 93.661333 0.506667 0.090667 0.460000
804 93.767000 0.496667 0.136667 0.413333
816 93.894667 0.506667 0.132000 0.460000
939 93.973667 0.496667 0.040667 0.326667
399 94.034667 0.501667 0.101333 0.343333
468 94.120667 0.490000 0.086667 0.446667
819 94.235333 0.508333 0.158667 0.370000
738 94.349000 0.488333 0.086000 0.410000
55 94.437000 0.491667 0.108667 0.296667
431 94.541333 0.498333 0.120000 0.410000
98 94.674667 0.498333 0.162667 0.343333
96 94.831333 0.493333 0.164000 0.353333
679 94.948000 0.510000 0.084000 0.480000
648 95.020667 0.490000 0.081333 0.393333
276 95.081333 0.495000 0.057333 0.363333
81 95.146333 0.506667 0.090000 0.360000
655 95.224000 0.498333 0.078667 0.330000
867 95.317667 0.506667 0.126000 0.426667
560 95.463333 0.488333 0.180000 0.536667
319 95.597000 0.510000 0.103333 0.360000
206 95.698333 0.498333 0.118000 0.510000
32 95.795000 0.508333 0.095333 0.310000
13 95.889000 0.505000 0.111333 0.356667
546 95.984000 0.503333 0.098667 0.400000
120 96.106000 0.490000 0.165333 0.826667
525 96.230333 0.498333 0.099333 0.336667
855 96.306333 0.510000 0.072667 0.186667
945 96.355333 0.505000 0.038667 0.316667
785 96.409000 0.508333 0.087333 0.370000
592 96.507333 0.510000 0.124000 0.406667
535 96.652000 0.503333 0.185333 0.926667
376 96.798000 0.498333 0.122667 0.343333
280 96.916667 0.498333 0.129333 0.430000
786 97.009000 0.500000 0.070000 0.440000
702 97.112667 0.505000 0.156000 0.483333
381 97.247333 0.498333 0.129333 0.396667
904 97.337667 0.490000 0.070000 0.373333
557 97.412333 0.491667 0.095333 0.630000
644 97.498333 0.491667 0.091333 0.456667
944 97.559667 0.506667 0.047333 0.353333
329 97.662333 0.508333 0.174000 0.650000
946 97.763000 0.496667 0.046000 0.360000
583 97.808333 0.488333 0.063333 0.356667
777 97.879000 0.508333 0.098000 0.410000
710 98.027000 0.505000 0.216667 1.083333
29 98.199667 0.500000 0.148667 0.400000
267 98.365333 0.490000 0.197333 0.986667
548 98.524333 0.490000 0.139333 0.433333
693 98.627000 0.493333 0.082000 0.406667
524 98.725000 0.488333 0.132667 0.410000
260 98.847333 0.498333 0.128000 0.336667
183 98.952667 0.490000 0.102667 0.453333
602 99.068333 0.490000 0.144667 0.426667
331 99.257333 0.498333 0.252000 0.603333
312 99.441000 0.496667 0.132667 0.520000
636 99.550333 0.508333 0.103333 0.236667
129 99.698333 0.495000 0.212667 1.063333
327 99.867000 0.506667 0.138000 0.393333
536 100.008667 0.503333 0.158667 0.793333
641 100.110000 0.496667 0.064000 0.306667
340 100.195000 0.491667 0.124667 0.370000
412 100.285000 0.501667 0.075333 0.376667
629 100.425333 0.490000 0.220000 1.100000
768 100.566000 0.490000 0.077333 0.173333
901 100.671667 0.501667 0.154000 0.410000
61 100.779333 0.493333 0.074667 0.366667
480 100.838000 0.490000 0.062667 0.346667
646 100.909333 0.498333 0.097333 0.410000
709 100.994667 0.488333 0.089333 0.390000
894 101.108333 0.501667 0.151333 0.423333
651 101.261333 0.490000 0.168000 0.540000
1000 101.358667 0.493333 0.040000 0.293333
989 101.396000 0.490000 0.050667 0.366667
21 101.462000 0.491667 0.098667 0.323333
915 101.535333 0.496667 0.066667 0.540000
287 101.608667 0.506667 0.096000 0.360000
1013 101.668667 0.505000 0.037333 0.283333
762 101.725333 0.490000 0.096000 0.420000
115 101.790333 0.496667 0.048667 0.266667
342 101.851333 0.505000 0.093333 0.403333
334 101.948667 0.498333 0.118667 0.423333
696 102.081667 0.493333 0.160667 0.373333
107 102.265667 0.505000 0.220667 1.103333
146 102.409333 0.496667 0.080000 0.420000
11 102.500667 0.495000 0.118667 0.403333
1003 102.571333 0.503333 0.042667 0.333333
649 102.639000 0.495000 0.106000 0.576667
1009 102.705667 0.503333 0.043333 0.340000
908 102.774667 0.500000 0.109333 0.420000
222 102.879667 0.491667 0.115333 0.543333
339 102.972667 0.506667 0.085333 0.420000
957 103.033000 0.488333 0.050000 0.376667
270 103.150667 0.488333 0.201333 0.603333
659 103.285000 0.488333 0.082000 0.330000
19 103.378000 0.498333 0.121333 0.450000
634 103.481000 0.496667 0.099333 0.420000
705 103.608000 0.503333 0.172000 0.860000
919 103.715000 0.500000 0.062000 0.260000
597 103.798667 0.508333 0.122667 0.370000
