832 0.052333 0.496667 0.098000 0.433333
905 0.156667 0.488333 0.130667 0.430000
133 0.260000 0.493333 0.089333 0.400000
1019 0.320333 0.498333 0.048667 0.356667
321 0.394667 0.505000 0.118667 0.483333
771 0.480667 0.501667 0.070667 0.356667
127 0.620000 0.506667 0.225333 1.126667
116 0.801000 0.505000 0.156667 0.490000
970 0.889333 0.495000 0.038667 0.303333
706 0.940333 0.508333 0.078000 0.390000
436 1.026333 0.488333 0.108667 0.296667
131 1.117333 0.508333 0.093333 0.363333
447 1.193000 0.501667 0.075333 0.423333
876 1.301333 0.510000 0.161333 0.400000
869 1.410667 0.490000 0.072000 0.460000
902 1.546000 0.503333 0.213333 1.066667
535 1.719000 0.495000 0.151333 0.316667
765 1.822333 0.508333 0.072667 0.390000
303 1.877000 0.503333 0.056667 0.320000
487 1.933333 0.501667 0.070667 0.376667
741 2.011667 0.498333 0.100667 0.343333
555 2.070667 0.496667 0.030667 0.306667
749 2.121000 0.505000 0.087333 0.370000
657 2.198667 0.503333 0.081333 0.326667
81 2.283667 0.501667 0.107333 0.423333
147 2.372667 0.496667 0.090667 0.473333
860 2.516667 0.495000 0.213333 0.556667
611 2.667000 0.498333 0.104667 0.410000
586 2.777000 0.508333 0.132667 0.410000
152 2.874667 0.506667 0.081333 0.393333
543 3.016333 0.505000 0.215333 1.076667
870 3.147000 0.500000 0.062000 0.286667
472 3.208000 0.501667 0.073333 0.383333
803 3.309333 0.500000 0.142667 0.413333
439 3.414333 0.498333 0.082000 0.323333
266 3.533333 0.510000 0.176000 0.880000
691 3.652667 0.510000 0.077333 0.380000
1008 3.706667 0.503333 0.044000 0.320000
511 3.788000 0.510000 0.134667 0.460000
324 3.913667 0.488333 0.131333 0.643333
221 4.015000 0.503333 0.087333 0.360000
616 4.123333 0.505000 0.144000 0.383333
202 4.255667 0.510000 0.134000 0.526667
897 4.383667 0.508333 0.140667 0.423333
544 4.486000 0.490000 0.081333 0.293333
113 4.567333 0.503333 0.100000 0.506667
291 4.672333 0.491667 0.126000 0.510000
377 4.815667 0.498333 0.179333 0.896667
395 4.958333 0.496667 0.122000 0.340000
772 5.087333 0.501667 0.153333 0.436667
12 5.202333 0.488333 0.095333 0.330000
35 5.298333 0.505000 0.110000 0.370000
595 5.408333 0.495000 0.123333 0.376667
29 5.529000 0.503333 0.136667 0.373333
526 5.647000 0.498333 0.118000 0.303333
956 5.720333 0.506667 0.048667 0.366667
462 5.772667 0.495000 0.070667 0.356667
56 5.839667 0.495000 0.080667 0.110000
692 5.914333 0.505000 0.084667 0.416667
372 6.004000 0.496667 0.114667 0.326667
729 6.065333 0.505000 0.028000 0.363333
936 6.092667 0.496667 0.046667 0.360000
959 6.123667 0.496667 0.034000 0.266667
575 6.187667 0.506667 0.108667 0.373333
350 6.339667 0.491667 0.210000 1.050000
925 6.456667 0.500000 0.037333 0.280000
17 6.508333 0.505000 0.086000 0.316667
612 6.622333 0.501667 0.162000 0.810000
454 6.729333 0.501667 0.065333 0.336667
485 6.783000 0.510000 0.056667 0.320000
835 6.867000 0.498333 0.128667 0.550000
369 7.015000 0.505000 0.187333 0.936667
910 7.168667 0.510000 0.133333 0.433333
627 7.313667 0.496667 0.171333 0.580000
735 7.457667 0.490000 0.136667 0.553333
367 7.583000 0.493333 0.134000 0.420000
522 7.694333 0.496667 0.107333 0.333333
124 7.785000 0.500000 0.088667 0.313333
995 7.839667 0.508333 0.035333 0.270000
975 7.865333 0.496667 0.033333 0.260000
1017 7.891000 0.488333 0.036667 0.263333
746 7.968667 0.505000 0.136000 0.390000
898 8.100667 0.508333 0.148000 0.403333
259 8.213333 0.500000 0.090667 0.453333
985 8.274000 0.508333 0.049333 0.363333
173 8.338667 0.488333 0.097333 0.443333
195 8.441667 0.505000 0.126000 0.503333
565 8.583333 0.505000 0.170667 0.350000
245 8.684000 0.508333 0.046667 0.276667
354 8.778667 0.506667 0.156000 0.453333
178 8.905333 0.510000 0.114667 0.433333
198 8.998000 0.491667 0.085333 0.363333
824 9.077000 0.508333 0.091333 0.383333
904 9.151667 0.503333 0.072667 0.340000
258 9.225667 0.503333 0.088667 0.300000
57 9.292000 0.493333 0.061333 0.353333
234 9.368667 0.496667 0.109333 0.446667
1014 9.432667 0.500000 0.038667 0.293333
918 9.504000 0.491667 0.121333 0.403333
107 9.667333 0.491667 0.222667 0.476667
315 9.817333 0.505000 0.094667 0.330000
529 9.904333 0.496667 0.099333 0.426667
768 9.989000 0.500000 0.086000 0.180000
740 10.091000 0.493333 0.131333 0.300000
58 10.177667 0.488333 0.059333 0.236667
738 10.234333 0.506667 0.074000 0.340000
819 10.337000 0.490000 0.148667 0.513333
404 10.451000 0.506667 0.098000 0.493333
274 10.541000 0.500000 0.098000 0.460000
702 10.691667 0.488333 0.220667 1.103333
489 10.826667 0.500000 0.065333 0.360000
307 10.888667 0.488333 0.073333 0.410000
210 10.963000 0.498333 0.095333 0.476667
11 11.049000 0.501667 0.094000 0.316667
196 11.135667 0.500000 0.094000 0.373333
613 11.265333 0.505000 0.181333 0.483333
700 11.401000 0.495000 0.106000 0.443333
770 11.532333 0.505000 0.172667 0.863333
712 11.686667 0.501667 0.154667 0.456667
106 11.836333 0.501667 0.162000 0.343333
519 11.968667 0.498333 0.122667 0.403333
676 12.083333 0.488333 0.126667 0.436667
759 12.205000 0.495000 0.136667 0.456667
114 12.302000 0.505000 0.074667 0.370000
561 12.417000 0.496667 0.170000 0.453333
255 12.552000 0.490000 0.114667 0.440000
500 12.637000 0.500000 0.074000 0.326667
734 12.762333 0.493333 0.191333 0.520000
842 12.896000 0.498333 0.093333 0.450000
988 12.956000 0.493333 0.040000 0.333333
479 13.009667 0.491667 0.083333 0.436667
213 13.095000 0.490000 0.106000 0.440000
945 13.157333 0.500000 0.037333 0.313333
252 13.223333 0.506667 0.109333 0.426667
241 13.320333 0.488333 0.098000 0.536667
650 13.427667 0.496667 0.136667 0.446667
558 13.533667 0.505000 0.088667 0.430000
693 13.621333 0.491667 0.100000 0.483333
429 13.712333 0.505000 0.098000 0.350000
63 13.798333 0.491667 0.088667 0.316667
654 13.957667 0.490000 0.248667 0.446667
399 14.130000 0.508333 0.109333 0.396667
948 14.196667 0.501667 0.041333 0.310000
468 14.241667 0.501667 0.066000 0.396667
79 14.363667 0.491667 0.194000 0.970000
916 14.546667 0.506667 0.189333 0.946667
505 14.666333 0.505000 0.067333 0.283333
216 14.738667 0.501667 0.097333 0.490000
929 14.799667 0.505000 0.043333 0.330000
349 14.873000 0.491667 0.120667 0.323333
541 14.999000 0.490000 0.144667 0.313333
773 15.115333 0.505000 0.105333 0.316667
964 15.179000 0.500000 0.036667 0.306667
804 15.259000 0.500000 0.140667 0.433333
115 15.355000 0.501667 0.068667 0.403333
932 15.397667 0.510000 0.035333 0.273333
784 15.432667 0.500000 0.049333 0.400000
827 15.495333 0.496667 0.090667 0.433333
637 15.562333 0.488333 0.060667 0.310000
1005 15.599000 0.493333 0.032667 0.273333
342 15.653000 0.503333 0.092667 0.406667
785 15.726000 0.490000 0.072000 0.300000
345 15.823667 0.495000 0.140667 0.436667
531 15.997000 0.488333 0.223333 1.116667
230 16.147667 0.488333 0.098000 0.376667
49 16.269667 0.488333 0.163333 0.816667
795 16.382333 0.496667 0.079333 0.493333
733 16.448333 0.506667 0.067333 0.406667
449 16.507333 0.498333 0.066667 0.356667
501 16.570667 0.506667 0.074667 0.326667
570 16.652333 0.496667 0.103333 0.433333
659 16.735667 0.491667 0.076667 0.310000
603 16.867667 0.503333 0.207333 0.413333
125 17.016000 0.501667 0.102667 0.450000
753 17.116333 0.508333 0.116667 0.370000
394 17.234000 0.505000 0.137333 0.390000
185 17.351667 0.488333 0.116667 0.483333
574 17.438000 0.505000 0.072000 0.283333
348 17.526000 0.508333 0.124000 0.376667
1007 17.596333 0.498333 0.034000 0.276667
867 17.660333 0.498333 0.112667 0.376667
550 17.735667 0.505000 0.058000 0.290000
268 17.827333 0.500000 0.144000 0.440000
680 17.942333 0.501667 0.106000 0.356667
847 18.054667 0.506667 0.132000 0.426667
750 18.173333 0.493333 0.125333 0.473333
383 18.289333 0.493333 0.125333 0.366667
599 18.412000 0.505000 0.136000 0.410000
814 18.542333 0.495000 0.138000 0.490000
889 18.668000 0.500000 0.130667 0.513333
39 18.767667 0.498333 0.087333 0.316667
421 18.904667 0.490000 0.201333 1.006667
1013 19.020000 0.488333 0.042667 0.350000
142 19.082000 0.505000 0.094667 0.396667
327 19.185667 0.508333 0.132667 0.363333
670 19.305000 0.508333 0.122000 0.410000
298 19.397000 0.503333 0.078000 0.400000
648 19.464000 0.506667 0.074667 0.313333
264 19.556667 0.493333 0.124000 0.473333
0 19.633333 0.498333 0.044000 0.350000
748 19.707333 0.503333 0.121333 0.413333
333 19.828000 0.496667 0.133333 0.326667
990 19.902000 0.510000 0.034667 0.280000
730 19.987000 0.500000 0.155333 0.566667
881 20.128000 0.508333 0.140000 0.470000
211 20.244000 0.501667 0.106667 0.436667
633 20.388667 0.506667 0.200000 1.000000
94 20.578667 0.493333 0.194667 0.420000
686 20.715667 0.491667 0.099333 0.490000
20 20.808667 0.508333 0.106667 0.350000
167 20.922000 0.495000 0.134667 0.503333
308 21.010333 0.498333 0.062000 0.350000
4 21.080000 0.490000 0.097333 0.386667
181 21.185333 0.501667 0.133333 0.470000
282 21.303000 0.503333 0.118000 0.413333
581 21.400333 0.495000 0.094000 0.403333
162 21.488000 0.495000 0.094667 0.350000
800 21.582333 0.493333 0.111333 0.420000
909 21.668000 0.493333 0.077333 0.333333
99 21.780000 0.510000 0.164000 0.353333
721 21.955333 0.493333 0.205333 1.026667
592 22.131333 0.488333 0.164000 0.476667
165 22.268000 0.488333 0.128000 0.476667
957 22.339000 0.498333 0.031333 0.270000
381 22.408000 0.491667 0.126667 0.356667
993 22.486667 0.498333 0.044000 0.343333
863 22.542667 0.506667 0.088000 0.420000
941 22.600000 0.495000 0.042667 0.316667
464 22.641667 0.500000 0.059333 0.300000
704 22.719333 0.490000 0.112000 0.340000
121 22.776333 0.510000 0.022000 0.386667
641 22.822667 0.503333 0.089333 0.420000
715 22.951333 0.510000 0.184000 0.920000
751 23.080333 0.495000 0.092667 0.403333
618 23.149000 0.503333 0.063333 0.393333
743 23.207333 0.506667 0.073333 0.320000
938 23.256667 0.490000 0.045333 0.340000
186 23.325000 0.495000 0.107333 0.543333
183 23.429000 0.493333 0.116667 0.480000
73 23.560000 0.508333 0.164000 0.516667
223 23.687000 0.498333 0.107333 0.490000
194 23.783333 0.503333 0.101333 0.500000
663 23.873333 0.496667 0.096000 0.320000
353 23.991000 0.488333 0.154000 0.450000
892 24.133000 0.500000 0.146000 0.426667
548 24.275333 0.495000 0.158667 0.490000
100 24.449000 0.491667 0.206000 1.030000
514 24.607000 0.508333 0.124667 0.410000
396 24.739000 0.491667 0.152667 0.403333
41 24.882000 0.491667 0.149333 0.430000
901 25.003667 0.510000 0.107333 0.313333
939 25.069000 0.495000 0.039333 0.316667
286 25.139667 0.501667 0.120667 0.450000
687 25.234333 0.505000 0.087333 0.423333
15 25.312667 0.510000 0.088000 0.306667
279 25.407333 0.508333 0.114667 0.650000
217 25.513667 0.506667 0.111333 0.566667
64 25.597000 0.493333 0.075333 0.380000
200 25.678667 0.505000 0.101333 0.470000
480 25.761667 0.508333 0.083333 0.423333
364 25.868000 0.488333 0.148000 0.370000
110 26.007667 0.496667 0.147333 0.526667
952 26.094000 0.506667 0.038667 0.280000
852 26.149667 0.503333 0.087333 0.360000
672 26.239333 0.488333 0.112000 0.356667
584 26.354333 0.488333 0.134000 0.430000
776 26.478000 0.501667 0.129333 0.343333
682 26.578333 0.510000 0.086000 0.313333
882 26.666333 0.500000 0.108667 0.426667
432 26.795333 0.488333 0.164000 0.343333
940 26.888333 0.490000 0.035333 0.260000
912 26.945000 0.510000 0.092667 0.400000
542 27.037000 0.496667 0.108667 0.386667
444 27.121667 0.503333 0.074000 0.446667
101 27.262667 0.506667 0.221333 1.106667
329 27.444333 0.493333 0.159333 0.520000
645 27.561000 0.501667 0.092667 0.410000
347 27.656667 0.510000 0.112000 0.293333
207 27.758333 0.501667 0.106000 0.536667
28 27.847333 0.496667 0.088000 0.306667
794 27.916000 0.508333 0.065333 0.403333
66 27.988000 0.508333 0.092000 0.463333
914 28.077667 0.503333 0.104667 0.313333
777 28.165000 0.508333 0.086000 0.370000
452 28.234667 0.500000 0.072000 0.373333
322 28.304333 0.491667 0.087333 0.096667
534 28.390667 0.491667 0.105333 0.410000
43 28.490000 0.498333 0.110667 0.436667
766 28.597667 0.491667 0.118000 0.343333
457 28.686333 0.500000 0.075333 0.446667
206 28.758000 0.490000 0.082667 0.413333
850 28.832667 0.495000 0.085333 0.383333
163 28.929667 0.503333 0.122000 0.453333
414 29.044000 0.493333 0.126667 0.646667
122 29.137333 0.493333 0.080000 0.293333
140 29.270000 0.503333 0.201333 1.006667
139 29.390333 0.496667 0.059333 0.346667
95 29.508667 0.500000 0.197333 0.426667
499 29.626000 0.488333 0.050667 0.310000
871 29.668667 0.503333 0.050667 0.253333
67 29.818000 0.506667 0.266667 0.640000
757 30.004333 0.503333 0.124667 0.413333
497 30.122333 0.501667 0.128667 0.330000
319 30.217333 0.501667 0.076000 0.283333
811 30.313667 0.510000 0.135333 0.466667
722 30.447000 0.508333 0.148667 0.436667
433 30.577667 0.506667 0.128667 0.260000
50 30.704667 0.503333 0.142667 0.406667
332 30.878000 0.488333 0.222667 0.510000
787 31.012000 0.503333 0.062667 0.386667
267 31.110333 0.501667 0.150000 0.463333
1022 31.195667 0.503333 0.038000 0.280000
720 31.310333 0.488333 0.208667 1.043333
862 31.439333 0.493333 0.066667 0.300000
1012 31.486333 0.496667 0.047333 0.366667
330 31.554333 0.506667 0.107333 0.406667
508 31.644667 0.501667 0.089333 0.456667
160 31.718333 0.508333 0.072667 0.396667
823 31.786667 0.493333 0.077333 0.366667
406 31.857667 0.491667 0.080667 0.310000
590 31.963667 0.493333 0.146000 0.560000
559 32.076000 0.493333 0.093333 0.453333
512 32.181000 0.495000 0.136667 0.476667
150 32.303000 0.496667 0.124667 0.513333
154 32.396000 0.498333 0.074667 0.370000
783 32.462333 0.508333 0.078000 0.430000
400 32.513667 0.505000 0.044667 0.396667
290 32.597667 0.505000 0.138000 0.396667
668 32.721667 0.488333 0.126000 0.430000
790 32.811667 0.495000 0.067333 0.410000
760 32.910667 0.490000 0.145333 0.460000
947 33.000000 0.503333 0.048000 0.360000
972 33.031000 0.501667 0.030000 0.250000
705 33.093333 0.503333 0.112000 0.333333
580 33.211667 0.503333 0.139333 0.340000
547 33.308667 0.506667 0.068000 0.386667
448 33.365333 0.493333 0.061333 0.320000
249 33.425000 0.503333 0.075333 0.606667
9 33.500667 0.490000 0.090667 0.366667
27 33.589000 0.488333 0.102000 0.343333
608 33.677000 0.498333 0.091333 0.316667
85 33.753000 0.505000 0.078000 0.296667
304 33.809667 0.495000 0.055333 0.310000
246 33.908667 0.503333 0.162667 0.813333
834 34.022000 0.506667 0.078667 0.373333
109 34.168333 0.505000 0.232667 0.503333
331 34.380667 0.488333 0.206667 0.470000
233 34.575667 0.488333 0.198000 0.990000
426 34.696667 0.500000 0.057333 0.380000
232 34.768000 0.500000 0.104000 0.513333
201 34.854667 0.488333 0.084000 0.370000
797 34.943333 0.498333 0.110667 0.443333
483 35.027333 0.493333 0.077333 0.406667
389 35.113333 0.496667 0.113333 0.306667
984 35.181333 0.488333 0.042667 0.323333
755 35.274000 0.503333 0.162667 0.473333
412 35.385000 0.498333 0.076667 0.403333
896 35.493000 0.488333 0.156667 0.436667
977 35.585333 0.490000 0.041333 0.306667
80 35.638333 0.510000 0.080667 0.420000
913 35.725333 0.503333 0.112000 0.333333
624 35.853000 0.491667 0.162000 0.543333
851 35.981333 0.490000 0.114667 0.473333
981 36.047667 0.501667 0.038000 0.276667
335 36.132667 0.500000 0.145333 0.500000
1009 36.214333 0.495000 0.036667 0.283333
524 36.285333 0.508333 0.122667 0.390000
906 36.414667 0.508333 0.150667 0.396667
1016 36.496000 0.498333 0.032000 0.270000
2 36.547333 0.500000 0.088000 0.426667
208 36.648000 0.495000 0.130667 0.530000
826 36.768000 0.508333 0.124000 0.510000
317 36.886667 0.496667 0.130667 0.526667
614 37.031000 0.490000 0.176667 0.453333
450 37.146333 0.508333 0.074000 0.410000
119 37.219667 0.490000 0.088667 0.520000
920 37.304333 0.488333 0.094000 0.343333
818 37.410667 0.495000 0.136000 0.396667
238 37.530000 0.495000 0.121333 0.470000
22 37.651000 0.488333 0.140667 0.476667
314 37.771333 0.500000 0.116000 0.400000
469 37.849667 0.508333 0.058000 0.350000
358 37.943333 0.496667 0.148000 0.446667
710 38.106000 0.510000 0.194667 0.973333
493 38.230000 0.496667 0.070667 0.346667
310 38.289333 0.505000 0.064000 0.363333
942 38.338000 0.500000 0.048000 0.346667
998 38.372000 0.505000 0.036000 0.303333
24 38.452000 0.491667 0.138667 0.463333
278 38.570333 0.490000 0.111333 0.333333
413 38.693000 0.500000 0.151333 0.606667
434 38.824000 0.508333 0.128000 0.436667
51 38.928667 0.498333 0.100000 0.350000
640 39.002000 0.501667 0.062667 0.316667
662 39.085000 0.491667 0.119333 0.450000
576 39.191667 0.488333 0.107333 0.430000
287 39.293333 0.493333 0.110667 0.413333
84 39.396000 0.500000 0.113333 0.326667
294 39.557667 0.508333 0.223333 1.116667
1023 39.685000 0.498333 0.047333 0.356667
88 39.777333 0.500000 0.154667 0.773333
732 39.892333 0.500000 0.088667 0.433333
6 39.966667 0.493333 0.078667 0.286667
968 40.014333 0.508333 0.032667 0.276667
171 40.083000 0.498333 0.119333 0.410000
684 40.189000 0.496667 0.107333 0.373333
476 40.269667 0.508333 0.068667 0.403333
374 40.357000 0.496667 0.123333 0.333333
117 40.488333 0.495000 0.152667 0.463333
805 40.646667 0.493333 0.178667 0.520000
86 40.775000 0.490000 0.092667 0.393333
690 40.858000 0.488333 0.086667 0.423333
156 40.973667 0.503333 0.160667 0.433333
622 41.151667 0.495000 0.211333 1.056667
830 41.298667 0.505000 0.097333 0.443333
378 41.439667 0.508333 0.202000 1.010000
696 41.612000 0.505000 0.161333 0.376667
45 41.722333 0.490000 0.075333 0.373333
653 41.840000 0.506667 0.178667 0.593333
251 41.955333 0.505000 0.065333 0.370000
70 42.034667 0.490000 0.112000 0.366667
963 42.107333 0.508333 0.049333 0.356667
227 42.189667 0.510000 0.128667 0.520000
1011 42.266000 0.503333 0.040000 0.306667
446 42.315667 0.506667 0.074000 0.426667
366 42.414000 0.503333 0.140000 0.400000
235 42.534000 0.493333 0.117333 0.580000
971 42.608333 0.505000 0.050000 0.370000
218 42.672000 0.508333 0.092000 0.470000
92 42.802667 0.496667 0.182667 0.913333
72 42.937667 0.505000 0.103333 0.496667
731 43.018667 0.498333 0.078667 0.403333
809 43.100667 0.495000 0.098667 0.536667
8 43.187000 0.488333 0.087333 0.303333
437 43.271333 0.505000 0.097333 0.476667
817 43.379667 0.506667 0.135333 0.306667
801 43.478333 0.503333 0.080667 0.286667
1002 43.532000 0.491667 0.042667 0.330000
856 43.634333 0.503333 0.175333 0.426667
169 43.778000 0.490000 0.128000 0.486667
362 43.899667 0.506667 0.132667 0.380000
398 43.989333 0.488333 0.062667 0.343333
989 44.032333 0.493333 0.039333 0.326667
888 44.097000 0.490000 0.108667 0.340000
338 44.198667 0.503333 0.113333 0.586667
625 44.323000 0.505000 0.154000 0.516667
874 44.435667 0.503333 0.088667 0.426667
475 44.499667 0.506667 0.056667 0.333333
518 44.633667 0.505000 0.227333 1.136667
83 44.775333 0.493333 0.069333 0.340000
739 44.836667 0.488333 0.069333 0.530000
261 44.932333 0.488333 0.135333 0.663333
865 45.051000 0.495000 0.116667 0.423333
917 45.120000 0.498333 0.036000 0.256667
356 45.184000 0.506667 0.110667 0.313333
585 45.292000 0.496667 0.122667 0.366667
1015 45.369333 0.501667 0.050667 0.363333
193 45.434667 0.506667 0.098667 0.500000
813 45.539333 0.506667 0.125333 0.460000
723 45.658667 0.505000 0.129333 0.443333
796 45.776333 0.505000 0.122000 0.476667
385 45.890333 0.488333 0.122000 0.376667
170 46.034667 0.510000 0.185333 0.926667
62 46.165333 0.496667 0.093333 0.433333
621 46.230000 0.498333 0.054667 0.503333
320 46.308000 0.510000 0.120000 0.360000
699 46.440667 0.498333 0.160000 0.490000
996 46.537333 0.500000 0.049333 0.373333
355 46.622000 0.501667 0.140000 0.410000
767 46.739667 0.505000 0.110000 0.316667
764 46.822000 0.510000 0.072000 0.386667
728 46.882667 0.505000 0.065333 0.583333
900 46.971000 0.491667 0.124667 0.390000
463 47.067333 0.503333 0.081333 0.426667
265 47.174667 0.505000 0.150667 0.576667
665 47.289667 0.490000 0.094000 0.326667
98 47.417000 0.493333 0.174000 0.373333
120 47.597000 0.505000 0.202000 1.010000
833 47.746333 0.498333 0.110000 0.456667
65 47.848000 0.505000 0.106667 0.270000
161 47.948333 0.506667 0.107333 0.420000
609 48.035333 0.490000 0.081333 0.340000
285 48.133667 0.495000 0.132667 0.430000
628 48.303333 0.490000 0.226667 1.133333
323 48.519667 0.505000 0.220667 1.103333
481 48.651000 0.496667 0.059333 0.313333
843 48.726667 0.510000 0.110667 0.486667
838 48.833333 0.496667 0.120000 0.513333
711 48.992000 0.503333 0.214667 1.073333
292 49.146000 0.510000 0.110667 0.440000
991 49.212000 0.508333 0.040000 0.290000
352 49.299667 0.508333 0.148667 0.436667
943 49.383000 0.493333 0.036667 0.286667
428 49.430333 0.500000 0.076667 0.513333
685 49.503000 0.505000 0.087333 0.350000
647 49.575667 0.495000 0.075333 0.376667
458 49.644333 0.505000 0.076667 0.396667
231 49.716333 0.508333 0.083333 0.376667
778 49.792333 0.490000 0.086000 0.540000
523 49.881667 0.508333 0.106000 0.330000
999 49.946333 0.490000 0.038000 0.300000
141 49.997333 0.490000 0.080000 0.360000
239 50.088667 0.493333 0.120000 0.740000
228 50.185333 0.493333 0.090667 0.413333
276 50.252667 0.495000 0.058667 0.370000
262 50.376667 0.503333 0.202667 1.013333
983 50.489667 0.495000 0.042000 0.303333
108 50.594000 0.490000 0.181333 0.393333
982 50.700667 0.496667 0.049333 0.373333
190 50.764333 0.510000 0.092667 0.373333
520 50.864000 0.496667 0.124000 0.393333
883 51.020000 0.500000 0.208000 1.040000
808 51.168000 0.508333 0.106667 0.483333
525 51.273000 0.506667 0.118000 0.386667
18 51.367000 0.506667 0.088667 0.300000
370 51.516333 0.488333 0.224667 1.123333
212 51.673000 0.488333 0.103333 0.530000
675 51.776667 0.488333 0.118667 0.396667
666 51.877333 0.496667 0.102667 0.333333
316 51.968000 0.495000 0.094667 0.336667
445 52.044000 0.501667 0.076000 0.410000
466 52.099000 0.503333 0.054000 0.320000
907 52.188000 0.496667 0.141333 0.493333
673 52.309667 0.495000 0.116667 0.403333
846 52.401667 0.501667 0.084667 0.403333
606 52.494000 0.488333 0.118667 0.363333
634 52.587000 0.510000 0.084667 0.360000
273 52.643333 0.490000 0.042667 0.286667
551 52.709667 0.505000 0.104667 0.316667
311 52.800000 0.506667 0.089333 0.386667
363 52.900333 0.488333 0.127333 0.403333
579 53.036667 0.505000 0.164000 0.343333
602 53.172333 0.491667 0.122000 0.370000
619 53.270333 0.508333 0.092667 0.490000
864 53.352667 0.505000 0.090667 0.356667
473 53.422000 0.490000 0.068000 0.366667
411 53.526000 0.500000 0.158667 0.326667
651 53.661333 0.495000 0.125333 0.430000
427 53.766000 0.501667 0.102667 0.516667
93 53.911000 0.493333 0.202000 0.426667
553 54.057000 0.493333 0.108667 0.386667
474 54.137667 0.495000 0.070000 0.356667
791 54.198000 0.491667 0.065333 0.396667
754 54.283000 0.496667 0.124667 0.606667
987 54.359667 0.506667 0.043333 0.313333
209 54.428000 0.493333 0.113333 0.573333
242 54.538000 0.510000 0.124000 0.480000
490 54.627333 0.498333 0.069333 0.410000
638 54.707333 0.510000 0.104000 0.406667
986 54.777333 0.496667 0.050667 0.366667
224 54.839667 0.500000 0.087333 0.426667
157 54.963333 0.498333 0.174667 0.736667
243 55.155000 0.488333 0.223333 1.116667
716 55.345333 0.506667 0.174667 0.513333
591 55.496000 0.508333 0.146667 0.416667
533 55.621333 0.500000 0.118667 0.426667
857 55.765000 0.505000 0.187333 0.396667
530 55.894333 0.500000 0.088667 0.426667
642 55.980667 0.505000 0.102667 0.410000
560 56.113000 0.491667 0.176667 0.883333
68 56.248667 0.495000 0.110667 0.323333
254 56.373000 0.506667 0.151333 0.573333
528 56.507333 0.503333 0.130667 0.453333
965 56.587000 0.506667 0.042000 0.333333
182 56.700333 0.488333 0.202000 1.010000
980 56.813333 0.510000 0.040000 0.293333
498 56.860667 0.506667 0.068000 0.420000
431 56.938000 0.495000 0.105333 0.350000
312 57.040000 0.510000 0.117333 0.400000
1000 57.110667 0.505000 0.044000 0.336667
42 57.162333 0.490000 0.079333 0.446667
703 57.264000 0.488333 0.140000 0.490000
1001 57.348667 0.510000 0.042667 0.326667
5 57.404000 0.498333 0.085333 0.410000
172 57.501000 0.496667 0.128667 0.486667
509 57.627333 0.500000 0.137333 0.433333
179 57.751000 0.488333 0.127333 0.483333
38 57.864667 0.496667 0.116000 0.373333
1018 57.929333 0.501667 0.033333 0.263333
677 58.005000 0.508333 0.136667 0.476667
118 58.113000 0.503333 0.099333 0.406667
861 58.181000 0.488333 0.051333 0.410000
424 58.258333 0.491667 0.116667 0.370000
789 58.343667 0.501667 0.072667 0.443333
849 58.427333 0.508333 0.112000 0.456667
571 58.532667 0.508333 0.112000 0.470000
205 58.628000 0.493333 0.092000 0.420000
425 58.707667 0.493333 0.087333 0.480000
780 58.804333 0.491667 0.124667 0.363333
652 58.922333 0.491667 0.131333 0.450000
742 59.065333 0.496667 0.168000 0.840000
596 59.211000 0.503333 0.139333 0.433333
858 59.318000 0.496667 0.094667 0.286667
435 59.380333 0.495000 0.050000 0.236667
635 59.446333 0.503333 0.098000 0.420000
769 59.546333 0.495000 0.115333 0.336667
97 59.705000 0.505000 0.218000 1.090000
488 59.839000 0.508333 0.066000 0.350000
269 59.954667 0.496667 0.181333 0.906667
492 60.074667 0.510000 0.078667 0.413333
442 60.140667 0.493333 0.066667 0.340000
557 60.214000 0.495000 0.093333 0.603333
828 60.295333 0.505000 0.086667 0.396667
21 60.377333 0.496667 0.090667 0.320000
104 60.518333 0.491667 0.210000 1.050000
451 60.646333 0.510000 0.062000 0.353333
502 60.703667 0.503333 0.072667 0.326667
866 60.790667 0.510000 0.121333 0.340000
829 60.889000 0.491667 0.094000 0.410000
786 60.965333 0.500000 0.072000 0.440000
899 61.053000 0.506667 0.116667 0.333333
403 61.191000 0.498333 0.179333 0.896667
418 61.314333 0.501667 0.083333 0.410000
744 61.452333 0.508333 0.210000 1.050000
855 61.585667 0.488333 0.071333 0.183333
820 61.656667 0.506667 0.084000 0.353333
745 61.746000 0.510000 0.110667 0.413333
467 61.834000 0.496667 0.085333 0.420000
91 61.974333 0.496667 0.210000 0.460000
430 62.116667 0.491667 0.088000 0.376667
90 62.261333 0.488333 0.217333 0.470000
386 62.414333 0.495000 0.108667 0.336667
839 62.499667 0.503333 0.082000 0.373333
1021 62.553667 0.491667 0.040667 0.303333
949 62.587333 0.506667 0.040000 0.306667
145 62.649333 0.500000 0.101333 0.453333
756 62.758667 0.510000 0.137333 0.413333
821 62.875333 0.496667 0.109333 0.726667
253 62.942333 0.493333 0.042000 0.393333
191 62.996000 0.503333 0.081333 0.413333
868 63.070000 0.490000 0.085333 0.486667
955 63.127333 0.490000 0.044000 0.346667
669 63.199667 0.488333 0.119333 0.390000
664 63.307333 0.508333 0.110667 0.383333
478 63.386667 0.488333 0.062667 0.356667
247 63.460667 0.503333 0.104000 0.393333
841 63.560000 0.493333 0.110667 0.553333
752 63.647000 0.488333 0.079333 0.216667
1020 63.699333 0.500000 0.045333 0.326667
566 63.768000 0.505000 0.105333 0.450000
34 63.867000 0.510000 0.108667 0.413333
578 63.963333 0.493333 0.098667 0.380000
422 64.046667 0.488333 0.082667 0.316667
594 64.134333 0.496667 0.106000 0.313333
620 64.228333 0.508333 0.100667 0.430000
16 64.327333 0.491667 0.113333 0.390000
379 64.444333 0.506667 0.139333 0.440000
149 64.604667 0.496667 0.197333 0.986667
799 64.739333 0.503333 0.092000 0.353333
937 64.796667 0.496667 0.041333 0.306667
717 64.899000 0.498333 0.179333 0.463333
376 65.035667 0.488333 0.108667 0.330000
360 65.133667 0.500000 0.106000 0.326667
134 65.236667 0.490000 0.116000 0.413333
26 65.342667 0.506667 0.114667 0.386667
271 65.508333 0.488333 0.230000 1.150000
951 65.635667 0.500000 0.044667 0.353333
25 65.720333 0.505000 0.139333 0.483333
87 65.893000 0.491667 0.224667 0.490000
884 66.063000 0.508333 0.128667 0.436667
806 66.217333 0.501667 0.193333 0.443333
683 66.371000 0.490000 0.130000 0.400000
564 66.509667 0.490000 0.166000 0.340000
636 66.656667 0.510000 0.141333 0.313333
260 66.795667 0.508333 0.156667 0.783333
1010 66.883667 0.493333 0.039333 0.306667
371 66.952333 0.496667 0.112667 0.353333
336 67.058333 0.508333 0.119333 0.563333
931 67.127667 0.490000 0.039333 0.286667
257 67.204333 0.503333 0.132667 0.406667
397 67.312000 0.510000 0.097333 0.440000
681 67.377000 0.495000 0.048667 0.403333
184 67.438667 0.500000 0.088000 0.413333
465 67.506667 0.500000 0.066667 0.366667
812 67.593667 0.505000 0.120667 0.290000
923 67.666333 0.491667 0.039333 0.290000
944 67.694667 0.490000 0.036000 0.266667
726 67.745000 0.496667 0.079333 0.413333
148 67.846667 0.508333 0.144000 0.403333
660 67.964333 0.493333 0.108667 0.360000
573 68.053667 0.500000 0.088667 0.380000
607 68.151000 0.491667 0.123333 0.363333
75 68.281000 0.505000 0.156667 0.496667
52 68.395000 0.490000 0.086000 0.293333
281 68.479333 0.505000 0.098667 0.343333
187 68.571000 0.491667 0.100667 0.496667
240 68.639667 0.488333 0.055333 0.290000
922 68.677333 0.493333 0.036000 0.260000
911 68.735000 0.493333 0.096667 0.380000
540 68.860000 0.493333 0.172000 0.693333
674 68.994333 0.493333 0.114000 0.366667
643 69.089667 0.498333 0.094000 0.330000
837 69.176333 0.500000 0.092667 0.426667
598 69.281333 0.505000 0.137333 0.416667
631 69.414000 0.501667 0.141333 0.470000
351 69.544000 0.506667 0.133333 0.380000
629 69.692000 0.503333 0.177333 0.886667
960 69.797333 0.496667 0.049333 0.360000
679 69.847667 0.510000 0.064667 0.386667
388 69.930000 0.495000 0.113333 0.316667
10 70.035333 0.491667 0.114667 0.403333
587 70.144333 0.503333 0.120667 0.380000
589 70.252000 0.490000 0.114667 0.453333
384 70.376333 0.491667 0.152667 0.410000
111 70.496000 0.510000 0.101333 0.440000
689 70.573667 0.506667 0.074000 0.360000
714 70.691333 0.503333 0.178667 0.580000
495 70.811667 0.498333 0.076667 0.410000
792 70.889667 0.498333 0.095333 0.390000
55 70.980333 0.510000 0.099333 0.273333
7 71.089333 0.488333 0.134667 0.423333
569 71.188333 0.491667 0.083333 0.336667
189 71.276000 0.490000 0.108000 0.446667
3 71.357333 0.498333 0.073333 0.336667
482 71.423000 0.506667 0.075333 0.393333
875 71.563667 0.501667 0.223333 1.116667
593 71.725667 0.500000 0.119333 0.360000
78 71.874333 0.491667 0.198000 0.990000
440 71.996000 0.495000 0.062667 0.330000
219 72.074667 0.498333 0.110667 0.550000
420 72.164333 0.508333 0.082000 0.303333
326 72.234667 0.488333 0.077333 0.356667
361 72.318333 0.501667 0.107333 0.283333
373 72.440000 0.503333 0.156000 0.453333
667 72.554333 0.498333 0.088667 0.296667
188 72.646333 0.510000 0.115333 0.460000
552 72.718000 0.498333 0.045333 0.310000
74 72.801000 0.508333 0.136667 0.423333
997 72.882333 0.495000 0.046000 0.343333
410 72.947000 0.503333 0.098000 0.426667
417 73.035667 0.491667 0.096667 0.463333
295 73.123333 0.490000 0.098667 0.420000
880 73.222000 0.510000 0.118667 0.406667
248 73.307667 0.498333 0.070000 0.376667
698 73.370000 0.503333 0.068000 0.353333
967 73.418667 0.506667 0.048000 0.373333
890 73.549667 0.488333 0.228667 1.143333
402 73.735000 0.508333 0.156667 0.403333
532 73.861667 0.505000 0.116667 0.596667
567 73.979333 0.503333 0.133333 0.553333
393 74.117333 0.495000 0.160000 0.423333
539 74.226333 0.508333 0.076667 0.363333
222 74.304000 0.496667 0.098667 0.413333
954 74.366667 0.500000 0.045333 0.353333
978 74.401000 0.495000 0.043333 0.336667
974 74.438333 0.500000 0.046000 0.340000
296 74.497667 0.506667 0.087333 0.326667
844 74.590000 0.496667 0.113333 0.553333
359 74.699333 0.496667 0.122667 0.340000
836 74.805000 0.505000 0.107333 0.443333
244 74.942667 0.500000 0.184000 0.493333
180 75.088000 0.506667 0.120000 0.426667
556 75.180333 0.495000 0.083333 0.343333
237 75.247000 0.495000 0.067333 0.443333
250 75.342333 0.498333 0.140667 0.676667
969 75.424000 0.500000 0.037333 0.293333
409 75.495000 0.501667 0.119333 0.596667
129 75.605333 0.491667 0.121333 0.483333
132 75.696333 0.501667 0.078000 0.330000
798 75.781000 0.490000 0.110000 0.400000
137 75.855333 0.488333 0.058667 0.316667
275 75.905333 0.500000 0.057333 0.366667
54 75.950333 0.501667 0.052667 0.283333
601 76.022000 0.505000 0.105333 0.316667
460 76.101000 0.508333 0.071333 0.363333
854 76.227333 0.510000 0.196000 0.980000
873 76.361667 0.501667 0.086000 0.410000
256 76.458667 0.505000 0.125333 0.463333
953 76.533333 0.506667 0.044000 0.326667
199 76.588667 0.510000 0.086667 0.433333
600 76.685667 0.503333 0.127333 0.393333
375 76.806000 0.500000 0.126667 0.353333
688 76.897667 0.505000 0.074000 0.363333
47 76.968667 0.500000 0.082667 0.400000
840 77.053333 0.488333 0.105333 0.443333
506 77.113667 0.493333 0.030000 0.360000
105 77.236667 0.506667 0.229333 0.486667
737 77.380000 0.510000 0.070667 0.426667
644 77.450333 0.505000 0.088667 0.416667
263 77.571333 0.510000 0.172000 0.546667
33 77.698333 0.488333 0.098000 0.343333
471 77.772333 0.503333 0.066000 0.340000
507 77.839333 0.508333 0.088000 0.443333
220 77.935667 0.488333 0.120667 0.496667
1003 78.012333 0.498333 0.048667 0.363333
503 78.092667 0.508333 0.128000 0.363333
617 78.190000 0.506667 0.082667 0.346667
455 78.250333 0.508333 0.051333 0.296667
40 78.320333 0.506667 0.107333 0.360000
649 78.420667 0.503333 0.112000 0.593333
293 78.516333 0.490000 0.096667 0.373333
313 78.612667 0.491667 0.114667 0.403333
928 78.688333 0.508333 0.051333 0.370000
270 78.807000 0.488333 0.206000 1.030000
610 78.959333 0.493333 0.114667 0.353333
368 79.079000 0.510000 0.139333 0.406667
724 79.179333 0.503333 0.081333 0.380000
563 79.285333 0.496667 0.144000 0.306667
272 79.432667 0.488333 0.169333 0.503333
19 79.558000 0.488333 0.098667 0.343333
979 79.619333 0.496667 0.041333 0.313333
546 79.683000 0.495000 0.102000 0.383333
337 79.835333 0.506667 0.222667 1.113333
623 80.010000 0.491667 0.144000 0.470000
708 80.131667 0.488333 0.112667 0.490000
365 80.244667 0.498333 0.129333 0.356667
391 80.377667 0.503333 0.156667 0.446667
719 80.548667 0.500000 0.200000 1.000000
300 80.680000 0.505000 0.081333 0.263333
934 80.730667 0.496667 0.036000 0.280000
935 80.761000 0.498333 0.038000 0.303333
130 80.853667 0.503333 0.164667 0.353333
46 80.958333 0.491667 0.063333 0.510000
513 81.031667 0.510000 0.099333 0.326667
494 81.102000 0.510000 0.060000 0.313333
77 81.175333 0.496667 0.101333 0.253333
470 81.247333 0.491667 0.058667 0.310000
44 81.322667 0.488333 0.110667 0.443333
895 81.426667 0.510000 0.112000 0.306667
788 81.569667 0.495000 0.187333 0.936667
461 81.686667 0.490000 0.062667 0.353333
694 81.755333 0.503333 0.088000 0.433333
37 81.840333 0.490000 0.099333 0.353333
168 81.928667 0.508333 0.093333 0.343333
334 82.035667 0.495000 0.140667 0.463333
577 82.155000 0.508333 0.114000 0.443333
328 82.280667 0.508333 0.150667 0.370000
879 82.422000 0.493333 0.152000 0.413333
144 82.596333 0.505000 0.214000 1.070000
572 82.733000 0.500000 0.076667 0.320000
491 82.829000 0.506667 0.128667 0.626667
775 82.933000 0.495000 0.094000 0.436667
438 83.068333 0.488333 0.190000 0.950000
229 83.269333 0.496667 0.226667 1.133333
908 83.423667 0.493333 0.102000 0.373333
893 83.534000 0.501667 0.134667 0.416667
135 83.655667 0.506667 0.122000 0.480000
521 83.811000 0.508333 0.207333 1.036667
297 83.937333 0.495000 0.058667 0.303333
76 84.031000 0.505000 0.146000 0.463333
973 84.116667 0.506667 0.044000 0.333333
807 84.230667 0.506667 0.204000 1.020000
626 84.421000 0.501667 0.192667 0.963333
515 84.555333 0.501667 0.092000 0.310000
994 84.616667 0.506667 0.044000 0.333333
782 84.677000 0.506667 0.090000 0.426667
961 84.733000 0.510000 0.040667 0.326667
538 84.826000 0.505000 0.160000 0.383333
763 84.931333 0.490000 0.068000 0.506667
605 85.019333 0.501667 0.128000 0.330000
103 85.173333 0.498333 0.193333 0.416667
23 85.351000 0.501667 0.178000 0.890000
339 85.483667 0.495000 0.107333 0.583333
886 85.590000 0.505000 0.124000 0.410000
678 85.691667 0.488333 0.095333 0.330000
204 85.786667 0.496667 0.114667 0.500000
1006 85.849667 0.508333 0.031333 0.263333
872 85.913333 0.506667 0.116000 0.340000
380 86.033333 0.488333 0.142667 0.423333
405 86.138667 0.491667 0.084000 0.323333
158 86.274000 0.490000 0.201333 1.006667
848 86.433333 0.493333 0.136000 0.426667
484 86.544333 0.488333 0.103333 0.370000
36 86.649333 0.496667 0.120000 0.406667
646 86.748667 0.496667 0.094667 0.393333
387 86.862667 0.495000 0.150667 0.436667
419 86.971000 0.503333 0.082000 0.400000
1 87.039000 0.493333 0.072667 0.366667
568 87.123000 0.498333 0.114000 0.570000
810 87.214333 0.488333 0.086000 0.390000
299 87.303333 0.510000 0.108000 0.420000
527 87.419333 0.493333 0.137333 0.393333
164 87.533333 0.496667 0.106667 0.393333
289 87.683000 0.498333 0.212667 1.063333
1004 87.802333 0.510000 0.046000 0.340000
61 87.854333 0.488333 0.071333 0.363333
423 87.936667 0.505000 0.113333 0.383333
306 88.018333 0.508333 0.064667 0.363333
96 88.129000 0.505000 0.174000 0.370000
123 88.254667 0.510000 0.093333 0.560000
14 88.340333 0.505000 0.098000 0.336667
992 88.396667 0.506667 0.032000 0.260000
926 88.424333 0.493333 0.043333 0.313333
658 88.470667 0.490000 0.069333 0.406667
284 88.567333 0.496667 0.137333 0.493333
340 88.680000 0.496667 0.101333 0.313333
779 88.745333 0.496667 0.042667 0.406667
453 88.798333 0.508333 0.082000 0.430000
816 88.907667 0.510000 0.154000 0.373333
159 89.000000 0.488333 0.045333 0.350000
933 89.034667 0.508333 0.042667 0.350000
226 89.098000 0.500000 0.104000 0.426667
128 89.242667 0.500000 0.198667 0.580000
671 89.395667 0.510000 0.123333 0.440000
802 89.542333 0.506667 0.183333 0.466667
126 89.714667 0.493333 0.174667 0.873333
718 89.909000 0.498333 0.227333 1.136667
344 90.075333 0.493333 0.120000 0.333333
701 90.224667 0.495000 0.192000 0.590000
301 90.340000 0.490000 0.056000 0.313333
69 90.409333 0.491667 0.102667 0.510000
153 90.492000 0.495000 0.081333 0.363333
894 90.584000 0.496667 0.117333 0.333333
845 90.693333 0.510000 0.121333 0.520000
976 90.767333 0.510000 0.040000 0.306667
48 90.865667 0.491667 0.171333 0.856667
305 90.972333 0.506667 0.060667 0.340000
302 91.028000 0.496667 0.070667 0.400000
283 91.105667 0.501667 0.099333 0.343333
341 91.188000 0.510000 0.080000 0.340000
89 91.336000 0.491667 0.233333 0.503333
695 91.523000 0.491667 0.155333 0.396667
930 91.616667 0.488333 0.046667 0.350000
966 91.648667 0.501667 0.032000 0.250000
853 91.707667 0.493333 0.100667 0.433333
504 91.832333 0.501667 0.163333 0.470000
639 91.943667 0.493333 0.079333 0.400000
562 92.052333 0.495000 0.156667 0.316667
288 92.180000 0.503333 0.113333 0.433333
416 92.272333 0.496667 0.088667 0.433333
510 92.357667 0.491667 0.100667 0.310000
597 92.473333 0.493333 0.145333 0.426667
781 92.577000 0.491667 0.080667 0.416667
758 92.672000 0.490000 0.125333 0.426667
950 92.743000 0.498333 0.035333 0.276667
392 92.843667 0.498333 0.180667 0.903333
761 93.001000 0.503333 0.148667 0.440000
138 93.097667 0.493333 0.064667 0.366667
30 93.191333 0.488333 0.142667 0.430000
346 93.331333 0.495000 0.156000 0.456667
82 93.436333 0.506667 0.067333 0.500000
176 93.523333 0.498333 0.120000 0.443333
225 93.613333 0.501667 0.080000 0.403333
517 93.702667 0.510000 0.113333 0.380000
727 93.778667 0.491667 0.054667 0.336667
59 93.888333 0.495000 0.179333 0.896667
632 94.068333 0.488333 0.196667 0.650000
915 94.198000 0.493333 0.076000 0.613333
924 94.249000 0.503333 0.039333 0.306667
408 94.318000 0.488333 0.118667 0.463333
102 94.489000 0.503333 0.236667 0.513333
71 94.636333 0.488333 0.072667 0.370000
146 94.707667 0.490000 0.088667 0.380000
822 94.800000 0.500000 0.116000 0.393333
477 94.881667 0.501667 0.067333 0.370000
166 94.958333 0.496667 0.099333 0.346667
697 95.031667 0.496667 0.067333 0.340000
549 95.103667 0.500000 0.091333 0.306667
825 95.195000 0.495000 0.110000 0.510000
831 95.285667 0.498333 0.091333 0.436667
112 95.394667 0.501667 0.142667 0.476667
946 95.479667 0.496667 0.042000 0.320000
32 95.542000 0.488333 0.100000 0.323333
174 95.651667 0.498333 0.138000 0.503333
175 95.813000 0.488333 0.203333 1.016667
31 95.966000 0.490000 0.116000 0.340000
407 96.065667 0.501667 0.103333 0.383333
747 96.153333 0.503333 0.090667 0.393333
486 96.224667 0.506667 0.072000 0.366667
214 96.299000 0.491667 0.095333 0.383333
215 96.394333 0.496667 0.108667 0.513333
707 96.496667 0.501667 0.109333 0.443333
615 96.599333 0.496667 0.116000 0.513333
887 96.704333 0.490000 0.111333 0.346667
537 96.857000 0.491667 0.214000 1.070000
318 97.004667 0.503333 0.096000 0.453333
709 97.093333 0.505000 0.096000 0.383333
203 97.195333 0.505000 0.122667 0.503333
903 97.320333 0.488333 0.143333 0.410000
962 97.402333 0.510000 0.038000 0.273333
401 97.449333 0.488333 0.072000 0.383333
143 97.523667 0.495000 0.095333 0.463333
390 97.639000 0.491667 0.154000 0.436667
630 97.793333 0.506667 0.172000 0.586667
459 97.902000 0.510000 0.061333 0.320000
357 98.007667 0.501667 0.168667 0.843333
713 98.191667 0.501667 0.212667 1.063333
496 98.338333 0.510000 0.100667 0.420000
661 98.437333 0.500000 0.116000 0.400000
277 98.519667 0.501667 0.066000 0.316667
309 98.574667 0.488333 0.060000 0.336667
859 98.666333 0.500000 0.139333 0.393333
921 98.753667 0.510000 0.054000 0.320000
60 98.808667 0.510000 0.072000 0.300000
197 98.884333 0.488333 0.098000 0.490000
151 98.970000 0.490000 0.092000 0.473333
554 99.087333 0.500000 0.156000 0.420000
793 99.202667 0.501667 0.092000 0.370000
774 99.286000 0.493333 0.088000 0.446667
885 99.362667 0.493333 0.082667 0.373333
762 99.436000 0.496667 0.084000 0.366667
13 99.530000 0.498333 0.124000 0.403333
877 99.635000 0.508333 0.099333 0.483333
325 99.753000 0.493333 0.152667 0.666667
545 99.877667 0.491667 0.110000 0.396667
919 99.957667 0.490000 0.070000 0.326667
441 100.012000 0.501667 0.058667 0.350000
927 100.050333 0.503333 0.038000 0.300000
236 100.114333 0.490000 0.108667 0.453333
382 100.229000 0.490000 0.140667 0.380000
604 100.348000 0.501667 0.110667 0.336667
588 100.436667 0.508333 0.086667 0.376667
725 100.526333 0.508333 0.112667 0.476667
443 100.611000 0.505000 0.071333 0.376667
280 100.711000 0.506667 0.142000 0.473333
192 100.824333 0.508333 0.098000 0.396667
456 100.899333 0.496667 0.070667 0.366667
583 100.954333 0.508333 0.058000 0.396667
582 101.045000 0.503333 0.139333 0.533333
177 101.215333 0.503333 0.218667 1.093333
53 101.367000 0.498333 0.099333 0.336667
136 101.472000 0.496667 0.128000 0.506667
656 101.630667 0.503333 0.209333 1.046667
815 101.780667 0.503333 0.108000 0.273333
155 101.875333 0.493333 0.097333 0.500000
343 101.975000 0.506667 0.119333 0.340000
655 102.063667 0.506667 0.078000 0.326667
878 102.127000 0.490000 0.068667 0.353333
536 102.232333 0.495000 0.155333 0.616667
958 102.324000 0.501667 0.048000 0.370000
415 102.423667 0.488333 0.170000 0.850000
516 102.562000 0.501667 0.121333 0.410000
891 102.640000 0.493333 0.049333 0.260000
736 102.687667 0.508333 0.066000 0.443333
