206 0.060000 0.496667 0.113333 0.573333
889 0.182667 0.488333 0.148000 0.576667
58 0.271667 0.491667 0.048667 0.276667
278 0.344000 0.491667 0.110667 0.336667
174 0.478667 0.510000 0.178667 0.893333
26 0.619333 0.498333 0.116000 0.390000
689 0.708000 0.488333 0.074667 0.363333
702 0.831000 0.493333 0.184667 0.573333
651 0.978667 0.505000 0.129333 0.423333
450 1.071333 0.505000 0.074667 0.416667
319 1.143333 0.495000 0.088000 0.330000
364 1.288000 0.500000 0.214667 1.073333
693 1.424667 0.495000 0.074667 0.370000
425 1.509000 0.510000 0.110000 0.646667
436 1.623333 0.488333 0.132000 0.363333
852 1.730667 0.508333 0.102667 0.476667
961 1.799667 0.500000 0.048667 0.373333
400 1.844667 0.488333 0.054667 0.476667
785 1.896333 0.500000 0.068667 0.293333
898 1.981333 0.491667 0.114667 0.310000
891 2.056333 0.498333 0.052667 0.243333
796 2.141667 0.505000 0.136667 0.516667
880 2.251000 0.500000 0.102000 0.346667
308 2.331000 0.506667 0.072667 0.406667
151 2.403000 0.506667 0.090000 0.413333
474 2.466333 0.503333 0.055333 0.300000
517 2.531667 0.493333 0.091333 0.300000
806 2.644333 0.510000 0.154000 0.380000
124 2.762667 0.506667 0.098667 0.346667
74 2.880667 0.496667 0.156000 0.486667
608 3.006667 0.488333 0.109333 0.370000
653 3.141000 0.505000 0.175333 0.876667
310 3.248667 0.503333 0.058667 0.333333
572 3.310333 0.500000 0.082000 0.326667
272 3.437667 0.495000 0.187333 0.536667
7 3.583333 0.498333 0.124000 0.410000
194 3.691000 0.506667 0.110000 0.440000
116 3.809000 0.503333 0.142000 0.446667
525 3.929667 0.498333 0.119333 0.396667
253 4.008667 0.498333 0.056000 0.503333
657 4.069333 0.503333 0.080000 0.340000
479 4.133000 0.500000 0.060667 0.320000
122 4.202667 0.506667 0.098667 0.353333
628 4.311000 0.508333 0.131333 0.436667
621 4.393333 0.510000 0.049333 0.480000
936 4.430333 0.503333 0.044667 0.360000
134 4.489000 0.495000 0.088667 0.390000
172 4.618333 0.505000 0.186000 0.930000
250 4.783667 0.490000 0.162000 0.773333
535 4.945667 0.498333 0.178000 0.376667
950 5.049000 0.501667 0.042000 0.303333
532 5.115667 0.496667 0.104667 0.533333
794 5.200333 0.508333 0.078000 0.463333
751 5.280333 0.496667 0.098000 0.420000
954 5.343333 0.501667 0.041333 0.336667
669 5.420000 0.488333 0.132000 0.463333
1012 5.502000 0.491667 0.046667 0.343333
683 5.583000 0.501667 0.134000 0.376667
232 5.690333 0.495000 0.100667 0.403333
707 5.793333 0.493333 0.120000 0.526667
91 5.929000 0.503333 0.166000 0.346667
879 6.059333 0.488333 0.110667 0.343333
984 6.131333 0.498333 0.048000 0.350000
798 6.195333 0.508333 0.093333 0.343333
62 6.279667 0.493333 0.091333 0.426667
691 6.370333 0.500000 0.103333 0.513333
718 6.499667 0.491667 0.174000 0.870000
50 6.642000 0.493333 0.125333 0.386667
987 6.715000 0.510000 0.040667 0.320000
327 6.797667 0.498333 0.142000 0.436667
899 6.937333 0.495000 0.154667 0.430000
1002 7.023000 0.501667 0.036667 0.290000
48 7.134667 0.493333 0.205333 1.026667
604 7.283333 0.501667 0.109333 0.330000
295 7.384000 0.508333 0.106667 0.450000
387 7.497333 0.506667 0.136000 0.373333
600 7.629667 0.508333 0.142000 0.423333
101 7.783333 0.496667 0.181333 0.906667
701 7.961333 0.506667 0.194667 0.973333
833 8.111667 0.506667 0.123333 0.553333
223 8.220333 0.496667 0.107333 0.493333
887 8.326667 0.495000 0.120000 0.363333
663 8.442333 0.491667 0.128667 0.476667
379 8.568333 0.508333 0.138000 0.410000
396 8.688667 0.496667 0.120000 0.346667
901 8.844667 0.496667 0.212000 1.060000
179 9.005000 0.493333 0.124667 0.480000
643 9.117667 0.496667 0.119333 0.413333
378 9.274667 0.500000 0.213333 1.066667
677 9.422333 0.510000 0.102000 0.380000
339 9.505333 0.495000 0.078667 0.390000
17 9.594333 0.496667 0.112667 0.366667
952 9.660667 0.498333 0.037333 0.283333
877 9.717667 0.490000 0.094000 0.486667
858 9.816333 0.503333 0.123333 0.406667
195 9.927000 0.503333 0.116667 0.473333
152 10.018333 0.500000 0.084667 0.413333
704 10.122667 0.493333 0.138667 0.486667
365 10.255000 0.495000 0.146000 0.430000
957 10.336667 0.501667 0.037333 0.283333
88 10.438000 0.506667 0.181333 0.906667
799 10.571333 0.500000 0.105333 0.393333
440 10.647000 0.490000 0.064667 0.333333
5 10.712333 0.496667 0.080667 0.380000
585 10.801333 0.498333 0.110667 0.356667
316 10.902333 0.498333 0.108667 0.403333
49 11.033333 0.510000 0.172000 0.860000
644 11.159000 0.505000 0.092667 0.410000
466 11.235333 0.488333 0.074667 0.443333
443 11.304667 0.490000 0.081333 0.406667
781 11.380000 0.505000 0.082667 0.430000
385 11.515667 0.491667 0.208667 1.043333
609 11.652000 0.510000 0.080000 0.326667
293 11.738667 0.488333 0.106667 0.416667
512 11.850000 0.500000 0.129333 0.426667
788 11.987333 0.501667 0.158667 0.430000
288 12.128000 0.493333 0.141333 0.533333
331 12.293000 0.488333 0.208667 1.043333
408 12.432667 0.501667 0.084000 0.323333
803 12.546333 0.506667 0.156667 0.466667
459 12.643667 0.496667 0.052667 0.293333
456 12.698000 0.498333 0.070667 0.423333
373 12.784000 0.510000 0.118667 0.360000
635 12.874000 0.488333 0.081333 0.370000
355 12.971333 0.510000 0.133333 0.346667
780 13.101667 0.510000 0.143333 0.433333
778 13.217667 0.496667 0.102000 0.673333
942 13.285333 0.493333 0.050667 0.366667
744 13.395333 0.490000 0.186667 0.933333
750 13.532667 0.505000 0.104000 0.390000
446 13.607333 0.488333 0.065333 0.370000
244 13.696333 0.501667 0.130000 0.356667
825 13.806000 0.491667 0.102667 0.423333
271 13.926333 0.488333 0.158000 0.503333
451 14.030000 0.498333 0.062667 0.323333
98 14.164000 0.503333 0.225333 1.126667
646 14.310333 0.500000 0.087333 0.393333
732 14.382333 0.498333 0.072667 0.350000
488 14.452333 0.505000 0.082000 0.403333
715 14.557000 0.500000 0.143333 0.360000
947 14.641000 0.488333 0.040667 0.303333
539 14.699000 0.501667 0.090000 0.396667
949 14.756667 0.495000 0.042667 0.310000
816 14.835000 0.510000 0.131333 0.300000
1 14.928667 0.496667 0.070667 0.346667
773 15.023667 0.503333 0.134000 0.420000
836 15.144333 0.510000 0.127333 0.526667
486 15.227000 0.488333 0.052667 0.283333
982 15.268333 0.503333 0.046000 0.360000
647 15.314333 0.491667 0.062000 0.323333
460 15.376333 0.493333 0.076667 0.426667
43 15.458667 0.495000 0.101333 0.403333
538 15.591000 0.505000 0.179333 0.436667
464 15.710667 0.503333 0.074667 0.426667
920 15.781333 0.493333 0.084000 0.300000
275 15.840333 0.491667 0.048667 0.290000
757 15.922000 0.490000 0.134667 0.433333
826 16.028333 0.493333 0.091333 0.393333
543 16.159667 0.501667 0.187333 0.630000
639 16.283000 0.496667 0.079333 0.380000
500 16.352667 0.495000 0.080000 0.376667
875 16.474333 0.505000 0.182000 0.910000
290 16.631333 0.505000 0.148000 0.416667
995 16.721000 0.510000 0.044667 0.366667
99 16.812000 0.496667 0.157333 0.786667
828 16.937667 0.506667 0.108667 0.466667
169 17.049667 0.503333 0.130000 0.466667
870 17.133667 0.506667 0.056667 0.280000
727 17.192333 0.490000 0.074000 0.473333
986 17.237000 0.500000 0.035333 0.293333
59 17.353667 0.495000 0.212667 1.063333
453 17.493667 0.505000 0.080667 0.416667
762 17.566667 0.508333 0.084000 0.376667
730 17.653667 0.490000 0.108667 0.406667
692 17.742667 0.500000 0.085333 0.420000
951 17.801667 0.491667 0.048667 0.363333
790 17.848000 0.506667 0.060000 0.366667
726 17.919333 0.501667 0.102667 0.536667
985 17.980667 0.495000 0.033333 0.263333
914 18.043667 0.506667 0.108667 0.326667
712 18.189667 0.498333 0.196667 0.490000
292 18.345667 0.501667 0.128667 0.490000
239 18.455333 0.510000 0.106667 0.660000
338 18.555667 0.501667 0.114000 0.590000
257 18.656333 0.506667 0.102000 0.300000
280 18.748333 0.498333 0.102000 0.330000
629 18.883000 0.498333 0.182000 0.616667
414 19.029000 0.495000 0.126000 0.643333
515 19.144667 0.501667 0.125333 0.390000
824 19.241000 0.498333 0.087333 0.390000
411 19.370333 0.506667 0.190000 0.420000
148 19.520000 0.495000 0.128000 0.370000
592 19.652000 0.495000 0.153333 0.503333
997 19.737000 0.510000 0.032667 0.253333
547 19.781333 0.508333 0.076000 0.423333
552 19.833667 0.498333 0.046000 0.296667
381 19.908333 0.508333 0.123333 0.330000
27 20.028333 0.505000 0.136667 0.463333
55 20.150000 0.510000 0.121333 0.340000
248 20.249667 0.500000 0.091333 0.480000
878 20.336333 0.510000 0.098000 0.500000
79 20.482333 0.505000 0.208667 1.043333
771 20.673000 0.498333 0.191333 0.956667
832 20.819000 0.501667 0.119333 0.496667
202 20.926333 0.501667 0.111333 0.490000
424 21.035667 0.488333 0.120667 0.383333
944 21.113667 0.488333 0.050000 0.363333
970 21.155000 0.503333 0.046000 0.340000
491 21.226000 0.510000 0.112000 0.546667
482 21.313000 0.508333 0.082000 0.416667
198 21.438667 0.493333 0.188000 0.940000
433 21.593000 0.488333 0.136667 0.323333
67 21.748667 0.493333 0.189333 0.946667
279 21.889333 0.506667 0.109333 0.633333
734 22.041000 0.495000 0.214000 0.563333
627 22.210333 0.500000 0.140667 0.480000
641 22.316667 0.503333 0.092000 0.440000
658 22.383333 0.491667 0.057333 0.336667
85 22.451667 0.510000 0.098000 0.380000
924 22.515667 0.508333 0.044667 0.356667
509 22.582667 0.501667 0.102667 0.323333
420 22.678667 0.510000 0.104000 0.386667
637 22.753333 0.498333 0.062667 0.316667
374 22.849333 0.498333 0.145333 0.410000
630 22.990333 0.496667 0.150000 0.506667
164 23.121333 0.490000 0.128000 0.460000
138 23.210000 0.510000 0.065333 0.346667
449 23.274333 0.495000 0.078000 0.470000
39 23.358333 0.503333 0.106000 0.373333
95 23.486000 0.510000 0.164000 0.353333
146 23.594000 0.508333 0.072000 0.343333
560 23.705333 0.503333 0.164000 0.820000
204 23.831333 0.500000 0.105333 0.426667
923 23.899000 0.496667 0.043333 0.320000
845 23.955000 0.498333 0.084667 0.370000
720 24.070667 0.510000 0.160000 0.800000
224 24.184000 0.491667 0.086667 0.436667
94 24.300333 0.508333 0.166000 0.830000
1021 24.392333 0.500000 0.036667 0.306667
574 24.452000 0.491667 0.100000 0.403333
128 24.599667 0.508333 0.211333 1.056667
177 24.764667 0.493333 0.133333 0.500000
522 24.891333 0.505000 0.136000 0.423333
513 25.014667 0.491667 0.125333 0.423333
52 25.128000 0.505000 0.117333 0.390000
740 25.238000 0.491667 0.116000 0.263333
911 25.347333 0.500000 0.116000 0.413333
768 25.435333 0.508333 0.077333 0.176667
140 25.574333 0.495000 0.220667 1.103333
776 25.763667 0.503333 0.171333 0.420000
395 25.895333 0.498333 0.112000 0.330000
208 25.988333 0.496667 0.092667 0.466667
666 26.079333 0.495000 0.106667 0.356667
246 26.211667 0.508333 0.176667 0.610000
1010 26.310333 0.501667 0.040667 0.303333
12 26.374333 0.488333 0.102000 0.356667
632 26.505667 0.500000 0.176667 0.580000
181 26.656333 0.505000 0.138000 0.516667
786 26.752667 0.498333 0.072000 0.443333
597 26.847667 0.503333 0.135333 0.420000
996 26.923333 0.490000 0.033333 0.273333
698 26.965333 0.498333 0.065333 0.350000
978 27.010000 0.500000 0.038667 0.326667
135 27.069667 0.500000 0.100667 0.346667
533 27.176667 0.510000 0.132000 0.460000
342 27.275000 0.493333 0.082000 0.373333
53 27.355667 0.495000 0.096667 0.343333
516 27.449333 0.510000 0.109333 0.353333
801 27.544333 0.508333 0.100667 0.376667
749 27.647000 0.498333 0.123333 0.496667
699 27.785000 0.498333 0.170000 0.850000
709 27.945000 0.505000 0.166000 0.830000
196 28.071667 0.510000 0.107333 0.533333
142 28.155667 0.490000 0.076667 0.366667
999 28.200333 0.500000 0.030000 0.253333
168 28.255000 0.508333 0.099333 0.383333
347 28.360333 0.495000 0.127333 0.350000
218 28.466667 0.495000 0.101333 0.510000
930 28.535000 0.490000 0.054000 0.386667
697 28.666333 0.508333 0.223333 1.116667
770 28.818667 0.500000 0.098667 0.300000
350 28.922000 0.501667 0.122667 0.343333
481 29.006000 0.508333 0.065333 0.390000
586 29.097000 0.495000 0.136667 0.430000
243 29.240667 0.496667 0.165333 0.546667
912 29.359333 0.501667 0.089333 0.383333
483 29.424667 0.506667 0.057333 0.320000
908 29.495333 0.495000 0.098667 0.363333
822 29.595333 0.503333 0.120000 0.366667
598 29.714667 0.488333 0.134667 0.403333
523 29.835000 0.488333 0.126000 0.423333
928 29.909333 0.491667 0.038667 0.310000
662 29.978333 0.491667 0.118000 0.390000
537 30.176333 0.491667 0.296667 0.483333
885 30.352333 0.501667 0.071333 0.303333
839 30.423667 0.491667 0.090000 0.470000
262 30.510333 0.510000 0.103333 0.520000
827 30.605000 0.498333 0.102000 0.456667
934 30.665667 0.488333 0.036667 0.310000
83 30.708667 0.493333 0.069333 0.333333
594 30.792667 0.503333 0.112000 0.340000
502 30.877333 0.503333 0.070667 0.320000
29 30.971000 0.493333 0.132667 0.360000
283 31.091667 0.493333 0.122000 0.426667
289 31.250667 0.496667 0.214667 0.413333
256 31.401333 0.510000 0.100000 0.340000
475 31.484667 0.493333 0.085333 0.446667
807 31.614333 0.490000 0.188667 0.440000
551 31.771000 0.506667 0.144667 0.453333
306 31.866667 0.493333 0.065333 0.366667
555 31.908000 0.488333 0.030667 0.303333
21 31.976000 0.493333 0.118667 0.420000
263 32.131000 0.491667 0.211333 1.056667
782 32.281667 0.501667 0.107333 0.490000
165 32.381000 0.491667 0.111333 0.403333
736 32.465000 0.510000 0.074000 0.393333
655 32.537667 0.488333 0.084667 0.356667
356 32.630000 0.510000 0.118667 0.333333
297 32.710333 0.500000 0.058000 0.300000
624 32.813000 0.498333 0.162000 0.810000
452 32.922000 0.508333 0.072000 0.370000
93 33.037667 0.501667 0.178000 0.890000
383 33.189667 0.510000 0.144667 0.426667
684 33.298000 0.505000 0.086667 0.336667
298 33.369333 0.510000 0.076000 0.386667
299 33.445333 0.508333 0.094667 0.370000
260 33.547000 0.491667 0.124667 0.323333
841 33.649333 0.508333 0.100000 0.476667
579 33.765000 0.498333 0.151333 0.430000
994 33.858333 0.510000 0.050000 0.360000
8 33.931333 0.495000 0.113333 0.403333
56 34.008667 0.495000 0.061333 0.090000
498 34.059667 0.503333 0.059333 0.353333
652 34.153000 0.490000 0.142000 0.473333
72 34.298667 0.493333 0.165333 0.826667
588 34.421333 0.488333 0.100000 0.450000
855 34.495333 0.498333 0.062667 0.163333
401 34.567000 0.510000 0.100667 0.540000
931 34.628667 0.506667 0.037333 0.306667
546 34.680667 0.506667 0.080000 0.293333
800 34.769333 0.495000 0.113333 0.403333
226 34.874667 0.505000 0.110667 0.450000
237 34.958333 0.490000 0.074000 0.466667
590 35.057333 0.505000 0.142667 0.503333
900 35.197667 0.501667 0.156667 0.783333
34 35.315000 0.490000 0.094000 0.300000
687 35.393333 0.498333 0.076000 0.370000
940 35.445333 0.500000 0.042667 0.333333
166 35.517667 0.493333 0.116667 0.413333
933 35.589667 0.495000 0.040667 0.303333
1022 35.621000 0.491667 0.042000 0.310000
384 35.705667 0.503333 0.140667 0.413333
302 35.805333 0.495000 0.076000 0.423333
97 35.948333 0.501667 0.224667 1.123333
531 36.128667 0.500000 0.156000 0.780000
249 36.226000 0.498333 0.052000 0.403333
747 36.287333 0.490000 0.084000 0.340000
317 36.375667 0.501667 0.112667 0.450000
979 36.443333 0.490000 0.038667 0.286667
391 36.516667 0.495000 0.122667 0.363333
170 36.640000 0.506667 0.138667 0.493333
65 36.753333 0.491667 0.104000 0.270000
823 36.854333 0.498333 0.115333 0.530000
149 37.011000 0.501667 0.218000 1.090000
675 37.172000 0.500000 0.117333 0.386667
402 37.290000 0.501667 0.132000 0.343333
619 37.394000 0.493333 0.096000 0.526667
737 37.455333 0.498333 0.045333 0.323333
941 37.486333 0.503333 0.031333 0.253333
953 37.513000 0.495000 0.036667 0.283333
178 37.591000 0.510000 0.134000 0.473333
363 37.705667 0.506667 0.115333 0.306667
545 37.799000 0.496667 0.086000 0.326667
584 37.900667 0.491667 0.136000 0.430000
119 38.003333 0.505000 0.089333 0.536667
969 38.056333 0.510000 0.036667 0.293333
284 38.115667 0.501667 0.102000 0.370000
829 38.204333 0.496667 0.095333 0.453333
282 38.303000 0.501667 0.120667 0.410000
640 38.396333 0.503333 0.082000 0.426667
881 38.491333 0.493333 0.124000 0.420000
661 38.590667 0.505000 0.093333 0.316667
189 38.692667 0.490000 0.126667 0.506667
294 38.865667 0.495000 0.238000 0.376667
315 39.031667 0.498333 0.111333 0.396667
478 39.112000 0.505000 0.066667 0.376667
706 39.165333 0.493333 0.054667 0.300000
468 39.218333 0.496667 0.070000 0.353333
137 39.277333 0.496667 0.064000 0.380000
793 39.353333 0.496667 0.104000 0.426667
345 39.492667 0.503333 0.194667 0.973333
802 39.676333 0.503333 0.192667 0.393333
614 39.838333 0.503333 0.144667 0.393333
161 39.952333 0.501667 0.098000 0.376667
304 40.027333 0.493333 0.066667 0.373333
760 40.122333 0.500000 0.136667 0.413333
19 40.230333 0.501667 0.092667 0.336667
884 40.331667 0.506667 0.126000 0.446667
733 40.422333 0.493333 0.072667 0.433333
688 40.497667 0.488333 0.096667 0.470000
665 40.598333 0.500000 0.119333 0.400000
494 40.693667 0.488333 0.090000 0.396667
375 40.783000 0.505000 0.107333 0.336667
767 40.896333 0.488333 0.139333 0.403333
1015 40.980000 0.496667 0.048000 0.360000
791 41.036333 0.488333 0.079333 0.470000
281 41.136333 0.490000 0.135333 0.460000
259 41.252333 0.493333 0.112667 0.560000
797 41.357333 0.493333 0.113333 0.426667
809 41.461667 0.490000 0.112667 0.613333
100 41.589667 0.490000 0.162000 0.346667
269 41.748333 0.508333 0.170000 0.550000
167 41.875000 0.488333 0.102000 0.390000
561 41.989333 0.495000 0.144000 0.310000
238 42.111667 0.493333 0.118000 0.466667
511 42.224333 0.488333 0.123333 0.390000
570 42.315000 0.496667 0.076667 0.333333
705 42.396667 0.488333 0.106667 0.330000
92 42.549000 0.501667 0.218000 1.090000
372 42.723667 0.510000 0.144667 0.413333
553 42.832667 0.491667 0.093333 0.323333
682 42.927000 0.491667 0.110000 0.403333
326 43.007333 0.505000 0.064000 0.290000
247 43.085333 0.503333 0.109333 0.413333
703 43.180333 0.498333 0.098000 0.323333
679 43.269667 0.488333 0.096667 0.550000
633 43.401000 0.498333 0.184667 0.923333
16 43.539000 0.491667 0.104667 0.343333
813 43.650333 0.495000 0.138000 0.316667
176 43.770000 0.503333 0.118667 0.433333
676 43.875000 0.496667 0.104667 0.340000
1014 43.938667 0.498333 0.042667 0.330000
370 44.022000 0.503333 0.142667 0.400000
527 44.145667 0.493333 0.120667 0.360000
708 44.303667 0.498333 0.215333 1.076667
300 44.435333 0.493333 0.068000 0.220000
861 44.484667 0.500000 0.045333 0.353333
550 44.530333 0.505000 0.062000 0.310000
634 44.596667 0.491667 0.090667 0.376667
382 44.699000 0.501667 0.131333 0.403333
821 44.797000 0.508333 0.084667 0.556667
61 44.865667 0.490000 0.072667 0.366667
493 44.941667 0.503333 0.092667 0.406667
188 45.044667 0.508333 0.129333 0.530000
470 45.130667 0.510000 0.058667 0.300000
926 45.171667 0.500000 0.043333 0.333333
581 45.227667 0.495000 0.084667 0.376667
20 45.313000 0.490000 0.100667 0.353333
123 45.414333 0.501667 0.122000 0.730000
819 45.522667 0.495000 0.113333 0.256667
871 45.600667 0.495000 0.056000 0.276667
853 45.662667 0.503333 0.085333 0.400000
834 45.748333 0.491667 0.100667 0.416667
367 45.862667 0.490000 0.144000 0.393333
354 46.002667 0.496667 0.150667 0.413333
182 46.128667 0.490000 0.121333 0.426667
415 46.271333 0.503333 0.180000 0.900000
591 46.437333 0.488333 0.170667 0.563333
64 46.551333 0.498333 0.074667 0.370000
301 46.618333 0.488333 0.075333 0.423333
322 46.703333 0.491667 0.109333 0.136667
857 46.841000 0.490000 0.183333 0.413333
117 47.001000 0.495000 0.152667 0.490000
324 47.143333 0.501667 0.149333 0.730000
540 47.300333 0.505000 0.179333 0.896667
865 47.422333 0.500000 0.084667 0.300000
4 47.500000 0.503333 0.089333 0.386667
490 47.565667 0.508333 0.055333 0.330000
499 47.606667 0.506667 0.046667 0.286667
622 47.689667 0.510000 0.134000 0.460000
556 47.786333 0.496667 0.079333 0.320000
895 47.878667 0.491667 0.121333 0.323333
268 48.024667 0.510000 0.189333 0.946667
457 48.138000 0.496667 0.054667 0.293333
454 48.191333 0.490000 0.068000 0.373333
438 48.293667 0.500000 0.152667 0.460000
131 48.427333 0.493333 0.128000 0.506667
815 48.545333 0.510000 0.125333 0.440000
325 48.662667 0.505000 0.129333 0.576667
756 48.778667 0.498333 0.120000 0.403333
318 48.883333 0.496667 0.108000 0.446667
831 48.971333 0.498333 0.086667 0.436667
227 49.060667 0.491667 0.108000 0.443333
24 49.179000 0.496667 0.148667 0.506667
932 49.264000 0.495000 0.034667 0.256667
156 49.348667 0.503333 0.148000 0.426667
147 49.465000 0.505000 0.098000 0.496667
477 49.532000 0.510000 0.056000 0.293333
144 49.590667 0.496667 0.081333 0.360000
187 49.678333 0.488333 0.112667 0.463333
329 49.809333 0.490000 0.165333 0.826667
710 49.954333 0.505000 0.144667 0.370000
107 50.116667 0.505000 0.198667 0.416667
445 50.242000 0.498333 0.070667 0.363333
631 50.366000 0.510000 0.197333 0.986667
442 50.489000 0.510000 0.066000 0.373333
448 50.546333 0.488333 0.064667 0.390000
233 50.618667 0.501667 0.097333 0.396667
28 50.723333 0.503333 0.129333 0.420000
309 50.807333 0.496667 0.057333 0.320000
777 50.872333 0.498333 0.090000 0.356667
549 50.953000 0.505000 0.087333 0.290000
215 51.044333 0.501667 0.114000 0.463333
918 51.152667 0.491667 0.117333 0.443333
916 51.314000 0.503333 0.221333 1.106667
883 51.504000 0.498333 0.172000 0.376667
567 51.644333 0.488333 0.122000 0.490000
333 51.785333 0.490000 0.173333 0.866667
114 51.907333 0.491667 0.086667 0.430000
81 51.988667 0.490000 0.094667 0.380000
2 52.063333 0.506667 0.068000 0.346667
465 52.117667 0.508333 0.060667 0.330000
285 52.189667 0.491667 0.102000 0.363333
915 52.277000 0.490000 0.091333 0.740000
399 52.370667 0.500000 0.114667 0.386667
63 52.478000 0.496667 0.120000 0.426667
716 52.617333 0.496667 0.177333 0.886667
566 52.762333 0.500000 0.127333 0.526667
505 52.842333 0.496667 0.052667 0.220000
485 52.893000 0.508333 0.063333 0.330000
346 52.974333 0.510000 0.115333 0.366667
664 53.080667 0.510000 0.114667 0.386667
210 53.176667 0.505000 0.094667 0.476667
888 53.295667 0.491667 0.160667 0.490000
758 53.431667 0.496667 0.127333 0.433333
536 53.593333 0.490000 0.212000 1.060000
892 53.762333 0.500000 0.142000 0.413333
111 53.860333 0.496667 0.071333 0.333333
340 53.955333 0.500000 0.137333 0.420000
774 54.053333 0.498333 0.074667 0.423333
68 54.140667 0.496667 0.117333 0.333333
205 54.286000 0.496667 0.190667 0.953333
971 54.392000 0.495000 0.040000 0.303333
80 54.453667 0.491667 0.096667 0.450000
992 54.512333 0.491667 0.040667 0.316667
542 54.594667 0.498333 0.137333 0.516667
818 54.723667 0.493333 0.136667 0.500000
386 54.863333 0.506667 0.161333 0.806667
909 54.988667 0.501667 0.106667 0.470000
287 55.091000 0.498333 0.112667 0.410000
377 55.205333 0.488333 0.136000 0.416667
37 55.329000 0.500000 0.131333 0.413333
254 55.464667 0.488333 0.157333 0.603333
86 55.579333 0.501667 0.089333 0.403333
235 55.656000 0.508333 0.080000 0.396667
850 55.747000 0.488333 0.115333 0.476667
217 55.843000 0.505000 0.095333 0.390000
939 55.897667 0.493333 0.031333 0.253333
686 55.952333 0.503333 0.094000 0.460000
766 56.042333 0.503333 0.100667 0.293333
42 56.118333 0.495000 0.067333 0.376667
607 56.215333 0.493333 0.144000 0.433333
261 56.326333 0.495000 0.098000 0.463333
190 56.425667 0.498333 0.119333 0.483333
595 56.537667 0.493333 0.124667 0.373333
724 56.626000 0.493333 0.069333 0.433333
413 56.740667 0.493333 0.176000 0.880000
0 56.842333 0.496667 0.043333 0.346667
862 56.893000 0.505000 0.076667 0.363333
362 56.974000 0.490000 0.104000 0.306667
89 57.136667 0.495000 0.234667 0.496667
977 57.269333 0.501667 0.049333 0.363333
695 57.364333 0.501667 0.160667 0.803333
429 57.492000 0.496667 0.113333 0.406667
521 57.623667 0.491667 0.166000 0.490000
882 57.763333 0.490000 0.129333 0.513333
409 57.881667 0.498333 0.126000 0.630000
78 58.043333 0.493333 0.216000 0.486667
14 58.202000 0.495000 0.114667 0.370000
1004 58.271000 0.510000 0.036667 0.306667
503 58.347667 0.500000 0.136667 0.386667
185 58.461000 0.500000 0.107333 0.460000
606 58.560667 0.490000 0.108000 0.333333
199 58.665667 0.490000 0.116667 0.486667
376 58.790000 0.506667 0.149333 0.393333
155 58.893000 0.506667 0.072667 0.413333
70 58.979333 0.493333 0.116000 0.440000
33 59.087000 0.500000 0.112667 0.366667
623 59.203000 0.496667 0.135333 0.440000
330 59.311333 0.495000 0.097333 0.370000
427 59.410333 0.501667 0.114000 0.563333
412 59.510000 0.500000 0.098667 0.506667
504 59.620667 0.508333 0.137333 0.396667
564 59.770667 0.488333 0.178667 0.376667
507 59.888333 0.496667 0.075333 0.393333
685 59.955333 0.498333 0.078667 0.296667
136 60.046667 0.506667 0.117333 0.473333
276 60.124333 0.503333 0.058000 0.380000
497 60.219667 0.500000 0.148667 0.386667
242 60.335667 0.506667 0.098000 0.380000
154 60.415333 0.500000 0.081333 0.373333
397 60.493667 0.500000 0.094000 0.393333
47 60.592333 0.498333 0.123333 0.576667
938 60.667000 0.488333 0.046000 0.330000
51 60.729333 0.491667 0.096000 0.330000
150 60.834667 0.505000 0.129333 0.530000
526 60.968667 0.496667 0.158667 0.413333
1011 61.062000 0.496667 0.041333 0.326667
960 61.094333 0.490000 0.036667 0.280000
854 61.183000 0.493333 0.159333 0.493333
746 61.310667 0.493333 0.110667 0.320000
406 61.405667 0.501667 0.099333 0.383333
562 61.535333 0.498333 0.177333 0.390000
937 61.641667 0.501667 0.050000 0.376667
87 61.756333 0.493333 0.195333 0.426667
972 61.863333 0.501667 0.038667 0.316667
380 61.937333 0.506667 0.128000 0.373333
349 62.049667 0.503333 0.110000 0.306667
840 62.159333 0.490000 0.126667 0.520000
722 62.290000 0.495000 0.152000 0.436667
126 62.418000 0.488333 0.122667 0.430000
184 62.527000 0.498333 0.108667 0.456667
764 62.609333 0.506667 0.076000 0.406667
741 62.685333 0.501667 0.094667 0.316667
183 62.765667 0.491667 0.086000 0.436667
388 62.854000 0.510000 0.106667 0.333333
529 62.944000 0.495000 0.088000 0.363333
30 63.058000 0.508333 0.154667 0.456667
1006 63.151000 0.493333 0.047333 0.346667
844 63.218667 0.493333 0.106667 0.453333
444 63.300333 0.495000 0.075333 0.390000
366 63.390333 0.510000 0.118000 0.333333
835 63.488333 0.495000 0.094000 0.370000
575 63.582333 0.510000 0.108667 0.366667
943 63.650667 0.491667 0.045333 0.343333
11 63.709667 0.506667 0.091333 0.333333
447 63.788667 0.503333 0.081333 0.426667
922 63.838333 0.490000 0.034000 0.286667
274 63.890333 0.496667 0.090000 0.420000
659 63.975000 0.505000 0.096667 0.390000
201 64.069667 0.491667 0.112667 0.570000
75 64.178000 0.503333 0.124000 0.386667
674 64.296667 0.506667 0.129333 0.426667
32 64.403667 0.505000 0.103333 0.330000
907 64.516000 0.508333 0.134667 0.463333
120 64.668000 0.500000 0.189333 0.946667
461 64.794000 0.501667 0.077333 0.390000
45 64.855667 0.491667 0.066000 0.330000
462 64.909000 0.500000 0.060667 0.320000
868 64.975000 0.506667 0.088667 0.493333
267 65.120667 0.496667 0.216000 1.080000
3 65.259000 0.496667 0.076667 0.313333
583 65.313667 0.498333 0.051333 0.310000
731 65.363000 0.506667 0.066000 0.333333
240 65.422000 0.498333 0.066667 0.323333
717 65.553000 0.488333 0.211333 1.056667
501 65.685667 0.498333 0.072667 0.350000
426 65.750333 0.500000 0.071333 0.406667
620 65.891667 0.501667 0.230000 1.150000
357 66.099333 0.506667 0.202667 1.013333
991 66.213000 0.495000 0.040667 0.303333
904 66.265333 0.505000 0.078667 0.370000
231 66.358667 0.495000 0.122667 0.503333
735 66.474333 0.493333 0.128667 0.520000
18 66.578000 0.508333 0.094667 0.316667
700 66.669667 0.490000 0.103333 0.406667
422 66.760667 0.496667 0.093333 0.353333
434 66.866333 0.490000 0.131333 0.446667
804 67.002667 0.505000 0.156000 0.456667
929 67.089000 0.503333 0.035333 0.280000
739 67.139667 0.498333 0.084667 0.603333
219 67.218000 0.500000 0.090667 0.373333
353 67.362667 0.490000 0.216000 1.080000
748 67.520000 0.491667 0.112000 0.376667
129 67.644667 0.505000 0.150667 0.583333
568 67.762000 0.506667 0.104000 0.520000
810 67.865000 0.496667 0.116667 0.486667
867 67.968333 0.491667 0.106000 0.343333
351 68.088667 0.508333 0.150667 0.456667
10 68.211000 0.505000 0.107333 0.370000
216 68.311333 0.493333 0.106667 0.506667
358 68.430000 0.493333 0.144000 0.400000
838 68.545667 0.508333 0.102000 0.443333
965 68.609667 0.506667 0.039333 0.320000
139 68.657000 0.503333 0.070000 0.400000
221 68.739000 0.510000 0.111333 0.560000
305 68.820667 0.495000 0.065333 0.370000
670 68.889000 0.488333 0.088667 0.336667
856 69.016000 0.491667 0.180000 0.450000
626 69.183000 0.490000 0.170000 0.560000
805 69.346333 0.510000 0.171333 0.493333
471 69.452000 0.490000 0.057333 0.340000
719 69.549000 0.493333 0.156667 0.453333
143 69.666667 0.510000 0.092000 0.486667
582 69.814667 0.500000 0.221333 1.106667
896 69.983000 0.491667 0.134000 0.356667
792 70.106333 0.508333 0.127333 0.516667
66 70.199667 0.500000 0.076667 0.560000
84 70.286333 0.503333 0.112667 0.313333
455 70.377000 0.490000 0.082000 0.420000
673 70.474667 0.503333 0.126667 0.420000
894 70.606333 0.501667 0.150000 0.456667
681 70.692333 0.501667 0.042000 0.390000
981 70.723333 0.498333 0.037333 0.290000
694 70.774000 0.488333 0.080000 0.390000
966 70.822667 0.495000 0.033333 0.263333
480 70.866000 0.503333 0.066667 0.360000
191 70.950333 0.503333 0.119333 0.520000
927 71.027333 0.506667 0.048000 0.360000
962 71.062333 0.506667 0.039333 0.313333
13 71.123667 0.501667 0.103333 0.330000
612 71.232333 0.491667 0.134000 0.350000
784 71.321333 0.500000 0.058667 0.500000
554 71.451667 0.495000 0.216667 1.083333
605 71.608667 0.503333 0.114667 0.300000
837 71.704667 0.495000 0.093333 0.463333
277 71.776667 0.508333 0.070667 0.323333
145 71.854000 0.510000 0.097333 0.500000
320 71.966667 0.503333 0.142667 0.433333
811 72.095333 0.500000 0.128000 0.286667
519 72.221000 0.508333 0.138000 0.450000
690 72.325333 0.501667 0.084000 0.410000
428 72.404333 0.500000 0.087333 0.606667
416 72.477667 0.496667 0.074000 0.360000
291 72.553667 0.490000 0.096667 0.380000
1009 72.614333 0.496667 0.042000 0.320000
955 72.650000 0.506667 0.042667 0.320000
214 72.709333 0.495000 0.090667 0.450000
812 72.800000 0.503333 0.110667 0.253333
779 72.867667 0.495000 0.039333 0.390000
311 72.919000 0.506667 0.080667 0.353333
864 72.996667 0.495000 0.094667 0.370000
742 73.128000 0.510000 0.182667 0.913333
745 73.268000 0.491667 0.113333 0.463333
36 73.375667 0.493333 0.122000 0.426667
616 73.498000 0.490000 0.136000 0.380000
903 73.627333 0.493333 0.140000 0.406667
988 73.704667 0.490000 0.032000 0.260000
890 73.757000 0.490000 0.088667 0.366667
104 73.872667 0.503333 0.160000 0.346667
193 73.988000 0.496667 0.089333 0.360000
968 74.043333 0.491667 0.040000 0.316667
964 74.073333 0.501667 0.037333 0.310000
752 74.124667 0.508333 0.078667 0.223333
580 74.244667 0.503333 0.180000 0.460000
599 74.399000 0.510000 0.143333 0.433333
874 74.509333 0.498333 0.093333 0.436667
613 74.618000 0.505000 0.142667 0.410000
228 74.743000 0.488333 0.127333 0.510000
541 74.879333 0.491667 0.161333 0.423333
266 75.032667 0.505000 0.164000 0.516667
618 75.145000 0.493333 0.076667 0.486667
38 75.233000 0.501667 0.114000 0.383333
255 75.340000 0.500000 0.113333 0.433333
1005 75.409667 0.498333 0.043333 0.330000
863 75.478000 0.508333 0.110667 0.523333
421 75.602667 0.506667 0.157333 0.533333
642 75.710000 0.490000 0.073333 0.286667
225 75.790333 0.493333 0.103333 0.426667
842 75.893333 0.501667 0.116000 0.523333
46 75.966667 0.490000 0.048000 0.420000
667 76.029000 0.491667 0.094000 0.323333
902 76.133000 0.498333 0.128667 0.376667
476 76.222667 0.506667 0.068000 0.406667
544 76.289667 0.491667 0.086000 0.330000
251 76.348000 0.493333 0.048000 0.280000
897 76.447000 0.491667 0.168667 0.843333
158 76.610333 0.493333 0.172667 0.560000
273 76.714667 0.491667 0.054667 0.356667
463 76.762667 0.488333 0.061333 0.343333
393 76.842667 0.490000 0.113333 0.320000
851 76.935667 0.496667 0.088667 0.366667
323 77.060000 0.488333 0.180000 0.350000
236 77.196000 0.508333 0.108000 0.430000
935 77.257667 0.508333 0.031333 0.250000
108 77.344000 0.510000 0.158667 0.793333
423 77.480667 0.500000 0.128000 0.400000
859 77.590333 0.501667 0.108667 0.343333
458 77.673000 0.496667 0.076667 0.460000
725 77.766000 0.491667 0.128000 0.536667
514 77.878667 0.501667 0.113333 0.356667
296 77.966333 0.495000 0.079333 0.303333
998 78.014000 0.510000 0.034667 0.266667
35 78.085667 0.501667 0.122000 0.403333
993 78.156000 0.501667 0.032000 0.250000
1001 78.185333 0.498333 0.040000 0.316667
407 78.238667 0.490000 0.080000 0.300000
389 78.340000 0.510000 0.141333 0.393333
680 78.464000 0.510000 0.122667 0.440000
392 78.629333 0.503333 0.222667 1.113333
672 78.791000 0.490000 0.118000 0.400000
472 78.873333 0.508333 0.062667 0.370000
1000 78.917667 0.495000 0.046000 0.356667
795 78.966333 0.495000 0.066000 0.410000
103 79.081667 0.508333 0.180667 0.396667
765 79.209000 0.501667 0.091333 0.490000
222 79.300667 0.501667 0.108000 0.443333
25 79.414000 0.505000 0.132000 0.490000
728 79.502000 0.496667 0.061333 0.526667
573 79.560667 0.501667 0.074667 0.296667
925 79.608000 0.510000 0.038667 0.280000
160 79.659000 0.506667 0.083333 0.446667
328 79.766333 0.508333 0.150000 0.376667
963 79.853667 0.493333 0.044667 0.353333
212 79.910667 0.491667 0.082667 0.376667
270 80.043667 0.505000 0.200667 1.003333
203 80.182000 0.495000 0.093333 0.376667
696 80.289333 0.500000 0.138667 0.313333
133 80.416667 0.503333 0.129333 0.406667
625 80.555333 0.490000 0.161333 0.806667
439 80.675667 0.490000 0.094000 0.386667
974 80.731333 0.500000 0.036000 0.280000
980 80.756333 0.493333 0.032667 0.260000
577 80.805333 0.490000 0.080000 0.313333
359 80.932667 0.506667 0.192000 0.960000
1007 81.038667 0.498333 0.033333 0.276667
668 81.105333 0.495000 0.113333 0.390000
369 81.229333 0.493333 0.152000 0.413333
334 81.376333 0.508333 0.162000 0.503333
469 81.482000 0.501667 0.066667 0.363333
571 81.563000 0.495000 0.111333 0.463333
336 81.670000 0.493333 0.120000 0.573333
159 81.746667 0.501667 0.046667 0.356667
418 81.801333 0.498333 0.082667 0.403333
200 81.886667 0.493333 0.104000 0.533333
990 81.945667 0.508333 0.032667 0.263333
264 82.011333 0.508333 0.114667 0.436667
234 82.124000 0.488333 0.129333 0.523333
650 82.240000 0.490000 0.120000 0.386667
495 82.328667 0.493333 0.076000 0.393333
44 82.407333 0.496667 0.094667 0.366667
820 82.482000 0.501667 0.074667 0.316667
723 82.558667 0.510000 0.096000 0.326667
506 82.621333 0.510000 0.042667 0.473333
956 82.654667 0.505000 0.040000 0.330000
808 82.714000 0.510000 0.092000 0.406667
761 82.807667 0.495000 0.115333 0.330000
648 82.908000 0.496667 0.102667 0.433333
186 83.005667 0.500000 0.106000 0.473333
847 83.103000 0.491667 0.108667 0.363333
559 83.182333 0.491667 0.067333 0.330000
6 83.257667 0.490000 0.103333 0.386667
973 83.325667 0.496667 0.048667 0.373333
548 83.393667 0.500000 0.107333 0.386667
76 83.500667 0.506667 0.126667 0.386667
435 83.579333 0.495000 0.048000 0.256667
1023 83.613000 0.501667 0.036667 0.303333
1017 83.643667 0.498333 0.039333 0.323333
371 83.718333 0.488333 0.123333 0.330000
113 83.818000 0.496667 0.096000 0.440000
197 83.914667 0.496667 0.113333 0.460000
211 84.008333 0.491667 0.088667 0.416667
130 84.136000 0.498333 0.180000 0.396667
1020 84.242000 0.500000 0.046667 0.333333
759 84.338333 0.505000 0.162000 0.463333
602 84.463333 0.498333 0.106667 0.323333
180 84.572000 0.503333 0.128000 0.466667
314 84.695333 0.491667 0.132000 0.476667
332 84.866000 0.510000 0.224000 0.533333
162 85.038000 0.508333 0.134667 0.510000
959 85.118000 0.501667 0.041333 0.336667
1008 85.151333 0.506667 0.040000 0.320000
913 85.234333 0.495000 0.146000 0.456667
714 85.392000 0.503333 0.185333 0.586667
41 85.553333 0.501667 0.157333 0.476667
127 85.681667 0.498333 0.114000 0.396667
109 85.832333 0.508333 0.206000 1.030000
530 85.974000 0.491667 0.092000 0.443333
1003 86.031333 0.493333 0.041333 0.340000
431 86.084333 0.501667 0.083333 0.290000
636 86.181000 0.491667 0.128667 0.303333
713 86.317667 0.495000 0.158000 0.496667
558 86.430667 0.510000 0.085333 0.420000
510 86.525333 0.495000 0.121333 0.410000
743 86.617333 0.498333 0.077333 0.336667
213 86.699333 0.488333 0.106667 0.430000
610 86.805667 0.498333 0.122000 0.370000
157 86.949667 0.505000 0.184667 0.923333
1018 87.055333 0.500000 0.041333 0.300000
82 87.114667 0.505000 0.093333 0.643333
983 87.176667 0.498333 0.046667 0.370000
220 87.241000 0.490000 0.096667 0.440000
90 87.361667 0.508333 0.160667 0.343333
265 87.493667 0.505000 0.123333 0.470000
738 87.583333 0.490000 0.072000 0.353333
866 87.680000 0.510000 0.138667 0.366667
31 87.808667 0.505000 0.134667 0.390000
1013 87.884000 0.491667 0.030667 0.256667
437 87.937000 0.493333 0.095333 0.426667
432 88.049667 0.510000 0.148667 0.306667
524 88.178000 0.495000 0.125333 0.396667
153 88.280333 0.495000 0.099333 0.450000
783 88.358333 0.496667 0.075333 0.400000
763 88.419000 0.493333 0.062000 0.473333
660 88.503333 0.508333 0.126667 0.423333
171 88.609333 0.495000 0.104000 0.383333
73 88.732000 0.503333 0.160000 0.506667
390 88.875000 0.488333 0.144667 0.396667
230 89.001000 0.488333 0.123333 0.543333
893 89.125667 0.501667 0.142000 0.416667
578 89.232667 0.493333 0.089333 0.366667
817 89.333333 0.505000 0.125333 0.323333
754 89.454667 0.495000 0.137333 0.670000
419 89.565333 0.505000 0.100000 0.483333
258 89.656667 0.495000 0.102667 0.356667
173 89.754333 0.508333 0.107333 0.483333
905 89.870000 0.506667 0.137333 0.440000
848 89.985667 0.498333 0.114000 0.350000
596 90.097667 0.491667 0.127333 0.390000
528 90.207667 0.491667 0.106000 0.370000
678 90.308667 0.510000 0.112000 0.393333
508 90.385333 0.496667 0.060000 0.340000
77 90.478000 0.510000 0.141333 0.353333
207 90.637667 0.508333 0.194000 0.970000
71 90.755667 0.505000 0.058000 0.310000
496 90.824000 0.508333 0.092000 0.383333
945 90.882333 0.496667 0.044667 0.353333
313 90.955667 0.510000 0.119333 0.420000
917 91.033333 0.510000 0.050667 0.360000
102 91.131333 0.510000 0.162667 0.340000
645 91.245000 0.495000 0.079333 0.363333
906 91.359333 0.490000 0.165333 0.466667
671 91.480000 0.493333 0.094667 0.313333
557 91.567333 0.500000 0.093333 0.620000
132 91.647000 0.508333 0.080667 0.350000
563 91.744333 0.488333 0.134000 0.283333
209 91.885333 0.506667 0.166667 0.833333
404 92.063667 0.505000 0.210000 1.050000
9 92.215333 0.491667 0.109333 0.450000
489 92.294333 0.508333 0.062000 0.323333
843 92.364333 0.503333 0.098000 0.406667
245 92.435667 0.490000 0.060667 0.360000
69 92.505667 0.496667 0.095333 0.513333
617 92.596000 0.506667 0.104000 0.420000
601 92.696667 0.493333 0.114667 0.353333
587 92.823667 0.498333 0.155333 0.776667
876 92.963333 0.503333 0.141333 0.366667
96 93.122333 0.505000 0.196667 0.983333
989 93.235000 0.496667 0.046000 0.333333
976 93.273000 0.488333 0.046000 0.350000
252 93.360000 0.503333 0.145333 0.573333
410 93.472667 0.488333 0.093333 0.390000
352 93.579333 0.493333 0.140000 0.366667
919 93.674333 0.493333 0.068667 0.300000
772 93.793000 0.490000 0.183333 0.506667
921 93.912667 0.505000 0.072000 0.416667
593 94.047000 0.508333 0.211333 1.056667
484 94.188000 0.510000 0.090667 0.313333
958 94.246000 0.510000 0.044000 0.320000
975 94.279000 0.505000 0.038000 0.283333
335 94.360000 0.506667 0.144000 0.493333
711 94.512000 0.490000 0.178667 0.460000
520 94.640000 0.505000 0.092000 0.310000
112 94.742333 0.496667 0.131333 0.440000
321 94.854000 0.510000 0.108000 0.433333
775 94.941000 0.490000 0.086000 0.426667
869 95.003333 0.491667 0.056000 0.350000
312 95.082667 0.501667 0.116000 0.390000
946 95.151333 0.510000 0.036000 0.300000
534 95.212667 0.495000 0.100000 0.410000
405 95.295667 0.498333 0.086000 0.323333
286 95.392000 0.495000 0.120000 0.450000
1019 95.462333 0.505000 0.036667 0.270000
753 95.532667 0.495000 0.124000 0.416667
886 95.690333 0.491667 0.208667 1.043333
115 95.827000 0.503333 0.078000 0.380000
721 95.954333 0.498333 0.196667 0.983333
398 96.080667 0.493333 0.069333 0.353333
576 96.151333 0.508333 0.086667 0.336667
54 96.220333 0.490000 0.070000 0.406667
141 96.294000 0.500000 0.090667 0.386667
40 96.391000 0.501667 0.120667 0.383333
192 96.498000 0.493333 0.108000 0.540000
1016 96.563333 0.501667 0.042667 0.336667
872 96.650667 0.500000 0.145333 0.406667
849 96.754667 0.508333 0.081333 0.336667
787 96.824667 0.490000 0.074667 0.453333
110 96.920000 0.501667 0.134667 0.470000
789 97.013667 0.503333 0.067333 0.406667
403 97.127333 0.496667 0.177333 0.500000
649 97.256667 0.501667 0.100000 0.543333
368 97.374333 0.490000 0.155333 0.426667
830 97.487333 0.493333 0.088000 0.366667
441 97.561000 0.495000 0.079333 0.403333
565 97.682333 0.506667 0.179333 0.366667
341 97.798000 0.500000 0.065333 0.280000
473 97.861667 0.501667 0.075333 0.443333
361 97.962667 0.490000 0.144000 0.380000
121 98.034000 0.510000 0.016000 0.286667
615 98.118000 0.490000 0.165333 0.826667
603 98.284333 0.498333 0.183333 0.390000
948 98.384000 0.500000 0.036000 0.286667
125 98.454667 0.508333 0.120000 0.530000
430 98.563333 0.500000 0.117333 0.506667
241 98.665333 0.510000 0.104000 0.580000
105 98.798667 0.496667 0.178667 0.393333
611 98.933000 0.495000 0.106000 0.396667
15 99.033667 0.493333 0.114000 0.380000
394 99.137333 0.495000 0.112000 0.303333
487 99.226333 0.508333 0.079333 0.403333
344 99.357667 0.508333 0.202000 1.010000
846 99.498333 0.503333 0.096667 0.486667
873 99.578667 0.510000 0.078667 0.360000
467 99.638667 0.493333 0.057333 0.313333
654 99.788000 0.491667 0.257333 0.483333
337 100.009333 0.496667 0.201333 1.006667
307 100.139667 0.508333 0.079333 0.436667
229 100.217333 0.488333 0.090667 0.456667
57 100.285000 0.495000 0.062000 0.263333
729 100.324000 0.503333 0.033333 0.366667
656 100.403667 0.500000 0.139333 0.333333
175 100.512333 0.498333 0.094000 0.336667
967 100.570667 0.496667 0.040000 0.293333
755 100.658333 0.490000 0.148667 0.460000
303 100.752000 0.498333 0.056000 0.316667
118 100.826000 0.503333 0.106667 0.426667
360 100.939000 0.495000 0.135333 0.363333
860 101.106000 0.495000 0.218667 0.556667
343 101.279333 0.505000 0.144000 0.443333
910 101.407000 0.505000 0.127333 0.423333
60 101.503667 0.505000 0.082000 0.343333
348 101.592333 0.498333 0.115333 0.310000
106 101.754333 0.491667 0.224667 1.123333
569 101.901667 0.501667 0.087333 0.336667
22 101.995333 0.495000 0.118667 0.396667
417 102.081333 0.498333 0.073333 0.356667
163 102.196667 0.490000 0.176000 0.880000
23 102.352000 0.508333 0.150667 0.430000
492 102.456667 0.491667 0.076000 0.410000
814 102.560000 0.501667 0.145333 0.350000
589 102.668333 0.500000 0.088667 0.366667
769 102.760000 0.493333 0.114667 0.346667
518 102.865000 0.508333 0.112667 0.370000
638 102.969333 0.505000 0.110667 0.436667
