318 0.047667 0.505000 0.088667 0.443333
241 0.136000 0.510000 0.101333 0.566667
110 0.248333 0.508333 0.138000 0.483333
756 0.366667 0.495000 0.114667 0.330000
484 0.474667 0.506667 0.117333 0.446667
582 0.591000 0.490000 0.135333 0.513333
888 0.729333 0.500000 0.160000 0.506667
596 0.863667 0.508333 0.123333 0.383333
636 0.972000 0.498333 0.106667 0.243333
309 1.047667 0.501667 0.060667 0.336667
882 1.115667 0.495000 0.090000 0.350000
384 1.220000 0.493333 0.137333 0.380000
420 1.330333 0.498333 0.099333 0.363333
276 1.400667 0.498333 0.057333 0.343333
85 1.464333 0.491667 0.090000 0.356667
512 1.565333 0.490000 0.128000 0.433333
412 1.659333 0.506667 0.074667 0.380000
791 1.722667 0.496667 0.070667 0.426667
567 1.840333 0.505000 0.182000 0.910000
411 2.027000 0.488333 0.206000 1.030000
992 2.139000 0.500000 0.038000 0.280000
150 2.205333 0.510000 0.113333 0.453333
872 2.335333 0.496667 0.161333 0.806667
1007 2.430333 0.493333 0.047333 0.346667
71 2.477333 0.493333 0.065333 0.353333
179 2.562000 0.491667 0.124000 0.450000
658 2.649000 0.496667 0.063333 0.353333
190 2.714667 0.498333 0.088000 0.356667
298 2.789667 0.505000 0.080667 0.396667
579 2.919333 0.495000 0.197333 0.470000
254 3.071333 0.495000 0.124000 0.476667
70 3.208000 0.498333 0.164000 0.536667
845 3.332667 0.501667 0.102667 0.423333
87 3.493667 0.508333 0.236667 0.503333
683 3.657333 0.503333 0.110667 0.313333
923 3.730333 0.495000 0.050000 0.363333
1008 3.770000 0.500000 0.044000 0.340000
953 3.800333 0.506667 0.036667 0.293333
695 3.920667 0.493333 0.218667 1.093333
581 4.076333 0.493333 0.110000 0.466667
621 4.148667 0.510000 0.049333 0.473333
830 4.219000 0.495000 0.106000 0.443333
551 4.324667 0.498333 0.121333 0.370000
117 4.449000 0.493333 0.142000 0.420000
838 4.557667 0.503333 0.095333 0.400000
996 4.622333 0.503333 0.047333 0.360000
371 4.751000 0.495000 0.228667 1.143333
984 4.878000 0.490000 0.044000 0.346667
189 4.940333 0.498333 0.094000 0.436667
917 4.999667 0.501667 0.039333 0.276667
360 5.077667 0.496667 0.130000 0.386667
789 5.172333 0.503333 0.079333 0.473333
559 5.250333 0.488333 0.091333 0.443333
231 5.377000 0.488333 0.175333 0.876667
740 5.509667 0.498333 0.110000 0.250000
403 5.658000 0.496667 0.201333 1.006667
439 5.807667 0.505000 0.118000 0.463333
348 5.915000 0.490000 0.110000 0.333333
49 6.052333 0.495000 0.178000 0.890000
401 6.177333 0.510000 0.086667 0.440000
793 6.267667 0.508333 0.107333 0.436667
322 6.368000 0.503333 0.109333 0.126667
554 6.478000 0.500000 0.130667 0.353333
256 6.596000 0.508333 0.125333 0.436667
706 6.685667 0.508333 0.074000 0.383333
884 6.767667 0.503333 0.107333 0.380000
614 6.890000 0.501667 0.156000 0.430000
431 7.009333 0.503333 0.096000 0.326667
974 7.063000 0.506667 0.031333 0.246667
139 7.106667 0.503333 0.073333 0.433333
193 7.175333 0.506667 0.081333 0.413333
553 7.263333 0.495000 0.113333 0.403333
883 7.400667 0.490000 0.176000 0.880000
100 7.563000 0.493333 0.168667 0.366667
608 7.691000 0.508333 0.102000 0.336667
185 7.786333 0.490000 0.108667 0.513333
277 7.867000 0.500000 0.066000 0.313333
778 7.941667 0.488333 0.098000 0.670000
501 8.020000 0.495000 0.078667 0.383333
933 8.066667 0.505000 0.029333 0.243333
576 8.127000 0.500000 0.107333 0.413333
156 8.262000 0.501667 0.176000 0.470000
291 8.412667 0.496667 0.141333 0.526667
752 8.504333 0.506667 0.058000 0.153333
1005 8.545000 0.488333 0.040667 0.343333
328 8.652667 0.510000 0.193333 0.433333
148 8.830667 0.503333 0.178667 0.893333
813 8.984667 0.505000 0.148000 0.530000
174 9.114333 0.510000 0.128667 0.473333
812 9.241667 0.493333 0.139333 0.406667
99 9.413333 0.501667 0.220000 0.470000
81 9.579667 0.496667 0.126000 0.513333
864 9.674667 0.498333 0.082667 0.323333
514 9.754000 0.501667 0.096000 0.303333
680 9.840333 0.505000 0.091333 0.336667
305 9.913333 0.496667 0.072000 0.400000
552 9.967667 0.508333 0.050000 0.336667
574 10.026333 0.508333 0.082000 0.330000
591 10.141333 0.490000 0.166667 0.513333
167 10.264333 0.500000 0.094000 0.333333
218 10.352667 0.500000 0.097333 0.480000
595 10.442667 0.503333 0.096000 0.293333
602 10.541000 0.496667 0.114000 0.366667
775 10.624000 0.506667 0.070667 0.346667
1019 10.675000 0.510000 0.046000 0.346667
718 10.782333 0.508333 0.183333 0.510000
632 10.949000 0.495000 0.164667 0.516667
233 11.084000 0.506667 0.120000 0.513333
7 11.203333 0.510000 0.132000 0.453333
900 11.325000 0.491667 0.127333 0.363333
634 11.417333 0.510000 0.076000 0.306667
978 11.471333 0.490000 0.048000 0.366667
280 11.553333 0.500000 0.132000 0.433333
446 11.639000 0.508333 0.056667 0.336667
742 11.731000 0.501667 0.143333 0.590000
97 11.906333 0.500000 0.227333 0.486667
577 12.050000 0.496667 0.080000 0.313333
652 12.154333 0.488333 0.148667 0.510000
234 12.280667 0.500000 0.124000 0.493333
832 12.380667 0.490000 0.092000 0.380000
965 12.436000 0.508333 0.034667 0.276667
885 12.483667 0.493333 0.074000 0.353333
1014 12.531000 0.491667 0.035333 0.283333
659 12.586333 0.498333 0.091333 0.376667
73 12.691000 0.491667 0.135333 0.443333
571 12.796667 0.501667 0.096000 0.383333
441 12.869333 0.488333 0.065333 0.390000
647 12.926667 0.505000 0.066667 0.330000
637 12.988667 0.491667 0.070667 0.356667
209 13.059333 0.496667 0.090667 0.440000
496 13.151667 0.508333 0.111333 0.463333
904 13.247000 0.505000 0.092667 0.436667
853 13.343000 0.490000 0.116667 0.520000
912 13.429667 0.508333 0.074000 0.316667
873 13.508000 0.506667 0.096000 0.420000
556 13.588000 0.503333 0.084000 0.340000
62 13.656000 0.503333 0.066667 0.313333
568 13.726000 0.488333 0.088000 0.443333
373 13.833000 0.508333 0.144667 0.450000
670 13.947333 0.488333 0.100000 0.323333
314 14.049333 0.495000 0.118667 0.436667
1020 14.118667 0.508333 0.037333 0.283333
248 14.174333 0.503333 0.092667 0.506667
798 14.267667 0.506667 0.111333 0.413333
597 14.370667 0.508333 0.112000 0.330000
714 14.521333 0.490000 0.209333 1.046667
761 14.688000 0.495000 0.141333 0.403333
664 14.806000 0.508333 0.110667 0.390000
887 14.912333 0.510000 0.119333 0.373333
37 15.013000 0.493333 0.100667 0.340000
395 15.136000 0.510000 0.165333 0.826667
600 15.274000 0.506667 0.129333 0.386667
733 15.367667 0.495000 0.071333 0.430000
783 15.431667 0.498333 0.075333 0.416667
324 15.536000 0.498333 0.150667 0.736667
48 15.687000 0.488333 0.164667 0.823333
8 15.818333 0.493333 0.112667 0.420000
902 15.929000 0.495000 0.126000 0.370000
993 16.001333 0.500000 0.038667 0.313333
272 16.094333 0.501667 0.162000 0.810000
768 16.203667 0.493333 0.074000 0.186667
616 16.332000 0.506667 0.200000 1.000000
510 16.485667 0.500000 0.127333 0.453333
662 16.586000 0.490000 0.092000 0.326667
238 16.686333 0.503333 0.124667 0.480000
811 16.812333 0.505000 0.146000 0.530000
264 16.933000 0.490000 0.114000 0.433333
626 17.077000 0.498333 0.187333 0.936667
364 17.245333 0.505000 0.164000 0.363333
410 17.374667 0.505000 0.109333 0.436667
266 17.504667 0.493333 0.169333 0.540000
51 17.646333 0.508333 0.130000 0.470000
295 17.764000 0.490000 0.125333 0.526667
603 17.928333 0.498333 0.218000 1.090000
281 18.096667 0.493333 0.133333 0.460000
106 18.250000 0.503333 0.193333 0.966667
251 18.372333 0.488333 0.071333 0.403333
438 18.480667 0.510000 0.164000 0.500000
187 18.608333 0.500000 0.108667 0.506667
754 18.723000 0.488333 0.134000 0.650000
487 18.818333 0.505000 0.072667 0.430000
473 18.877667 0.500000 0.062000 0.353333
915 18.931333 0.490000 0.061333 0.500000
361 19.062000 0.500000 0.220000 1.100000
850 19.208667 0.491667 0.089333 0.423333
391 19.298000 0.510000 0.109333 0.333333
223 19.395667 0.510000 0.099333 0.413333
906 19.518667 0.501667 0.161333 0.496667
338 19.656667 0.496667 0.134667 0.700000
734 19.807667 0.506667 0.180667 0.500000
720 19.970000 0.490000 0.157333 0.486667
368 20.116333 0.498333 0.154000 0.443333
329 20.275000 0.498333 0.179333 0.896667
471 20.391000 0.488333 0.066000 0.390000
481 20.448000 0.488333 0.061333 0.370000
942 20.488000 0.505000 0.038667 0.330000
629 20.599000 0.491667 0.203333 1.016667
210 20.752333 0.510000 0.116667 0.480000
91 20.900333 0.491667 0.195333 0.410000
261 21.059000 0.501667 0.136667 0.663333
454 21.149667 0.506667 0.064667 0.346667
810 21.217000 0.498333 0.087333 0.370000
1001 21.273333 0.491667 0.045333 0.323333
575 21.340000 0.506667 0.106667 0.346667
764 21.429000 0.488333 0.090000 0.423333
708 21.527667 0.510000 0.126000 0.513333
357 21.654333 0.508333 0.140667 0.430000
365 21.794667 0.495000 0.160000 0.430000
966 21.889667 0.488333 0.048667 0.370000
479 21.941667 0.490000 0.070000 0.400000
138 21.997333 0.510000 0.061333 0.360000
852 22.073333 0.505000 0.106667 0.503333
593 22.223333 0.496667 0.206667 1.033333
819 22.383000 0.496667 0.132667 0.353333
453 22.480667 0.500000 0.080000 0.406667
36 22.562000 0.508333 0.097333 0.310000
262 22.660333 0.496667 0.119333 0.593333
841 22.763667 0.506667 0.107333 0.513333
753 22.870333 0.508333 0.124667 0.430000
584 23.001000 0.501667 0.154000 0.463333
540 23.146000 0.490000 0.149333 0.533333
310 23.252667 0.503333 0.078667 0.446667
146 23.330000 0.495000 0.093333 0.450000
413 23.432333 0.508333 0.124667 0.530000
801 23.538667 0.496667 0.104000 0.380000
24 23.656000 0.501667 0.148000 0.496667
23 23.788000 0.490000 0.130667 0.380000
47 23.904333 0.495000 0.116667 0.550000
874 24.003000 0.488333 0.095333 0.470000
557 24.089000 0.503333 0.096667 0.626667
679 24.169333 0.508333 0.081333 0.503333
523 24.259000 0.496667 0.114000 0.373333
573 24.360333 0.500000 0.102000 0.426667
435 24.429667 0.496667 0.051333 0.246667
12 24.505333 0.500000 0.114667 0.400000
283 24.625333 0.503333 0.142667 0.520000
649 24.739667 0.505000 0.102000 0.570000
158 24.857333 0.500000 0.152000 0.480000
677 24.989000 0.508333 0.124667 0.403333
105 25.127667 0.506667 0.166000 0.360000
625 25.304000 0.493333 0.204000 1.020000
195 25.449667 0.496667 0.106000 0.493333
207 25.537000 0.501667 0.084667 0.430000
55 25.635333 0.488333 0.126667 0.336667
265 25.794000 0.506667 0.209333 1.046667
31 25.952000 0.505000 0.122667 0.370000
183 26.047333 0.506667 0.086667 0.440000
398 26.125667 0.495000 0.083333 0.416667
545 26.212333 0.500000 0.103333 0.366667
565 26.334000 0.491667 0.154667 0.343333
378 26.482333 0.503333 0.160667 0.460000
622 26.630667 0.510000 0.154667 0.773333
558 26.734667 0.508333 0.066667 0.330000
407 26.810000 0.498333 0.100000 0.376667
839 26.900000 0.508333 0.098667 0.430000
477 26.975667 0.491667 0.070000 0.363333
53 27.051333 0.488333 0.096000 0.330000
668 27.141667 0.491667 0.103333 0.330000
353 27.249667 0.500000 0.127333 0.400000
127 27.372333 0.490000 0.135333 0.446667
698 27.459000 0.488333 0.054000 0.283333
175 27.535000 0.491667 0.111333 0.390000
50 27.649333 0.488333 0.134667 0.430000
448 27.745000 0.498333 0.070000 0.390000
456 27.809667 0.498333 0.078000 0.403333
323 27.930000 0.493333 0.181333 0.426667
157 28.090667 0.508333 0.154667 0.630000
525 28.209667 0.496667 0.096667 0.326667
511 28.314333 0.498333 0.131333 0.436667
170 28.432000 0.491667 0.124000 0.436667
383 28.568000 0.495000 0.161333 0.436667
204 28.703667 0.506667 0.124667 0.533333
657 28.806000 0.506667 0.100000 0.420000
957 28.866333 0.493333 0.036667 0.280000
249 28.903333 0.493333 0.053333 0.413333
732 28.968000 0.495000 0.092000 0.483333
259 29.063000 0.506667 0.118000 0.586667
663 29.167000 0.510000 0.106000 0.346667
927 29.230333 0.491667 0.040667 0.303333
521 29.315667 0.500000 0.143333 0.413333
499 29.407000 0.501667 0.054000 0.323333
188 29.479667 0.488333 0.104667 0.536667
382 29.625000 0.488333 0.204667 1.023333
147 29.759333 0.508333 0.078667 0.336667
667 29.854333 0.503333 0.128667 0.473333
925 29.936000 0.510000 0.048000 0.360000
627 30.052333 0.488333 0.200667 1.003333
643 30.192333 0.501667 0.098000 0.343333
212 30.288000 0.500000 0.109333 0.446667
103 30.420333 0.496667 0.175333 0.380000
536 30.564000 0.490000 0.129333 0.480000
849 30.667667 0.491667 0.094000 0.443333
40 30.766333 0.493333 0.116667 0.373333
682 30.879333 0.510000 0.122667 0.473333
901 30.987667 0.500000 0.112667 0.346667
765 31.068667 0.493333 0.068000 0.366667
304 31.132667 0.510000 0.073333 0.413333
229 31.214333 0.495000 0.108667 0.450000
722 31.338333 0.500000 0.152667 0.440000
699 31.498667 0.490000 0.188000 0.940000
299 31.624000 0.490000 0.081333 0.313333
469 31.694000 0.501667 0.072000 0.430000
297 31.750333 0.508333 0.055333 0.296667
98 31.869667 0.495000 0.200667 1.003333
151 31.997333 0.488333 0.068000 0.330000
164 32.092667 0.508333 0.136000 0.503333
542 32.224333 0.505000 0.140667 0.556667
519 32.338667 0.506667 0.106667 0.366667
60 32.421000 0.510000 0.076667 0.320000
962 32.469000 0.493333 0.039333 0.320000
913 32.540333 0.493333 0.123333 0.373333
76 32.674667 0.501667 0.165333 0.523333
132 32.781667 0.505000 0.066000 0.283333
1013 32.828667 0.501667 0.045333 0.323333
507 32.878000 0.500000 0.066667 0.346667
33 32.958667 0.503333 0.113333 0.373333
107 33.109000 0.488333 0.207333 1.036667
676 33.249333 0.510000 0.086667 0.313333
447 33.314333 0.490000 0.059333 0.306667
690 33.379333 0.501667 0.084000 0.410000
587 33.469667 0.493333 0.110000 0.333333
854 33.608333 0.503333 0.186000 0.573333
26 33.746000 0.508333 0.108000 0.363333
315 33.851667 0.495000 0.119333 0.430000
144 34.009333 0.510000 0.214667 1.073333
747 34.149000 0.493333 0.083333 0.353333
418 34.236667 0.503333 0.106667 0.513333
268 34.394000 0.506667 0.225333 1.126667
118 34.550333 0.495000 0.103333 0.370000
250 34.669667 0.500000 0.152667 0.726667
285 34.799667 0.495000 0.124667 0.430000
224 34.900667 0.498333 0.094667 0.476667
881 35.009333 0.493333 0.136000 0.453333
827 35.127333 0.503333 0.117333 0.493333
90 35.277333 0.490000 0.197333 0.986667
605 35.449667 0.496667 0.166000 0.460000
691 35.579000 0.488333 0.106000 0.516667
623 35.717000 0.496667 0.188667 0.613333
217 35.851333 0.495000 0.098667 0.443333
991 35.915000 0.498333 0.042000 0.323333
475 35.966000 0.495000 0.078667 0.416667
770 36.057333 0.508333 0.121333 0.416667
979 36.127333 0.490000 0.037333 0.280000
380 36.196333 0.496667 0.120667 0.340000
77 36.301333 0.496667 0.109333 0.273333
889 36.413000 0.491667 0.128667 0.463333
389 36.548333 0.490000 0.156667 0.440000
763 36.655667 0.501667 0.071333 0.476667
34 36.745333 0.501667 0.128000 0.410000
483 36.836000 0.488333 0.070667 0.363333
665 36.928000 0.501667 0.126667 0.436667
0 37.009333 0.498333 0.053333 0.416667
821 37.083667 0.500000 0.111333 0.760000
21 37.176333 0.500000 0.094000 0.320000
367 37.275667 0.505000 0.120667 0.343333
178 37.373333 0.498333 0.092000 0.343333
861 37.429000 0.490000 0.036667 0.293333
255 37.507333 0.496667 0.134667 0.506667
421 37.666000 0.506667 0.200000 1.000000
779 37.772667 0.505000 0.032000 0.303333
856 37.861000 0.488333 0.164667 0.403333
381 38.012333 0.505000 0.152667 0.470000
119 38.129667 0.498333 0.102000 0.603333
149 38.255333 0.500000 0.164000 0.440000
369 38.394000 0.505000 0.128000 0.343333
253 38.477000 0.495000 0.056667 0.550000
113 38.541667 0.503333 0.086000 0.413333
787 38.617000 0.503333 0.079333 0.473333
349 38.744333 0.508333 0.195333 0.976667
529 38.889667 0.490000 0.112667 0.446667
908 38.995000 0.490000 0.115333 0.420000
541 39.124333 0.495000 0.163333 0.350000
112 39.283000 0.508333 0.167333 0.556667
78 39.458667 0.505000 0.201333 0.543333
550 39.578333 0.501667 0.056667 0.283333
678 39.658000 0.501667 0.121333 0.436667
513 39.777000 0.501667 0.135333 0.456667
751 39.883000 0.495000 0.095333 0.383333
759 39.990000 0.496667 0.137333 0.393333
429 40.096333 0.498333 0.091333 0.310000
440 40.164333 0.506667 0.060667 0.313333
230 40.291000 0.505000 0.210000 1.050000
343 40.465333 0.488333 0.156000 0.443333
684 40.594000 0.510000 0.114667 0.386667
476 40.686000 0.493333 0.088000 0.446667
467 40.755667 0.491667 0.066000 0.336667
129 40.847333 0.490000 0.136000 0.526667
426 40.944333 0.506667 0.075333 0.420000
470 41.014333 0.498333 0.079333 0.410000
635 41.092667 0.496667 0.090667 0.373333
931 41.150667 0.490000 0.045333 0.346667
176 41.213000 0.498333 0.095333 0.336667
165 41.301000 0.508333 0.099333 0.376667
75 41.414667 0.498333 0.141333 0.443333
997 41.497667 0.510000 0.044667 0.333333
377 41.581000 0.490000 0.136667 0.426667
815 41.717000 0.503333 0.150000 0.340000
612 41.846000 0.490000 0.124000 0.313333
977 41.913333 0.496667 0.030667 0.253333
102 42.024667 0.495000 0.206667 0.443333
15 42.168000 0.501667 0.098667 0.323333
405 42.262333 0.491667 0.107333 0.416667
492 42.345333 0.488333 0.077333 0.370000
211 42.454000 0.496667 0.156000 0.780000
894 42.618000 0.490000 0.188000 0.940000
835 42.768333 0.491667 0.130000 0.523333
544 42.874000 0.500000 0.097333 0.353333
243 42.999000 0.488333 0.168667 0.543333
172 43.157667 0.488333 0.163333 0.816667
896 43.307667 0.510000 0.150000 0.406667
155 43.410333 0.495000 0.072667 0.416667
320 43.489333 0.505000 0.102667 0.316667
472 43.564667 0.495000 0.065333 0.350000
585 43.684667 0.496667 0.192000 0.960000
196 43.833000 0.505000 0.122000 0.543333
500 43.920000 0.493333 0.069333 0.306667
976 43.967333 0.505000 0.044000 0.350000
186 44.027000 0.500000 0.095333 0.400000
425 44.102667 0.503333 0.072000 0.433333
694 44.181000 0.496667 0.098000 0.480000
704 44.277333 0.491667 0.109333 0.356667
945 44.337667 0.491667 0.030000 0.256667
611 44.395667 0.493333 0.103333 0.413333
1000 44.453333 0.500000 0.030667 0.246667
899 44.540333 0.508333 0.163333 0.443333
415 44.696000 0.501667 0.168000 0.590000
983 44.796333 0.498333 0.048667 0.363333
308 44.845667 0.501667 0.066000 0.376667
345 44.929667 0.493333 0.118000 0.340000
269 45.061333 0.493333 0.160000 0.486667
879 45.211000 0.510000 0.156667 0.440000
526 45.346000 0.503333 0.132000 0.346667
944 45.422333 0.488333 0.035333 0.296667
598 45.498000 0.506667 0.136000 0.426667
289 45.669333 0.503333 0.221333 1.106667
464 45.809333 0.506667 0.073333 0.440000
325 45.928667 0.500000 0.184000 0.920000
192 46.070000 0.498333 0.117333 0.476667
163 46.187333 0.508333 0.130667 0.496667
197 46.284333 0.498333 0.082000 0.416667
959 46.337000 0.508333 0.040667 0.303333
219 46.393333 0.501667 0.089333 0.443333
674 46.490000 0.505000 0.120000 0.416667
3 46.591667 0.505000 0.099333 0.410000
570 46.675333 0.495000 0.082667 0.363333
935 46.729333 0.500000 0.045333 0.333333
518 46.804000 0.496667 0.120000 0.400000
967 46.878667 0.500000 0.042667 0.313333
136 46.959333 0.508333 0.134667 0.603333
400 47.045333 0.506667 0.054667 0.453333
497 47.137667 0.501667 0.148667 0.376667
275 47.231667 0.498333 0.055333 0.363333
868 47.289000 0.490000 0.074000 0.413333
258 47.366333 0.505000 0.098000 0.350000
485 47.435333 0.501667 0.054667 0.316667
735 47.522000 0.498333 0.132000 0.543333
450 47.618000 0.501667 0.080000 0.410000
867 47.709667 0.490000 0.118000 0.373333
169 47.826333 0.501667 0.135333 0.490000
771 47.983000 0.505000 0.195333 0.976667
301 48.113333 0.510000 0.078667 0.440000
617 48.189667 0.490000 0.094000 0.360000
858 48.286667 0.498333 0.116000 0.356667
216 48.391667 0.501667 0.110000 0.443333
376 48.495333 0.498333 0.114667 0.323333
486 48.571000 0.500000 0.055333 0.293333
737 48.611667 0.496667 0.042000 0.313333
994 48.638333 0.505000 0.031333 0.256667
332 48.772000 0.495000 0.249333 0.563333
782 48.945667 0.500000 0.116667 0.560000
797 49.050667 0.500000 0.108000 0.400000
855 49.132000 0.493333 0.070667 0.180000
924 49.182000 0.490000 0.044000 0.346667
430 49.248667 0.506667 0.104000 0.440000
94 49.412667 0.490000 0.238667 0.506667
346 49.604667 0.498333 0.165333 0.483333
766 49.745667 0.506667 0.135333 0.400000
27 49.867667 0.505000 0.126000 0.423333
1009 49.941333 0.496667 0.041333 0.313333
222 50.002333 0.505000 0.099333 0.403333
878 50.077000 0.498333 0.070000 0.363333
131 50.155000 0.498333 0.102000 0.396667
101 50.279333 0.493333 0.166667 0.833333
780 50.425000 0.488333 0.140667 0.416667
527 50.551000 0.500000 0.128667 0.373333
296 50.650000 0.503333 0.088000 0.320000
61 50.725333 0.503333 0.081333 0.413333
890 50.812333 0.488333 0.107333 0.430000
898 50.932000 0.508333 0.145333 0.410000
543 51.092667 0.493333 0.190667 0.953333
482 51.211000 0.508333 0.063333 0.350000
35 51.281000 0.495000 0.090000 0.310000
710 51.419667 0.498333 0.207333 1.036667
153 51.551000 0.498333 0.071333 0.316667
572 51.617667 0.488333 0.075333 0.330000
25 51.712333 0.490000 0.127333 0.440000
226 51.824000 0.491667 0.116000 0.503333
459 51.900333 0.505000 0.052667 0.283333
198 51.961333 0.510000 0.082667 0.420000
2 52.035333 0.488333 0.082667 0.416667
646 52.117333 0.508333 0.094667 0.396667
228 52.204333 0.500000 0.094000 0.473333
721 52.343667 0.490000 0.202000 0.553333
397 52.483000 0.488333 0.092667 0.416667
396 52.582000 0.495000 0.125333 0.336667
578 52.693000 0.501667 0.114000 0.443333
340 52.790000 0.505000 0.100000 0.283333
491 52.885000 0.496667 0.107333 0.526667
650 53.017000 0.488333 0.174000 0.570000
1010 53.121000 0.500000 0.048667 0.366667
344 53.207333 0.491667 0.137333 0.403333
392 53.340333 0.491667 0.147333 0.396667
769 53.458000 0.493333 0.105333 0.326667
79 53.610333 0.508333 0.219333 0.410000
897 53.776333 0.496667 0.128667 0.386667
739 53.861333 0.506667 0.058667 0.426667
686 53.927333 0.503333 0.090667 0.446667
180 54.024000 0.500000 0.117333 0.446667
729 54.087667 0.503333 0.026000 0.386667
673 54.147667 0.493333 0.110000 0.366667
355 54.301667 0.498333 0.211333 1.056667
66 54.444000 0.508333 0.088000 0.570000
562 54.545000 0.506667 0.132667 0.273333
63 54.664667 0.508333 0.120000 0.430000
406 54.768333 0.503333 0.106000 0.413333
669 54.864667 0.505000 0.105333 0.336667
203 54.960000 0.506667 0.098667 0.486667
461 55.040000 0.491667 0.077333 0.390000
615 55.141667 0.506667 0.143333 0.613333
825 55.261333 0.501667 0.112000 0.490000
288 55.372333 0.490000 0.126000 0.473333
457 55.462333 0.490000 0.072667 0.366667
502 55.538333 0.505000 0.096667 0.430000
221 55.632333 0.498333 0.110000 0.456667
311 55.726667 0.496667 0.094667 0.413333
42 55.802333 0.505000 0.070000 0.396667
96 55.938000 0.490000 0.221333 0.480000
137 56.069000 0.491667 0.056667 0.316667
354 56.144333 0.488333 0.111333 0.316667
20 56.241667 0.506667 0.103333 0.346667
359 56.356667 0.508333 0.144000 0.383333
334 56.498333 0.498333 0.154000 0.536667
351 56.621667 0.503333 0.112667 0.353333
458 56.706667 0.503333 0.077333 0.413333
903 56.793000 0.510000 0.115333 0.313333
493 56.888000 0.501667 0.088000 0.470000
133 56.968667 0.501667 0.092000 0.363333
760 57.075333 0.495000 0.134667 0.390000
790 57.175000 0.496667 0.079333 0.486667
538 57.280000 0.506667 0.149333 0.340000
433 57.410333 0.510000 0.127333 0.333333
22 57.527333 0.495000 0.122667 0.410000
6 57.627333 0.493333 0.097333 0.360000
919 57.698333 0.506667 0.060667 0.253333
208 57.774333 0.493333 0.106000 0.533333
417 57.866667 0.503333 0.096000 0.460000
928 57.926333 0.505000 0.040667 0.296667
284 58.007000 0.491667 0.138000 0.490000
799 58.123333 0.505000 0.113333 0.410000
282 58.238667 0.510000 0.134667 0.460000
796 58.370333 0.496667 0.143333 0.486667
154 58.475333 0.500000 0.082667 0.373333
83 58.544667 0.498333 0.070667 0.330000
774 58.614667 0.488333 0.086667 0.443333
846 58.707667 0.498333 0.115333 0.510000
609 58.797667 0.498333 0.082000 0.336667
726 58.877000 0.491667 0.090000 0.483333
30 58.979333 0.501667 0.129333 0.383333
644 59.084333 0.498333 0.096667 0.443333
723 59.184000 0.501667 0.117333 0.403333
443 59.270333 0.491667 0.071333 0.363333
642 59.342333 0.508333 0.092667 0.356667
1015 59.402000 0.500000 0.045333 0.353333
517 59.482000 0.498333 0.129333 0.416667
303 59.578000 0.508333 0.082667 0.463333
468 59.641000 0.510000 0.056667 0.313333
402 59.729000 0.495000 0.135333 0.356667
125 59.833667 0.498333 0.091333 0.436667
84 59.923667 0.493333 0.104667 0.293333
834 60.024667 0.498333 0.114667 0.563333
823 60.124000 0.490000 0.104000 0.440000
68 60.228667 0.488333 0.120000 0.343333
111 60.318000 0.501667 0.074667 0.343333
74 60.406000 0.500000 0.120000 0.373333
560 60.543667 0.495000 0.170000 0.576667
738 60.668667 0.503333 0.093333 0.426667
246 60.784667 0.490000 0.157333 0.786667
104 60.969667 0.495000 0.228667 1.143333
724 61.118000 0.491667 0.082667 0.390000
814 61.209333 0.495000 0.118667 0.276667
372 61.328333 0.510000 0.138000 0.373333
13 61.446667 0.501667 0.113333 0.370000
386 61.563333 0.498333 0.138667 0.416667
610 61.674333 0.500000 0.103333 0.320000
549 61.780333 0.508333 0.128667 0.436667
202 61.901333 0.505000 0.129333 0.503333
693 62.009333 0.496667 0.105333 0.513333
442 62.088333 0.500000 0.070000 0.353333
964 62.134000 0.490000 0.041333 0.340000
645 62.187000 0.490000 0.083333 0.380000
1016 62.239000 0.503333 0.035333 0.273333
69 62.304000 0.488333 0.110667 0.563333
177 62.405000 0.493333 0.110000 0.386667
508 62.484667 0.503333 0.064000 0.340000
452 62.544667 0.508333 0.072000 0.370000
271 62.642667 0.503333 0.138667 0.420000
428 62.752333 0.490000 0.098000 0.673333
347 62.886333 0.491667 0.184667 0.923333
245 63.000667 0.508333 0.058667 0.303333
432 63.094667 0.508333 0.149333 0.310000
601 63.221333 0.508333 0.117333 0.350000
651 63.350667 0.495000 0.158667 0.516667
327 63.493667 0.503333 0.144667 0.420000
730 63.631333 0.495000 0.150667 0.556667
891 63.721000 0.493333 0.042000 0.260000
287 63.789667 0.500000 0.110000 0.400000
547 63.877333 0.495000 0.078667 0.430000
1 63.940000 0.491667 0.066667 0.350000
619 64.020667 0.510000 0.113333 0.620000
356 64.163667 0.495000 0.190000 0.950000
181 64.337667 0.501667 0.171333 0.856667
986 64.435000 0.501667 0.042000 0.323333
613 64.546000 0.496667 0.198667 0.993333
633 64.738333 0.495000 0.203333 1.016667
932 64.854000 0.488333 0.045333 0.350000
952 64.892000 0.490000 0.044000 0.353333
929 64.926333 0.501667 0.044667 0.356667
985 64.960333 0.508333 0.042000 0.343333
631 65.073000 0.505000 0.199333 0.996667
516 65.214333 0.496667 0.099333 0.313333
54 65.290667 0.498333 0.070667 0.403333
911 65.363333 0.506667 0.090667 0.360000
504 65.477000 0.506667 0.152667 0.426667
863 65.598000 0.500000 0.104000 0.500000
326 65.687333 0.508333 0.090667 0.410000
522 65.786667 0.510000 0.122667 0.393333
563 65.918000 0.503333 0.153333 0.333333
895 66.064000 0.498333 0.152000 0.470000
666 66.183000 0.503333 0.100667 0.353333
580 66.288000 0.510000 0.128000 0.300000
973 66.365333 0.491667 0.041333 0.343333
316 66.431333 0.491667 0.105333 0.363333
661 66.541333 0.490000 0.130667 0.433333
947 66.619000 0.491667 0.039333 0.323333
342 66.665667 0.493333 0.070000 0.320000
743 66.740667 0.496667 0.100000 0.420000
824 66.826333 0.508333 0.088667 0.436667
980 66.884333 0.508333 0.043333 0.316667
926 66.919000 0.490000 0.046000 0.360000
940 66.956667 0.503333 0.048000 0.366667
875 67.035333 0.501667 0.122667 0.316667
293 67.144667 0.490000 0.110667 0.426667
660 67.251333 0.498333 0.121333 0.423333
28 67.347667 0.501667 0.086000 0.283333
843 67.436000 0.505000 0.105333 0.483333
757 67.538333 0.491667 0.118000 0.336667
404 67.675333 0.493333 0.169333 0.846667
375 67.831667 0.490000 0.158000 0.426667
548 67.978000 0.503333 0.152000 0.473333
201 68.101333 0.506667 0.110667 0.560000
960 68.166000 0.496667 0.036000 0.300000
921 68.205667 0.493333 0.056667 0.340000
427 68.325333 0.506667 0.202667 1.013333
844 68.463000 0.505000 0.088667 0.363333
969 68.515667 0.493333 0.030000 0.246667
588 68.567000 0.496667 0.088667 0.393333
89 68.680667 0.500000 0.158667 0.793333
998 68.772000 0.491667 0.038667 0.323333
390 68.896000 0.490000 0.228000 1.140000
267 69.100333 0.496667 0.195333 0.593333
10 69.249667 0.510000 0.118000 0.386667
907 69.349667 0.488333 0.096667 0.330000
385 69.501333 0.490000 0.221333 1.106667
142 69.642667 0.510000 0.081333 0.400000
788 69.777333 0.503333 0.205333 1.026667
648 69.916000 0.495000 0.088000 0.383333
449 69.986333 0.508333 0.067333 0.363333
480 70.042333 0.498333 0.060667 0.323333
772 70.169667 0.505000 0.207333 1.036667
880 70.325000 0.505000 0.116667 0.410000
321 70.426333 0.491667 0.103333 0.416667
206 70.522333 0.506667 0.102000 0.520000
302 70.603667 0.498333 0.080667 0.456667
802 70.714333 0.503333 0.154000 0.346667
776 70.841667 0.500000 0.119333 0.293333
370 70.974000 0.503333 0.162667 0.813333
705 71.123667 0.505000 0.156667 0.783333
590 71.284000 0.503333 0.180000 0.900000
653 71.444333 0.501667 0.156667 0.783333
804 71.575333 0.508333 0.121333 0.356667
205 71.670000 0.510000 0.084000 0.400000
4 71.740333 0.501667 0.074000 0.310000
685 71.818000 0.488333 0.094667 0.363333
892 71.949000 0.493333 0.184667 0.533333
828 72.083000 0.510000 0.103333 0.466667
930 72.145000 0.510000 0.040667 0.293333
655 72.211333 0.505000 0.105333 0.443333
444 72.296333 0.493333 0.080667 0.420000
716 72.425000 0.506667 0.195333 0.606667
910 72.576667 0.490000 0.124000 0.413333
86 72.668000 0.510000 0.074667 0.320000
307 72.738667 0.506667 0.082667 0.466667
829 72.825333 0.495000 0.110667 0.496667
534 72.919667 0.491667 0.096667 0.396667
82 72.993333 0.495000 0.066667 0.510000
312 73.063000 0.493333 0.092667 0.353333
292 73.158000 0.490000 0.116000 0.440000
182 73.265667 0.498333 0.118000 0.396667
29 73.380333 0.493333 0.127333 0.360000
141 73.477000 0.503333 0.086000 0.420000
784 73.538000 0.501667 0.054667 0.456667
703 73.620333 0.496667 0.124667 0.466667
286 73.722667 0.490000 0.098667 0.353333
972 73.784000 0.505000 0.044000 0.350000
38 73.859000 0.505000 0.124667 0.416667
350 73.998000 0.506667 0.169333 0.846667
528 74.138667 0.506667 0.129333 0.420000
505 74.223667 0.496667 0.059333 0.246667
530 74.295667 0.505000 0.098000 0.456667
109 74.431333 0.488333 0.192000 0.410000
531 74.606333 0.496667 0.176667 0.373333
905 74.765000 0.503333 0.154000 0.493333
656 74.916667 0.495000 0.166667 0.396667
80 75.047667 0.495000 0.110000 0.563333
240 75.130000 0.498333 0.074667 0.383333
1022 75.181667 0.506667 0.046000 0.346667
336 75.237333 0.506667 0.085333 0.406667
379 75.359000 0.501667 0.176667 0.883333
1002 75.459667 0.506667 0.042000 0.320000
943 75.488333 0.506667 0.032667 0.273333
214 75.553667 0.488333 0.118000 0.590000
851 75.654667 0.493333 0.102667 0.426667
922 75.717333 0.488333 0.036000 0.263333
749 75.771000 0.496667 0.090000 0.366667
809 75.863667 0.505000 0.108667 0.583333
862 75.953000 0.498333 0.086000 0.383333
244 76.072333 0.495000 0.167333 0.450000
273 76.169667 0.506667 0.046000 0.300000
506 76.200667 0.501667 0.033333 0.370000
689 76.247000 0.501667 0.076667 0.376667
463 76.305667 0.508333 0.056667 0.303333
990 76.347333 0.498333 0.040000 0.316667
135 76.428000 0.501667 0.136000 0.483333
46 76.516000 0.508333 0.054667 0.450000
194 76.592000 0.503333 0.116000 0.546667
958 76.666000 0.508333 0.048000 0.363333
934 76.703333 0.496667 0.046667 0.346667
820 76.760667 0.488333 0.081333 0.343333
786 76.823000 0.491667 0.058000 0.356667
725 76.904667 0.508333 0.121333 0.516667
692 77.000667 0.503333 0.086667 0.426667
909 77.080667 0.493333 0.089333 0.400000
1017 77.135000 0.491667 0.035333 0.263333
509 77.192667 0.510000 0.100000 0.313333
247 77.283000 0.501667 0.095333 0.383333
877 77.358000 0.503333 0.069333 0.340000
727 77.425667 0.500000 0.084667 0.413333
374 77.527333 0.500000 0.134667 0.386667
857 77.672000 0.510000 0.172000 0.860000
88 77.851000 0.493333 0.200667 0.426667
800 77.995000 0.501667 0.106000 0.376667
971 78.057000 0.508333 0.035333 0.263333
494 78.106000 0.490000 0.078667 0.353333
121 78.146667 0.510000 0.022667 0.373333
767 78.212000 0.500000 0.128000 0.373333
143 78.305000 0.491667 0.075333 0.370000
762 78.371667 0.491667 0.078000 0.343333
237 78.439333 0.501667 0.076000 0.510000
624 78.558667 0.490000 0.181333 0.600000
745 78.698333 0.495000 0.114000 0.430000
859 78.808000 0.501667 0.120000 0.350000
263 78.920000 0.498333 0.120000 0.403333
41 79.037333 0.495000 0.128000 0.356667
589 79.144000 0.510000 0.104000 0.440000
524 79.249000 0.508333 0.124667 0.416667
503 79.362000 0.503333 0.121333 0.353333
388 79.504333 0.498333 0.178000 0.890000
19 79.634667 0.506667 0.101333 0.333333
171 79.728667 0.501667 0.105333 0.376667
792 79.823333 0.498333 0.101333 0.410000
628 79.949000 0.495000 0.166000 0.563333
970 80.045667 0.500000 0.044667 0.333333
955 80.077333 0.496667 0.033333 0.260000
16 80.132667 0.501667 0.094667 0.310000
242 80.235000 0.498333 0.126000 0.483333
5 80.333333 0.491667 0.085333 0.410000
437 80.415667 0.493333 0.099333 0.446667
462 80.498000 0.495000 0.080000 0.403333
840 80.590000 0.503333 0.118667 0.493333
654 80.730333 0.491667 0.179333 0.896667
65 80.853667 0.503333 0.080667 0.206667
948 80.905333 0.505000 0.042667 0.336667
490 80.954667 0.490000 0.076000 0.420000
294 81.093667 0.505000 0.220667 1.103333
822 81.255667 0.495000 0.120667 0.376667
399 81.364000 0.496667 0.112000 0.406667
886 81.522667 0.496667 0.222667 1.113333
290 81.684333 0.493333 0.116667 0.326667
331 81.835667 0.498333 0.199333 0.996667
478 81.963667 0.495000 0.076667 0.410000
236 82.057667 0.503333 0.124667 0.506667
566 82.171333 0.500000 0.118667 0.500000
982 82.245333 0.508333 0.048000 0.376667
713 82.355333 0.506667 0.192000 0.480000
1018 82.461000 0.500000 0.036667 0.300000
362 82.530000 0.491667 0.114667 0.316667
537 82.700667 0.508333 0.244000 0.383333
746 82.872000 0.506667 0.112000 0.393333
45 82.953000 0.491667 0.064667 0.323333
773 83.040333 0.491667 0.130000 0.363333
671 83.140667 0.498333 0.089333 0.330000
333 83.268333 0.488333 0.182000 0.910000
914 83.407333 0.510000 0.109333 0.340000
9 83.499000 0.498333 0.090000 0.390000
950 83.551667 0.491667 0.031333 0.256667
232 83.601000 0.503333 0.087333 0.446667
422 83.691333 0.498333 0.108000 0.416667
225 83.796333 0.501667 0.120667 0.496667
168 83.896333 0.488333 0.098000 0.376667
607 84.002000 0.490000 0.132000 0.406667
108 84.148333 0.496667 0.174000 0.366667
166 84.285667 0.506667 0.119333 0.433333
870 84.373000 0.506667 0.071333 0.346667
160 84.430000 0.488333 0.062667 0.383333
842 84.495000 0.508333 0.084667 0.383333
11 84.585000 0.495000 0.114000 0.390000
56 84.664667 0.490000 0.061333 0.086667
162 84.752667 0.490000 0.134667 0.480000
393 84.901667 0.498333 0.179333 0.896667
672 85.043000 0.496667 0.120667 0.413333
594 85.144667 0.498333 0.097333 0.290000
744 85.266000 0.510000 0.161333 0.806667
274 85.390333 0.495000 0.102000 0.483333
279 85.479000 0.491667 0.092667 0.510000
818 85.568000 0.498333 0.101333 0.310000
981 85.632000 0.505000 0.040000 0.323333
1012 85.664667 0.498333 0.040000 0.303333
641 85.716333 0.503333 0.079333 0.380000
92 85.836000 0.505000 0.173333 0.370000
123 85.959000 0.505000 0.086000 0.550000
555 86.014667 0.498333 0.044000 0.416667
781 86.063000 0.496667 0.070000 0.360000
592 86.176000 0.498333 0.170667 0.496667
620 86.333333 0.503333 0.161333 0.806667
639 86.448667 0.508333 0.086667 0.430000
57 86.516000 0.500000 0.064000 0.266667
159 86.563667 0.510000 0.048667 0.386667
126 86.643333 0.496667 0.130667 0.440000
1003 86.716667 0.495000 0.032000 0.270000
17 86.783333 0.490000 0.116000 0.386667
546 86.878333 0.503333 0.087333 0.320000
352 86.973000 0.501667 0.119333 0.376667
837 87.079333 0.503333 0.112000 0.466667
702 87.211333 0.500000 0.172000 0.860000
114 87.333333 0.500000 0.088000 0.440000
145 87.410333 0.510000 0.079333 0.353333
847 87.489333 0.505000 0.094667 0.283333
696 87.594667 0.508333 0.133333 0.303333
1006 87.673000 0.498333 0.040667 0.323333
270 87.768000 0.490000 0.165333 0.506667
876 87.930667 0.498333 0.176000 0.470000
93 88.112667 0.490000 0.208000 1.040000
330 88.258333 0.500000 0.103333 0.393333
1021 88.322000 0.490000 0.041333 0.326667
956 88.358333 0.491667 0.044667 0.350000
700 88.440667 0.493333 0.136000 0.546667
816 88.561000 0.490000 0.118000 0.286667
59 88.715333 0.506667 0.206667 0.546667
564 88.904000 0.510000 0.186667 0.393333
604 89.041000 0.503333 0.107333 0.320000
1004 89.106667 0.491667 0.038667 0.316667
278 89.176000 0.508333 0.117333 0.363333
455 89.254667 0.490000 0.060000 0.346667
18 89.336333 0.493333 0.119333 0.446667
520 89.448667 0.496667 0.120000 0.380000
173 89.554333 0.490000 0.108667 0.493333
424 89.662667 0.500000 0.122667 0.386667
826 89.771667 0.495000 0.114000 0.483333
191 89.878000 0.508333 0.116000 0.590000
831 89.985333 0.498333 0.112000 0.463333
495 90.072333 0.493333 0.076667 0.360000
817 90.168000 0.491667 0.133333 0.456667
200 90.302667 0.493333 0.156000 0.780000
640 90.403667 0.495000 0.066000 0.336667
539 90.457667 0.506667 0.060667 0.273333
719 90.586000 0.490000 0.216000 1.080000
414 90.775333 0.506667 0.176000 0.880000
122 90.910667 0.508333 0.114667 0.410000
807 91.049000 0.501667 0.176667 0.883333
408 91.188000 0.493333 0.120000 0.466667
532 91.292667 0.498333 0.106667 0.543333
731 91.370333 0.488333 0.063333 0.330000
728 91.428333 0.496667 0.066000 0.566667
808 91.495667 0.496667 0.083333 0.373333
319 91.567667 0.490000 0.080667 0.300000
32 91.659000 0.491667 0.115333 0.376667
866 91.780000 0.500000 0.142667 0.380000
701 91.917667 0.488333 0.150000 0.463333
916 92.068667 0.490000 0.165333 0.333333
515 92.204667 0.496667 0.126667 0.420000
363 92.337333 0.493333 0.156000 0.460000
252 92.482667 0.501667 0.152000 0.610000
717 92.644333 0.491667 0.190000 0.950000
949 92.750333 0.503333 0.039333 0.313333
975 92.778667 0.498333 0.034667 0.290000
869 92.829667 0.493333 0.082000 0.500000
387 92.930667 0.495000 0.140000 0.416667
936 93.009000 0.508333 0.032667 0.263333
120 93.095000 0.506667 0.155333 0.366667
836 93.223667 0.500000 0.120667 0.553333
988 93.291000 0.510000 0.030000 0.240000
1011 93.320000 0.490000 0.042667 0.320000
569 93.377000 0.496667 0.091333 0.380000
777 93.472000 0.498333 0.116000 0.496667
416 93.568667 0.491667 0.090667 0.436667
758 93.662333 0.500000 0.115333 0.373333
707 93.757333 0.505000 0.089333 0.370000
937 93.817333 0.510000 0.044000 0.346667
871 93.868333 0.488333 0.071333 0.343333
709 93.950333 0.510000 0.107333 0.466667
697 94.033333 0.505000 0.076000 0.376667
52 94.109000 0.496667 0.094000 0.320000
961 94.168667 0.500000 0.040000 0.300000
235 94.234333 0.490000 0.108667 0.433333
833 94.323333 0.493333 0.089333 0.373333
199 94.422667 0.503333 0.122667 0.500000
606 94.523333 0.488333 0.098667 0.296667
306 94.604333 0.506667 0.078000 0.440000
748 94.691000 0.491667 0.112667 0.416667
488 94.772333 0.501667 0.067333 0.330000
358 94.860000 0.488333 0.126667 0.370000
128 95.016333 0.505000 0.202000 1.010000
95 95.216667 0.498333 0.214667 0.463333
72 95.391333 0.496667 0.154667 0.773333
419 95.509333 0.496667 0.097333 0.473333
794 95.584667 0.496667 0.070667 0.426667
795 95.654000 0.508333 0.081333 0.490000
335 95.748667 0.498333 0.128000 0.430000
260 95.909000 0.505000 0.210000 1.050000
474 96.030667 0.490000 0.053333 0.286667
445 96.085000 0.503333 0.072667 0.406667
806 96.199667 0.498333 0.172667 0.863333
451 96.320333 0.506667 0.082000 0.420000
460 96.386000 0.501667 0.066667 0.363333
711 96.513333 0.493333 0.204000 0.513333
339 96.645667 0.505000 0.075333 0.383333
130 96.771333 0.510000 0.189333 0.420000
366 96.921000 0.506667 0.126000 0.393333
213 97.017333 0.490000 0.082667 0.406667
498 97.084667 0.488333 0.072000 0.403333
161 97.176333 0.510000 0.130000 0.473333
337 97.335000 0.508333 0.204667 1.023333
423 97.541000 0.505000 0.222000 1.110000
954 97.665000 0.496667 0.042000 0.333333
681 97.701667 0.491667 0.050000 0.450000
951 97.740000 0.491667 0.042667 0.330000
14 97.817333 0.491667 0.125333 0.416667
220 97.928000 0.495000 0.110667 0.450000
436 98.037667 0.496667 0.128667 0.333333
939 98.115667 0.506667 0.044667 0.353333
184 98.191333 0.503333 0.125333 0.526667
134 98.294000 0.505000 0.097333 0.450000
638 98.386000 0.498333 0.105333 0.416667
893 98.526000 0.491667 0.189333 0.583333
715 98.687667 0.510000 0.150000 0.380000
963 98.771333 0.500000 0.034667 0.266667
865 98.844333 0.493333 0.124667 0.460000
999 98.917333 0.490000 0.041333 0.326667
64 98.971333 0.510000 0.084000 0.420000
1023 99.023333 0.500000 0.036000 0.260000
39 99.092000 0.508333 0.116000 0.390000
995 99.160000 0.496667 0.038667 0.286667
803 99.247667 0.498333 0.154000 0.443333
687 99.367333 0.493333 0.098667 0.486667
239 99.455667 0.490000 0.094000 0.586667
968 99.515000 0.505000 0.044667 0.330000
43 99.580333 0.498333 0.099333 0.396667
860 99.743333 0.503333 0.242667 0.653333
300 99.893667 0.510000 0.076667 0.240000
313 99.981667 0.506667 0.119333 0.426667
489 100.067333 0.491667 0.068000 0.376667
409 100.147667 0.488333 0.107333 0.543333
58 100.217667 0.501667 0.050000 0.203333
434 100.280000 0.501667 0.093333 0.316667
466 100.353333 0.491667 0.066667 0.383333
848 100.437333 0.506667 0.117333 0.353333
918 100.548000 0.488333 0.117333 0.423333
736 100.630333 0.506667 0.066000 0.446667
630 100.748000 0.500000 0.182667 0.613333
946 100.851333 0.488333 0.037333 0.276667
67 100.957333 0.503333 0.188000 0.940000
675 101.089667 0.503333 0.090000 0.300000
116 101.186000 0.508333 0.116000 0.363333
341 101.266333 0.505000 0.064667 0.283333
688 101.341667 0.503333 0.100667 0.493333
750 101.442333 0.488333 0.115333 0.436667
152 101.538000 0.496667 0.093333 0.460000
227 101.633667 0.498333 0.111333 0.496667
987 101.702333 0.493333 0.046000 0.326667
618 101.751000 0.510000 0.070000 0.420000
938 101.799000 0.505000 0.043333 0.356667
586 101.878667 0.496667 0.133333 0.400000
805 102.029333 0.503333 0.182667 0.526667
317 102.172333 0.488333 0.119333 0.436667
755 102.279333 0.493333 0.113333 0.340000
465 102.362333 0.488333 0.067333 0.383333
561 102.490333 0.503333 0.203333 0.420000
257 102.669000 0.495000 0.172667 0.863333
785 102.788667 0.493333 0.084000 0.366667
989 102.843333 0.501667 0.045333 0.336667
394 102.938333 0.495000 0.160667 0.463333
741 103.055667 0.501667 0.088667 0.310000
140 103.164333 0.508333 0.144667 0.783333
920 103.270000 0.508333 0.082667 0.310000
941 103.319333 0.496667 0.034667 0.280000
533 103.376333 0.505000 0.095333 0.323333
583 103.446667 0.510000 0.064000 0.380000
712 103.553000 0.501667 0.168667 0.843333
124 103.684000 0.510000 0.112000 0.406667
599 103.794333 0.490000 0.127333 0.380000
115 103.876333 0.498333 0.055333 0.296667
215 103.959667 0.491667 0.131333 0.530000
535 104.133667 0.501667 0.231333 1.156667
44 104.290333 0.488333 0.098000 0.396667
