178 0.067667 0.503333 0.128667 0.460000
698 0.158667 0.488333 0.072000 0.370000
564 0.252333 0.500000 0.131333 0.300000
367 0.371667 0.506667 0.122000 0.320000
374 0.487000 0.495000 0.124667 0.343333
477 0.571667 0.493333 0.062000 0.320000
788 0.672000 0.500000 0.157333 0.433333
825 0.794333 0.510000 0.100667 0.413333
149 0.923000 0.510000 0.172667 0.426667
802 1.089667 0.506667 0.178000 0.366667
620 1.246333 0.498333 0.148667 0.636667
422 1.365667 0.510000 0.103333 0.426667
248 1.455667 0.498333 0.096667 0.516667
87 1.610000 0.508333 0.225333 0.476667
826 1.759333 0.498333 0.090667 0.370000
386 1.850333 0.496667 0.111333 0.326667
215 1.959333 0.505000 0.121333 0.496667
887 2.080000 0.498333 0.134667 0.410000
897 2.210333 0.510000 0.146000 0.433333
460 2.314000 0.498333 0.080000 0.430000
399 2.395667 0.501667 0.100667 0.356667
1007 2.454667 0.490000 0.032000 0.253333
866 2.543333 0.488333 0.161333 0.436667
498 2.646667 0.496667 0.058667 0.346667
800 2.715667 0.501667 0.098000 0.390000
730 2.834333 0.505000 0.155333 0.570000
274 2.946333 0.501667 0.084667 0.396667
645 3.023333 0.501667 0.084000 0.383333
154 3.096333 0.493333 0.079333 0.400000
921 3.162333 0.488333 0.068667 0.416667
524 3.259333 0.503333 0.140000 0.440000
1021 3.342000 0.506667 0.042667 0.320000
186 3.409000 0.495000 0.106000 0.443333
670 3.513333 0.490000 0.121333 0.386667
397 3.606333 0.493333 0.080667 0.333333
357 3.729000 0.501667 0.178000 0.890000
470 3.845667 0.501667 0.074000 0.436667
190 3.988333 0.508333 0.224667 1.123333
580 4.180333 0.501667 0.179333 0.443333
644 4.296333 0.508333 0.070000 0.316667
318 4.364667 0.498333 0.081333 0.390000
366 4.462000 0.493333 0.126667 0.393333
181 4.572333 0.506667 0.107333 0.400000
824 4.682000 0.496667 0.125333 0.520000
7 4.796667 0.491667 0.122667 0.396667
543 4.933333 0.493333 0.170667 0.853333
407 5.066667 0.495000 0.109333 0.423333
916 5.204667 0.510000 0.184000 0.433333
791 5.329000 0.491667 0.083333 0.503333
316 5.416667 0.510000 0.110667 0.386667
247 5.509000 0.496667 0.094000 0.393333
777 5.600333 0.506667 0.102000 0.426667
66 5.687667 0.500000 0.091333 0.640000
38 5.778333 0.505000 0.110000 0.356667
393 5.889667 0.506667 0.131333 0.406667
997 5.968667 0.490000 0.046667 0.360000
856 6.065000 0.508333 0.162000 0.403333
279 6.185333 0.506667 0.093333 0.526667
423 6.317667 0.508333 0.187333 0.936667
13 6.448000 0.508333 0.088000 0.303333
296 6.527000 0.495000 0.087333 0.336667
383 6.622333 0.490000 0.122000 0.380000
639 6.710000 0.508333 0.068000 0.336667
908 6.780333 0.501667 0.087333 0.316667
602 6.880667 0.510000 0.132000 0.400000
946 6.954333 0.495000 0.034000 0.276667
425 7.007000 0.501667 0.084667 0.510000
893 7.152333 0.495000 0.226000 1.130000
37 7.321333 0.501667 0.130667 0.436667
723 7.436333 0.496667 0.118000 0.406667
155 7.539333 0.493333 0.105333 0.520000
471 7.620000 0.508333 0.076000 0.403333
617 7.703333 0.493333 0.106667 0.446667
925 7.765667 0.496667 0.034000 0.273333
73 7.834000 0.503333 0.118667 0.373333
333 7.981333 0.498333 0.193333 0.443333
653 8.134000 0.508333 0.125333 0.410000
482 8.229333 0.488333 0.078667 0.423333
919 8.305000 0.496667 0.088667 0.386667
174 8.393000 0.488333 0.106000 0.370000
415 8.506667 0.501667 0.137333 0.476667
448 8.609333 0.505000 0.086667 0.443333
907 8.695000 0.505000 0.099333 0.330000
105 8.823333 0.500000 0.172000 0.860000
29 8.970000 0.510000 0.140000 0.420000
22 9.097000 0.488333 0.134000 0.450000
305 9.185333 0.508333 0.058667 0.330000
952 9.222667 0.488333 0.034667 0.263333
33 9.291667 0.501667 0.119333 0.390000
973 9.366000 0.500000 0.044000 0.346667
450 9.414000 0.508333 0.065333 0.390000
649 9.484667 0.501667 0.096000 0.516667
372 9.587667 0.501667 0.126000 0.336667
611 9.686667 0.498333 0.085333 0.330000
388 9.794000 0.500000 0.146667 0.420000
1012 9.875667 0.505000 0.031333 0.250000
328 9.956667 0.501667 0.144000 0.316667
769 10.081667 0.508333 0.124667 0.376667
89 10.230000 0.510000 0.190667 0.953333
396 10.374000 0.493333 0.116000 0.326667
301 10.453000 0.491667 0.059333 0.336667
595 10.528667 0.495000 0.112000 0.336667
965 10.596000 0.498333 0.036000 0.290000
125 10.655000 0.491667 0.100667 0.483333
12 10.741667 0.493333 0.086000 0.306667
709 10.889667 0.501667 0.226000 1.130000
696 11.068000 0.500000 0.144000 0.333333
757 11.189000 0.490000 0.112667 0.340000
820 11.287333 0.496667 0.100000 0.420000
809 11.386333 0.501667 0.112667 0.596667
934 11.450667 0.493333 0.032000 0.266667
96 11.573333 0.506667 0.226667 0.493333
277 11.713000 0.496667 0.071333 0.340000
321 11.782000 0.508333 0.081333 0.370000
16 11.859333 0.498333 0.092000 0.323333
437 11.943667 0.496667 0.096667 0.480000
101 12.084667 0.505000 0.198667 0.430000
839 12.217667 0.508333 0.084667 0.363333
955 12.267333 0.491667 0.034667 0.283333
832 12.340667 0.496667 0.126667 0.520000
121 12.406333 0.490000 0.018000 0.333333
583 12.443333 0.488333 0.070667 0.403333
57 12.500333 0.503333 0.060667 0.306667
759 12.585333 0.505000 0.128000 0.416667
770 12.730333 0.488333 0.175333 0.876667
360 12.915667 0.508333 0.212667 1.063333
575 13.063667 0.491667 0.102000 0.336667
91 13.214667 0.500000 0.216000 0.460000
382 13.398000 0.503333 0.164000 0.453333
935 13.495667 0.495000 0.047333 0.350000
582 13.590333 0.495000 0.159333 0.796667
886 13.716333 0.495000 0.107333 0.363333
969 13.777333 0.488333 0.033333 0.270000
758 13.855333 0.501667 0.141333 0.403333
586 13.994333 0.506667 0.151333 0.426667
840 14.118000 0.490000 0.116000 0.560000
981 14.189000 0.508333 0.043333 0.316667
332 14.288667 0.503333 0.170667 0.853333
107 14.446333 0.491667 0.158000 0.790000
923 14.534667 0.490000 0.038667 0.326667
1002 14.567667 0.503333 0.047333 0.353333
987 14.597000 0.503333 0.030000 0.246667
546 14.655000 0.505000 0.103333 0.376667
175 14.749000 0.488333 0.102000 0.390000
255 14.869667 0.508333 0.154000 0.583333
556 15.000000 0.506667 0.122667 0.513333
915 15.096667 0.493333 0.084000 0.680000
561 15.203333 0.501667 0.148000 0.316667
636 15.325667 0.496667 0.114000 0.273333
496 15.430333 0.505000 0.112667 0.416667
927 15.496000 0.490000 0.033333 0.266667
494 15.537333 0.506667 0.064000 0.346667
173 15.618000 0.490000 0.112000 0.506667
346 15.736333 0.501667 0.139333 0.416667
755 15.874667 0.488333 0.157333 0.470000
982 15.964667 0.510000 0.038667 0.300000
895 16.056667 0.510000 0.160000 0.800000
465 16.155667 0.501667 0.056667 0.330000
163 16.240667 0.491667 0.133333 0.476667
591 16.375000 0.503333 0.151333 0.446667
979 16.466000 0.503333 0.049333 0.366667
193 16.546000 0.493333 0.128000 0.520000
60 16.632667 0.495000 0.062667 0.256667
681 16.676000 0.506667 0.038667 0.346667
894 16.765333 0.506667 0.160000 0.433333
516 16.893667 0.488333 0.116667 0.383333
208 16.993000 0.491667 0.099333 0.496667
257 17.108000 0.510000 0.146667 0.473333
236 17.225667 0.506667 0.102000 0.426667
992 17.287333 0.506667 0.041333 0.313333
120 17.410333 0.495000 0.223333 0.516667
466 17.541333 0.490000 0.056000 0.293333
589 17.614000 0.503333 0.102667 0.433333
563 17.744000 0.500000 0.174667 0.360000
216 17.885000 0.500000 0.123333 0.533333
307 17.974333 0.491667 0.068667 0.376667
376 18.115333 0.506667 0.226667 1.133333
654 18.327333 0.510000 0.210667 1.053333
40 18.480333 0.498333 0.115333 0.376667
911 18.586333 0.503333 0.116667 0.413333
661 18.695000 0.510000 0.116667 0.446667
322 18.784000 0.496667 0.081333 0.100000
194 18.868667 0.501667 0.108000 0.436667
271 19.015667 0.498333 0.202000 1.010000
558 19.140667 0.508333 0.066667 0.323333
593 19.263333 0.506667 0.194667 0.973333
126 19.419333 0.500000 0.136000 0.460000
621 19.509333 0.491667 0.064000 0.616667
145 19.576000 0.493333 0.086667 0.400000
810 19.671000 0.491667 0.123333 0.556667
380 19.803000 0.506667 0.158000 0.433333
290 19.927333 0.496667 0.109333 0.333333
227 20.034333 0.493333 0.119333 0.493333
254 20.161000 0.493333 0.154000 0.580000
776 20.292667 0.493333 0.129333 0.360000
903 20.417667 0.500000 0.139333 0.386667
581 20.528000 0.490000 0.096000 0.420000
456 20.603000 0.508333 0.067333 0.363333
853 20.689333 0.503333 0.118667 0.486667
371 20.804667 0.498333 0.126667 0.363333
597 20.927667 0.503333 0.138000 0.426667
172 21.046333 0.488333 0.112667 0.430000
81 21.153333 0.490000 0.118667 0.473333
495 21.235667 0.510000 0.064667 0.346667
851 21.309000 0.495000 0.095333 0.450000
686 21.386000 0.495000 0.078667 0.383333
717 21.509000 0.508333 0.184667 0.923333
207 21.658000 0.500000 0.126667 0.506667
867 21.763333 0.501667 0.102667 0.350000
434 21.852000 0.498333 0.092000 0.310000
816 21.962333 0.501667 0.143333 0.476667
265 22.086333 0.496667 0.119333 0.453333
67 22.233000 0.488333 0.188667 0.943333
209 22.371667 0.510000 0.107333 0.506667
625 22.511333 0.496667 0.186667 0.626667
714 22.682000 0.493333 0.174667 0.533333
964 22.780333 0.496667 0.039333 0.320000
924 22.817667 0.503333 0.048667 0.366667
99 22.919333 0.496667 0.170667 0.360000
763 23.022333 0.505000 0.055333 0.463333
554 23.133000 0.505000 0.180667 0.903333
941 23.237000 0.495000 0.043333 0.343333
956 23.276000 0.500000 0.049333 0.366667
741 23.340667 0.495000 0.098667 0.336667
285 23.441667 0.488333 0.122000 0.396667
15 23.541667 0.488333 0.096667 0.323333
815 23.637333 0.508333 0.109333 0.263333
167 23.781333 0.503333 0.192000 0.960000
557 23.908667 0.491667 0.077333 0.550000
28 23.999000 0.503333 0.123333 0.400000
532 24.107000 0.491667 0.108667 0.556667
803 24.216667 0.491667 0.130667 0.383333
511 24.326333 0.500000 0.104667 0.353333
444 24.404000 0.503333 0.069333 0.386667
400 24.463667 0.508333 0.068667 0.530000
246 24.575000 0.498333 0.172667 0.610000
637 24.680000 0.490000 0.052000 0.273333
648 24.743000 0.493333 0.088667 0.373333
960 24.797667 0.510000 0.038000 0.300000
943 24.831667 0.505000 0.048667 0.363333
1015 24.872333 0.488333 0.048667 0.350000
244 24.960333 0.490000 0.142000 0.380000
972 25.050000 0.510000 0.050667 0.366667
996 25.087333 0.496667 0.037333 0.313333
666 25.162333 0.498333 0.128667 0.450000
783 25.266333 0.490000 0.098000 0.533333
719 25.410667 0.506667 0.205333 1.026667
718 25.603667 0.510000 0.195333 0.520000
300 25.725667 0.498333 0.066000 0.216667
298 25.791000 0.510000 0.080667 0.400000
865 25.880333 0.495000 0.114000 0.396667
626 26.044333 0.501667 0.231333 1.156667
958 26.168333 0.490000 0.035333 0.280000
199 26.233667 0.505000 0.112667 0.463333
108 26.371000 0.491667 0.175333 0.876667
409 26.501000 0.490000 0.103333 0.520000
165 26.609667 0.488333 0.134000 0.503333
553 26.720333 0.505000 0.100667 0.350000
614 26.877000 0.508333 0.228667 1.143333
998 27.003667 0.508333 0.039333 0.290000
551 27.086667 0.488333 0.141333 0.476667
130 27.227667 0.491667 0.158000 0.323333
945 27.317333 0.508333 0.038667 0.283333
41 27.399667 0.503333 0.142000 0.400000
739 27.492000 0.495000 0.062667 0.536667
726 27.562667 0.496667 0.098667 0.513333
518 27.654667 0.498333 0.100000 0.336667
94 27.776667 0.490000 0.161333 0.340000
760 27.915000 0.503333 0.132667 0.393333
883 28.079000 0.508333 0.211333 1.056667
191 28.222000 0.496667 0.089333 0.446667
114 28.297333 0.496667 0.080000 0.400000
673 28.379000 0.490000 0.100667 0.360000
523 28.483667 0.496667 0.123333 0.386667
136 28.600333 0.500000 0.130000 0.460000
489 28.695000 0.510000 0.072667 0.373333
1011 28.740000 0.490000 0.034667 0.260000
806 28.844667 0.490000 0.188000 0.486667
487 28.974333 0.490000 0.088667 0.453333
362 29.098333 0.498333 0.178000 0.890000
153 29.227667 0.493333 0.098000 0.446667
910 29.335667 0.500000 0.136667 0.446667
994 29.417667 0.510000 0.040667 0.333333
813 29.496667 0.505000 0.136000 0.490000
100 29.648667 0.493333 0.188000 0.940000
768 29.765667 0.510000 0.060667 0.173333
141 29.836667 0.495000 0.101333 0.476667
116 29.953000 0.508333 0.148667 0.436667
1005 30.043000 0.503333 0.050000 0.366667
398 30.094333 0.501667 0.072667 0.396667
930 30.138000 0.498333 0.034667 0.270000
863 30.192000 0.505000 0.090667 0.436667
742 30.292667 0.505000 0.129333 0.523333
527 30.421333 0.501667 0.142667 0.410000
461 30.518333 0.500000 0.067333 0.340000
80 30.588000 0.493333 0.092000 0.453333
218 30.682000 0.508333 0.110667 0.456667
329 30.822000 0.496667 0.185333 0.926667
1009 30.928000 0.501667 0.040000 0.330000
262 31.044333 0.491667 0.212667 1.063333
467 31.180000 0.495000 0.074667 0.383333
844 31.260000 0.495000 0.102667 0.476667
406 31.352000 0.500000 0.094667 0.360000
606 31.440000 0.500000 0.100000 0.300000
474 31.509000 0.508333 0.056667 0.310000
205 31.618333 0.495000 0.175333 0.876667
983 31.723000 0.496667 0.047333 0.360000
892 31.828000 0.503333 0.178667 0.513333
743 31.953667 0.488333 0.091333 0.396667
491 32.047333 0.501667 0.116000 0.563333
842 32.157333 0.510000 0.118667 0.493333
944 32.225000 0.501667 0.031333 0.263333
90 32.313667 0.491667 0.159333 0.796667
912 32.431333 0.490000 0.089333 0.346667
1016 32.491000 0.510000 0.047333 0.366667
243 32.572000 0.495000 0.133333 0.436667
139 32.660000 0.496667 0.056000 0.320000
829 32.731333 0.508333 0.102667 0.416667
790 32.803667 0.493333 0.058000 0.360000
605 32.882333 0.501667 0.112667 0.310000
299 32.980000 0.495000 0.101333 0.390000
845 33.071667 0.503333 0.096667 0.473333
286 33.166333 0.496667 0.106000 0.380000
447 33.254667 0.503333 0.086667 0.453333
0 33.310333 0.496667 0.040667 0.326667
459 33.353667 0.508333 0.066000 0.396667
476 33.409333 0.496667 0.058667 0.333333
182 33.513000 0.491667 0.166000 0.830000
574 33.631667 0.510000 0.088667 0.353333
552 33.701000 0.498333 0.063333 0.383333
872 33.786667 0.506667 0.126667 0.366667
92 33.947667 0.508333 0.208667 1.043333
578 34.084667 0.498333 0.081333 0.316667
705 34.227000 0.508333 0.223333 1.116667
345 34.390667 0.495000 0.121333 0.363333
259 34.505333 0.491667 0.124000 0.623333
31 34.627000 0.501667 0.138000 0.403333
304 34.724667 0.498333 0.074667 0.423333
20 34.793000 0.491667 0.082000 0.303333
455 34.861000 0.510000 0.071333 0.366667
272 34.978667 0.496667 0.180000 0.506667
520 35.114333 0.505000 0.108667 0.343333
864 35.217333 0.496667 0.110667 0.433333
694 35.312333 0.495000 0.096667 0.470000
408 35.405000 0.488333 0.104667 0.423333
541 35.532000 0.506667 0.164000 0.353333
334 35.683667 0.503333 0.152667 0.546667
303 35.790667 0.490000 0.080000 0.453333
438 35.912333 0.505000 0.182000 0.910000
48 36.076000 0.506667 0.164000 0.820000
771 36.183667 0.491667 0.068667 0.356667
889 36.271667 0.488333 0.122000 0.416667
720 36.412667 0.495000 0.180000 0.516667
353 36.554667 0.501667 0.120000 0.336667
570 36.662000 0.510000 0.114667 0.513333
8 36.756000 0.495000 0.088000 0.323333
655 36.829000 0.503333 0.074000 0.306667
161 36.920667 0.508333 0.126667 0.483333
95 37.078667 0.498333 0.202667 0.436667
616 37.233333 0.500000 0.126667 0.340000
294 37.379000 0.505000 0.180667 0.903333
735 37.515333 0.496667 0.109333 0.453333
287 37.605000 0.493333 0.088667 0.333333
928 37.661000 0.508333 0.038000 0.310000
171 37.730000 0.491667 0.113333 0.410000
674 37.841333 0.495000 0.125333 0.423333
188 37.951667 0.498333 0.112667 0.456667
202 38.049333 0.493333 0.100000 0.393333
700 38.158000 0.495000 0.136000 0.536667
725 38.273333 0.496667 0.110667 0.466667
663 38.367333 0.506667 0.096000 0.313333
792 38.468000 0.508333 0.122667 0.496667
797 38.563000 0.491667 0.083333 0.336667
871 38.631667 0.505000 0.067333 0.336667
134 38.706000 0.501667 0.098667 0.343333
379 38.802667 0.496667 0.114667 0.320000
340 38.917000 0.491667 0.127333 0.363333
765 39.015333 0.501667 0.088000 0.436667
682 39.105000 0.488333 0.110000 0.416667
970 39.170000 0.505000 0.033333 0.270000
833 39.224333 0.505000 0.092667 0.410000
281 39.324000 0.495000 0.126667 0.430000
331 39.465667 0.501667 0.176667 0.883333
416 39.596667 0.501667 0.100000 0.483333
685 39.688000 0.501667 0.096000 0.370000
738 39.762333 0.503333 0.070000 0.326667
68 39.848000 0.491667 0.114667 0.330000
486 39.924667 0.505000 0.058667 0.336667
1022 39.964000 0.493333 0.033333 0.266667
1 40.008000 0.505000 0.070667 0.343333
812 40.103333 0.488333 0.138667 0.496667
428 40.203000 0.500000 0.076667 0.520000
344 40.313667 0.508333 0.163333 0.816667
899 40.459667 0.503333 0.144667 0.433333
403 40.614667 0.496667 0.181333 0.533333
782 40.752667 0.501667 0.114667 0.523333
168 40.863000 0.501667 0.119333 0.450000
313 40.964333 0.493333 0.103333 0.373333
796 41.061667 0.490000 0.104667 0.380000
517 41.161333 0.498333 0.113333 0.376667
900 41.272000 0.510000 0.122667 0.340000
566 41.397333 0.500000 0.145333 0.586667
537 41.569333 0.503333 0.217333 1.086667
492 41.707667 0.498333 0.079333 0.423333
169 41.802667 0.506667 0.124000 0.440000
834 41.911333 0.505000 0.108000 0.470000
473 41.989667 0.500000 0.064667 0.380000
618 42.042333 0.490000 0.059333 0.360000
831 42.111000 0.496667 0.094000 0.400000
401 42.197667 0.501667 0.092667 0.516667
966 42.260667 0.506667 0.046667 0.346667
418 42.324333 0.500000 0.095333 0.460000
273 42.392333 0.493333 0.060667 0.340000
351 42.500667 0.490000 0.169333 0.846667
231 42.623333 0.503333 0.093333 0.433333
335 42.728667 0.488333 0.137333 0.436667
662 42.834000 0.501667 0.088000 0.323333
484 42.922000 0.508333 0.102667 0.363333
144 43.020333 0.490000 0.110000 0.506667
55 43.120333 0.490000 0.107333 0.280000
240 43.204000 0.505000 0.078667 0.396667
449 43.264667 0.505000 0.058667 0.350000
206 43.333333 0.496667 0.092000 0.453333
848 43.427000 0.505000 0.110000 0.376667
772 43.558000 0.491667 0.169333 0.483333
359 43.694333 0.495000 0.122000 0.330000
417 43.784000 0.503333 0.072000 0.346667
275 43.845000 0.493333 0.063333 0.406667
750 43.932333 0.488333 0.130000 0.483333
432 44.054667 0.503333 0.129333 0.253333
509 44.161333 0.503333 0.098667 0.313333
235 44.265333 0.491667 0.122667 0.530000
604 44.391667 0.505000 0.143333 0.430000
590 44.515000 0.508333 0.118000 0.470000
229 44.620000 0.505000 0.109333 0.450000
320 44.720667 0.493333 0.112000 0.366667
841 44.826667 0.510000 0.118667 0.533333
225 44.940000 0.490000 0.121333 0.493333
745 45.042667 0.488333 0.102667 0.423333
42 45.120667 0.500000 0.072000 0.413333
880 45.210000 0.495000 0.124000 0.410000
744 45.324000 0.490000 0.118667 0.493333
905 45.458667 0.505000 0.165333 0.523333
692 45.584667 0.508333 0.105333 0.510000
920 45.675000 0.506667 0.090000 0.333333
127 45.809000 0.501667 0.198000 0.990000
837 45.955333 0.491667 0.113333 0.563333
65 46.055000 0.498333 0.106000 0.270000
850 46.151667 0.505000 0.106000 0.436667
475 46.229667 0.496667 0.066000 0.393333
338 46.328000 0.506667 0.150667 0.780000
76 46.468667 0.495000 0.146667 0.450000
627 46.623333 0.503333 0.176000 0.600000
977 46.722333 0.506667 0.035333 0.273333
737 46.755333 0.496667 0.048000 0.353333
30 46.822333 0.496667 0.106000 0.306667
724 46.907333 0.488333 0.078667 0.483333
18 46.994667 0.491667 0.112000 0.383333
9 47.090333 0.491667 0.096667 0.390000
47 47.173333 0.498333 0.088000 0.430000
424 47.275667 0.500000 0.135333 0.426667
288 47.409000 0.505000 0.144667 0.536667
500 47.512667 0.503333 0.077333 0.366667
545 47.596667 0.501667 0.106667 0.383333
1019 47.657333 0.506667 0.034667 0.280000
799 47.720000 0.500000 0.110667 0.406667
151 47.798333 0.503333 0.066000 0.306667
210 47.869000 0.505000 0.092667 0.470000
123 47.958333 0.501667 0.104667 0.676667
58 48.031000 0.500000 0.059333 0.240000
868 48.091333 0.500000 0.078667 0.453333
238 48.178667 0.490000 0.112000 0.433333
860 48.327667 0.501667 0.202000 1.010000
1004 48.442333 0.501667 0.040667 0.296667
115 48.494667 0.510000 0.082667 0.406667
922 48.545000 0.495000 0.032667 0.250000
746 48.625000 0.510000 0.142000 0.413333
533 48.745667 0.508333 0.119333 0.410000
78 48.909667 0.508333 0.222000 1.110000
967 49.031667 0.493333 0.036667 0.273333
472 49.076333 0.490000 0.071333 0.373333
736 49.132667 0.495000 0.058667 0.350000
443 49.192667 0.510000 0.080000 0.413333
463 49.263000 0.505000 0.080667 0.423333
480 49.329667 0.490000 0.070000 0.360000
748 49.414667 0.510000 0.113333 0.413333
877 49.500333 0.500000 0.074000 0.380000
454 49.569667 0.490000 0.082000 0.420000
263 49.705000 0.508333 0.204667 1.023333
203 49.855333 0.506667 0.114667 0.586667
690 49.948333 0.508333 0.087333 0.423333
34 50.050667 0.496667 0.132000 0.446667
1006 50.130333 0.495000 0.043333 0.336667
64 50.172667 0.510000 0.061333 0.320000
721 50.296000 0.491667 0.200000 0.630000
325 50.493333 0.493333 0.212000 1.060000
426 50.622667 0.490000 0.060000 0.413333
164 50.707667 0.496667 0.123333 0.440000
427 50.818333 0.498333 0.112667 0.530000
1000 50.886333 0.503333 0.039333 0.300000
629 50.980667 0.501667 0.164000 0.543333
431 51.101333 0.493333 0.093333 0.313333
23 51.252333 0.501667 0.226000 1.130000
442 51.402667 0.508333 0.089333 0.450000
365 51.493333 0.496667 0.108000 0.346667
501 51.572000 0.498333 0.068000 0.330000
600 51.650667 0.498333 0.109333 0.330000
767 51.750333 0.508333 0.108667 0.316667
659 51.842333 0.495000 0.094000 0.383333
781 51.918667 0.506667 0.076000 0.386667
937 51.968333 0.498333 0.036667 0.263333
801 52.029333 0.510000 0.098667 0.393333
226 52.121000 0.501667 0.104667 0.516667
559 52.196667 0.488333 0.066667 0.323333
635 52.259333 0.495000 0.077333 0.316667
239 52.389000 0.501667 0.196667 0.983333
196 52.535667 0.496667 0.114000 0.480000
756 52.647000 0.496667 0.122000 0.413333
260 52.784667 0.510000 0.169333 0.433333
499 52.893333 0.495000 0.062667 0.383333
250 52.979333 0.488333 0.124000 0.590000
870 53.071667 0.505000 0.074000 0.350000
902 53.180333 0.503333 0.162000 0.460000
949 53.269667 0.491667 0.034000 0.250000
631 53.390000 0.500000 0.224000 1.120000
519 53.560000 0.488333 0.129333 0.416667
950 53.632667 0.491667 0.034667 0.270000
926 53.660000 0.490000 0.033333 0.286667
702 53.748333 0.505000 0.162000 0.810000
111 53.864000 0.498333 0.085333 0.370000
975 53.920000 0.510000 0.044000 0.333333
526 53.996667 0.505000 0.125333 0.323333
469 54.076667 0.500000 0.054667 0.313333
156 54.209000 0.495000 0.226000 1.130000
752 54.350333 0.495000 0.074000 0.196667
646 54.416667 0.490000 0.074667 0.346667
347 54.538000 0.496667 0.184000 0.920000
632 54.738333 0.498333 0.230000 1.150000
51 54.904333 0.501667 0.122000 0.423333
879 55.013333 0.496667 0.113333 0.333333
104 55.163333 0.490000 0.206667 1.033333
159 55.277333 0.501667 0.037333 0.296667
691 55.331333 0.491667 0.084000 0.416667
678 55.427667 0.493333 0.128667 0.460000
642 55.528667 0.510000 0.086667 0.346667
385 55.634333 0.501667 0.143333 0.383333
1010 55.725333 0.500000 0.052000 0.386667
62 55.776667 0.505000 0.070667 0.343333
706 55.835333 0.495000 0.060000 0.310000
885 55.908000 0.493333 0.104000 0.473333
361 56.007333 0.506667 0.114667 0.306667
312 56.108333 0.501667 0.107333 0.416667
138 56.190333 0.501667 0.072667 0.423333
740 56.290000 0.510000 0.142667 0.326667
571 56.402000 0.510000 0.096000 0.393333
24 56.505667 0.506667 0.130000 0.440000
540 56.634000 0.510000 0.146667 0.540000
814 56.764333 0.505000 0.134000 0.330000
513 56.877667 0.493333 0.110000 0.366667
993 56.940333 0.488333 0.034000 0.270000
534 56.999333 0.505000 0.097333 0.403333
5 57.074000 0.500000 0.069333 0.306667
468 57.136667 0.493333 0.076000 0.393333
122 57.221000 0.503333 0.106000 0.373333
377 57.337000 0.500000 0.142000 0.426667
180 57.464000 0.491667 0.125333 0.450000
436 57.586333 0.498333 0.132667 0.330000
622 57.725667 0.491667 0.164667 0.570000
693 57.845000 0.508333 0.091333 0.450000
948 57.901333 0.498333 0.038667 0.310000
93 58.026000 0.505000 0.225333 0.476667
133 58.175667 0.500000 0.094000 0.373333
284 58.285000 0.488333 0.139333 0.503333
898 58.428333 0.495000 0.162000 0.810000
253 58.530000 0.510000 0.061333 0.540000
430 58.606667 0.490000 0.108000 0.460000
712 58.754000 0.490000 0.204000 0.626667
555 58.868333 0.510000 0.040667 0.400000
83 58.925667 0.495000 0.092667 0.443333
929 58.979333 0.490000 0.033333 0.266667
701 59.081000 0.493333 0.186000 0.580000
984 59.185000 0.490000 0.040667 0.326667
113 59.230333 0.491667 0.068667 0.356667
289 59.348667 0.503333 0.184000 0.353333
584 59.493333 0.508333 0.120000 0.383333
59 59.630667 0.501667 0.172000 0.443333
327 59.773000 0.503333 0.130000 0.353333
991 59.847667 0.498333 0.038000 0.310000
978 59.878333 0.508333 0.038000 0.303333
160 59.929667 0.510000 0.079333 0.413333
429 60.007333 0.495000 0.096000 0.330000
734 60.135000 0.506667 0.172667 0.446667
148 60.272000 0.500000 0.121333 0.346667
75 60.387667 0.506667 0.127333 0.393333
628 60.555667 0.495000 0.227333 1.136667
505 60.699667 0.503333 0.075333 0.313333
1008 60.747667 0.501667 0.040667 0.310000
53 60.809000 0.498333 0.102000 0.336667
695 60.955333 0.503333 0.210667 1.053333
84 61.103333 0.498333 0.101333 0.283333
539 61.193000 0.510000 0.091333 0.400000
610 61.295000 0.506667 0.132667 0.406667
324 61.418667 0.506667 0.130667 0.640000
440 61.505000 0.496667 0.056667 0.300000
88 61.624000 0.501667 0.196000 0.423333
117 61.790333 0.508333 0.151333 0.450000
317 61.920000 0.493333 0.124000 0.486667
835 62.025000 0.493333 0.104667 0.406667
439 62.112000 0.505000 0.086667 0.343333
214 62.196667 0.491667 0.101333 0.423333
413 62.301667 0.488333 0.123333 0.523333
50 62.417333 0.488333 0.121333 0.376667
411 62.550000 0.505000 0.158667 0.310000
823 62.676667 0.505000 0.108000 0.563333
368 62.777667 0.496667 0.108667 0.293333
704 62.882000 0.493333 0.117333 0.353333
497 63.013000 0.505000 0.159333 0.410000
619 63.132000 0.505000 0.094667 0.496667
875 63.246667 0.491667 0.148000 0.410000
843 63.362000 0.488333 0.101333 0.503333
446 63.434667 0.503333 0.064000 0.360000
550 63.490333 0.498333 0.067333 0.336667
785 63.552667 0.488333 0.070667 0.310000
548 63.652667 0.491667 0.144000 0.450000
684 63.767667 0.496667 0.099333 0.333333
569 63.855667 0.490000 0.095333 0.386667
221 63.943333 0.503333 0.098667 0.473333
343 64.042000 0.491667 0.118667 0.370000
256 64.153000 0.493333 0.119333 0.400000
854 64.283667 0.491667 0.158000 0.790000
657 64.405000 0.495000 0.103333 0.410000
389 64.511000 0.490000 0.128667 0.346667
774 64.604333 0.496667 0.071333 0.380000
295 64.691000 0.496667 0.122000 0.520000
634 64.785000 0.498333 0.082000 0.336667
862 64.854000 0.493333 0.069333 0.313333
529 64.923333 0.498333 0.088000 0.436667
804 65.047667 0.491667 0.175333 0.503333
19 65.190333 0.500000 0.127333 0.426667
585 65.314667 0.501667 0.140000 0.450000
85 65.427000 0.490000 0.100667 0.393333
112 65.577667 0.488333 0.216667 1.083333
355 65.759000 0.501667 0.160667 0.803333
54 65.868000 0.503333 0.073333 0.413333
326 65.936000 0.488333 0.077333 0.350000
110 66.022333 0.508333 0.108667 0.383333
953 66.092667 0.493333 0.045333 0.346667
974 66.125667 0.506667 0.039333 0.306667
342 66.169667 0.503333 0.068667 0.286667
677 66.254000 0.503333 0.118667 0.386667
402 66.390333 0.493333 0.171333 0.433333
348 66.558333 0.491667 0.178000 0.890000
710 66.742000 0.496667 0.209333 1.046667
369 66.932000 0.506667 0.189333 0.946667
647 67.061333 0.490000 0.084000 0.433333
224 67.153000 0.491667 0.115333 0.576667
336 67.265000 0.500000 0.122000 0.580000
152 67.363667 0.498333 0.094000 0.463333
859 67.460333 0.493333 0.116667 0.333333
909 67.554000 0.495000 0.084000 0.383333
852 67.630333 0.508333 0.082000 0.336667
807 67.755667 0.508333 0.187333 0.476667
252 67.906000 0.488333 0.126667 0.510000
612 68.031333 0.508333 0.142667 0.370000
901 68.201333 0.490000 0.210667 1.053333
942 68.315000 0.491667 0.032667 0.256667
219 68.380333 0.505000 0.112667 0.463333
641 68.470000 0.498333 0.085333 0.410000
106 68.624333 0.490000 0.238000 0.506667
339 68.770333 0.506667 0.074000 0.393333
364 68.864667 0.493333 0.133333 0.306667
687 68.961333 0.498333 0.074667 0.363333
562 69.056000 0.508333 0.128000 0.290000
940 69.132667 0.490000 0.038667 0.286667
679 69.178000 0.506667 0.070667 0.420000
6 69.262000 0.510000 0.110667 0.433333
794 69.345667 0.505000 0.072667 0.430000
778 69.415333 0.506667 0.084000 0.540000
849 69.505333 0.488333 0.110667 0.516667
245 69.583333 0.495000 0.058667 0.303333
504 69.687000 0.501667 0.162000 0.470000
884 69.812667 0.491667 0.109333 0.390000
573 69.912000 0.495000 0.108000 0.470000
43 70.018000 0.490000 0.122667 0.480000
458 70.108333 0.501667 0.071333 0.423333
986 70.156000 0.498333 0.038667 0.290000
587 70.220000 0.503333 0.104000 0.320000
665 70.316000 0.505000 0.104000 0.350000
985 70.381333 0.510000 0.040000 0.293333
514 70.457000 0.503333 0.124667 0.413333
729 70.526667 0.506667 0.030667 0.373333
716 70.624333 0.505000 0.178000 0.443333
21 70.758667 0.496667 0.109333 0.366667
615 70.915000 0.501667 0.219333 1.096667
86 71.057333 0.501667 0.078667 0.343333
232 71.143000 0.488333 0.108667 0.550000
453 71.221667 0.491667 0.063333 0.383333
45 71.285000 0.488333 0.083333 0.416667
124 71.358000 0.510000 0.077333 0.300000
435 71.411000 0.490000 0.048667 0.226667
419 71.475667 0.510000 0.095333 0.453333
204 71.571667 0.490000 0.116667 0.466667
264 71.689667 0.495000 0.135333 0.516667
314 71.802333 0.495000 0.110000 0.390000
731 71.885333 0.496667 0.072000 0.360000
479 71.937667 0.495000 0.052667 0.316667
197 72.002000 0.501667 0.094667 0.376667
855 72.085000 0.503333 0.086000 0.220000
10 72.182333 0.503333 0.124667 0.406667
187 72.295333 0.501667 0.117333 0.470000
1018 72.370333 0.501667 0.046000 0.336667
485 72.416333 0.500000 0.063333 0.333333
675 72.490667 0.500000 0.104000 0.353333
82 72.577000 0.495000 0.082000 0.576667
818 72.675000 0.496667 0.130000 0.413333
1014 72.755667 0.500000 0.048667 0.366667
957 72.794667 0.498333 0.042667 0.350000
857 72.897333 0.495000 0.176000 0.370000
166 73.045333 0.490000 0.134667 0.520000
596 73.163667 0.508333 0.120667 0.363333
882 73.273667 0.508333 0.116667 0.456667
356 73.400333 0.495000 0.156667 0.783333
292 73.533667 0.505000 0.124667 0.476667
671 73.648667 0.508333 0.124000 0.470000
323 73.812667 0.500000 0.224000 0.453333
888 74.008667 0.500000 0.185333 0.926667
293 74.129333 0.491667 0.076000 0.296667
102 74.242667 0.506667 0.166667 0.360000
542 74.368000 0.508333 0.102667 0.363333
341 74.455333 0.493333 0.089333 0.373333
52 74.550333 0.501667 0.114000 0.403333
689 74.640333 0.503333 0.079333 0.393333
761 74.731667 0.493333 0.118000 0.340000
931 74.803333 0.500000 0.038667 0.293333
49 74.915333 0.493333 0.200000 1.000000
819 75.060333 0.495000 0.108667 0.330000
751 75.158000 0.491667 0.100000 0.436667
764 75.235000 0.493333 0.067333 0.326667
350 75.322000 0.495000 0.125333 0.370000
177 75.435333 0.508333 0.118667 0.463333
766 75.541333 0.488333 0.109333 0.316667
261 75.652000 0.488333 0.130667 0.590000
968 75.731333 0.505000 0.045333 0.330000
651 75.827333 0.506667 0.164000 0.546667
656 75.977000 0.491667 0.151333 0.390000
109 76.141333 0.506667 0.190667 0.953333
488 76.258333 0.498333 0.062000 0.310000
158 76.375000 0.510000 0.186000 0.580000
874 76.490333 0.508333 0.064667 0.323333
309 76.555667 0.491667 0.080667 0.450000
525 76.632333 0.506667 0.092667 0.313333
918 76.723333 0.501667 0.108000 0.363333
1023 76.786667 0.495000 0.034667 0.270000
544 76.835000 0.498333 0.080667 0.290000
98 76.967333 0.506667 0.200000 1.000000
601 77.120333 0.493333 0.123333 0.373333
786 77.202667 0.510000 0.057333 0.353333
451 77.260333 0.488333 0.071333 0.423333
592 77.372333 0.500000 0.166000 0.506667
150 77.502667 0.501667 0.110667 0.456667
609 77.591000 0.500000 0.079333 0.326667
683 77.684333 0.501667 0.126000 0.343333
676 77.798333 0.500000 0.122000 0.420000
414 77.909000 0.510000 0.115333 0.546667
962 77.982000 0.506667 0.044000 0.320000
69 78.050667 0.496667 0.106667 0.520000
291 78.149333 0.493333 0.109333 0.426667
464 78.229667 0.488333 0.071333 0.423333
608 78.305000 0.510000 0.094000 0.313333
821 78.399333 0.508333 0.112000 0.756667
201 78.498333 0.505000 0.106000 0.536667
179 78.590667 0.506667 0.094667 0.366667
680 78.675333 0.503333 0.092000 0.300000
184 78.768000 0.510000 0.109333 0.473333
697 78.855000 0.500000 0.079333 0.400000
830 78.929000 0.508333 0.083333 0.370000
71 78.994333 0.501667 0.066000 0.356667
1013 79.041667 0.490000 0.047333 0.366667
11 79.103000 0.493333 0.095333 0.326667
502 79.178667 0.506667 0.070667 0.313333
32 79.265667 0.491667 0.123333 0.390000
660 79.377667 0.490000 0.118000 0.373333
176 79.512000 0.506667 0.169333 0.846667
268 79.670000 0.506667 0.161333 0.806667
963 79.764667 0.488333 0.042667 0.303333
2 79.813333 0.510000 0.073333 0.360000
547 79.874000 0.490000 0.064000 0.360000
754 79.959333 0.506667 0.126667 0.620000
61 80.054333 0.501667 0.076667 0.376667
17 80.126667 0.506667 0.088000 0.306667
185 80.216000 0.503333 0.104000 0.420000
512 80.327667 0.501667 0.135333 0.470000
387 80.452333 0.493333 0.131333 0.380000
237 80.547000 0.501667 0.072667 0.510000
846 80.627667 0.488333 0.104667 0.470000
280 80.727667 0.491667 0.110000 0.363333
370 80.844667 0.488333 0.137333 0.383333
530 80.959667 0.498333 0.111333 0.516667
27 81.058333 0.495000 0.106000 0.356667
337 81.227333 0.501667 0.246667 0.516667
936 81.361667 0.496667 0.036667 0.280000
703 81.422333 0.501667 0.103333 0.390000
565 81.560667 0.493333 0.186667 0.400000
798 81.702000 0.498333 0.109333 0.403333
728 81.778667 0.491667 0.057333 0.496667
607 81.849667 0.501667 0.100667 0.303333
483 81.917000 0.495000 0.054000 0.323333
258 81.983000 0.498333 0.092667 0.330000
623 82.102000 0.496667 0.160000 0.533333
147 82.221000 0.488333 0.092667 0.396667
132 82.295333 0.491667 0.074667 0.336667
784 82.346333 0.495000 0.046000 0.376667
457 82.400667 0.498333 0.082667 0.423333
808 82.488000 0.490000 0.108000 0.466667
308 82.574000 0.498333 0.077333 0.430000
836 82.654667 0.506667 0.097333 0.400000
939 82.711000 0.496667 0.031333 0.253333
70 82.797000 0.503333 0.154000 0.526667
989 82.884333 0.498333 0.036667 0.276667
319 82.934333 0.488333 0.083333 0.290000
881 83.037667 0.501667 0.140667 0.470000
25 83.152000 0.493333 0.106667 0.373333
708 83.255000 0.491667 0.115333 0.470000
200 83.355667 0.493333 0.104667 0.480000
282 83.466000 0.491667 0.133333 0.476667
311 83.577000 0.496667 0.106000 0.460000
531 83.727667 0.506667 0.208667 0.426667
251 83.853667 0.510000 0.060667 0.346667
506 83.895333 0.495000 0.036000 0.416667
481 83.932333 0.510000 0.054000 0.306667
668 84.007000 0.488333 0.108667 0.376667
535 84.128667 0.495000 0.148000 0.316667
572 84.243333 0.495000 0.096000 0.416667
876 84.368333 0.508333 0.172667 0.863333
995 84.463000 0.510000 0.035333 0.286667
567 84.531667 0.491667 0.119333 0.490000
77 84.651667 0.488333 0.134000 0.336667
643 84.762000 0.503333 0.102667 0.373333
189 84.854333 0.503333 0.098000 0.420000
404 84.951333 0.501667 0.114667 0.576667
906 85.063667 0.503333 0.128667 0.373333
664 85.165000 0.495000 0.090000 0.290000
890 85.254000 0.505000 0.101333 0.510000
869 85.320000 0.493333 0.048000 0.326667
441 85.372667 0.498333 0.077333 0.410000
510 85.456333 0.498333 0.107333 0.336667
613 85.580333 0.495000 0.154000 0.423333
36 85.694667 0.508333 0.089333 0.336667
521 85.817667 0.510000 0.170000 0.460000
63 85.947000 0.501667 0.102000 0.370000
722 86.044333 0.498333 0.110000 0.316667
732 86.128000 0.490000 0.077333 0.380000
838 86.209333 0.495000 0.098667 0.403333
951 86.272000 0.508333 0.045333 0.330000
269 86.398667 0.506667 0.228000 1.140000
103 86.612667 0.510000 0.214667 1.073333
633 86.811000 0.505000 0.196667 0.983333
914 86.977667 0.505000 0.150000 0.476667
3 87.088000 0.508333 0.089333 0.376667
1003 87.144333 0.500000 0.042000 0.333333
733 87.201333 0.491667 0.089333 0.530000
118 87.295000 0.493333 0.112667 0.433333
638 87.385000 0.490000 0.086000 0.340000
917 87.442000 0.491667 0.042667 0.303333
211 87.510333 0.498333 0.114000 0.550000
74 87.630333 0.495000 0.140667 0.436667
787 87.734000 0.488333 0.080000 0.496667
773 87.827667 0.503333 0.122000 0.366667
373 87.947000 0.491667 0.132667 0.376667
79 88.105000 0.501667 0.203333 1.016667
39 88.256000 0.501667 0.116000 0.376667
445 88.340667 0.496667 0.070667 0.380000
858 88.425000 0.495000 0.115333 0.363333
14 88.536000 0.508333 0.125333 0.416667
711 88.700667 0.506667 0.218667 1.093333
183 88.843667 0.508333 0.087333 0.436667
131 88.947333 0.510000 0.140000 0.540000
795 89.050000 0.503333 0.080000 0.500000
162 89.139333 0.508333 0.118667 0.456667
954 89.206667 0.496667 0.033333 0.273333
223 89.257667 0.510000 0.083333 0.413333
266 89.396333 0.498333 0.212667 1.063333
933 89.507333 0.496667 0.028000 0.233333
249 89.542667 0.488333 0.062667 0.490000
847 89.617000 0.505000 0.100667 0.303333
976 89.677000 0.503333 0.039333 0.306667
588 89.728000 0.501667 0.078667 0.336667
672 89.820667 0.506667 0.120000 0.440000
142 89.913333 0.508333 0.081333 0.410000
503 90.017667 0.505000 0.140667 0.403333
310 90.107000 0.495000 0.055333 0.316667
363 90.194667 0.488333 0.136000 0.383333
170 90.314000 0.488333 0.120000 0.443333
354 90.433000 0.491667 0.131333 0.410000
128 90.570333 0.491667 0.163333 0.470000
961 90.666333 0.501667 0.043333 0.323333
276 90.709667 0.491667 0.058000 0.356667
896 90.806333 0.488333 0.150000 0.443333
35 90.937333 0.493333 0.128000 0.406667
306 91.033667 0.508333 0.080667 0.450000
999 91.083000 0.490000 0.036667 0.293333
493 91.124667 0.503333 0.065333 0.306667
669 91.212000 0.491667 0.129333 0.416667
412 91.305000 0.496667 0.076667 0.393333
789 91.371000 0.493333 0.074000 0.446667
640 91.434000 0.503333 0.065333 0.326667
980 91.477667 0.495000 0.039333 0.296667
56 91.526667 0.506667 0.077333 0.100000
891 91.580000 0.500000 0.048000 0.306667
560 91.696333 0.505000 0.198000 0.603333
938 91.805333 0.496667 0.038667 0.293333
1001 91.839333 0.493333 0.045333 0.346667
212 91.906333 0.510000 0.106000 0.440000
381 92.020333 0.501667 0.139333 0.403333
811 92.147333 0.495000 0.130667 0.296667
828 92.258667 0.498333 0.110667 0.550000
222 92.367667 0.491667 0.126000 0.523333
579 92.497000 0.496667 0.146000 0.386667
749 92.620000 0.506667 0.117333 0.513333
747 92.717667 0.500000 0.098000 0.426667
775 92.800333 0.501667 0.080667 0.390000
230 92.887667 0.496667 0.112667 0.460000
392 93.027333 0.510000 0.184000 0.920000
827 93.160667 0.505000 0.101333 0.416667
990 93.223000 0.503333 0.036667 0.280000
119 93.278000 0.506667 0.089333 0.540000
688 93.352333 0.501667 0.079333 0.390000
652 93.451000 0.493333 0.138000 0.460000
515 93.569667 0.493333 0.114000 0.386667
1020 93.638667 0.493333 0.040000 0.320000
650 93.720000 0.491667 0.138667 0.450000
192 93.837000 0.488333 0.110000 0.456667
658 93.913667 0.500000 0.062000 0.353333
26 93.995333 0.503333 0.116000 0.393333
129 94.109667 0.493333 0.126000 0.486667
707 94.213333 0.508333 0.101333 0.470000
959 94.277333 0.493333 0.042667 0.346667
478 94.323333 0.490000 0.066667 0.360000
528 94.407333 0.505000 0.116000 0.383333
44 94.506667 0.491667 0.096000 0.383333
384 94.618333 0.501667 0.143333 0.416667
234 94.724667 0.505000 0.086667 0.436667
598 94.815667 0.506667 0.111333 0.353333
577 94.918667 0.508333 0.114667 0.443333
242 95.033000 0.490000 0.128667 0.506667
72 95.201667 0.491667 0.227333 1.136667
220 95.363333 0.508333 0.109333 0.456667
315 95.464667 0.491667 0.109333 0.383333
46 95.538333 0.495000 0.055333 0.516667
538 95.635667 0.493333 0.158000 0.400000
603 95.782667 0.505000 0.150667 0.343333
780 95.902667 0.503333 0.109333 0.333333
330 95.994000 0.493333 0.090667 0.340000
699 96.105667 0.503333 0.148667 0.420000
452 96.200000 0.496667 0.056000 0.293333
410 96.264333 0.510000 0.090000 0.440000
146 96.337667 0.503333 0.072667 0.380000
375 96.433333 0.510000 0.132000 0.366667
599 96.559333 0.506667 0.136000 0.413333
753 96.676333 0.495000 0.114000 0.396667
594 96.786333 0.510000 0.120667 0.366667
378 96.899333 0.490000 0.118667 0.346667
267 97.035667 0.501667 0.174000 0.576667
462 97.153333 0.493333 0.076000 0.400000
861 97.203667 0.508333 0.044667 0.343333
873 97.260000 0.510000 0.082667 0.393333
270 97.385667 0.500000 0.188667 0.586667
283 97.544667 0.491667 0.142667 0.483333
135 97.654000 0.505000 0.094667 0.370000
817 97.769333 0.503333 0.149333 0.546667
805 97.896333 0.493333 0.123333 0.360000
878 97.995333 0.498333 0.089333 0.456667
1017 98.047333 0.503333 0.032000 0.260000
904 98.085000 0.493333 0.063333 0.333333
713 98.189000 0.503333 0.163333 0.446667
715 98.361667 0.495000 0.200667 1.003333
568 98.516000 0.500000 0.126667 0.633333
624 98.649333 0.506667 0.157333 0.786667
140 98.811667 0.488333 0.186000 0.930000
233 98.946333 0.493333 0.096667 0.406667
508 99.018667 0.506667 0.065333 0.333333
947 99.057333 0.496667 0.032000 0.266667
420 99.113333 0.496667 0.098667 0.353333
549 99.213667 0.508333 0.118000 0.396667
727 99.304333 0.496667 0.080667 0.380000
349 99.430000 0.506667 0.190667 0.953333
779 99.533000 0.490000 0.028667 0.286667
228 99.586000 0.498333 0.093333 0.383333
395 99.696333 0.500000 0.147333 0.420000
536 99.853333 0.496667 0.185333 0.926667
822 99.985000 0.508333 0.096667 0.330000
198 100.124000 0.510000 0.196000 0.980000
405 100.269000 0.500000 0.114000 0.440000
302 100.350667 0.501667 0.062667 0.350000
490 100.419000 0.498333 0.088667 0.450000
297 100.484333 0.495000 0.059333 0.303333
630 100.602000 0.488333 0.193333 0.636667
433 100.763667 0.495000 0.143333 0.343333
391 100.901000 0.503333 0.146000 0.413333
507 100.994667 0.496667 0.061333 0.366667
913 101.078667 0.510000 0.125333 0.373333
217 101.190333 0.505000 0.115333 0.463333
137 101.279333 0.500000 0.077333 0.380000
4 101.347667 0.491667 0.079333 0.323333
278 101.437333 0.505000 0.120000 0.370000
971 101.505667 0.491667 0.035333 0.263333
97 101.601000 0.508333 0.171333 0.370000
213 101.734667 0.508333 0.114667 0.463333
352 101.844333 0.503333 0.123333 0.340000
143 101.934333 0.505000 0.076667 0.343333
793 102.009667 0.501667 0.087333 0.356667
988 102.060667 0.501667 0.034667 0.263333
522 102.116667 0.500000 0.096000 0.326667
241 102.190333 0.498333 0.071333 0.403333
358 102.280333 0.488333 0.126000 0.376667
390 102.408333 0.505000 0.146000 0.443333
421 102.565667 0.488333 0.188667 0.943333
576 102.706667 0.500000 0.108000 0.420000
762 102.793000 0.491667 0.078000 0.330000
394 102.884000 0.495000 0.121333 0.343333
667 102.993333 0.491667 0.113333 0.396667
157 103.124333 0.490000 0.168667 0.673333
195 103.263667 0.491667 0.130000 0.536667
932 103.343333 0.498333 0.045333 0.356667
