794 0.037333 0.491667 0.068000 0.410000
450 0.098667 0.500000 0.074667 0.380000
252 0.194000 0.488333 0.132000 0.510000
307 0.285000 0.501667 0.070000 0.396667
516 0.358667 0.510000 0.094667 0.320000
1004 0.420333 0.510000 0.043333 0.320000
695 0.518333 0.510000 0.171333 0.506667
972 0.620000 0.505000 0.045333 0.336667
47 0.693333 0.493333 0.116000 0.566667
569 0.785333 0.495000 0.086667 0.363333
910 0.871333 0.506667 0.100000 0.366667
237 0.946333 0.490000 0.064667 0.480000
679 1.012000 0.510000 0.086667 0.493333
992 1.067667 0.508333 0.039333 0.323333
917 1.097333 0.495000 0.033333 0.250000
714 1.213000 0.491667 0.212667 1.063333
68 1.363333 0.510000 0.106667 0.306667
375 1.460667 0.505000 0.105333 0.330000
170 1.569667 0.490000 0.130000 0.480000
251 1.663000 0.488333 0.070000 0.396667
979 1.713000 0.488333 0.050000 0.363333
273 1.754667 0.498333 0.049333 0.316667
819 1.825667 0.510000 0.106000 0.306667
421 1.970000 0.506667 0.201333 1.006667
870 2.098667 0.498333 0.070667 0.323333
354 2.203333 0.491667 0.156000 0.463333
458 2.308667 0.498333 0.068000 0.390000
894 2.397667 0.490000 0.130000 0.360000
626 2.534000 0.496667 0.160000 0.800000
236 2.652333 0.498333 0.095333 0.390000
181 2.768333 0.501667 0.151333 0.510000
727 2.875667 0.501667 0.083333 0.383333
178 2.969333 0.510000 0.120000 0.420000
435 3.048333 0.488333 0.058000 0.310000
601 3.132333 0.508333 0.128667 0.396667
773 3.265667 0.493333 0.151333 0.453333
732 3.373667 0.503333 0.078000 0.386667
269 3.488333 0.491667 0.167333 0.836667
127 3.623333 0.491667 0.118667 0.390000
656 3.750667 0.510000 0.152000 0.386667
84 3.865333 0.510000 0.096000 0.266667
874 3.955667 0.500000 0.100667 0.466667
302 4.036333 0.506667 0.075333 0.420000
16 4.111333 0.498333 0.089333 0.290000
44 4.209000 0.493333 0.124667 0.500000
368 4.319667 0.508333 0.110000 0.296667
665 4.432667 0.493333 0.134667 0.460000
232 4.558000 0.488333 0.136000 0.550000
779 4.641667 0.506667 0.046000 0.420000
791 4.695333 0.498333 0.074667 0.463333
495 4.760333 0.500000 0.074000 0.393333
121 4.796333 0.493333 0.016667 0.293333
621 4.821333 0.488333 0.050667 0.496667
887 4.907667 0.501667 0.142000 0.430000
185 5.035000 0.508333 0.130000 0.530000
721 5.166333 0.490000 0.150000 0.400000
422 5.283667 0.493333 0.099333 0.366667
1010 5.344667 0.500000 0.038667 0.300000
594 5.425333 0.508333 0.137333 0.416667
605 5.568333 0.488333 0.162000 0.430000
439 5.694667 0.488333 0.105333 0.410000
274 5.786000 0.488333 0.093333 0.436667
419 5.864667 0.496667 0.080000 0.386667
939 5.914667 0.510000 0.040000 0.326667
14 5.978667 0.495000 0.108000 0.363333
596 6.094333 0.503333 0.143333 0.426667
806 6.271000 0.510000 0.224667 0.573333
808 6.424000 0.496667 0.096000 0.353333
224 6.529333 0.500000 0.128000 0.526667
186 6.641333 0.505000 0.114667 0.570000
659 6.725333 0.500000 0.069333 0.280000
897 6.816667 0.505000 0.130667 0.356667
1002 6.894000 0.503333 0.042667 0.353333
140 7.012667 0.500000 0.212000 1.060000
296 7.156000 0.508333 0.090667 0.336667
245 7.221667 0.496667 0.055333 0.353333
189 7.292667 0.495000 0.101333 0.450000
396 7.429333 0.500000 0.190667 0.953333
969 7.534667 0.506667 0.036000 0.300000
77 7.620000 0.505000 0.150667 0.370000
227 7.734667 0.500000 0.093333 0.380000
440 7.798000 0.510000 0.050667 0.300000
64 7.854333 0.500000 0.075333 0.386667
645 7.925667 0.506667 0.083333 0.373333
973 7.979000 0.508333 0.043333 0.343333
792 8.037000 0.491667 0.087333 0.356667
804 8.186667 0.506667 0.226667 1.133333
117 8.356667 0.501667 0.133333 0.423333
279 8.462333 0.505000 0.096667 0.556667
253 8.533000 0.490000 0.058000 0.520000
366 8.632667 0.503333 0.158667 0.473333
143 8.751000 0.508333 0.095333 0.470000
398 8.834000 0.506667 0.088000 0.460000
358 8.927000 0.508333 0.115333 0.310000
420 9.031333 0.495000 0.108000 0.416667
985 9.101667 0.500000 0.050000 0.353333
825 9.179667 0.488333 0.122000 0.516667
544 9.283333 0.498333 0.104000 0.403333
984 9.350333 0.496667 0.043333 0.333333
305 9.403667 0.495000 0.079333 0.450000
788 9.527667 0.495000 0.186000 0.930000
967 9.635667 0.488333 0.043333 0.356667
648 9.685000 0.505000 0.070000 0.316667
558 9.754667 0.500000 0.086667 0.426667
747 9.853000 0.500000 0.123333 0.500000
334 9.990000 0.503333 0.164000 0.500000
496 10.122000 0.493333 0.116000 0.493333
2 10.204333 0.488333 0.066000 0.336667
672 10.289333 0.500000 0.118667 0.453333
109 10.424333 0.505000 0.167333 0.836667
149 10.578667 0.510000 0.160000 0.800000
833 10.704000 0.510000 0.104000 0.433333
633 10.830000 0.503333 0.168000 0.466667
216 10.961667 0.505000 0.112667 0.550000
260 11.121333 0.490000 0.220000 1.100000
159 11.241333 0.488333 0.040000 0.310000
413 11.358667 0.506667 0.212000 1.060000
898 11.516667 0.503333 0.118667 0.353333
20 11.631667 0.501667 0.127333 0.416667
755 11.741000 0.490000 0.110000 0.320000
946 11.804333 0.498333 0.035333 0.296667
841 11.865667 0.495000 0.103333 0.443333
644 11.940667 0.506667 0.065333 0.313333
629 12.044667 0.506667 0.162667 0.553333
212 12.166667 0.496667 0.101333 0.420000
842 12.250667 0.503333 0.085333 0.366667
549 12.341000 0.488333 0.112667 0.390000
1007 12.405667 0.503333 0.036667 0.293333
863 12.455333 0.490000 0.082667 0.393333
550 12.527000 0.505000 0.078000 0.390000
429 12.600333 0.503333 0.087333 0.300000
667 12.689667 0.491667 0.104667 0.356667
520 12.790000 0.510000 0.113333 0.366667
218 12.887000 0.501667 0.100667 0.443333
835 12.978333 0.495000 0.098000 0.403333
191 13.081667 0.490000 0.122000 0.500000
768 13.172333 0.498333 0.076667 0.216667
785 13.243333 0.508333 0.080000 0.350000
298 13.316000 0.490000 0.085333 0.426667
810 13.397333 0.490000 0.092000 0.380000
547 13.473000 0.496667 0.079333 0.446667
388 13.583333 0.503333 0.154667 0.406667
41 13.714667 0.495000 0.125333 0.350000
786 13.799000 0.491667 0.060667 0.376667
397 13.866667 0.505000 0.093333 0.403333
499 13.935000 0.488333 0.062000 0.376667
167 14.055667 0.488333 0.194000 0.970000
484 14.196667 0.500000 0.105333 0.386667
387 14.320667 0.495000 0.157333 0.430000
18 14.446333 0.495000 0.114000 0.416667
294 14.610667 0.491667 0.228000 0.356667
1 14.755667 0.503333 0.080667 0.420000
848 14.848000 0.488333 0.120000 0.403333
125 14.951667 0.498333 0.102000 0.470000
1023 15.014000 0.510000 0.042667 0.326667
970 15.046000 0.506667 0.038667 0.286667
521 15.127000 0.508333 0.138000 0.356667
198 15.245667 0.501667 0.115333 0.496667
578 15.354667 0.505000 0.120000 0.470000
223 15.462000 0.496667 0.109333 0.533333
674 15.571333 0.495000 0.129333 0.450000
529 15.673000 0.506667 0.092667 0.453333
23 15.798333 0.500000 0.175333 0.500000
62 15.918333 0.506667 0.080667 0.373333
907 16.000333 0.493333 0.103333 0.353333
482 16.085333 0.491667 0.082667 0.416667
809 16.163667 0.501667 0.088667 0.476667
693 16.250000 0.510000 0.100000 0.486667
603 16.373000 0.491667 0.162000 0.810000
24 16.515667 0.495000 0.143333 0.496667
464 16.613667 0.508333 0.066000 0.383333
73 16.695667 0.491667 0.114000 0.350000
940 16.771333 0.505000 0.050667 0.363333
63 16.850667 0.505000 0.122667 0.436667
943 16.926333 0.496667 0.044667 0.346667
699 17.016333 0.490000 0.154000 0.440000
955 17.108000 0.506667 0.048000 0.353333
340 17.191000 0.488333 0.138000 0.396667
455 17.291000 0.505000 0.082000 0.416667
654 17.404333 0.498333 0.159333 0.796667
542 17.573333 0.490000 0.197333 0.986667
872 17.734333 0.500000 0.143333 0.406667
138 17.832333 0.503333 0.071333 0.373333
761 17.922333 0.490000 0.122000 0.346667
694 18.023000 0.495000 0.092667 0.463333
827 18.106333 0.490000 0.091333 0.380000
451 18.177333 0.490000 0.066667 0.393333
1013 18.223333 0.500000 0.044000 0.333333
22 18.292000 0.496667 0.109333 0.366667
244 18.427000 0.493333 0.179333 0.493333
459 18.543000 0.505000 0.070000 0.363333
456 18.609333 0.508333 0.076000 0.390000
655 18.675000 0.500000 0.072667 0.293333
660 18.762333 0.498333 0.118000 0.383333
949 18.832667 0.501667 0.040000 0.303333
844 18.891000 0.496667 0.091333 0.406667
993 18.945000 0.496667 0.035333 0.286667
731 18.995000 0.493333 0.078000 0.386667
29 19.098333 0.491667 0.144667 0.390000
195 19.217000 0.501667 0.106000 0.416667
525 19.318667 0.501667 0.113333 0.356667
518 19.446333 0.498333 0.155333 0.776667
393 19.571667 0.505000 0.112667 0.336667
527 19.696667 0.488333 0.150667 0.443333
423 19.821000 0.510000 0.115333 0.413333
990 19.895667 0.491667 0.047333 0.343333
777 19.958667 0.495000 0.097333 0.396667
744 20.071667 0.495000 0.147333 0.616667
134 20.177333 0.491667 0.081333 0.323333
263 20.319333 0.510000 0.216000 1.080000
627 20.486667 0.510000 0.132000 0.446667
243 20.620000 0.498333 0.154667 0.503333
634 20.731667 0.510000 0.087333 0.360000
74 20.841667 0.510000 0.152667 0.480000
379 20.986667 0.505000 0.156000 0.436667
4 21.097333 0.503333 0.081333 0.353333
347 21.236000 0.500000 0.210667 1.053333
862 21.372000 0.506667 0.081333 0.406667
474 21.436667 0.508333 0.065333 0.330000
384 21.537000 0.503333 0.151333 0.420000
405 21.652667 0.498333 0.097333 0.376667
161 21.745667 0.490000 0.108667 0.406667
33 21.857333 0.491667 0.129333 0.416667
977 21.936333 0.491667 0.043333 0.343333
856 22.037333 0.495000 0.177333 0.443333
741 22.167333 0.490000 0.096000 0.333333
267 22.287000 0.495000 0.162000 0.810000
335 22.426000 0.508333 0.133333 0.470000
28 22.531000 0.500000 0.094000 0.313333
141 22.611667 0.493333 0.086000 0.366667
623 22.727000 0.493333 0.160667 0.520000
658 22.828667 0.495000 0.062667 0.363333
706 22.885000 0.488333 0.070000 0.356667
183 22.955667 0.493333 0.087333 0.366667
171 23.101333 0.510000 0.224000 1.120000
485 23.242667 0.498333 0.073333 0.423333
194 23.325000 0.503333 0.106000 0.440000
675 23.425333 0.491667 0.113333 0.423333
172 23.523667 0.496667 0.096667 0.360000
622 23.671333 0.500000 0.216000 1.080000
728 23.798000 0.498333 0.050667 0.443333
114 23.856000 0.510000 0.080000 0.393333
407 23.930333 0.508333 0.087333 0.343333
765 24.000667 0.498333 0.072000 0.343333
362 24.085667 0.501667 0.115333 0.316667
292 24.192333 0.491667 0.112667 0.430000
760 24.309333 0.488333 0.141333 0.450000
493 24.403333 0.491667 0.065333 0.350000
502 24.463333 0.496667 0.074667 0.353333
158 24.566333 0.506667 0.147333 0.486667
410 24.692333 0.491667 0.119333 0.536667
402 24.829333 0.500000 0.172000 0.466667
662 24.954000 0.498333 0.093333 0.316667
404 25.045333 0.503333 0.104000 0.526667
248 25.123667 0.498333 0.070000 0.376667
669 25.207000 0.490000 0.112667 0.360000
812 25.305667 0.501667 0.104667 0.323333
325 25.433333 0.488333 0.169333 0.716667
478 25.543667 0.501667 0.071333 0.423333
749 25.628000 0.505000 0.114667 0.496667
650 25.762667 0.506667 0.172000 0.560000
177 25.907667 0.496667 0.131333 0.486667
303 25.999000 0.500000 0.068667 0.386667
322 26.081000 0.496667 0.114000 0.146667
930 26.146667 0.495000 0.033333 0.276667
188 26.209667 0.500000 0.107333 0.433333
329 26.340667 0.506667 0.170667 0.853333
561 26.501000 0.490000 0.168667 0.380000
568 26.623667 0.488333 0.095333 0.476667
255 26.727333 0.508333 0.129333 0.490000
1017 26.802333 0.496667 0.040667 0.326667
528 26.866333 0.488333 0.106000 0.356667
913 26.975333 0.491667 0.125333 0.370000
400 27.054667 0.498333 0.053333 0.430000
207 27.158667 0.510000 0.168000 0.840000
757 27.306333 0.488333 0.147333 0.423333
301 27.410333 0.506667 0.078000 0.440000
900 27.512333 0.508333 0.142000 0.436667
828 27.624000 0.503333 0.101333 0.480000
309 27.707667 0.508333 0.082000 0.456667
864 27.792333 0.510000 0.100667 0.393333
182 27.933000 0.491667 0.195333 0.976667
288 28.076333 0.510000 0.106000 0.406667
135 28.177667 0.506667 0.112667 0.346667
1020 28.248667 0.505000 0.048000 0.363333
226 28.322333 0.495000 0.115333 0.470000
770 28.444667 0.508333 0.142667 0.403333
928 28.533667 0.501667 0.050000 0.363333
146 28.604667 0.505000 0.105333 0.463333
951 28.667333 0.501667 0.040000 0.310000
179 28.741667 0.498333 0.127333 0.476667
139 28.827000 0.505000 0.058000 0.336667
536 28.914333 0.510000 0.134000 0.520000
107 29.087333 0.496667 0.228000 0.480000
361 29.258000 0.493333 0.133333 0.406667
631 29.426000 0.490000 0.218667 1.093333
342 29.571667 0.491667 0.087333 0.363333
832 29.659333 0.496667 0.101333 0.406667
318 29.753000 0.505000 0.099333 0.443333
228 29.854667 0.498333 0.122667 0.523333
954 29.924000 0.500000 0.032000 0.253333
895 29.990000 0.508333 0.120000 0.330000
235 30.085000 0.506667 0.090000 0.386667
718 30.204000 0.493333 0.161333 0.806667
638 30.320333 0.503333 0.090000 0.353333
328 30.459333 0.491667 0.205333 0.456667
88 30.660000 0.493333 0.209333 1.046667
461 30.791667 0.495000 0.071333 0.396667
345 30.919667 0.501667 0.203333 1.016667
120 31.114000 0.506667 0.204000 1.020000
826 31.253333 0.493333 0.089333 0.433333
308 31.320000 0.490000 0.060000 0.333333
772 31.434333 0.505000 0.182000 0.543333
775 31.560667 0.510000 0.084000 0.420000
793 31.654000 0.488333 0.121333 0.496667
256 31.764333 0.495000 0.114000 0.423333
468 31.846667 0.501667 0.064000 0.336667
736 31.916333 0.505000 0.088667 0.470000
247 32.002667 0.495000 0.097333 0.376667
37 32.109000 0.501667 0.131333 0.430000
391 32.242000 0.500000 0.148000 0.426667
974 32.323333 0.491667 0.030667 0.250000
225 32.378333 0.505000 0.098000 0.430000
414 32.481667 0.503333 0.127333 0.653333
437 32.574333 0.503333 0.078000 0.380000
647 32.645000 0.506667 0.078000 0.393333
257 32.735333 0.506667 0.121333 0.400000
336 32.850333 0.490000 0.126000 0.593333
720 33.004333 0.488333 0.196667 0.983333
373 33.158333 0.491667 0.128667 0.383333
412 33.267667 0.508333 0.104667 0.523333
921 33.347000 0.508333 0.071333 0.423333
222 33.422667 0.506667 0.094667 0.380000
348 33.539333 0.495000 0.152000 0.430000
285 33.699000 0.488333 0.184667 0.923333
556 33.843000 0.498333 0.118000 0.483333
118 33.945667 0.508333 0.107333 0.410000
995 34.013667 0.501667 0.044667 0.343333
108 34.107000 0.498333 0.162000 0.810000
319 34.227667 0.503333 0.098000 0.360000
541 34.350333 0.510000 0.166000 0.353333
122 34.481000 0.491667 0.110000 0.396667
130 34.630667 0.508333 0.204000 0.430000
1021 34.743000 0.500000 0.040667 0.300000
540 34.850333 0.503333 0.194000 0.713333
180 35.020333 0.495000 0.160667 0.803333
11 35.141333 0.495000 0.096000 0.310000
164 35.237000 0.495000 0.110000 0.396667
289 35.380333 0.488333 0.191333 0.956667
97 35.582333 0.501667 0.227333 0.483333
802 35.765333 0.510000 0.156000 0.353333
994 35.854333 0.503333 0.042000 0.313333
590 35.931667 0.496667 0.130000 0.493333
668 36.045333 0.501667 0.117333 0.410000
36 36.148333 0.493333 0.102000 0.340000
491 36.241333 0.491667 0.100000 0.490000
313 36.340333 0.498333 0.115333 0.390000
156 36.468000 0.496667 0.156000 0.400000
952 36.555667 0.495000 0.039333 0.330000
370 36.648667 0.490000 0.162667 0.446667
615 36.782333 0.506667 0.122000 0.553333
280 36.890000 0.501667 0.110667 0.376667
199 36.990000 0.505000 0.108000 0.516667
1022 37.057333 0.495000 0.040000 0.290000
457 37.107667 0.510000 0.079333 0.400000
632 37.254667 0.506667 0.228000 1.140000
975 37.376333 0.503333 0.032667 0.253333
338 37.441333 0.500000 0.114667 0.593333
310 37.518000 0.495000 0.057333 0.323333
61 37.573667 0.508333 0.074000 0.363333
663 37.656667 0.493333 0.109333 0.380000
523 37.766667 0.508333 0.129333 0.410000
71 37.853333 0.505000 0.062667 0.330000
234 37.931000 0.496667 0.106000 0.466667
221 38.018000 0.498333 0.086667 0.436667
996 38.073667 0.501667 0.040667 0.330000
352 38.153333 0.493333 0.132000 0.373333
38 38.257000 0.510000 0.095333 0.300000
807 38.379333 0.503333 0.169333 0.846667
201 38.512667 0.510000 0.110667 0.560000
686 38.610000 0.508333 0.098667 0.483333
515 38.717333 0.501667 0.130667 0.443333
608 38.839000 0.501667 0.126000 0.410000
434 38.957667 0.503333 0.131333 0.446667
649 39.058667 0.503333 0.089333 0.486667
208 39.151000 0.498333 0.114000 0.490000
684 39.257000 0.496667 0.111333 0.380000
52 39.353667 0.510000 0.100667 0.333333
504 39.462333 0.505000 0.132667 0.390000
275 39.543000 0.493333 0.044667 0.286667
640 39.588333 0.491667 0.066000 0.330000
1003 39.630000 0.506667 0.030667 0.246667
196 39.684667 0.505000 0.092000 0.443333
911 39.779333 0.501667 0.117333 0.416667
526 39.901333 0.500000 0.144000 0.393333
599 40.025000 0.495000 0.118000 0.370000
698 40.106000 0.505000 0.061333 0.323333
857 40.228333 0.495000 0.199333 0.430000
986 40.340667 0.490000 0.040000 0.326667
291 40.412667 0.495000 0.121333 0.456667
725 40.538000 0.508333 0.149333 0.636667
321 40.652000 0.488333 0.097333 0.483333
353 40.765333 0.505000 0.148000 0.456667
950 40.853000 0.505000 0.046000 0.343333
94 40.954667 0.490000 0.170667 0.360000
762 41.069667 0.488333 0.076667 0.363333
408 41.157333 0.498333 0.118667 0.450000
102 41.307000 0.498333 0.196667 0.983333
110 41.457333 0.493333 0.117333 0.420000
351 41.574667 0.493333 0.137333 0.386667
462 41.665000 0.500000 0.063333 0.326667
816 41.740667 0.508333 0.108000 0.256667
290 41.862000 0.501667 0.152000 0.476667
453 41.961000 0.500000 0.063333 0.320000
214 42.047667 0.491667 0.126000 0.516667
801 42.149000 0.496667 0.095333 0.373333
696 42.252667 0.500000 0.132000 0.300000
635 42.352000 0.500000 0.081333 0.340000
869 42.426000 0.488333 0.082667 0.476667
320 42.514667 0.488333 0.109333 0.330000
653 42.660667 0.510000 0.200000 1.000000
1019 42.778667 0.506667 0.049333 0.366667
927 42.815667 0.498333 0.043333 0.323333
486 42.866333 0.508333 0.075333 0.383333
72 43.007333 0.506667 0.220000 1.100000
6 43.159333 0.496667 0.098667 0.380000
737 43.220667 0.501667 0.041333 0.296667
87 43.312000 0.490000 0.156000 0.780000
25 43.481667 0.491667 0.203333 1.016667
953 43.590000 0.493333 0.033333 0.273333
17 43.655000 0.510000 0.115333 0.413333
126 43.779000 0.501667 0.151333 0.530000
651 43.910000 0.490000 0.126667 0.413333
933 43.981000 0.496667 0.032667 0.253333
560 44.063000 0.510000 0.151333 0.480000
925 44.149667 0.503333 0.038000 0.300000
752 44.192000 0.495000 0.066667 0.176667
571 44.258000 0.498333 0.082667 0.330000
21 44.337000 0.506667 0.095333 0.340000
619 44.431000 0.498333 0.108667 0.536667
1016 44.501000 0.506667 0.044667 0.333333
26 44.571333 0.488333 0.113333 0.383333
875 44.695333 0.496667 0.150667 0.406667
210 44.820333 0.510000 0.116667 0.473333
859 44.919333 0.505000 0.101333 0.310000
489 44.999333 0.495000 0.074667 0.376667
845 45.083333 0.496667 0.112000 0.460000
200 45.230333 0.505000 0.195333 0.976667
924 45.341000 0.500000 0.043333 0.320000
889 45.433000 0.488333 0.156667 0.483333
487 45.537333 0.495000 0.069333 0.383333
981 45.587667 0.490000 0.050000 0.373333
534 45.641667 0.505000 0.074000 0.290000
145 45.704333 0.488333 0.067333 0.343333
312 45.778333 0.503333 0.096667 0.373333
888 45.890667 0.496667 0.145333 0.466667
314 46.006000 0.491667 0.101333 0.370000
147 46.091333 0.495000 0.086667 0.363333
559 46.159000 0.488333 0.063333 0.310000
976 46.197667 0.510000 0.032667 0.246667
54 46.236000 0.501667 0.061333 0.323333
211 46.313333 0.490000 0.109333 0.500000
113 46.392667 0.495000 0.068000 0.370000
277 46.453667 0.498333 0.070000 0.330000
805 46.576000 0.490000 0.190667 0.953333
572 46.714000 0.488333 0.098667 0.396667
364 46.840000 0.495000 0.169333 0.390000
839 46.959333 0.491667 0.089333 0.456667
580 47.062000 0.503333 0.133333 0.346667
734 47.202667 0.498333 0.161333 0.436667
250 47.358667 0.510000 0.164000 0.793333
960 47.453333 0.498333 0.041333 0.330000
382 47.544333 0.508333 0.160667 0.803333
642 47.654333 0.505000 0.079333 0.310000
300 47.716333 0.498333 0.063333 0.203333
564 47.810667 0.488333 0.141333 0.290000
983 47.894333 0.491667 0.043333 0.330000
948 47.932000 0.498333 0.045333 0.370000
406 48.005000 0.505000 0.115333 0.443333
890 48.116000 0.506667 0.121333 0.500000
148 48.243667 0.498333 0.150000 0.430000
284 48.366333 0.490000 0.111333 0.400000
673 48.461333 0.491667 0.096000 0.330000
82 48.545000 0.488333 0.090000 0.623333
935 48.602333 0.496667 0.044667 0.326667
697 48.649667 0.496667 0.064667 0.320000
592 48.759667 0.498333 0.170000 0.523333
8 48.893000 0.490000 0.112667 0.413333
716 49.041667 0.510000 0.200667 0.520000
851 49.178000 0.495000 0.090667 0.376667
30 49.272000 0.493333 0.114667 0.333333
380 49.381333 0.491667 0.121333 0.363333
595 49.495333 0.496667 0.120000 0.360000
988 49.572000 0.508333 0.048000 0.356667
818 49.654333 0.500000 0.131333 0.353333
938 49.735333 0.496667 0.048000 0.353333
323 49.842333 0.505000 0.184667 0.363333
35 49.984333 0.490000 0.116667 0.373333
367 50.112333 0.500000 0.155333 0.446667
883 50.278667 0.490000 0.192000 0.960000
944 50.382667 0.506667 0.034667 0.286667
625 50.467667 0.495000 0.150000 0.496667
678 50.595333 0.488333 0.120000 0.436667
641 50.687667 0.501667 0.084667 0.396667
712 50.805333 0.503333 0.168000 0.840000
733 50.921333 0.506667 0.081333 0.473333
378 51.031000 0.501667 0.156667 0.783333
90 51.214000 0.496667 0.224000 0.486667
514 51.376333 0.506667 0.114000 0.360000
586 51.494333 0.500000 0.142000 0.413333
671 51.610000 0.491667 0.109333 0.403333
754 51.714333 0.493333 0.118000 0.580000
628 51.864000 0.493333 0.198667 0.993333
385 52.024000 0.505000 0.138667 0.383333
614 52.179333 0.496667 0.192000 0.960000
492 52.306667 0.488333 0.080000 0.390000
824 52.383333 0.501667 0.088000 0.436667
472 52.452667 0.496667 0.065333 0.333333
799 52.537000 0.505000 0.118000 0.436667
589 52.641333 0.490000 0.104000 0.440000
723 52.744667 0.488333 0.116000 0.396667
481 52.831667 0.490000 0.078000 0.406667
103 52.943667 0.508333 0.166000 0.830000
416 53.069667 0.510000 0.100667 0.493333
467 53.143667 0.501667 0.062000 0.330000
246 53.253667 0.501667 0.172667 0.596667
507 53.362667 0.488333 0.062667 0.330000
115 53.416667 0.506667 0.062667 0.306667
912 53.487667 0.501667 0.099333 0.390000
945 53.549333 0.493333 0.037333 0.306667
920 53.616333 0.510000 0.116667 0.433333
241 53.717667 0.501667 0.103333 0.576667
823 53.800667 0.505000 0.077333 0.363333
609 53.871667 0.506667 0.079333 0.326667
929 53.920667 0.501667 0.037333 0.310000
1015 53.952333 0.490000 0.042000 0.340000
249 53.995000 0.508333 0.056667 0.436667
555 54.029000 0.505000 0.031333 0.310000
60 54.075333 0.501667 0.076000 0.316667
903 54.167333 0.491667 0.124000 0.350000
509 54.282000 0.490000 0.118667 0.400000
152 54.369333 0.490000 0.072000 0.353333
316 54.460667 0.488333 0.126667 0.443333
43 54.569000 0.491667 0.108667 0.423333
501 54.663333 0.506667 0.093333 0.413333
276 54.728333 0.495000 0.054000 0.343333
892 54.822000 0.496667 0.148000 0.426667
231 54.931333 0.495000 0.089333 0.456667
142 55.002667 0.505000 0.073333 0.390000
811 55.086667 0.508333 0.114667 0.403333
546 55.176000 0.495000 0.081333 0.303333
876 55.282333 0.500000 0.148667 0.373333
438 55.416667 0.506667 0.137333 0.433333
661 55.525000 0.501667 0.099333 0.363333
488 55.608000 0.501667 0.085333 0.416667
220 55.697667 0.495000 0.114000 0.576667
111 55.797000 0.501667 0.104667 0.443333
151 55.884667 0.500000 0.086667 0.446667
666 55.974667 0.491667 0.106667 0.370000
80 56.057667 0.510000 0.079333 0.393333
460 56.124333 0.495000 0.070000 0.356667
682 56.212667 0.488333 0.124000 0.476667
705 56.375000 0.491667 0.218000 1.090000
206 56.591000 0.508333 0.230000 1.150000
332 56.791333 0.496667 0.184000 0.920000
739 56.907667 0.503333 0.064667 0.526667
89 57.010000 0.510000 0.154667 0.773333
112 57.153000 0.503333 0.147333 0.486667
956 57.236667 0.493333 0.036000 0.266667
40 57.310667 0.505000 0.128000 0.456667
0 57.389000 0.493333 0.043333 0.360000
742 57.474000 0.501667 0.144000 0.570000
490 57.574000 0.505000 0.070667 0.416667
203 57.658667 0.506667 0.114667 0.586667
893 57.797000 0.493333 0.176667 0.533333
190 57.919667 0.508333 0.086000 0.410000
1006 57.970667 0.501667 0.030667 0.256667
774 58.010333 0.496667 0.064667 0.373333
881 58.094333 0.506667 0.118000 0.393333
286 58.206333 0.488333 0.122000 0.456667
588 58.310667 0.496667 0.104000 0.446667
532 58.403667 0.508333 0.102000 0.523333
7 58.508000 0.503333 0.124000 0.393333
99 58.640000 0.503333 0.156000 0.780000
820 58.744333 0.508333 0.072667 0.303333
506 58.786333 0.503333 0.030000 0.333333
100 58.908667 0.501667 0.232000 0.490000
822 59.065667 0.498333 0.102000 0.330000
643 59.165000 0.501667 0.115333 0.396667
562 59.282000 0.503333 0.136000 0.280000
837 59.395000 0.496667 0.104667 0.500000
160 59.479333 0.496667 0.080000 0.480000
383 59.568000 0.503333 0.110667 0.340000
767 59.664333 0.506667 0.099333 0.286667
176 59.766333 0.506667 0.120667 0.453333
59 59.902000 0.493333 0.165333 0.826667
306 60.005667 0.495000 0.055333 0.310000
281 60.098000 0.496667 0.146667 0.493333
217 60.217667 0.490000 0.110000 0.453333
790 60.299667 0.488333 0.068667 0.396667
909 60.370333 0.501667 0.091333 0.396667
426 60.429000 0.488333 0.043333 0.296667
577 60.487333 0.500000 0.089333 0.346667
76 60.605667 0.510000 0.166000 0.513333
563 60.774000 0.496667 0.184000 0.386667
745 60.903667 0.498333 0.095333 0.390000
923 60.963667 0.501667 0.042000 0.316667
157 61.048333 0.490000 0.147333 0.586667
535 61.213000 0.505000 0.199333 0.436667
259 61.355667 0.505000 0.104667 0.523333
758 61.469667 0.510000 0.136667 0.386667
424 61.605667 0.500000 0.154000 0.486667
204 61.718333 0.496667 0.087333 0.413333
711 61.845000 0.493333 0.180667 0.460000
55 61.999667 0.510000 0.144667 0.393333
688 62.109667 0.500000 0.090000 0.440000
446 62.175667 0.506667 0.055333 0.293333
39 62.255000 0.488333 0.120667 0.396667
381 62.364667 0.493333 0.118667 0.340000
433 62.489000 0.493333 0.150000 0.293333
447 62.586333 0.488333 0.060667 0.343333
877 62.648667 0.490000 0.082667 0.433333
240 62.721667 0.505000 0.080667 0.416667
1014 62.775000 0.491667 0.046000 0.343333
165 62.845000 0.491667 0.112667 0.430000
441 62.924333 0.491667 0.063333 0.363333
817 63.008000 0.510000 0.122667 0.406667
31 63.126000 0.505000 0.128000 0.390000
735 63.253667 0.501667 0.143333 0.563333
800 63.364667 0.506667 0.097333 0.346667
664 63.455000 0.488333 0.102000 0.376667
836 63.558333 0.498333 0.118000 0.483333
403 63.701000 0.491667 0.187333 0.936667
722 63.857000 0.506667 0.144667 0.433333
965 63.943333 0.490000 0.041333 0.300000
270 64.029333 0.490000 0.144000 0.433333
830 64.153000 0.508333 0.122000 0.503333
445 64.234667 0.490000 0.057333 0.300000
743 64.296667 0.506667 0.085333 0.360000
685 64.377667 0.488333 0.091333 0.370000
539 64.454000 0.496667 0.077333 0.340000
297 64.521333 0.490000 0.070667 0.360000
610 64.623667 0.496667 0.152667 0.466667
821 64.737000 0.501667 0.087333 0.570000
473 64.805667 0.501667 0.064667 0.383333
846 64.887000 0.496667 0.112667 0.526667
355 65.004667 0.501667 0.137333 0.423333
884 65.116333 0.493333 0.106000 0.353333
376 65.269667 0.498333 0.219333 1.096667
1008 65.387000 0.501667 0.034000 0.276667
850 65.453000 0.500000 0.116667 0.546667
168 65.569667 0.505000 0.132667 0.463333
639 65.662000 0.488333 0.072000 0.350000
1018 65.711667 0.488333 0.042000 0.330000
778 65.775333 0.498333 0.102667 0.656667
409 65.870333 0.496667 0.103333 0.520000
268 65.998667 0.500000 0.168000 0.513333
738 66.113333 0.488333 0.081333 0.390000
715 66.249000 0.505000 0.206000 1.030000
886 66.401667 0.503333 0.114000 0.380000
430 66.514667 0.508333 0.125333 0.536667
783 66.612333 0.490000 0.088667 0.473333
349 66.715333 0.491667 0.132000 0.363333
343 66.842333 0.490000 0.135333 0.380000
906 66.971667 0.501667 0.142000 0.390000
1001 67.055333 0.498333 0.040000 0.290000
469 67.105000 0.501667 0.075333 0.450000
776 67.225333 0.490000 0.180000 0.413333
961 67.332333 0.508333 0.052667 0.390000
498 67.378667 0.508333 0.058667 0.350000
213 67.448667 0.493333 0.098667 0.486667
999 67.503000 0.498333 0.030000 0.243333
554 67.579333 0.510000 0.142667 0.386667
386 67.695333 0.501667 0.108000 0.296667
401 67.789333 0.496667 0.098667 0.500000
70 67.886000 0.505000 0.113333 0.396667
415 68.011667 0.505000 0.155333 0.536667
1005 68.101667 0.488333 0.043333 0.350000
852 68.172667 0.508333 0.112000 0.456667
789 68.247000 0.491667 0.056667 0.343333
891 68.298000 0.505000 0.058667 0.243333
570 68.359000 0.503333 0.083333 0.360000
116 68.473333 0.510000 0.158667 0.473333
691 68.581000 0.491667 0.075333 0.370000
574 68.659333 0.493333 0.097333 0.393333
377 68.768333 0.496667 0.140667 0.440000
500 68.864667 0.491667 0.072000 0.336667
466 68.917333 0.506667 0.053333 0.320000
591 69.001000 0.510000 0.131333 0.413333
677 69.105333 0.496667 0.094667 0.333333
687 69.188667 0.508333 0.090667 0.443333
144 69.280667 0.496667 0.110667 0.520000
646 69.377333 0.510000 0.098667 0.466667
242 69.466000 0.491667 0.093333 0.363333
713 69.588333 0.498333 0.171333 0.856667
719 69.768333 0.501667 0.202000 1.010000
936 69.879667 0.498333 0.034000 0.270000
96 69.984667 0.490000 0.193333 0.966667
934 70.091000 0.508333 0.034000 0.263333
27 70.157000 0.495000 0.114000 0.383333
683 70.300000 0.506667 0.185333 0.926667
66 70.445333 0.506667 0.125333 0.613333
411 70.577000 0.493333 0.155333 0.346667
187 70.701000 0.496667 0.112667 0.566667
681 70.774000 0.498333 0.052000 0.423333
337 70.885333 0.503333 0.185333 0.926667
958 70.992333 0.506667 0.043333 0.346667
417 71.045000 0.508333 0.075333 0.363333
299 71.130667 0.503333 0.113333 0.440000
957 71.196667 0.508333 0.034667 0.263333
729 71.220333 0.491667 0.028667 0.370000
101 71.317000 0.496667 0.180667 0.386667
202 71.462000 0.505000 0.126667 0.516667
360 71.592333 0.498333 0.150000 0.396667
583 71.688000 0.488333 0.061333 0.350000
369 71.792667 0.506667 0.166667 0.493333
463 71.896667 0.506667 0.054667 0.326667
730 71.976333 0.510000 0.122000 0.433333
278 72.084667 0.498333 0.109333 0.330000
448 72.161333 0.505000 0.064000 0.330000
942 72.208667 0.508333 0.044000 0.323333
262 72.271333 0.503333 0.094667 0.480000
937 72.330667 0.500000 0.040000 0.300000
331 72.458667 0.501667 0.229333 0.550000
987 72.580000 0.493333 0.032000 0.253333
98 72.696000 0.493333 0.218667 1.093333
636 72.861667 0.495000 0.128667 0.310000
3 72.969667 0.501667 0.100667 0.416667
519 73.078000 0.493333 0.136000 0.433333
704 73.207000 0.498333 0.139333 0.416667
51 73.336000 0.510000 0.133333 0.486667
597 73.451000 0.508333 0.114000 0.336667
327 73.560667 0.510000 0.122667 0.326667
566 73.670000 0.510000 0.113333 0.460000
129 73.793000 0.505000 0.148667 0.576667
919 73.898667 0.490000 0.077333 0.340000
798 73.977667 0.510000 0.099333 0.366667
780 74.080333 0.508333 0.120667 0.343333
266 74.229667 0.508333 0.194000 0.643333
517 74.384000 0.510000 0.129333 0.433333
427 74.547000 0.508333 0.216667 1.083333
604 74.717333 0.500000 0.138667 0.420000
91 74.877000 0.501667 0.199333 0.996667
124 75.019000 0.505000 0.099333 0.363333
918 75.122000 0.495000 0.122667 0.470000
330 75.219000 0.490000 0.086000 0.326667
606 75.309333 0.498333 0.108000 0.323333
551 75.411000 0.510000 0.108667 0.366667
49 75.558000 0.498333 0.200000 0.996667
764 75.680667 0.503333 0.062667 0.340000
724 75.752000 0.505000 0.097333 0.516667
431 75.841667 0.491667 0.099333 0.343333
980 75.903333 0.493333 0.037333 0.313333
545 75.959000 0.491667 0.090000 0.363333
795 76.026000 0.495000 0.062667 0.383333
56 76.090333 0.498333 0.082000 0.110000
239 76.187667 0.510000 0.127333 0.780000
748 76.300000 0.501667 0.117333 0.403333
510 76.415333 0.495000 0.126667 0.396667
136 76.518667 0.501667 0.097333 0.390000
873 76.605000 0.495000 0.092667 0.410000
166 76.694667 0.505000 0.104000 0.370000
57 76.763000 0.491667 0.052667 0.270000
982 76.800667 0.498333 0.040000 0.290000
781 76.852667 0.503333 0.077333 0.400000
612 76.949000 0.508333 0.128667 0.330000
65 77.052000 0.493333 0.097333 0.246667
154 77.125000 0.508333 0.062000 0.296667
552 77.173000 0.495000 0.048667 0.310000
630 77.276333 0.495000 0.178000 0.596667
163 77.425667 0.491667 0.136667 0.523333
287 77.543333 0.510000 0.114667 0.426667
374 77.655667 0.495000 0.124667 0.383333
324 77.785000 0.490000 0.152667 0.746667
843 77.908667 0.488333 0.108000 0.516667
582 78.041333 0.500000 0.173333 0.866667
670 78.177000 0.508333 0.118000 0.383333
233 78.282000 0.493333 0.106667 0.426667
997 78.344333 0.506667 0.036667 0.306667
480 78.381667 0.501667 0.052667 0.316667
617 78.438667 0.488333 0.080000 0.316667
346 78.545000 0.510000 0.146000 0.400000
926 78.634000 0.496667 0.049333 0.366667
902 78.705000 0.503333 0.110000 0.286667
505 78.785333 0.501667 0.064000 0.270000
95 78.894000 0.506667 0.169333 0.360000
265 79.080000 0.506667 0.222667 1.113333
880 79.224667 0.498333 0.085333 0.310000
128 79.361667 0.498333 0.203333 0.610000
766 79.518667 0.503333 0.130667 0.380000
771 79.617000 0.495000 0.080667 0.396667
341 79.695667 0.493333 0.094000 0.426667
968 79.753667 0.506667 0.039333 0.313333
959 79.782333 0.493333 0.031333 0.260000
607 79.850667 0.505000 0.125333 0.376667
861 79.928667 0.501667 0.044000 0.343333
756 80.009667 0.505000 0.138000 0.390000
230 80.121333 0.500000 0.102667 0.406667
132 80.211667 0.495000 0.091333 0.403333
494 80.293000 0.491667 0.084667 0.410000
750 80.376000 0.498333 0.096000 0.356667
92 80.530333 0.505000 0.230000 1.150000
941 80.658667 0.491667 0.045333 0.343333
215 80.723000 0.506667 0.103333 0.426667
904 80.809000 0.510000 0.082000 0.440000
452 80.869667 0.503333 0.054000 0.300000
537 81.005000 0.505000 0.231333 0.383333
931 81.137333 0.505000 0.049333 0.370000
759 81.213333 0.500000 0.121333 0.346667
885 81.316333 0.505000 0.100667 0.463333
392 81.423667 0.498333 0.132667 0.363333
579 81.567333 0.491667 0.168000 0.350000
763 81.668333 0.510000 0.048667 0.380000
701 81.758667 0.500000 0.149333 0.493333
315 81.889333 0.496667 0.130667 0.480000
261 82.054333 0.495000 0.215333 1.076667
372 82.209667 0.488333 0.115333 0.303333
797 82.312000 0.506667 0.109333 0.406667
553 82.473333 0.490000 0.228000 1.140000
787 82.616333 0.488333 0.076667 0.470000
444 82.671333 0.488333 0.053333 0.303333
1000 82.715333 0.503333 0.049333 0.366667
565 82.805333 0.505000 0.145333 0.296667
53 82.927667 0.493333 0.112667 0.380000
915 83.008333 0.506667 0.064667 0.526667
962 83.050333 0.506667 0.032667 0.266667
13 83.116333 0.488333 0.118000 0.383333
575 83.220333 0.488333 0.103333 0.336667
317 83.321333 0.496667 0.117333 0.453333
840 83.426000 0.498333 0.112000 0.536667
395 83.541000 0.503333 0.131333 0.366667
899 83.656333 0.495000 0.116667 0.316667
849 83.749333 0.495000 0.086667 0.383333
652 83.858333 0.488333 0.148667 0.483333
311 83.969333 0.500000 0.086667 0.373333
271 84.089333 0.490000 0.172000 0.860000
133 84.216333 0.488333 0.096667 0.336667
1012 84.274333 0.501667 0.039333 0.310000
399 84.332000 0.501667 0.096000 0.343333
389 84.449333 0.496667 0.156000 0.466667
470 84.555000 0.505000 0.072667 0.430000
871 84.613667 0.505000 0.058000 0.283333
708 84.683000 0.495000 0.094000 0.390000
81 84.784000 0.501667 0.122667 0.496667
700 84.923667 0.505000 0.170000 0.850000
476 85.040667 0.495000 0.077333 0.390000
581 85.107000 0.488333 0.075333 0.343333
740 85.203000 0.503333 0.131333 0.300000
503 85.329667 0.498333 0.135333 0.390000
104 85.504333 0.505000 0.227333 0.490000
67 85.707667 0.508333 0.192667 0.963333
702 85.861667 0.503333 0.132667 0.413333
32 85.969000 0.500000 0.099333 0.333333
75 86.067333 0.503333 0.113333 0.353333
616 86.203333 0.510000 0.172000 0.860000
150 86.328000 0.491667 0.093333 0.370000
998 86.384000 0.498333 0.038667 0.303333
229 86.447667 0.510000 0.102000 0.513333
860 86.594667 0.496667 0.209333 1.046667
692 86.739000 0.506667 0.096667 0.466667
620 86.866000 0.506667 0.176000 0.880000
153 86.991667 0.505000 0.094000 0.423333
173 87.072667 0.491667 0.082667 0.376667
538 87.185333 0.503333 0.156000 0.360000
901 87.368000 0.493333 0.226667 1.133333
522 87.522667 0.500000 0.102667 0.326667
829 87.607333 0.510000 0.086667 0.413333
326 87.680333 0.500000 0.072667 0.333333
432 87.787333 0.490000 0.161333 0.340000
709 87.916667 0.496667 0.112000 0.466667
618 87.997667 0.505000 0.064667 0.423333
365 88.099333 0.488333 0.158667 0.476667
513 88.221000 0.490000 0.100667 0.340000
69 88.318667 0.498333 0.114667 0.596667
703 88.427667 0.493333 0.122000 0.420000
344 88.550333 0.505000 0.143333 0.403333
339 88.655667 0.508333 0.086000 0.443333
803 88.756667 0.498333 0.133333 0.390000
174 88.879000 0.493333 0.127333 0.486667
12 88.984333 0.490000 0.103333 0.346667
184 89.093000 0.501667 0.128667 0.530000
85 89.196333 0.496667 0.096667 0.380000
175 89.282667 0.506667 0.090667 0.346667
548 89.390000 0.488333 0.140000 0.436667
443 89.482333 0.500000 0.062000 0.380000
50 89.597000 0.488333 0.180667 0.903333
9 89.724667 0.500000 0.093333 0.400000
989 89.786333 0.491667 0.047333 0.343333
978 89.824333 0.498333 0.044667 0.323333
964 89.857667 0.503333 0.040667 0.306667
971 89.887667 0.493333 0.034000 0.266667
905 89.961333 0.495000 0.126667 0.410000
769 90.114667 0.510000 0.194667 0.973333
238 90.261667 0.505000 0.116667 0.450000
282 90.367333 0.490000 0.114667 0.393333
304 90.447333 0.493333 0.061333 0.346667
717 90.545000 0.510000 0.148667 0.420000
782 90.655000 0.510000 0.087333 0.400000
847 90.741667 0.491667 0.104667 0.316667
868 90.824000 0.491667 0.077333 0.443333
813 90.911667 0.505000 0.118000 0.396667
497 91.022000 0.506667 0.121333 0.313333
10 91.116667 0.510000 0.088000 0.286667
1009 91.170333 0.510000 0.032667 0.253333
879 91.245333 0.491667 0.130667 0.383333
593 91.376333 0.510000 0.148667 0.420000
587 91.496333 0.488333 0.110000 0.330000
657 91.593333 0.505000 0.102667 0.443333
637 91.664000 0.503333 0.054667 0.286667
442 91.717667 0.493333 0.067333 0.393333
611 91.796000 0.505000 0.106667 0.396667
585 91.915000 0.500000 0.150000 0.446667
283 92.041000 0.503333 0.118000 0.400000
831 92.151667 0.493333 0.118000 0.486667
908 92.243333 0.498333 0.082667 0.303333
922 92.296333 0.488333 0.038000 0.303333
425 92.346667 0.503333 0.078667 0.426667
293 92.425667 0.501667 0.096667 0.376667
753 92.535667 0.503333 0.138000 0.433333
707 92.652667 0.490000 0.109333 0.493333
436 92.753667 0.488333 0.106000 0.303333
865 92.855000 0.498333 0.110000 0.370000
131 92.968000 0.501667 0.129333 0.510000
295 93.086333 0.510000 0.122000 0.520000
258 93.200000 0.493333 0.125333 0.446667
93 93.359667 0.505000 0.211333 1.056667
192 93.502000 0.496667 0.092000 0.413333
46 93.567333 0.493333 0.054667 0.513333
86 93.634333 0.495000 0.096667 0.410000
48 93.777333 0.496667 0.209333 1.046667
524 93.936667 0.510000 0.125333 0.400000
726 94.029333 0.493333 0.076000 0.406667
784 94.089000 0.496667 0.059333 0.486667
155 94.153000 0.503333 0.083333 0.493333
573 94.242333 0.508333 0.110000 0.456667
543 94.401667 0.508333 0.228667 1.143333
878 94.557333 0.510000 0.102667 0.520000
449 94.630333 0.493333 0.060667 0.360000
676 94.715667 0.505000 0.130000 0.423333
219 94.819667 0.501667 0.098000 0.403333
624 94.935000 0.493333 0.150000 0.493333
193 95.054000 0.508333 0.106667 0.436667
209 95.151000 0.496667 0.100667 0.500000
83 95.228667 0.495000 0.074667 0.363333
838 95.309000 0.500000 0.102000 0.420000
363 95.417333 0.506667 0.134667 0.360000
123 95.530000 0.508333 0.104000 0.670000
511 95.634667 0.488333 0.124000 0.416667
19 95.728000 0.490000 0.081333 0.286667
557 95.797667 0.496667 0.075333 0.526667
465 95.856667 0.506667 0.058667 0.340000
914 95.943667 0.496667 0.130000 0.386667
867 96.051000 0.501667 0.099333 0.316667
680 96.135667 0.496667 0.087333 0.293333
205 96.236333 0.493333 0.130000 0.520000
454 96.329667 0.493333 0.071333 0.366667
602 96.406333 0.491667 0.099333 0.303333
477 96.490667 0.490000 0.086667 0.440000
512 96.586667 0.490000 0.122667 0.413333
357 96.707667 0.495000 0.132667 0.390000
475 96.798333 0.498333 0.064667 0.383333
991 96.846000 0.490000 0.045333 0.353333
834 96.910667 0.503333 0.101333 0.473333
169 97.001333 0.508333 0.094667 0.330000
882 97.103667 0.496667 0.126000 0.500000
815 97.224667 0.505000 0.132000 0.323333
531 97.368333 0.508333 0.168667 0.843333
746 97.513333 0.508333 0.140000 0.416667
254 97.635667 0.493333 0.118000 0.453333
390 97.742333 0.490000 0.115333 0.353333
1011 97.812667 0.490000 0.042667 0.326667
854 97.897000 0.491667 0.144667 0.490000
78 98.073667 0.498333 0.226000 1.130000
45 98.216333 0.508333 0.074000 0.363333
428 98.285333 0.500000 0.077333 0.533333
598 98.370333 0.491667 0.110000 0.330000
751 98.464333 0.490000 0.091333 0.366667
137 98.539333 0.508333 0.072000 0.363333
479 98.600667 0.501667 0.069333 0.356667
567 98.738333 0.491667 0.223333 1.116667
264 98.915667 0.510000 0.148667 0.573333
106 99.076333 0.501667 0.187333 0.396667
356 99.271000 0.495000 0.219333 1.096667
272 99.470000 0.490000 0.194667 0.546667
916 99.665667 0.490000 0.216667 0.440000
814 99.818333 0.496667 0.107333 0.333333
600 99.920333 0.490000 0.116667 0.360000
58 99.994333 0.508333 0.048667 0.283333
689 100.057667 0.510000 0.095333 0.473333
162 100.154333 0.490000 0.115333 0.420000
853 100.256000 0.488333 0.102667 0.463333
394 100.363000 0.501667 0.127333 0.370000
508 100.462667 0.496667 0.085333 0.433333
371 100.559667 0.508333 0.126000 0.363333
418 100.660333 0.490000 0.095333 0.460000
613 100.786667 0.506667 0.174667 0.480000
932 100.882000 0.491667 0.034667 0.290000
533 100.948000 0.500000 0.113333 0.393333
42 101.026000 0.495000 0.062667 0.350000
530 101.087333 0.490000 0.078667 0.393333
350 101.191333 0.506667 0.148000 0.420000
896 101.317667 0.495000 0.124667 0.356667
866 101.456667 0.493333 0.168000 0.513333
119 101.575333 0.501667 0.088000 0.510000
333 101.694667 0.498333 0.170667 0.403333
15 101.819333 0.503333 0.098667 0.346667
855 101.903000 0.498333 0.083333 0.216667
79 102.040000 0.510000 0.209333 1.046667
576 102.187000 0.498333 0.100667 0.390000
483 102.262333 0.493333 0.067333 0.406667
963 102.306000 0.500000 0.037333 0.293333
34 102.378000 0.498333 0.122667 0.463333
858 102.481000 0.490000 0.096667 0.306667
690 102.567333 0.503333 0.089333 0.440000
471 102.637333 0.503333 0.070667 0.366667
5 102.707667 0.491667 0.088667 0.396667
796 102.795667 0.493333 0.106000 0.386667
947 102.859667 0.501667 0.036667 0.270000
197 102.913000 0.488333 0.088667 0.370000
710 103.052333 0.491667 0.204667 1.023333
359 103.210667 0.508333 0.126667 0.336667
105 103.369667 0.495000 0.207333 0.450000
584 103.531333 0.500000 0.132000 0.366667
966 103.614667 0.510000 0.049333 0.360000
