620 0.076000 0.490000 0.145333 0.620000
671 0.203000 0.498333 0.128667 0.423333
370 0.371000 0.505000 0.220667 1.103333
806 0.580000 0.506667 0.210667 0.540000
492 0.713667 0.503333 0.074000 0.386667
917 0.767333 0.506667 0.050667 0.360000
566 0.841000 0.503333 0.112667 0.460000
518 0.936667 0.500000 0.093333 0.320000
378 1.043667 0.496667 0.139333 0.433333
221 1.144667 0.508333 0.080000 0.403333
969 1.197000 0.506667 0.038000 0.293333
502 1.244000 0.491667 0.070667 0.316667
584 1.333333 0.506667 0.128000 0.373333
556 1.430333 0.493333 0.080667 0.326667
719 1.564333 0.501667 0.203333 0.616667
786 1.700333 0.508333 0.082000 0.510000
1003 1.752333 0.510000 0.038000 0.286667
227 1.804667 0.500000 0.082667 0.380000
762 1.880667 0.508333 0.085333 0.363333
582 1.998667 0.493333 0.166667 0.833333
874 2.125000 0.495000 0.099333 0.463333
225 2.250333 0.488333 0.170000 0.850000
739 2.359667 0.490000 0.064667 0.560000
85 2.437667 0.498333 0.107333 0.423333
416 2.524333 0.488333 0.080667 0.390000
284 2.607333 0.493333 0.105333 0.373333
691 2.688667 0.500000 0.072000 0.353333
319 2.767333 0.501667 0.098667 0.356667
63 2.859000 0.495000 0.099333 0.350000
589 2.944000 0.493333 0.085333 0.366667
657 3.016000 0.501667 0.077333 0.330000
246 3.137667 0.498333 0.183333 0.663333
849 3.283667 0.506667 0.127333 0.526667
649 3.384333 0.505000 0.091333 0.496667
34 3.469000 0.495000 0.096667 0.323333
883 3.622000 0.503333 0.225333 1.126667
42 3.766000 0.488333 0.081333 0.456667
615 3.900000 0.490000 0.206667 1.033333
318 4.037667 0.506667 0.086000 0.433333
72 4.123333 0.506667 0.098667 0.473333
200 4.222667 0.503333 0.117333 0.473333
1023 4.287333 0.503333 0.032000 0.260000
580 4.379333 0.510000 0.172000 0.420000
803 4.523333 0.506667 0.136000 0.393333
622 4.650000 0.496667 0.133333 0.453333
466 4.750000 0.491667 0.080000 0.403333
126 4.847333 0.498333 0.132000 0.430000
332 4.997667 0.501667 0.183333 0.916667
760 5.152667 0.506667 0.144000 0.413333
701 5.295000 0.490000 0.159333 0.480000
694 5.413667 0.495000 0.094000 0.463333
421 5.524667 0.510000 0.142667 0.453333
930 5.612333 0.498333 0.048667 0.363333
527 5.729000 0.505000 0.203333 1.016667
669 5.871000 0.488333 0.096667 0.310000
790 5.948000 0.490000 0.072000 0.433333
586 6.032000 0.501667 0.112000 0.323333
277 6.121667 0.510000 0.084667 0.406667
720 6.257667 0.505000 0.200667 0.543333
422 6.403333 0.505000 0.106667 0.390000
670 6.515333 0.501667 0.130667 0.450000
590 6.627333 0.510000 0.113333 0.413333
429 6.735333 0.508333 0.116000 0.390000
179 6.851333 0.500000 0.133333 0.480000
539 6.948333 0.495000 0.074000 0.330000
765 7.018333 0.500000 0.086000 0.420000
693 7.105000 0.501667 0.104667 0.516667
561 7.249333 0.506667 0.197333 0.446667
76 7.409000 0.495000 0.139333 0.436667
685 7.514000 0.493333 0.084000 0.340000
945 7.564333 0.501667 0.036667 0.310000
402 7.649667 0.501667 0.154000 0.463333
189 7.769667 0.503333 0.106000 0.460000
707 7.867667 0.508333 0.104667 0.463333
148 7.973333 0.495000 0.125333 0.343333
616 8.113000 0.508333 0.170000 0.430000
676 8.245333 0.506667 0.112000 0.380000
997 8.318333 0.510000 0.048667 0.366667
737 8.363000 0.503333 0.056667 0.366667
731 8.424000 0.503333 0.085333 0.440000
101 8.539000 0.501667 0.160667 0.350000
309 8.647000 0.496667 0.070000 0.393333
61 8.709333 0.505000 0.074667 0.383333
90 8.856667 0.488333 0.233333 0.496667
231 9.023333 0.498333 0.120000 0.503333
1014 9.095333 0.493333 0.044000 0.320000
929 9.131000 0.506667 0.042000 0.340000
397 9.184000 0.491667 0.084000 0.350000
398 9.251667 0.490000 0.068667 0.366667
162 9.327000 0.506667 0.102000 0.366667
327 9.447000 0.493333 0.155333 0.440000
211 9.575333 0.493333 0.118667 0.480000
597 9.683333 0.510000 0.112000 0.340000
982 9.754333 0.505000 0.043333 0.336667
716 9.855667 0.488333 0.174000 0.870000
636 9.997000 0.508333 0.124667 0.310000
18 10.106333 0.495000 0.111333 0.383333
50 10.235000 0.491667 0.162000 0.503333
78 10.409667 0.496667 0.202000 0.513333
749 10.551000 0.491667 0.098000 0.416667
646 10.640000 0.495000 0.097333 0.443333
259 10.738333 0.488333 0.119333 0.590000
330 10.833000 0.510000 0.087333 0.340000
512 10.933333 0.506667 0.133333 0.420000
366 11.057333 0.491667 0.132000 0.390000
702 11.189000 0.498333 0.147333 0.463333
41 11.310667 0.490000 0.114667 0.340000
1016 11.377667 0.491667 0.038000 0.316667
984 11.407333 0.493333 0.036000 0.293333
117 11.480667 0.495000 0.129333 0.383333
376 11.603333 0.496667 0.133333 0.386667
684 11.718667 0.491667 0.114667 0.396667
923 11.788000 0.510000 0.041333 0.320000
43 11.852333 0.508333 0.106000 0.410000
45 11.939667 0.505000 0.083333 0.416667
593 12.069000 0.491667 0.192667 0.963333
663 12.220667 0.490000 0.125333 0.480000
870 12.303333 0.501667 0.053333 0.276667
812 12.380333 0.506667 0.118000 0.286667
1019 12.446667 0.506667 0.034667 0.266667
503 12.529333 0.488333 0.150667 0.383333
140 12.690333 0.498333 0.188667 0.943333
155 12.817000 0.501667 0.082000 0.436667
443 12.885000 0.503333 0.068667 0.406667
721 13.014333 0.503333 0.204667 0.533333
938 13.131333 0.496667 0.042667 0.333333
121 13.151000 0.496667 0.016667 0.320000
978 13.170000 0.496667 0.037333 0.273333
743 13.231667 0.508333 0.106000 0.456667
744 13.364333 0.501667 0.178000 0.890000
276 13.478000 0.503333 0.068000 0.413333
237 13.540000 0.493333 0.073333 0.453333
961 13.589667 0.503333 0.042000 0.313333
763 13.638000 0.500000 0.070667 0.506667
159 13.685000 0.501667 0.036667 0.296667
258 13.782667 0.496667 0.174667 0.873333
103 13.967333 0.491667 0.210667 0.456667
16 14.126000 0.508333 0.124000 0.403333
410 14.231000 0.498333 0.100667 0.476667
919 14.313667 0.508333 0.083333 0.350000
107 14.425333 0.510000 0.156000 0.780000
659 14.540333 0.503333 0.090000 0.366667
292 14.638333 0.495000 0.124667 0.463333
120 14.774333 0.508333 0.160667 0.803333
540 14.944000 0.510000 0.198667 0.993333
111 15.083333 0.498333 0.098667 0.463333
399 15.175333 0.505000 0.101333 0.363333
581 15.268000 0.495000 0.102667 0.443333
92 15.413667 0.495000 0.208667 1.043333
544 15.565333 0.495000 0.108000 0.396667
84 15.671333 0.496667 0.120000 0.333333
267 15.822000 0.488333 0.196000 0.596667
345 16.026667 0.490000 0.228000 1.140000
1013 16.154333 0.503333 0.042000 0.326667
37 16.214000 0.501667 0.092000 0.336667
263 16.355333 0.506667 0.208000 1.040000
364 16.563000 0.508333 0.220667 1.103333
911 16.725333 0.491667 0.122667 0.450000
638 16.826333 0.495000 0.096667 0.383333
517 16.927667 0.500000 0.126000 0.400000
222 17.040333 0.505000 0.116667 0.576667
48 17.192333 0.491667 0.202000 1.010000
176 17.333000 0.500000 0.098000 0.353333
545 17.418000 0.500000 0.085333 0.353333
243 17.538667 0.506667 0.176000 0.880000
656 17.683000 0.495000 0.130000 0.336667
311 17.778333 0.493333 0.080667 0.353333
299 17.856000 0.493333 0.094667 0.366667
368 17.954333 0.490000 0.118000 0.313333
174 18.067000 0.503333 0.120667 0.440000
105 18.211667 0.496667 0.183333 0.393333
614 18.362333 0.510000 0.135333 0.366667
4 18.477667 0.505000 0.114000 0.490000
830 18.586000 0.501667 0.116000 0.503333
173 18.694000 0.510000 0.117333 0.526667
455 18.779333 0.488333 0.068000 0.350000
251 18.841333 0.505000 0.070667 0.403333
409 18.915333 0.508333 0.092000 0.463333
942 18.970000 0.503333 0.036000 0.286667
53 19.030333 0.500000 0.104667 0.346667
885 19.109667 0.491667 0.070000 0.303333
962 19.159667 0.488333 0.046000 0.336667
814 19.227000 0.498333 0.106000 0.290000
122 19.330000 0.495000 0.114667 0.396667
957 19.401333 0.505000 0.042667 0.323333
1006 19.436667 0.496667 0.041333 0.320000
921 19.479667 0.498333 0.062000 0.370000
861 19.526000 0.498333 0.046667 0.363333
907 19.600667 0.490000 0.121333 0.406667
300 19.692333 0.500000 0.080667 0.253333
783 19.770000 0.493333 0.088000 0.480000
918 19.866667 0.506667 0.122667 0.393333
651 19.986000 0.490000 0.136000 0.446667
33 20.105333 0.490000 0.121333 0.420000
10 20.207333 0.490000 0.102667 0.353333
233 20.309667 0.498333 0.116667 0.483333
640 20.401333 0.510000 0.086667 0.440000
110 20.509667 0.496667 0.146000 0.513333
29 20.644333 0.506667 0.139333 0.380000
280 20.764000 0.501667 0.114667 0.383333
881 20.877667 0.506667 0.132667 0.446667
966 20.949000 0.510000 0.030000 0.246667
559 20.987000 0.495000 0.063333 0.310000
710 21.123667 0.498333 0.228667 1.143333
181 21.285000 0.508333 0.112667 0.376667
541 21.431333 0.500000 0.200000 0.413333
779 21.541000 0.500000 0.036667 0.326667
557 21.585667 0.503333 0.067333 0.453333
950 21.635000 0.491667 0.047333 0.356667
509 21.705333 0.508333 0.112000 0.350000
219 21.811333 0.505000 0.114667 0.496667
603 21.934667 0.490000 0.148000 0.326667
608 22.044000 0.496667 0.088000 0.306667
639 22.120333 0.488333 0.082000 0.410000
362 22.226000 0.503333 0.145333 0.393333
955 22.308333 0.493333 0.038000 0.286667
62 22.356000 0.498333 0.076000 0.356667
817 22.451333 0.493333 0.130667 0.453333
430 22.560000 0.500000 0.104000 0.446667
860 22.730000 0.505000 0.253333 0.656667
304 22.884333 0.488333 0.068667 0.383333
577 22.951333 0.508333 0.081333 0.323333
706 23.020000 0.498333 0.072000 0.363333
687 23.088333 0.495000 0.084667 0.410000
634 23.163667 0.503333 0.083333 0.340000
655 23.248667 0.505000 0.104000 0.430000
575 23.341667 0.506667 0.102000 0.340000
560 23.466000 0.490000 0.162667 0.493333
249 23.568667 0.491667 0.062667 0.490000
147 23.636000 0.506667 0.088000 0.413333
1004 23.693000 0.500000 0.040667 0.340000
478 23.739667 0.493333 0.072667 0.380000
764 23.818000 0.495000 0.097333 0.463333
784 23.886333 0.508333 0.056667 0.436667
426 23.938000 0.508333 0.065333 0.370000
583 23.992333 0.496667 0.058000 0.346667
40 24.076000 0.505000 0.122667 0.456667
906 24.210000 0.493333 0.160000 0.473333
38 24.329000 0.503333 0.098000 0.320000
727 24.395333 0.501667 0.052000 0.336667
868 24.447667 0.500000 0.066000 0.373333
2 24.504000 0.508333 0.062667 0.316667
463 24.562000 0.496667 0.073333 0.386667
193 24.649667 0.495000 0.120667 0.496667
245 24.730000 0.506667 0.060000 0.373333
44 24.808667 0.506667 0.117333 0.460000
326 24.900667 0.508333 0.086667 0.396667
102 25.031667 0.508333 0.188667 0.943333
631 25.215333 0.508333 0.194667 0.656667
70 25.385667 0.498333 0.162000 0.536667
578 25.512667 0.495000 0.108000 0.416667
229 25.616333 0.493333 0.118000 0.486667
405 25.716333 0.493333 0.098000 0.380000
325 25.839333 0.501667 0.165333 0.696667
809 25.978000 0.508333 0.125333 0.683333
408 26.079333 0.500000 0.094667 0.360000
1012 26.142333 0.500000 0.051333 0.373333
457 26.186000 0.503333 0.056000 0.293333
842 26.264333 0.510000 0.115333 0.513333
385 26.389000 0.506667 0.152667 0.426667
273 26.481000 0.490000 0.048667 0.306667
811 26.562667 0.493333 0.133333 0.320000
350 26.679667 0.508333 0.114000 0.316667
773 26.791000 0.496667 0.124667 0.340000
674 26.899667 0.493333 0.111333 0.373333
975 26.964667 0.508333 0.034667 0.270000
133 27.039667 0.508333 0.128667 0.416667
844 27.149333 0.501667 0.109333 0.450000
510 27.257667 0.500000 0.120667 0.373333
958 27.326667 0.493333 0.036000 0.266667
435 27.359000 0.508333 0.044667 0.236667
848 27.425667 0.493333 0.103333 0.313333
254 27.533667 0.488333 0.126000 0.483333
69 27.646000 0.510000 0.114667 0.593333
572 27.747333 0.510000 0.106667 0.433333
264 27.852000 0.493333 0.122667 0.466667
946 27.926333 0.498333 0.044667 0.330000
974 27.959667 0.488333 0.039333 0.330000
990 27.983333 0.498333 0.028000 0.236667
432 28.068000 0.500000 0.160000 0.313333
360 28.196667 0.493333 0.113333 0.340000
891 28.267333 0.498333 0.044000 0.236667
369 28.337333 0.506667 0.114667 0.306667
795 28.419667 0.496667 0.063333 0.380000
755 28.498667 0.503333 0.108000 0.313333
863 28.588333 0.498333 0.088667 0.430000
728 28.657333 0.488333 0.069333 0.603333
943 28.698333 0.503333 0.028667 0.240000
9 28.759667 0.510000 0.107333 0.433333
343 28.872000 0.495000 0.130667 0.376667
333 29.012667 0.505000 0.165333 0.410000
695 29.184000 0.493333 0.197333 0.986667
240 29.303667 0.496667 0.062000 0.333333
338 29.392000 0.495000 0.129333 0.670000
341 29.479333 0.510000 0.062667 0.266667
553 29.562667 0.491667 0.117333 0.403333
307 29.643333 0.493333 0.057333 0.320000
913 29.735667 0.488333 0.140667 0.436667
272 29.878333 0.508333 0.162000 0.456667
878 30.002333 0.488333 0.102000 0.516667
473 30.079333 0.501667 0.065333 0.343333
482 30.143333 0.488333 0.078667 0.403333
705 30.282333 0.491667 0.219333 1.096667
802 30.457000 0.493333 0.150000 0.320000
230 30.567000 0.495000 0.090000 0.383333
546 30.645667 0.496667 0.083333 0.300000
241 30.717667 0.490000 0.079333 0.446667
977 30.767333 0.491667 0.040000 0.310000
32 30.835667 0.506667 0.111333 0.353333
625 30.971667 0.488333 0.176667 0.883333
588 31.103667 0.490000 0.103333 0.473333
185 31.234333 0.491667 0.175333 0.876667
569 31.354000 0.501667 0.077333 0.316667
677 31.446000 0.498333 0.126667 0.470000
886 31.554333 0.506667 0.110000 0.386667
1005 31.622000 0.490000 0.038667 0.313333
380 31.710000 0.500000 0.150667 0.466667
537 31.881667 0.498333 0.208667 1.043333
776 32.062333 0.491667 0.170000 0.390000
145 32.182333 0.491667 0.083333 0.390000
256 32.276000 0.505000 0.117333 0.450000
759 32.385333 0.500000 0.114667 0.340000
206 32.485000 0.506667 0.100667 0.480000
321 32.573000 0.498333 0.088667 0.363333
959 32.628667 0.493333 0.041333 0.340000
213 32.695000 0.501667 0.111333 0.516667
866 32.818667 0.505000 0.152000 0.470000
373 32.969000 0.505000 0.166000 0.830000
568 33.108000 0.495000 0.132000 0.656667
36 33.219333 0.510000 0.108000 0.353333
524 33.318000 0.493333 0.109333 0.346667
471 33.399000 0.506667 0.071333 0.366667
187 33.471667 0.505000 0.092667 0.370000
39 33.575333 0.498333 0.128000 0.416667
13 33.681000 0.501667 0.096667 0.316667
217 33.770000 0.506667 0.096000 0.393333
188 33.858667 0.506667 0.096000 0.486667
796 33.961333 0.488333 0.129333 0.450000
168 34.104333 0.505000 0.175333 0.876667
1002 34.201667 0.505000 0.035333 0.290000
202 34.289667 0.495000 0.159333 0.796667
96 34.447667 0.493333 0.172667 0.373333
406 34.566333 0.498333 0.083333 0.323333
425 34.650333 0.496667 0.100667 0.600000
444 34.728667 0.488333 0.070667 0.376667
645 34.797667 0.503333 0.087333 0.400000
998 34.854333 0.488333 0.039333 0.296667
869 34.908667 0.498333 0.086667 0.516667
3 34.989333 0.503333 0.088000 0.400000
270 35.139667 0.498333 0.226000 1.130000
132 35.294333 0.491667 0.099333 0.410000
288 35.388000 0.498333 0.101333 0.390000
293 35.474333 0.491667 0.087333 0.336667
223 35.562000 0.508333 0.102667 0.423333
199 35.661667 0.493333 0.115333 0.573333
242 35.780667 0.490000 0.136000 0.520000
268 35.911333 0.493333 0.140000 0.426667
771 36.019000 0.510000 0.094000 0.486667
468 36.090000 0.496667 0.064000 0.326667
496 36.174000 0.496667 0.124000 0.513333
348 36.308000 0.510000 0.160000 0.800000
123 36.431667 0.500000 0.103333 0.673333
654 36.582333 0.503333 0.215333 0.460000
323 36.799000 0.491667 0.232667 0.503333
752 36.940667 0.491667 0.064000 0.183333
388 37.025667 0.510000 0.122000 0.333333
74 37.159667 0.501667 0.162000 0.496667
287 37.288667 0.498333 0.114667 0.430000
567 37.407000 0.496667 0.142000 0.573333
609 37.498667 0.506667 0.057333 0.233333
250 37.585667 0.493333 0.131333 0.626667
547 37.680667 0.500000 0.077333 0.453333
594 37.756333 0.490000 0.094000 0.286667
733 37.832333 0.498333 0.074000 0.436667
420 37.908333 0.488333 0.095333 0.350000
244 38.039333 0.488333 0.180000 0.483333
393 38.183000 0.488333 0.127333 0.396667
650 38.305667 0.491667 0.138000 0.456667
827 38.406000 0.508333 0.082667 0.403333
164 38.497000 0.500000 0.118000 0.433333
320 38.621000 0.510000 0.150000 0.500000
890 38.746667 0.510000 0.118667 0.506667
858 38.855000 0.496667 0.114000 0.373333
203 38.962000 0.510000 0.113333 0.486667
898 39.063333 0.491667 0.109333 0.303333
529 39.154667 0.501667 0.089333 0.343333
562 39.279667 0.506667 0.178000 0.366667
67 39.449667 0.501667 0.182000 0.910000
495 39.579667 0.495000 0.094000 0.423333
344 39.692667 0.498333 0.149333 0.396667
57 39.785333 0.493333 0.054667 0.293333
499 39.837667 0.491667 0.063333 0.383333
480 39.890333 0.496667 0.062000 0.326667
83 39.953333 0.501667 0.078667 0.376667
846 40.033333 0.493333 0.100000 0.440000
194 40.119667 0.506667 0.090000 0.380000
252 40.216000 0.496667 0.121333 0.486667
308 40.304000 0.491667 0.070667 0.396667
310 40.369333 0.505000 0.080000 0.443333
226 40.450000 0.506667 0.101333 0.480000
479 40.528000 0.510000 0.074667 0.386667
291 40.617000 0.510000 0.123333 0.480000
289 40.760000 0.510000 0.181333 0.906667
414 40.948333 0.498333 0.208667 1.043333
381 41.117667 0.503333 0.144667 0.460000
312 41.242000 0.505000 0.117333 0.443333
306 41.321333 0.495000 0.057333 0.323333
686 41.395000 0.491667 0.106000 0.523333
175 41.494000 0.495000 0.110667 0.410000
835 41.596000 0.490000 0.108000 0.460000
900 41.704333 0.508333 0.123333 0.350000
453 41.788000 0.498333 0.057333 0.310000
303 41.850000 0.508333 0.082667 0.463333
438 41.944333 0.500000 0.119333 0.360000
666 42.047667 0.490000 0.100667 0.346667
394 42.160333 0.508333 0.143333 0.390000
347 42.282333 0.490000 0.115333 0.326667
635 42.373333 0.505000 0.085333 0.350000
220 42.458667 0.490000 0.104000 0.420000
1009 42.522000 0.500000 0.038667 0.280000
210 42.596333 0.510000 0.127333 0.513333
56 42.689000 0.488333 0.075333 0.110000
441 42.751667 0.500000 0.063333 0.326667
681 42.799333 0.508333 0.046667 0.423333
235 42.874333 0.501667 0.116667 0.550000
675 42.981667 0.491667 0.112667 0.390000
22 43.101667 0.500000 0.147333 0.493333
137 43.201333 0.501667 0.068000 0.336667
125 43.280000 0.510000 0.105333 0.453333
27 43.383333 0.500000 0.114667 0.386667
770 43.524333 0.505000 0.180667 0.903333
852 43.668333 0.496667 0.122000 0.500000
25 43.783000 0.491667 0.123333 0.456667
877 43.878333 0.488333 0.087333 0.430000
94 44.006333 0.488333 0.184667 0.390000
77 44.162000 0.503333 0.146667 0.366667
281 44.287667 0.488333 0.120667 0.410000
104 44.445333 0.490000 0.210667 1.053333
52 44.588333 0.506667 0.091333 0.320000
46 44.653333 0.505000 0.054667 0.496667
262 44.732000 0.506667 0.118667 0.593333
797 44.828000 0.505000 0.086667 0.330000
563 44.957667 0.498333 0.186000 0.383333
261 45.143667 0.498333 0.199333 0.996667
180 45.288333 0.501667 0.108667 0.383333
1001 45.352000 0.496667 0.034667 0.266667
804 45.432333 0.503333 0.140667 0.413333
515 45.548000 0.500000 0.109333 0.353333
11 45.641667 0.496667 0.091333 0.293333
754 45.736333 0.491667 0.115333 0.563333
688 45.834333 0.491667 0.099333 0.490000
542 45.925333 0.491667 0.100000 0.376667
214 46.012333 0.495000 0.090000 0.436667
960 46.071000 0.498333 0.046000 0.370000
893 46.156333 0.498333 0.144667 0.430000
266 46.290333 0.491667 0.139333 0.450000
68 46.404000 0.503333 0.102667 0.293333
1007 46.470667 0.501667 0.048000 0.356667
470 46.518667 0.495000 0.061333 0.350000
73 46.598333 0.488333 0.118000 0.356667
371 46.710000 0.506667 0.125333 0.373333
628 46.831000 0.508333 0.135333 0.456667
854 46.965000 0.490000 0.147333 0.506667
715 47.145333 0.503333 0.230667 1.153333
400 47.278667 0.503333 0.050667 0.446667
294 47.380333 0.491667 0.172667 0.863333
564 47.538667 0.495000 0.162667 0.330000
95 47.717333 0.488333 0.209333 0.450000
520 47.884000 0.493333 0.137333 0.433333
198 48.029000 0.505000 0.172667 0.863333
150 48.164000 0.506667 0.113333 0.466667
12 48.267333 0.505000 0.110667 0.383333
772 48.425333 0.503333 0.222667 1.113333
205 48.576000 0.501667 0.094667 0.390000
872 48.693000 0.505000 0.158000 0.443333
703 48.836333 0.505000 0.143333 0.503333
813 48.964667 0.491667 0.128000 0.330000
855 49.064000 0.501667 0.085333 0.216667
279 49.156000 0.488333 0.114667 0.650000
535 49.296333 0.508333 0.179333 0.896667
278 49.454000 0.503333 0.153333 0.473333
791 49.563667 0.508333 0.082000 0.503333
897 49.651000 0.495000 0.110000 0.336667
450 49.732000 0.491667 0.072000 0.383333
602 49.818333 0.491667 0.118000 0.363333
208 49.915667 0.495000 0.092667 0.383333
668 50.002000 0.501667 0.097333 0.330000
653 50.129333 0.493333 0.174667 0.566667
585 50.288333 0.498333 0.162000 0.810000
21 50.416333 0.495000 0.110000 0.383333
166 50.509667 0.510000 0.094000 0.360000
920 50.593667 0.498333 0.094000 0.350000
128 50.744667 0.496667 0.228000 1.140000
419 50.899333 0.488333 0.101333 0.496667
680 50.993000 0.495000 0.103333 0.370000
840 51.084000 0.501667 0.098667 0.403333
747 51.171333 0.496667 0.092000 0.400000
86 51.252667 0.496667 0.088000 0.380000
404 51.365667 0.491667 0.156667 0.783333
722 51.493000 0.488333 0.114000 0.330000
298 51.586333 0.498333 0.086000 0.430000
216 51.690333 0.495000 0.135333 0.536667
5 51.791667 0.498333 0.083333 0.403333
382 51.889000 0.508333 0.127333 0.376667
440 51.986333 0.498333 0.080667 0.423333
363 52.094333 0.506667 0.155333 0.426667
497 52.232000 0.495000 0.136000 0.350000
934 52.313000 0.495000 0.043333 0.323333
595 52.393667 0.500000 0.131333 0.406667
533 52.498333 0.505000 0.092667 0.316667
448 52.565667 0.488333 0.055333 0.303333
191 52.637667 0.488333 0.102000 0.503333
19 52.728333 0.503333 0.099333 0.360000
748 52.822333 0.488333 0.104667 0.356667
661 52.917667 0.508333 0.106000 0.383333
740 53.022000 0.490000 0.121333 0.280000
550 53.114667 0.501667 0.084000 0.416667
161 53.214667 0.493333 0.136000 0.493333
89 53.365000 0.488333 0.182000 0.383333
864 53.505000 0.506667 0.112667 0.446667
985 53.571000 0.491667 0.036667 0.290000
718 53.687667 0.501667 0.216667 1.083333
973 53.809000 0.493333 0.040667 0.333333
488 53.855000 0.500000 0.067333 0.320000
841 53.933000 0.496667 0.104667 0.433333
867 54.028667 0.500000 0.100000 0.320000
290 54.149667 0.488333 0.155333 0.443333
641 54.253667 0.488333 0.068667 0.330000
14 54.324333 0.510000 0.087333 0.300000
35 54.416333 0.490000 0.112667 0.366667
875 54.536667 0.505000 0.141333 0.356667
903 54.681000 0.495000 0.160667 0.430000
475 54.792667 0.503333 0.077333 0.400000
100 54.931333 0.508333 0.217333 0.456667
433 55.095667 0.490000 0.130000 0.346667
953 55.171667 0.488333 0.039333 0.303333
516 55.242000 0.500000 0.117333 0.386667
555 55.312333 0.501667 0.040667 0.383333
713 55.405333 0.503333 0.161333 0.506667
407 55.526667 0.490000 0.100000 0.373333
871 55.599667 0.506667 0.060667 0.320000
979 55.640333 0.508333 0.040667 0.316667
816 55.706667 0.506667 0.109333 0.273333
928 55.773000 0.488333 0.036667 0.270000
358 55.855667 0.506667 0.144667 0.380000
508 55.958000 0.503333 0.078667 0.400000
717 56.083667 0.493333 0.191333 0.593333
195 56.213000 0.501667 0.083333 0.370000
519 56.316000 0.488333 0.140000 0.483333
462 56.405000 0.495000 0.051333 0.290000
781 56.460000 0.500000 0.074667 0.393333
365 56.544333 0.488333 0.112667 0.303333
374 56.657667 0.490000 0.131333 0.353333
780 56.798667 0.501667 0.165333 0.470000
317 56.920000 0.506667 0.092000 0.333333
190 57.041000 0.508333 0.164667 0.823333
390 57.179333 0.500000 0.130667 0.360000
204 57.280333 0.510000 0.091333 0.420000
536 57.383667 0.495000 0.130000 0.483333
528 57.496667 0.493333 0.113333 0.380000
927 57.568333 0.490000 0.044667 0.360000
253 57.609667 0.510000 0.052667 0.473333
573 57.676667 0.506667 0.101333 0.420000
821 57.762333 0.501667 0.083333 0.556667
838 57.849000 0.496667 0.103333 0.420000
472 57.930000 0.488333 0.078667 0.463333
228 58.011333 0.490000 0.104000 0.526667
570 58.097000 0.490000 0.087333 0.386667
832 58.185667 0.501667 0.103333 0.476667
274 58.271667 0.493333 0.088667 0.420000
902 58.386667 0.510000 0.154667 0.440000
882 58.508000 0.508333 0.104000 0.410000
129 58.619000 0.503333 0.138000 0.533333
186 58.734333 0.508333 0.110000 0.516667
184 58.822000 0.498333 0.081333 0.416667
449 58.892000 0.490000 0.078667 0.413333
339 58.960000 0.510000 0.076000 0.420000
352 59.048333 0.503333 0.120667 0.340000
534 59.151667 0.505000 0.102000 0.403333
153 59.234000 0.490000 0.081333 0.373333
58 59.297000 0.495000 0.058000 0.256667
131 59.361333 0.501667 0.090667 0.356667
167 59.469000 0.500000 0.138000 0.486667
889 59.603667 0.491667 0.147333 0.450000
725 59.720667 0.493333 0.105333 0.446667
876 59.827667 0.493333 0.123333 0.326667
417 59.925333 0.491667 0.092000 0.450000
824 60.017000 0.506667 0.106000 0.473333
142 60.117333 0.495000 0.108000 0.456667
948 60.185667 0.505000 0.043333 0.356667
947 60.223000 0.491667 0.047333 0.350000
91 60.358000 0.501667 0.237333 0.503333
98 60.558667 0.503333 0.184000 0.920000
857 60.739000 0.495000 0.191333 0.416667
328 60.926333 0.488333 0.200667 0.436667
215 61.062333 0.495000 0.091333 0.436667
313 61.158667 0.501667 0.116000 0.423333
732 61.251667 0.510000 0.087333 0.420000
523 61.340333 0.501667 0.104667 0.330000
336 61.437000 0.491667 0.104667 0.503333
774 61.505333 0.496667 0.052000 0.306667
549 61.582333 0.500000 0.119333 0.400000
565 61.703000 0.498333 0.136667 0.283333
483 61.795000 0.506667 0.063333 0.326667
618 61.849000 0.506667 0.064667 0.366667
412 61.916667 0.503333 0.089333 0.453333
672 61.998667 0.508333 0.092000 0.303333
504 62.114333 0.493333 0.158000 0.460000
456 62.218667 0.491667 0.065333 0.350000
935 62.267333 0.496667 0.049333 0.366667
880 62.344333 0.506667 0.118000 0.380000
815 62.466667 0.493333 0.145333 0.380000
271 62.609667 0.498333 0.155333 0.776667
526 62.744667 0.505000 0.130667 0.336667
971 62.819667 0.488333 0.032667 0.256667
1018 62.854333 0.488333 0.050000 0.356667
660 62.924667 0.495000 0.104000 0.350000
513 63.016333 0.496667 0.094000 0.306667
260 63.125000 0.496667 0.142000 0.366667
944 63.214333 0.491667 0.051333 0.376667
768 63.267000 0.498333 0.067333 0.196667
558 63.329000 0.493333 0.075333 0.366667
1010 63.382667 0.508333 0.045333 0.336667
494 63.433333 0.510000 0.074667 0.393333
109 63.566000 0.503333 0.208000 1.040000
146 63.709000 0.510000 0.094000 0.406667
384 63.809333 0.505000 0.121333 0.383333
896 63.933333 0.491667 0.144000 0.443333
591 64.083000 0.501667 0.170000 0.563333
218 64.203333 0.493333 0.090667 0.380000
767 64.297333 0.495000 0.116000 0.350000
769 64.404333 0.510000 0.118000 0.340000
355 64.522667 0.488333 0.137333 0.356667
879 64.646333 0.506667 0.127333 0.360000
596 64.753000 0.503333 0.103333 0.306667
726 64.829000 0.495000 0.064667 0.336667
521 64.921000 0.505000 0.132667 0.370000
439 65.038000 0.510000 0.114667 0.446667
992 65.109333 0.503333 0.044000 0.340000
183 65.169000 0.498333 0.094000 0.383333
592 65.320667 0.496667 0.225333 1.126667
66 65.527667 0.505000 0.206000 1.030000
964 65.636667 0.505000 0.032000 0.256667
988 65.662667 0.508333 0.040000 0.296667
265 65.783333 0.493333 0.220000 1.100000
324 65.967000 0.496667 0.163333 0.800000
255 66.095333 0.500000 0.112000 0.420000
647 66.182333 0.488333 0.082000 0.410000
424 66.271667 0.491667 0.116667 0.376667
983 66.342000 0.500000 0.041333 0.320000
386 66.422000 0.496667 0.138667 0.426667
6 66.524667 0.500000 0.084000 0.313333
367 66.638333 0.506667 0.156667 0.486667
996 66.722000 0.495000 0.030667 0.250000
97 66.818000 0.500000 0.176000 0.880000
357 66.967000 0.488333 0.139333 0.376667
808 67.087000 0.498333 0.118000 0.430000
901 67.253000 0.501667 0.227333 1.136667
730 67.423667 0.490000 0.132667 0.493333
55 67.545000 0.493333 0.130000 0.340000
234 67.647000 0.488333 0.094000 0.376667
952 67.705000 0.496667 0.042000 0.313333
531 67.800000 0.510000 0.162667 0.373333
667 67.931000 0.506667 0.115333 0.386667
305 68.015333 0.505000 0.068000 0.383333
624 68.110333 0.500000 0.136667 0.460000
856 68.251000 0.500000 0.159333 0.393333
981 68.338333 0.501667 0.032667 0.263333
81 68.390667 0.498333 0.092000 0.370000
912 68.472000 0.510000 0.090667 0.386667
847 68.574667 0.495000 0.132000 0.456667
924 68.656000 0.503333 0.045333 0.346667
865 68.721333 0.501667 0.098667 0.330000
700 68.831333 0.496667 0.140000 0.560000
599 68.945667 0.493333 0.107333 0.326667
346 69.069000 0.493333 0.159333 0.466667
932 69.165333 0.500000 0.048000 0.346667
322 69.226667 0.488333 0.089333 0.096667
163 69.320667 0.503333 0.117333 0.453333
489 69.403667 0.501667 0.062000 0.370000
1021 69.447333 0.500000 0.038667 0.293333
1015 69.480333 0.510000 0.040667 0.313333
353 69.562333 0.500000 0.143333 0.406667
118 69.676667 0.508333 0.102667 0.410000
461 69.761667 0.508333 0.083333 0.456667
511 69.849000 0.510000 0.106000 0.360000
498 69.926000 0.501667 0.065333 0.390000
459 69.981000 0.500000 0.059333 0.326667
574 70.052000 0.493333 0.102667 0.406667
940 70.113333 0.501667 0.038667 0.303333
481 70.151000 0.501667 0.056667 0.296667
683 70.285333 0.503333 0.230667 1.153333
112 70.470000 0.498333 0.152000 0.503333
493 70.575000 0.496667 0.075333 0.386667
914 70.661333 0.505000 0.112000 0.343333
212 70.764667 0.488333 0.112000 0.450000
745 70.861333 0.498333 0.097333 0.363333
831 70.952333 0.493333 0.099333 0.433333
447 71.031000 0.488333 0.072667 0.370000
1000 71.085000 0.498333 0.048667 0.356667
505 71.135000 0.505000 0.064667 0.263333
662 71.206333 0.503333 0.094000 0.326667
340 71.306000 0.496667 0.121333 0.366667
316 71.420333 0.495000 0.123333 0.490000
708 71.514333 0.490000 0.082000 0.360000
787 71.588667 0.493333 0.081333 0.506667
26 71.692333 0.501667 0.143333 0.483333
892 71.847000 0.500000 0.179333 0.546667
138 71.968000 0.493333 0.076000 0.440000
82 72.030667 0.498333 0.068000 0.490000
65 72.112333 0.493333 0.110000 0.280000
629 72.245000 0.491667 0.174000 0.590000
177 72.381667 0.496667 0.119333 0.426667
108 72.528000 0.496667 0.189333 0.946667
485 72.648667 0.508333 0.070667 0.370000
828 72.720333 0.510000 0.087333 0.360000
113 72.837333 0.490000 0.160000 0.800000
334 72.970000 0.501667 0.121333 0.396667
396 73.089000 0.488333 0.135333 0.356667
379 73.232000 0.506667 0.166667 0.486667
742 73.387667 0.495000 0.163333 0.816667
853 73.503000 0.510000 0.080667 0.366667
446 73.570333 0.496667 0.067333 0.386667
437 73.635667 0.495000 0.083333 0.376667
522 73.733667 0.503333 0.128667 0.406667
954 73.809667 0.493333 0.040667 0.326667
1017 73.836000 0.496667 0.032000 0.266667
579 73.943000 0.508333 0.199333 0.536667
949 74.053000 0.493333 0.035333 0.300000
652 74.133667 0.500000 0.139333 0.466667
908 74.238000 0.496667 0.082667 0.306667
626 74.376000 0.493333 0.208000 1.040000
794 74.507000 0.495000 0.067333 0.416667
59 74.619000 0.488333 0.170000 0.850000
810 74.737333 0.488333 0.081333 0.370000
99 74.856000 0.503333 0.172000 0.860000
436 74.986000 0.496667 0.106667 0.313333
395 75.103000 0.491667 0.143333 0.383333
926 75.190333 0.506667 0.046000 0.340000
114 75.245000 0.493333 0.078000 0.386667
758 75.334667 0.503333 0.121333 0.353333
87 75.471667 0.495000 0.167333 0.836667
692 75.583333 0.503333 0.072000 0.353333
411 75.713333 0.508333 0.204000 0.403333
850 75.859667 0.506667 0.108667 0.453333
782 75.949000 0.501667 0.084667 0.390000
884 76.057667 0.501667 0.148667 0.556667
798 76.173000 0.491667 0.099333 0.363333
525 76.277333 0.490000 0.122667 0.413333
761 76.404333 0.510000 0.148667 0.466667
423 76.571000 0.508333 0.198000 0.990000
793 76.714333 0.508333 0.106000 0.430000
451 76.785333 0.488333 0.054667 0.303333
551 76.875333 0.490000 0.140000 0.433333
664 76.986667 0.508333 0.098667 0.330000
192 77.082000 0.493333 0.108000 0.553333
207 77.192000 0.495000 0.132000 0.530000
922 77.273667 0.510000 0.047333 0.353333
627 77.379000 0.488333 0.176667 0.596667
801 77.518667 0.510000 0.116000 0.426667
682 77.616333 0.498333 0.095333 0.350000
698 77.686667 0.488333 0.062667 0.330000
552 77.741333 0.503333 0.061333 0.413333
474 77.798333 0.493333 0.067333 0.353333
139 77.868333 0.500000 0.086000 0.460000
785 77.938333 0.491667 0.070000 0.303333
490 78.000000 0.496667 0.069333 0.366667
637 78.057333 0.498333 0.064000 0.330000
135 78.131667 0.503333 0.098000 0.306667
757 78.231333 0.508333 0.116000 0.376667
64 78.320333 0.490000 0.076667 0.373333
826 78.397667 0.505000 0.091333 0.376667
415 78.521667 0.491667 0.171333 0.856667
904 78.633000 0.505000 0.066000 0.310000
127 78.707000 0.493333 0.100667 0.346667
1022 78.771667 0.491667 0.042000 0.336667
165 78.837333 0.508333 0.102667 0.383333
777 78.942667 0.500000 0.122667 0.520000
738 79.035667 0.510000 0.083333 0.400000
136 79.122667 0.506667 0.106667 0.480000
427 79.270333 0.495000 0.207333 1.036667
158 79.479333 0.510000 0.225333 1.126667
170 79.645000 0.510000 0.126000 0.446667
837 79.742667 0.508333 0.084000 0.390000
873 79.813667 0.496667 0.075333 0.360000
643 79.895333 0.503333 0.106667 0.400000
607 79.994000 0.493333 0.104000 0.313333
124 80.082333 0.491667 0.090000 0.323333
756 80.181667 0.508333 0.122000 0.363333
115 80.262000 0.488333 0.056000 0.276667
149 80.396000 0.493333 0.225333 1.126667
899 80.565000 0.508333 0.127333 0.350000
469 80.651667 0.503333 0.062000 0.346667
491 80.734667 0.505000 0.120000 0.583333
75 80.852667 0.495000 0.130667 0.410000
377 80.975333 0.493333 0.133333 0.366667
239 81.095333 0.491667 0.124000 0.776667
972 81.170333 0.495000 0.040667 0.323333
93 81.267000 0.491667 0.172667 0.863333
454 81.378667 0.496667 0.064000 0.326667
736 81.429000 0.496667 0.051333 0.333333
642 81.500667 0.506667 0.109333 0.420000
951 81.570667 0.510000 0.046667 0.353333
283 81.644667 0.496667 0.116000 0.393333
834 81.752000 0.488333 0.116000 0.556667
910 81.850667 0.508333 0.098667 0.330000
723 81.942000 0.490000 0.100000 0.346667
30 82.047667 0.505000 0.128667 0.376667
612 82.188667 0.491667 0.168000 0.436667
696 82.334333 0.503333 0.142000 0.320000
916 82.510000 0.506667 0.222667 0.546667
248 82.651333 0.506667 0.074667 0.400000
937 82.697000 0.498333 0.030000 0.250000
807 82.783333 0.496667 0.161333 0.806667
788 82.966667 0.496667 0.218667 1.093333
617 83.109000 0.503333 0.083333 0.353333
538 83.219000 0.490000 0.156667 0.393333
976 83.311667 0.508333 0.048667 0.350000
372 83.405333 0.493333 0.156000 0.460000
247 83.530000 0.488333 0.109333 0.456667
605 83.644000 0.491667 0.138667 0.376667
49 83.790667 0.506667 0.169333 0.846667
792 83.928667 0.510000 0.125333 0.500000
464 84.022000 0.500000 0.077333 0.406667
356 84.108667 0.491667 0.110667 0.343333
789 84.197000 0.488333 0.079333 0.476667
116 84.288667 0.496667 0.118667 0.360000
413 84.412667 0.505000 0.146667 0.616667
335 84.541333 0.498333 0.130667 0.456667
799 84.653000 0.505000 0.107333 0.410000
331 84.815667 0.505000 0.231333 0.516667
434 84.977667 0.506667 0.108667 0.373333
156 85.095000 0.488333 0.143333 0.363333
729 85.171333 0.495000 0.026667 0.356667
931 85.201333 0.496667 0.048000 0.366667
665 85.282667 0.498333 0.130667 0.416667
822 85.392333 0.503333 0.103333 0.360000
401 85.487000 0.493333 0.100667 0.513333
543 85.606667 0.501667 0.153333 0.470000
630 85.766333 0.495000 0.180667 0.903333
970 85.871000 0.496667 0.043333 0.340000
619 85.928333 0.498333 0.091333 0.470000
286 86.030333 0.493333 0.126000 0.466667
604 86.143667 0.496667 0.116667 0.353333
775 86.239333 0.503333 0.092000 0.433333
389 86.333333 0.490000 0.114667 0.340000
178 86.431000 0.503333 0.099333 0.353333
697 86.504667 0.496667 0.068000 0.340000
297 86.560333 0.505000 0.062000 0.323333
143 86.622000 0.496667 0.078667 0.333333
442 86.683000 0.498333 0.059333 0.323333
391 86.781667 0.496667 0.158000 0.420000
633 86.940000 0.503333 0.178667 0.893333
766 87.079333 0.495000 0.116000 0.343333
965 87.153333 0.501667 0.046667 0.356667
428 87.213000 0.496667 0.090000 0.620000
735 87.312333 0.508333 0.126000 0.510000
295 87.419000 0.496667 0.102000 0.433333
746 87.542667 0.503333 0.162667 0.480000
851 87.674333 0.508333 0.115333 0.536667
351 87.781000 0.495000 0.118000 0.343333
387 87.887333 0.506667 0.108000 0.340000
403 88.013000 0.495000 0.160667 0.456667
172 88.146333 0.505000 0.123333 0.450000
157 88.262667 0.496667 0.129333 0.533333
933 88.336333 0.501667 0.038000 0.303333
60 88.385333 0.496667 0.076000 0.326667
818 88.473667 0.490000 0.115333 0.340000
484 88.582667 0.495000 0.118667 0.450000
238 88.684000 0.508333 0.100000 0.390000
209 88.783000 0.506667 0.111333 0.453333
80 88.877000 0.501667 0.094000 0.470000
753 88.985000 0.500000 0.140667 0.446667
800 89.105000 0.506667 0.119333 0.446667
8 89.206000 0.498333 0.097333 0.390000
778 89.291000 0.493333 0.088667 0.560000
130 89.424333 0.495000 0.195333 0.976667
989 89.532000 0.493333 0.040000 0.333333
967 89.563000 0.498333 0.038000 0.296667
467 89.604667 0.496667 0.061333 0.346667
354 89.696667 0.503333 0.142667 0.440000
154 89.799333 0.510000 0.081333 0.393333
993 89.852000 0.501667 0.037333 0.296667
648 89.914333 0.496667 0.100667 0.440000
337 90.051667 0.495000 0.190000 0.950000
79 90.263333 0.498333 0.252000 0.503333
500 90.427667 0.510000 0.091333 0.413333
712 90.551000 0.495000 0.175333 0.876667
458 90.660000 0.493333 0.061333 0.360000
1 90.718667 0.503333 0.076000 0.400000
144 90.800667 0.503333 0.108000 0.453333
460 90.878667 0.498333 0.062667 0.343333
678 90.944667 0.510000 0.085333 0.306667
909 91.032000 0.508333 0.104000 0.463333
613 91.156000 0.506667 0.161333 0.413333
224 91.287333 0.495000 0.120000 0.550000
905 91.403667 0.491667 0.127333 0.403333
995 91.472333 0.495000 0.030000 0.250000
829 91.531333 0.491667 0.104000 0.476667
548 91.635333 0.505000 0.122667 0.383333
0 91.709000 0.490000 0.039333 0.313333
925 91.744333 0.493333 0.050000 0.360000
751 91.805000 0.496667 0.088667 0.360000
845 91.895667 0.500000 0.108667 0.446667
1011 91.958333 0.501667 0.035333 0.276667
141 92.015667 0.488333 0.095333 0.456667
623 92.145333 0.500000 0.177333 0.886667
894 92.302000 0.506667 0.149333 0.393333
1008 92.389000 0.496667 0.040667 0.333333
887 92.482667 0.495000 0.160000 0.490000
673 92.613667 0.490000 0.120667 0.420000
47 92.722667 0.490000 0.116000 0.566667
819 92.850333 0.501667 0.158000 0.363333
690 92.957333 0.490000 0.070667 0.346667
704 93.050333 0.510000 0.132667 0.400000
418 93.152333 0.505000 0.087333 0.423333
160 93.226333 0.506667 0.078000 0.413333
571 93.308667 0.508333 0.102667 0.423333
823 93.410000 0.495000 0.113333 0.490000
31 93.512000 0.491667 0.109333 0.336667
152 93.600333 0.488333 0.082000 0.403333
197 93.676667 0.488333 0.090667 0.363333
532 93.775333 0.506667 0.126667 0.646667
282 93.882667 0.506667 0.102667 0.353333
939 93.944333 0.495000 0.039333 0.290000
587 94.012667 0.493333 0.114667 0.360000
839 94.104000 0.496667 0.086667 0.373333
151 94.177667 0.501667 0.080667 0.403333
999 94.232667 0.510000 0.045333 0.360000
465 94.274667 0.493333 0.053333 0.280000
349 94.383667 0.491667 0.180667 0.903333
689 94.507000 0.510000 0.082000 0.400000
106 94.639000 0.491667 0.199333 0.423333
23 94.821000 0.508333 0.178000 0.890000
833 94.944000 0.500000 0.085333 0.360000
644 95.017333 0.496667 0.081333 0.386667
711 95.127333 0.503333 0.152000 0.473333
980 95.210667 0.490000 0.034667 0.273333
576 95.260667 0.500000 0.082667 0.313333
699 95.363333 0.508333 0.140000 0.390000
285 95.495333 0.503333 0.142667 0.460000
315 95.624000 0.503333 0.132000 0.506667
836 95.740667 0.506667 0.121333 0.526667
986 95.810667 0.498333 0.034667 0.270000
507 95.854667 0.496667 0.070667 0.360000
750 95.947667 0.493333 0.132667 0.500000
600 96.057333 0.506667 0.105333 0.313333
530 96.154667 0.506667 0.109333 0.513333
314 96.254000 0.491667 0.106667 0.383333
359 96.372333 0.490000 0.146000 0.413333
375 96.505333 0.500000 0.136000 0.400000
296 96.611000 0.493333 0.094000 0.353333
171 96.700667 0.493333 0.101333 0.366667
51 96.791667 0.490000 0.099333 0.346667
888 96.895667 0.500000 0.123333 0.406667
709 96.993000 0.506667 0.091333 0.400000
15 97.089333 0.510000 0.118667 0.386667
514 97.190667 0.500000 0.102667 0.333333
182 97.297333 0.500000 0.128000 0.440000
963 97.374000 0.491667 0.038667 0.296667
805 97.447000 0.495000 0.127333 0.370000
431 97.561333 0.491667 0.121333 0.436667
862 97.655667 0.510000 0.082000 0.366667
506 97.709667 0.488333 0.042000 0.476667
71 97.751333 0.505000 0.056000 0.290000
895 97.845000 0.493333 0.151333 0.406667
554 98.017333 0.490000 0.212000 1.060000
611 98.164667 0.490000 0.102667 0.433333
1020 98.226000 0.493333 0.034667 0.280000
301 98.269667 0.490000 0.068667 0.393333
24 98.353333 0.498333 0.116000 0.390000
487 98.431000 0.493333 0.059333 0.313333
632 98.544333 0.495000 0.184667 0.590000
956 98.647000 0.503333 0.036667 0.293333
236 98.722667 0.498333 0.128000 0.523333
859 98.826333 0.496667 0.098000 0.300000
452 98.910667 0.506667 0.090667 0.460000
825 98.993000 0.508333 0.087333 0.403333
714 99.120000 0.495000 0.186667 0.516667
196 99.270000 0.491667 0.126667 0.516667
119 99.365667 0.493333 0.084667 0.506667
20 99.452667 0.491667 0.106667 0.370000
232 99.553333 0.498333 0.110667 0.470000
134 99.647667 0.496667 0.098000 0.380000
28 99.738667 0.491667 0.102667 0.343333
392 99.849000 0.495000 0.136667 0.410000
361 99.989667 0.506667 0.162000 0.446667
445 100.091333 0.498333 0.058667 0.316667
741 100.162333 0.503333 0.103333 0.360000
915 100.243333 0.496667 0.073333 0.593333
477 100.312000 0.506667 0.077333 0.406667
820 100.395333 0.488333 0.105333 0.436667
941 100.460667 0.506667 0.038667 0.300000
275 100.499333 0.505000 0.056000 0.330000
679 100.558667 0.508333 0.081333 0.496667
968 100.609333 0.498333 0.038667 0.303333
936 100.640333 0.496667 0.040667 0.306667
169 100.720000 0.505000 0.136000 0.483333
601 100.854000 0.501667 0.149333 0.463333
501 100.967000 0.503333 0.096667 0.426667
476 101.042000 0.493333 0.072000 0.426667
54 101.098333 0.508333 0.060667 0.323333
598 101.168667 0.500000 0.100000 0.300000
257 101.283000 0.510000 0.148667 0.440000
621 101.381333 0.493333 0.061333 0.620000
7 101.470333 0.506667 0.131333 0.460000
606 101.588000 0.500000 0.121333 0.366667
17 101.694667 0.488333 0.112000 0.390000
991 101.761000 0.505000 0.035333 0.263333
342 101.807667 0.493333 0.076667 0.320000
734 101.943333 0.500000 0.213333 0.553333
724 102.088000 0.498333 0.090667 0.470000
302 102.159000 0.495000 0.070000 0.390000
987 102.205333 0.510000 0.041333 0.340000
201 102.270333 0.508333 0.108667 0.556667
843 102.367667 0.500000 0.102000 0.440000
486 102.448000 0.510000 0.073333 0.373333
994 102.491000 0.501667 0.032667 0.270000
610 102.556333 0.493333 0.118000 0.360000
383 102.694333 0.495000 0.175333 0.876667
269 102.881000 0.488333 0.216667 1.083333
329 103.081667 0.495000 0.198000 0.723333
658 103.209000 0.491667 0.070000 0.403333
88 103.339667 0.491667 0.207333 1.036667
