117 0.079000 0.488333 0.151333 0.463333
913 0.216667 0.510000 0.137333 0.406667
22 0.329667 0.490000 0.106000 0.353333
763 0.408667 0.506667 0.065333 0.440000
825 0.488333 0.506667 0.111333 0.486667
467 0.564667 0.498333 0.056000 0.316667
727 0.628333 0.491667 0.091333 0.410000
649 0.709667 0.501667 0.084667 0.450000
310 0.773000 0.506667 0.055333 0.313333
293 0.843333 0.496667 0.104000 0.406667
289 1.020333 0.493333 0.263333 0.506667
576 1.187667 0.490000 0.084667 0.326667
497 1.301000 0.488333 0.158000 0.423333
739 1.405000 0.500000 0.067333 0.480000
919 1.471333 0.500000 0.080000 0.393333
671 1.551333 0.490000 0.093333 0.306667
265 1.659000 0.508333 0.142000 0.550000
976 1.746000 0.498333 0.046667 0.343333
935 1.780667 0.488333 0.041333 0.323333
255 1.867667 0.500000 0.150000 0.573333
46 1.964333 0.501667 0.059333 0.556667
735 2.042000 0.510000 0.109333 0.446667
885 2.125667 0.501667 0.075333 0.323333
912 2.191333 0.508333 0.073333 0.290000
837 2.270000 0.491667 0.098667 0.470000
762 2.361333 0.493333 0.101333 0.446667
399 2.454667 0.506667 0.104000 0.340000
409 2.550667 0.488333 0.102667 0.523333
3 2.631667 0.496667 0.074000 0.320000
187 2.717333 0.493333 0.112000 0.460000
670 2.815667 0.508333 0.104667 0.330000
459 2.886000 0.510000 0.054667 0.326667
997 2.928333 0.508333 0.047333 0.356667
510 3.014667 0.505000 0.141333 0.523333
953 3.096000 0.498333 0.038667 0.296667
884 3.158333 0.488333 0.102000 0.350000
367 3.269333 0.503333 0.133333 0.400000
93 3.412000 0.488333 0.169333 0.843333
830 3.545000 0.501667 0.115333 0.556667
494 3.641333 0.508333 0.092000 0.496667
299 3.726667 0.496667 0.094667 0.366667
348 3.839667 0.506667 0.147333 0.393333
380 3.975667 0.495000 0.142000 0.390000
767 4.090333 0.490000 0.104667 0.333333
880 4.177000 0.488333 0.087333 0.310000
471 4.243333 0.506667 0.060000 0.313333
721 4.364333 0.506667 0.200667 0.513333
960 4.475667 0.505000 0.035333 0.283333
314 4.531000 0.503333 0.090000 0.353333
490 4.608000 0.506667 0.080000 0.420000
903 4.693333 0.490000 0.108000 0.320000
403 4.823667 0.488333 0.168667 0.503333
918 4.954333 0.503333 0.107333 0.353333
929 5.016333 0.503333 0.032667 0.253333
207 5.083000 0.508333 0.119333 0.483333
520 5.186333 0.508333 0.106000 0.356667
533 5.281000 0.503333 0.096667 0.333333
713 5.422667 0.491667 0.201333 0.536667
338 5.589000 0.491667 0.150000 0.776667
151 5.696000 0.491667 0.082667 0.376667
623 5.812667 0.495000 0.164000 0.536667
365 5.966333 0.500000 0.159333 0.440000
269 6.123667 0.505000 0.172667 0.863333
761 6.273667 0.500000 0.142000 0.433333
2 6.371000 0.490000 0.068667 0.346667
30 6.465000 0.506667 0.132667 0.386667
192 6.574667 0.493333 0.105333 0.433333
13 6.677000 0.503333 0.119333 0.393333
588 6.780000 0.493333 0.102667 0.453333
768 6.854000 0.503333 0.058667 0.173333
573 6.928000 0.498333 0.104000 0.456667
284 7.023000 0.496667 0.104667 0.373333
907 7.128667 0.508333 0.122667 0.390000
364 7.280000 0.505000 0.197333 0.463333
453 7.399000 0.498333 0.060667 0.363333
163 7.476667 0.493333 0.112000 0.400000
89 7.609667 0.496667 0.170000 0.366667
345 7.755000 0.510000 0.134000 0.413333
118 7.867333 0.495000 0.105333 0.403333
558 7.951000 0.508333 0.075333 0.370000
159 7.999000 0.496667 0.039333 0.313333
259 8.061667 0.503333 0.104667 0.520000
730 8.176000 0.490000 0.142667 0.566667
522 8.286333 0.496667 0.096667 0.326667
127 8.390000 0.490000 0.126667 0.420000
584 8.557667 0.498333 0.226000 1.130000
904 8.697667 0.495000 0.071333 0.336667
959 8.745000 0.506667 0.036667 0.300000
805 8.849333 0.496667 0.192000 0.960000
223 9.001000 0.500000 0.126000 0.506667
707 9.111000 0.491667 0.110000 0.443333
437 9.201333 0.491667 0.089333 0.450000
994 9.258333 0.495000 0.044667 0.343333
639 9.313667 0.501667 0.084667 0.423333
167 9.416667 0.491667 0.136000 0.490000
406 9.518333 0.498333 0.080667 0.316667
950 9.575000 0.506667 0.047333 0.346667
542 9.657333 0.508333 0.134667 0.483333
410 9.766333 0.508333 0.102000 0.496667
944 9.826667 0.510000 0.036000 0.266667
823 9.884667 0.488333 0.093333 0.476667
35 9.970333 0.506667 0.098000 0.326667
595 10.072667 0.491667 0.122667 0.370000
614 10.196667 0.496667 0.144000 0.366667
691 10.299333 0.498333 0.080000 0.390000
943 10.346667 0.490000 0.034667 0.286667
123 10.448333 0.498333 0.186000 0.930000
335 10.594000 0.505000 0.122667 0.390000
530 10.697333 0.500000 0.100000 0.500000
552 10.767333 0.510000 0.057333 0.386667
777 10.844000 0.508333 0.114667 0.470000
781 10.933333 0.495000 0.081333 0.416667
861 10.987000 0.495000 0.046000 0.363333
625 11.087333 0.503333 0.168000 0.573333
600 11.215667 0.490000 0.108667 0.326667
924 11.280333 0.496667 0.036667 0.286667
189 11.353667 0.496667 0.126000 0.513333
432 11.480000 0.496667 0.146667 0.293333
426 11.577000 0.498333 0.063333 0.430000
599 11.657000 0.506667 0.114000 0.340000
789 11.734667 0.488333 0.060000 0.363333
26 11.824333 0.488333 0.139333 0.470000
750 11.931000 0.505000 0.092667 0.343333
748 12.029333 0.510000 0.122667 0.420000
420 12.123667 0.505000 0.080667 0.336667
115 12.187667 0.501667 0.067333 0.330000
820 12.266333 0.508333 0.103333 0.436667
261 12.367333 0.493333 0.117333 0.566667
21 12.477000 0.493333 0.120667 0.400000
224 12.575333 0.488333 0.093333 0.410000
841 12.676000 0.501667 0.125333 0.523333
917 12.754667 0.508333 0.045333 0.316667
822 12.825333 0.500000 0.112000 0.413333
165 12.922000 0.493333 0.097333 0.340000
755 13.019000 0.505000 0.116667 0.350000
617 13.110333 0.490000 0.082000 0.320000
434 13.190333 0.498333 0.094000 0.323333
722 13.293333 0.496667 0.130667 0.386667
66 13.401667 0.506667 0.106000 0.713333
545 13.500333 0.493333 0.110000 0.400000
174 13.600667 0.488333 0.105333 0.396667
27 13.701667 0.493333 0.116667 0.393333
161 13.799333 0.503333 0.093333 0.333333
643 13.899000 0.493333 0.122000 0.426667
444 13.998333 0.495000 0.090000 0.456667
986 14.056333 0.495000 0.042000 0.330000
981 14.085000 0.508333 0.031333 0.263333
529 14.151667 0.503333 0.122000 0.540000
941 14.228000 0.508333 0.045333 0.343333
568 14.301333 0.505000 0.120000 0.603333
901 14.435000 0.498333 0.162000 0.476667
421 14.579333 0.490000 0.140000 0.453333
389 14.719333 0.491667 0.154667 0.476667
559 14.829333 0.491667 0.085333 0.423333
369 14.940000 0.498333 0.153333 0.443333
48 15.143667 0.501667 0.268667 0.556667
972 15.293333 0.488333 0.044000 0.336667
243 15.372667 0.505000 0.129333 0.436667
386 15.502000 0.506667 0.148000 0.393333
569 15.622000 0.495000 0.106667 0.443333
518 15.719000 0.493333 0.103333 0.346667
144 15.804333 0.505000 0.083333 0.370000
40 15.895667 0.496667 0.114000 0.360000
854 16.016667 0.498333 0.146667 0.516667
287 16.139333 0.495000 0.116000 0.423333
393 16.269333 0.506667 0.158667 0.433333
645 16.377333 0.506667 0.076000 0.346667
927 16.426667 0.490000 0.038667 0.280000
396 16.507667 0.498333 0.142000 0.403333
524 16.621667 0.500000 0.104667 0.333333
334 16.729333 0.496667 0.124000 0.400000
758 16.863000 0.506667 0.158000 0.486667
821 16.980667 0.510000 0.093333 0.580000
567 17.076333 0.491667 0.111333 0.463333
708 17.201000 0.488333 0.156667 0.783333
690 17.311333 0.495000 0.078667 0.390000
920 17.389000 0.493333 0.096667 0.366667
379 17.485667 0.493333 0.115333 0.340000
130 17.639000 0.510000 0.204667 0.460000
252 17.809333 0.508333 0.156000 0.610000
12 17.930333 0.491667 0.103333 0.330000
408 18.028000 0.490000 0.108000 0.406667
655 18.110000 0.510000 0.073333 0.293333
230 18.202000 0.500000 0.126667 0.493333
220 18.306333 0.508333 0.100667 0.416667
443 18.380333 0.488333 0.064667 0.390000
150 18.456667 0.491667 0.104000 0.416667
358 18.565333 0.490000 0.128000 0.360000
698 18.650667 0.488333 0.057333 0.310000
111 18.718333 0.498333 0.094000 0.436667
574 18.801000 0.491667 0.091333 0.363333
160 18.865333 0.503333 0.056000 0.340000
392 18.954000 0.506667 0.137333 0.400000
181 19.069000 0.488333 0.112667 0.383333
349 19.188333 0.488333 0.139333 0.390000
811 19.309333 0.491667 0.122667 0.316667
834 19.427333 0.501667 0.129333 0.530000
9 19.530000 0.505000 0.093333 0.376667
562 19.658000 0.501667 0.180000 0.423333
418 19.775667 0.506667 0.071333 0.340000
792 19.850333 0.493333 0.096667 0.393333
871 19.925000 0.506667 0.072667 0.353333
304 19.995000 0.490000 0.080667 0.453333
153 20.073333 0.493333 0.089333 0.406667
141 20.148000 0.495000 0.074667 0.323333
382 20.265667 0.498333 0.175333 0.876667
808 20.400667 0.493333 0.112000 0.406667
171 20.512667 0.500000 0.125333 0.466667
132 20.606333 0.498333 0.075333 0.336667
628 20.727000 0.495000 0.179333 0.896667
362 20.878667 0.488333 0.137333 0.370000
728 20.968333 0.496667 0.058000 0.500000
80 21.043333 0.510000 0.105333 0.546667
400 21.118000 0.496667 0.057333 0.426667
602 21.195000 0.500000 0.116667 0.373333
580 21.334000 0.508333 0.178667 0.456667
668 21.478000 0.491667 0.122667 0.450000
667 21.596333 0.505000 0.128667 0.456667
883 21.744667 0.505000 0.181333 0.390000
1009 21.847000 0.501667 0.042000 0.330000
577 21.912000 0.488333 0.104000 0.416667
324 22.016000 0.501667 0.124000 0.610000
804 22.159000 0.488333 0.179333 0.516667
774 22.274667 0.491667 0.068000 0.356667
76 22.364667 0.495000 0.132000 0.410000
546 22.476667 0.501667 0.112000 0.436667
290 22.576333 0.490000 0.106000 0.306667
256 22.672333 0.498333 0.100667 0.383333
632 22.783667 0.493333 0.139333 0.453333
615 22.939000 0.488333 0.186000 0.930000
608 23.070667 0.491667 0.090667 0.310000
799 23.165000 0.505000 0.112667 0.423333
839 23.264667 0.503333 0.102667 0.520000
701 23.377333 0.501667 0.141333 0.423333
247 23.485667 0.505000 0.090000 0.396667
317 23.585333 0.501667 0.124000 0.450000
291 23.703000 0.510000 0.124667 0.493333
891 23.787667 0.491667 0.062000 0.356667
428 23.853000 0.491667 0.086000 0.556667
642 23.940667 0.506667 0.106667 0.413333
745 24.039333 0.508333 0.110667 0.410000
476 24.125333 0.503333 0.077333 0.406667
175 24.208333 0.501667 0.104667 0.376667
776 24.324000 0.493333 0.145333 0.326667
449 24.422000 0.503333 0.069333 0.353333
1019 24.474333 0.491667 0.048667 0.350000
381 24.586000 0.510000 0.190667 0.953333
239 24.726667 0.503333 0.109333 0.680000
925 24.797333 0.505000 0.049333 0.376667
795 24.848667 0.501667 0.069333 0.416667
178 24.924000 0.503333 0.098667 0.346667
674 25.009667 0.491667 0.088667 0.330000
394 25.148333 0.501667 0.202000 1.010000
29 25.308000 0.488333 0.132000 0.383333
990 25.385333 0.488333 0.038667 0.296667
332 25.524000 0.510000 0.254667 0.593333
540 25.740667 0.506667 0.192000 0.760000
271 25.936000 0.490000 0.212000 1.060000
75 26.096000 0.506667 0.121333 0.373333
439 26.196000 0.490000 0.097333 0.380000
702 26.324333 0.493333 0.179333 0.566667
202 26.464667 0.491667 0.121333 0.523333
782 26.569333 0.501667 0.102667 0.476667
412 26.650667 0.505000 0.078667 0.396667
790 26.721000 0.490000 0.078000 0.486667
79 26.831333 0.506667 0.158667 0.793333
450 26.928667 0.508333 0.054667 0.303333
51 26.996000 0.490000 0.100000 0.360000
651 27.118000 0.506667 0.160000 0.546667
866 27.271333 0.503333 0.166667 0.460000
905 27.431000 0.491667 0.168667 0.536667
585 27.559333 0.495000 0.102667 0.310000
949 27.624333 0.496667 0.044667 0.333333
49 27.749000 0.505000 0.223333 1.116667
325 27.935000 0.491667 0.166000 0.830000
128 28.113667 0.496667 0.206000 0.593333
391 28.274667 0.488333 0.134667 0.410000
999 28.350333 0.503333 0.034000 0.260000
704 28.421333 0.498333 0.121333 0.423333
539 28.503333 0.500000 0.058667 0.266667
430 28.577333 0.490000 0.109333 0.466667
685 28.672667 0.508333 0.096000 0.363333
961 28.726667 0.510000 0.030667 0.246667
419 28.770667 0.496667 0.070667 0.340000
734 28.883000 0.508333 0.174000 0.463333
499 28.987000 0.488333 0.050000 0.303333
170 29.116667 0.493333 0.228000 1.140000
605 29.284667 0.501667 0.126667 0.356667
67 29.443000 0.495000 0.204667 1.023333
489 29.568667 0.503333 0.065333 0.333333
500 29.630333 0.501667 0.071333 0.316667
772 29.745667 0.500000 0.179333 0.506667
194 29.931667 0.495000 0.208667 1.043333
415 30.116667 0.490000 0.174667 0.873333
872 30.269000 0.508333 0.146000 0.423333
620 30.425667 0.498333 0.183333 0.916667
744 30.585667 0.506667 0.156667 0.646667
1021 30.672667 0.488333 0.034667 0.263333
454 30.723333 0.493333 0.082667 0.420000
282 30.824333 0.498333 0.135333 0.470000
991 30.902000 0.491667 0.038667 0.296667
505 30.940333 0.503333 0.056667 0.233333
229 31.047667 0.508333 0.171333 0.856667
65 31.169667 0.496667 0.091333 0.233333
908 31.247667 0.491667 0.083333 0.310000
468 31.326333 0.506667 0.087333 0.440000
350 31.437333 0.501667 0.154667 0.450000
64 31.539000 0.498333 0.066000 0.336667
96 31.660000 0.495000 0.193333 0.423333
373 31.809667 0.498333 0.124667 0.383333
870 31.895333 0.508333 0.062667 0.336667
482 31.946667 0.500000 0.056000 0.306667
712 32.067333 0.498333 0.204000 0.543333
25 32.213333 0.501667 0.105333 0.383333
254 32.338667 0.501667 0.160000 0.610000
1002 32.433333 0.490000 0.049333 0.366667
865 32.500667 0.505000 0.100000 0.330000
200 32.591333 0.510000 0.100000 0.400000
1016 32.653000 0.506667 0.042000 0.326667
877 32.710000 0.510000 0.092000 0.460000
103 32.856667 0.496667 0.218667 0.466667
705 33.019667 0.503333 0.126000 0.380000
725 33.137667 0.500000 0.128667 0.553333
402 33.263333 0.503333 0.136000 0.346667
83 33.357333 0.496667 0.066667 0.320000
523 33.438333 0.488333 0.114000 0.350000
740 33.565333 0.496667 0.160000 0.366667
125 33.694333 0.493333 0.118000 0.500000
661 33.800333 0.508333 0.114000 0.370000
591 33.926333 0.498333 0.151333 0.496667
696 34.066000 0.495000 0.144000 0.336667
694 34.172667 0.505000 0.082667 0.410000
932 34.222667 0.490000 0.032000 0.260000
227 34.289333 0.510000 0.118667 0.473333
294 34.458667 0.498333 0.234667 0.403333
61 34.619333 0.500000 0.104000 0.513333
940 34.678000 0.498333 0.033333 0.270000
185 34.735000 0.488333 0.095333 0.463333
835 34.824333 0.498333 0.099333 0.430000
308 34.899333 0.503333 0.066667 0.373333
260 35.005667 0.490000 0.160667 0.440000
622 35.147000 0.490000 0.140667 0.486667
42 35.248667 0.503333 0.077333 0.440000
32 35.332667 0.491667 0.105333 0.396667
355 35.457333 0.493333 0.158667 0.453333
653 35.616000 0.508333 0.172000 0.550000
560 35.770000 0.505000 0.150667 0.463333
966 35.859667 0.496667 0.042000 0.326667
466 35.906333 0.508333 0.067333 0.350000
1005 35.954333 0.491667 0.044667 0.323333
550 36.010667 0.495000 0.081333 0.403333
1008 36.062333 0.503333 0.042000 0.306667
826 36.125333 0.505000 0.100000 0.430000
724 36.217667 0.491667 0.104667 0.416667
274 36.302667 0.503333 0.085333 0.413333
827 36.391000 0.491667 0.111333 0.456667
416 36.488000 0.505000 0.100000 0.483333
815 36.587667 0.495000 0.115333 0.276667
630 36.722667 0.500000 0.169333 0.560000
423 36.915667 0.495000 0.231333 1.156667
544 37.060000 0.508333 0.077333 0.290000
147 37.130667 0.495000 0.084000 0.356667
855 37.203333 0.491667 0.080000 0.203333
517 37.296333 0.490000 0.119333 0.386667
888 37.412667 0.496667 0.129333 0.393333
157 37.573000 0.501667 0.211333 1.056667
556 37.711333 0.498333 0.084000 0.356667
330 37.801333 0.488333 0.109333 0.423333
716 37.950333 0.495000 0.202000 1.010000
101 38.128333 0.505000 0.171333 0.356667
887 38.260333 0.490000 0.112667 0.353333
496 38.365333 0.490000 0.112000 0.440000
374 38.510667 0.493333 0.192000 0.960000
836 38.645333 0.495000 0.094667 0.390000
875 38.769333 0.500000 0.169333 0.440000
295 38.903000 0.510000 0.112667 0.473333
228 38.994667 0.495000 0.084000 0.383333
847 39.099667 0.503333 0.140667 0.426667
473 39.198333 0.508333 0.071333 0.370000
669 39.290667 0.508333 0.132000 0.436667
892 39.453000 0.505000 0.211333 1.056667
715 39.653333 0.496667 0.204000 1.020000
306 39.783667 0.496667 0.071333 0.400000
36 39.871000 0.491667 0.119333 0.396667
652 39.992000 0.490000 0.141333 0.480000
797 40.108000 0.491667 0.109333 0.410000
619 40.201667 0.501667 0.096667 0.536667
687 40.289667 0.496667 0.095333 0.473333
890 40.383667 0.501667 0.108667 0.436667
63 40.478667 0.496667 0.101333 0.360000
8 40.570000 0.505000 0.096000 0.363333
656 40.680000 0.505000 0.142667 0.390000
238 40.800667 0.496667 0.112000 0.440000
899 40.918333 0.498333 0.143333 0.403333
889 41.036000 0.508333 0.108000 0.396667
302 41.116667 0.490000 0.072000 0.406667
785 41.184333 0.496667 0.080667 0.340000
824 41.266333 0.493333 0.100667 0.500000
485 41.338667 0.501667 0.062667 0.356667
244 41.429000 0.505000 0.134000 0.363333
1006 41.507667 0.506667 0.042000 0.333333
803 41.592333 0.493333 0.142000 0.433333
203 41.704333 0.498333 0.098000 0.403333
4 41.789000 0.491667 0.088667 0.370000
504 41.899000 0.500000 0.151333 0.433333
275 41.995667 0.496667 0.058000 0.353333
593 42.125000 0.501667 0.214000 1.070000
182 42.320333 0.505000 0.194000 0.970000
586 42.472667 0.508333 0.130667 0.403333
1010 42.547667 0.495000 0.039333 0.310000
852 42.617000 0.503333 0.116667 0.480000
525 42.729000 0.496667 0.127333 0.420000
313 42.839000 0.503333 0.106000 0.373333
59 42.959333 0.508333 0.149333 0.410000
58 43.051333 0.496667 0.052000 0.253333
371 43.132000 0.508333 0.129333 0.403333
515 43.242667 0.495000 0.110667 0.350000
867 43.348333 0.495000 0.120667 0.410000
832 43.457333 0.501667 0.113333 0.456667
474 43.545667 0.505000 0.078000 0.396667
148 43.649667 0.503333 0.143333 0.406667
780 43.768333 0.488333 0.112667 0.323333
915 43.848000 0.490000 0.064000 0.520000
967 43.889667 0.488333 0.038000 0.290000
501 43.950333 0.506667 0.098000 0.473333
939 44.010667 0.501667 0.037333 0.276667
798 44.072333 0.508333 0.106000 0.423333
138 44.156667 0.493333 0.076000 0.433333
902 44.243333 0.496667 0.114667 0.340000
714 44.394000 0.493333 0.204000 0.560000
375 44.552333 0.505000 0.132667 0.390000
610 44.668667 0.506667 0.117333 0.366667
631 44.826000 0.510000 0.212000 1.060000
292 44.984000 0.501667 0.120000 0.456667
318 45.090333 0.505000 0.107333 0.530000
188 45.201667 0.510000 0.128667 0.520000
385 45.366000 0.510000 0.213333 1.066667
257 45.523333 0.503333 0.116000 0.366667
555 45.596000 0.510000 0.044000 0.433333
886 45.682000 0.491667 0.148000 0.490000
566 45.809667 0.496667 0.122000 0.500000
179 45.911000 0.490000 0.094000 0.340000
983 45.967667 0.500000 0.039333 0.306667
286 46.024667 0.488333 0.090667 0.336667
70 46.128667 0.493333 0.133333 0.440000
285 46.238667 0.505000 0.104000 0.336667
98 46.395667 0.491667 0.230000 1.150000
679 46.547333 0.503333 0.086667 0.513333
693 46.632000 0.498333 0.098667 0.483333
233 46.723333 0.493333 0.097333 0.420000
102 46.868667 0.495000 0.208000 0.443333
99 47.084000 0.503333 0.236000 0.506667
937 47.211000 0.505000 0.038000 0.276667
629 47.334333 0.508333 0.226000 1.130000
964 47.457667 0.490000 0.036667 0.280000
201 47.525333 0.505000 0.116000 0.583333
570 47.629000 0.500000 0.110000 0.480000
340 47.734667 0.500000 0.117333 0.346667
527 47.865333 0.496667 0.157333 0.466667
488 47.969333 0.506667 0.064000 0.313333
16 48.057333 0.510000 0.125333 0.413333
77 48.166000 0.506667 0.105333 0.260000
236 48.254667 0.500000 0.088000 0.440000
838 48.341667 0.495000 0.099333 0.423333
1004 48.406000 0.498333 0.049333 0.363333
682 48.465667 0.496667 0.088667 0.326667
978 48.526000 0.496667 0.050667 0.366667
112 48.629000 0.498333 0.174000 0.870000
720 48.778667 0.503333 0.141333 0.433333
726 48.889333 0.500000 0.098667 0.513333
226 48.989000 0.508333 0.114000 0.470000
249 49.066667 0.495000 0.060000 0.470000
850 49.148000 0.506667 0.116000 0.473333
868 49.238667 0.500000 0.078667 0.440000
60 49.303000 0.505000 0.070000 0.296667
204 49.388667 0.510000 0.114667 0.586667
126 49.510000 0.491667 0.146667 0.490000
333 49.656667 0.508333 0.160000 0.423333
168 49.774000 0.500000 0.093333 0.360000
300 49.842000 0.500000 0.057333 0.186667
481 49.897667 0.503333 0.070000 0.406667
710 50.009667 0.501667 0.172667 0.863333
498 50.118000 0.495000 0.057333 0.343333
784 50.165333 0.501667 0.050667 0.416667
565 50.259333 0.488333 0.152000 0.316667
881 50.400667 0.508333 0.146667 0.490000
873 50.515000 0.493333 0.098000 0.453333
388 50.612000 0.496667 0.116000 0.320000
648 50.701333 0.503333 0.078667 0.373333
425 50.772667 0.500000 0.080000 0.453333
39 50.854333 0.493333 0.098000 0.333333
788 50.980667 0.506667 0.174667 0.873333
814 51.121667 0.490000 0.126000 0.286667
359 51.255667 0.505000 0.160667 0.450000
508 51.361667 0.508333 0.068667 0.390000
1014 51.412000 0.490000 0.049333 0.353333
606 51.501667 0.506667 0.146000 0.453333
683 51.665000 0.505000 0.194000 0.970000
5 51.792333 0.498333 0.076667 0.343333
322 51.873000 0.506667 0.099333 0.153333
384 51.982000 0.503333 0.136000 0.386667
936 52.065333 0.491667 0.044000 0.356667
319 52.121333 0.488333 0.088000 0.310000
793 52.213000 0.490000 0.110000 0.453333
551 52.315333 0.503333 0.109333 0.333333
281 52.428667 0.490000 0.137333 0.480000
942 52.509000 0.505000 0.043333 0.323333
82 52.554000 0.498333 0.061333 0.476667
354 52.675667 0.501667 0.195333 0.976667
633 52.880000 0.493333 0.229333 1.146667
414 53.044000 0.495000 0.117333 0.556667
433 53.165000 0.495000 0.139333 0.350000
237 53.261667 0.501667 0.068667 0.430000
681 53.312000 0.500000 0.046667 0.400000
963 53.345667 0.493333 0.036667 0.300000
356 53.419000 0.488333 0.124667 0.370000
451 53.502333 0.498333 0.062000 0.370000
514 53.582667 0.498333 0.117333 0.363333
268 53.723667 0.496667 0.183333 0.586667
139 53.838000 0.490000 0.058667 0.340000
272 53.930333 0.506667 0.142000 0.406667
634 54.038667 0.490000 0.093333 0.386667
231 54.138333 0.493333 0.123333 0.493333
57 54.220667 0.508333 0.060000 0.363333
571 54.298333 0.508333 0.112667 0.456667
938 54.365667 0.498333 0.042000 0.323333
718 54.479333 0.510000 0.200000 1.000000
296 54.620667 0.500000 0.102667 0.380000
169 54.729000 0.496667 0.127333 0.486667
766 54.838667 0.510000 0.106667 0.313333
980 54.901333 0.501667 0.037333 0.296667
954 54.934000 0.501667 0.048000 0.343333
397 54.989333 0.496667 0.080000 0.360000
462 55.055667 0.498333 0.072667 0.403333
1012 55.103333 0.500000 0.038667 0.300000
958 55.136667 0.490000 0.045333 0.340000
578 55.199000 0.498333 0.099333 0.410000
447 55.276000 0.503333 0.074667 0.440000
184 55.350000 0.506667 0.089333 0.366667
874 55.435333 0.498333 0.101333 0.456667
329 55.563000 0.495000 0.171333 0.856667
535 55.733000 0.501667 0.183333 0.390000
526 55.875667 0.505000 0.120667 0.310000
440 55.959333 0.505000 0.066667 0.343333
62 56.025667 0.506667 0.086000 0.413333
992 56.083333 0.496667 0.049333 0.373333
74 56.177000 0.495000 0.152667 0.470000
853 56.296667 0.495000 0.105333 0.476667
225 56.406667 0.510000 0.133333 0.533333
10 56.510667 0.506667 0.088000 0.306667
429 56.609000 0.505000 0.122000 0.410000
971 56.683333 0.510000 0.040000 0.320000
677 56.757333 0.501667 0.121333 0.410000
975 56.825333 0.503333 0.033333 0.253333
45 56.863667 0.510000 0.059333 0.300000
104 56.962333 0.488333 0.155333 0.776667
706 57.067333 0.496667 0.068000 0.346667
214 57.141000 0.493333 0.096667 0.386667
363 57.290000 0.490000 0.221333 1.106667
916 57.486333 0.503333 0.187333 0.413333
952 57.592000 0.491667 0.041333 0.343333
33 57.652667 0.510000 0.098667 0.380000
796 57.760333 0.493333 0.130000 0.513333
372 57.883333 0.503333 0.133333 0.400000
278 58.001333 0.506667 0.120000 0.360000
665 58.115333 0.491667 0.128000 0.443333
534 58.216667 0.506667 0.094667 0.393333
435 58.282000 0.506667 0.049333 0.240000
448 58.337667 0.496667 0.076667 0.400000
370 58.433000 0.508333 0.127333 0.376667
977 58.513000 0.501667 0.046000 0.343333
164 58.591667 0.510000 0.124667 0.440000
688 58.682667 0.490000 0.072000 0.353333
979 58.733333 0.501667 0.048000 0.370000
91 58.864667 0.506667 0.229333 1.146667
621 58.992333 0.500000 0.046000 0.446667
646 59.044667 0.508333 0.073333 0.336667
869 59.118000 0.488333 0.086667 0.496667
199 59.200333 0.498333 0.094000 0.430000
579 59.307333 0.488333 0.136000 0.323333
897 59.437333 0.506667 0.144000 0.453333
195 59.562000 0.493333 0.120000 0.506667
736 59.641667 0.506667 0.059333 0.400000
699 59.726667 0.493333 0.130667 0.360000
604 59.841333 0.506667 0.118667 0.366667
368 59.951333 0.495000 0.116000 0.343333
807 60.111667 0.488333 0.218000 1.090000
241 60.254667 0.501667 0.088000 0.483333
764 60.322333 0.503333 0.066000 0.353333
263 60.435667 0.498333 0.180667 0.903333
700 60.571000 0.503333 0.104667 0.426667
186 60.662333 0.510000 0.092667 0.380000
851 60.744333 0.508333 0.090000 0.410000
248 60.830333 0.488333 0.099333 0.523333
864 60.913000 0.491667 0.083333 0.330000
235 61.000667 0.491667 0.110667 0.463333
611 61.086000 0.490000 0.077333 0.326667
817 61.187000 0.508333 0.143333 0.330000
547 61.287667 0.496667 0.071333 0.393333
876 61.408333 0.503333 0.184667 0.460000
407 61.538333 0.501667 0.092667 0.350000
894 61.640333 0.498333 0.128667 0.336667
283 61.756333 0.501667 0.119333 0.403333
597 61.879667 0.506667 0.140667 0.413333
672 62.001000 0.498333 0.116667 0.383333
563 62.119333 0.493333 0.136000 0.306667
54 62.215000 0.491667 0.071333 0.403333
176 62.339667 0.505000 0.191333 0.956667
232 62.478667 0.500000 0.104000 0.426667
791 62.561000 0.505000 0.079333 0.483333
859 62.658333 0.488333 0.131333 0.416667
914 62.769667 0.506667 0.107333 0.326667
405 62.863667 0.503333 0.094000 0.360000
502 62.940333 0.510000 0.075333 0.340000
19 63.021333 0.510000 0.100000 0.346667
751 63.106000 0.506667 0.085333 0.353333
511 63.200667 0.488333 0.122667 0.383333
129 63.328000 0.491667 0.145333 0.556667
266 63.490000 0.496667 0.196000 0.593333
641 63.618333 0.488333 0.075333 0.363333
675 63.702000 0.501667 0.110667 0.376667
723 63.806333 0.495000 0.114000 0.390000
86 63.901333 0.498333 0.094667 0.403333
173 63.983000 0.500000 0.084667 0.386667
377 64.123333 0.506667 0.212000 1.060000
50 64.284667 0.490000 0.129333 0.366667
771 64.388667 0.493333 0.098667 0.520000
717 64.506667 0.500000 0.154667 0.426667
603 64.680667 0.503333 0.210667 0.420000
582 64.848000 0.505000 0.142667 0.530000
411 65.020333 0.493333 0.219333 0.486667
122 65.172667 0.505000 0.100000 0.396667
458 65.251000 0.510000 0.074000 0.440000
210 65.318000 0.496667 0.080000 0.400000
477 65.382333 0.488333 0.062000 0.316667
309 65.432333 0.500000 0.055333 0.313333
197 65.507000 0.495000 0.107333 0.450000
930 65.578667 0.505000 0.050667 0.383333
848 65.661667 0.506667 0.131333 0.440000
445 65.755333 0.493333 0.069333 0.413333
215 65.826333 0.506667 0.090000 0.366667
743 65.909667 0.490000 0.091333 0.393333
162 66.002333 0.503333 0.110000 0.413333
507 66.089000 0.496667 0.079333 0.413333
773 66.237333 0.493333 0.230667 1.153333
116 66.403000 0.490000 0.119333 0.373333
659 66.491667 0.490000 0.074000 0.300000
142 66.577000 0.495000 0.111333 0.470000
6 66.665000 0.498333 0.082000 0.336667
87 66.782000 0.493333 0.170667 0.360000
114 66.897333 0.510000 0.073333 0.360000
347 66.987333 0.506667 0.120000 0.380000
733 67.076333 0.506667 0.072667 0.440000
81 67.150000 0.490000 0.088000 0.353333
212 67.297333 0.500000 0.220000 1.100000
395 67.475667 0.501667 0.156667 0.416667
607 67.608333 0.510000 0.123333 0.380000
43 67.715000 0.505000 0.107333 0.436667
812 67.817667 0.508333 0.111333 0.403333
446 67.896333 0.501667 0.063333 0.323333
156 67.983667 0.496667 0.124667 0.360000
180 68.136000 0.496667 0.200000 1.000000
352 68.283000 0.493333 0.111333 0.293333
109 68.439333 0.500000 0.214667 0.453333
719 68.638333 0.495000 0.199333 0.503333
191 68.783667 0.495000 0.110000 0.530000
253 68.851333 0.496667 0.045333 0.393333
849 68.917000 0.498333 0.104667 0.470000
166 69.009667 0.510000 0.100667 0.353333
211 69.114333 0.488333 0.123333 0.496667
344 69.246333 0.495000 0.158000 0.790000
756 69.372667 0.496667 0.113333 0.326667
341 69.460333 0.490000 0.076667 0.326667
703 69.556333 0.500000 0.132667 0.473333
422 69.668000 0.490000 0.105333 0.386667
697 69.810333 0.491667 0.192667 0.963333
616 69.978000 0.493333 0.158667 0.386667
819 70.120000 0.491667 0.144000 0.350000
731 70.228667 0.493333 0.088000 0.460000
842 70.306667 0.491667 0.081333 0.383333
910 70.396000 0.501667 0.114667 0.396667
829 70.485333 0.488333 0.082667 0.376667
366 70.584667 0.493333 0.130667 0.380000
346 70.716333 0.498333 0.150000 0.396667
644 70.826000 0.500000 0.086667 0.420000
666 70.923333 0.493333 0.122667 0.393333
506 70.996667 0.508333 0.044000 0.483333
320 71.076667 0.490000 0.132000 0.400000
360 71.192667 0.495000 0.118667 0.350000
0 71.261667 0.500000 0.039333 0.326667
336 71.324667 0.498333 0.102667 0.490000
137 71.402000 0.490000 0.070667 0.346667
802 71.516000 0.505000 0.176000 0.370000
463 71.627667 0.508333 0.067333 0.403333
612 71.714333 0.491667 0.124667 0.343333
955 71.793000 0.500000 0.046000 0.340000
1007 71.827667 0.501667 0.043333 0.330000
746 71.906000 0.495000 0.126667 0.370000
596 72.009667 0.506667 0.099333 0.300000
404 72.097000 0.495000 0.092667 0.456667
136 72.201000 0.493333 0.130000 0.493333
738 72.296667 0.496667 0.080000 0.366667
424 72.384000 0.503333 0.112000 0.353333
906 72.509333 0.503333 0.152000 0.413333
900 72.647667 0.498333 0.139333 0.376667
353 72.787000 0.508333 0.152667 0.436667
71 72.889667 0.506667 0.067333 0.360000
56 72.957000 0.503333 0.080667 0.106667
969 73.010000 0.508333 0.041333 0.343333
757 73.090667 0.488333 0.137333 0.416667
663 73.206333 0.506667 0.107333 0.373333
503 73.334333 0.488333 0.167333 0.443333
436 73.470000 0.491667 0.120000 0.316667
548 73.597000 0.495000 0.147333 0.543333
862 73.699667 0.495000 0.078000 0.396667
280 73.793333 0.496667 0.126667 0.413333
1017 73.871667 0.496667 0.044667 0.353333
760 73.959333 0.496667 0.149333 0.440000
806 74.105000 0.498333 0.158000 0.403333
538 74.255667 0.495000 0.163333 0.383333
469 74.364000 0.505000 0.068000 0.403333
28 74.438333 0.493333 0.100667 0.393333
149 74.551667 0.501667 0.142000 0.370000
480 74.642667 0.505000 0.058667 0.303333
987 74.678000 0.508333 0.032000 0.256667
44 74.737667 0.508333 0.100667 0.390000
311 74.816667 0.490000 0.073333 0.320000
583 74.875333 0.498333 0.060000 0.416667
442 74.929333 0.503333 0.062667 0.320000
69 75.001667 0.503333 0.098000 0.486667
528 75.106333 0.493333 0.130000 0.420000
7 75.221333 0.505000 0.117333 0.410000
729 75.282667 0.488333 0.020000 0.303333
84 75.345667 0.506667 0.123333 0.340000
589 75.453000 0.508333 0.111333 0.523333
218 75.556333 0.491667 0.114000 0.456667
747 75.657333 0.495000 0.101333 0.430000
618 75.730667 0.500000 0.061333 0.393333
478 75.791000 0.508333 0.075333 0.403333
754 75.896667 0.490000 0.152000 0.740000
896 76.035667 0.493333 0.139333 0.373333
270 76.194667 0.490000 0.196000 0.980000
692 76.324667 0.493333 0.080000 0.386667
759 76.435333 0.510000 0.158667 0.460000
810 76.562333 0.506667 0.112667 0.500000
273 76.635333 0.488333 0.046667 0.303333
521 76.722667 0.508333 0.145333 0.390000
765 76.820667 0.505000 0.068000 0.336667
387 76.910000 0.495000 0.129333 0.403333
709 77.013333 0.491667 0.096000 0.430000
288 77.115333 0.510000 0.128000 0.486667
55 77.235333 0.496667 0.129333 0.346667
770 77.362667 0.495000 0.142667 0.410000
636 77.480333 0.495000 0.111333 0.243333
818 77.588333 0.496667 0.123333 0.440000
581 77.687667 0.490000 0.088667 0.380000
737 77.754333 0.503333 0.062000 0.460000
94 77.857000 0.498333 0.160667 0.343333
135 77.999000 0.498333 0.143333 0.430000
14 78.117333 0.496667 0.106667 0.366667
328 78.258000 0.491667 0.189333 0.463333
988 78.369000 0.488333 0.051333 0.370000
303 78.422000 0.510000 0.074667 0.420000
676 78.508667 0.495000 0.112000 0.376667
536 78.638333 0.495000 0.162000 0.650000
844 78.757333 0.508333 0.094667 0.390000
779 78.815333 0.500000 0.041333 0.353333
1 78.861333 0.501667 0.069333 0.336667
686 78.928333 0.503333 0.084667 0.420000
775 78.999667 0.505000 0.071333 0.343333
840 79.080667 0.503333 0.110667 0.520000
1022 79.148000 0.498333 0.040000 0.296667
213 79.224667 0.495000 0.130667 0.523333
383 79.355667 0.498333 0.151333 0.450000
742 79.502667 0.510000 0.160000 0.800000
307 79.610667 0.500000 0.070667 0.393333
572 79.681667 0.506667 0.091333 0.353333
158 79.826000 0.506667 0.212000 1.060000
553 79.980000 0.503333 0.112000 0.393333
41 80.082667 0.506667 0.109333 0.306667
564 80.206333 0.505000 0.155333 0.343333
860 80.369667 0.488333 0.187333 0.476667
778 80.505000 0.508333 0.099333 0.643333
312 80.608333 0.495000 0.126000 0.476667
769 80.718000 0.501667 0.108000 0.323333
108 80.872000 0.510000 0.220000 0.473333
378 81.049333 0.488333 0.149333 0.423333
276 81.149667 0.500000 0.067333 0.406667
684 81.233333 0.495000 0.117333 0.436667
594 81.348333 0.490000 0.126000 0.400000
277 81.449333 0.491667 0.089333 0.403333
343 81.539333 0.488333 0.106667 0.330000
24 81.656333 0.496667 0.142000 0.480000
105 81.797333 0.493333 0.157333 0.786667
250 81.934667 0.491667 0.137333 0.683333
895 82.060667 0.503333 0.129333 0.346667
37 82.172333 0.503333 0.107333 0.346667
15 82.267000 0.493333 0.102000 0.346667
154 82.347333 0.503333 0.073333 0.346667
543 82.446667 0.488333 0.144000 0.490000
120 82.621000 0.495000 0.223333 0.630000
647 82.767000 0.491667 0.084667 0.443333
470 82.838667 0.498333 0.073333 0.430000
1000 82.892667 0.493333 0.048000 0.353333
1020 82.930333 0.501667 0.046000 0.336667
813 82.997667 0.501667 0.106000 0.336667
845 83.095333 0.490000 0.109333 0.446667
298 83.173667 0.506667 0.067333 0.340000
323 83.295667 0.491667 0.192667 0.963333
177 83.483667 0.488333 0.202000 1.010000
970 83.601000 0.488333 0.048667 0.363333
640 83.647333 0.498333 0.060000 0.303333
190 83.723000 0.496667 0.108667 0.426667
638 83.812667 0.495000 0.086667 0.336667
1013 83.868333 0.510000 0.040667 0.293333
376 83.952333 0.493333 0.147333 0.440000
361 84.097333 0.493333 0.156000 0.433333
554 84.259333 0.493333 0.181333 0.906667
800 84.399667 0.491667 0.116667 0.423333
484 84.502667 0.510000 0.102667 0.426667
968 84.566000 0.495000 0.037333 0.290000
301 84.606667 0.503333 0.062667 0.353333
140 84.715667 0.495000 0.172667 0.863333
305 84.824000 0.505000 0.061333 0.343333
923 84.862667 0.493333 0.032000 0.260000
52 84.929333 0.501667 0.121333 0.430000
464 85.014000 0.495000 0.062667 0.330000
209 85.083333 0.496667 0.089333 0.413333
846 85.171667 0.505000 0.103333 0.423333
90 85.318000 0.506667 0.202667 0.433333
456 85.441667 0.510000 0.063333 0.353333
909 85.518000 0.488333 0.104000 0.496667
431 85.618667 0.498333 0.110667 0.356667
945 85.682333 0.496667 0.036667 0.273333
711 85.762667 0.491667 0.138667 0.383333
664 85.885667 0.500000 0.127333 0.420000
401 85.975667 0.500000 0.071333 0.400000
72 86.055000 0.495000 0.103333 0.496667
1001 86.120000 0.498333 0.042667 0.316667
951 86.151667 0.491667 0.039333 0.323333
461 86.197333 0.498333 0.072000 0.363333
316 86.289667 0.495000 0.131333 0.503333
590 86.421333 0.508333 0.149333 0.643333
783 86.524000 0.505000 0.069333 0.376667
208 86.606667 0.501667 0.116000 0.463333
18 86.706333 0.498333 0.100667 0.330000
321 86.790333 0.508333 0.084667 0.410000
183 86.882667 0.490000 0.120000 0.486667
996 86.956000 0.496667 0.042667 0.353333
513 87.024333 0.503333 0.114000 0.360000
957 87.096333 0.498333 0.046000 0.363333
68 87.176333 0.493333 0.134000 0.386667
624 87.327000 0.493333 0.180667 0.606667
1023 87.428000 0.500000 0.041333 0.326667
858 87.496667 0.493333 0.114667 0.353333
326 87.587333 0.496667 0.082667 0.380000
107 87.706000 0.506667 0.169333 0.846667
279 87.830333 0.491667 0.095333 0.530000
626 87.959000 0.488333 0.179333 0.896667
911 88.089667 0.493333 0.102000 0.366667
732 88.175000 0.490000 0.087333 0.460000
124 88.264000 0.508333 0.105333 0.376667
145 88.355333 0.493333 0.092000 0.413333
657 88.446667 0.498333 0.104000 0.436667
119 88.530000 0.501667 0.082667 0.483333
801 88.608333 0.490000 0.092667 0.340000
962 88.665000 0.496667 0.035333 0.293333
234 88.735333 0.493333 0.120000 0.493333
493 88.826667 0.490000 0.076000 0.340000
495 88.903667 0.508333 0.095333 0.416667
833 88.998333 0.493333 0.107333 0.513333
816 89.096000 0.503333 0.106667 0.340000
465 89.180333 0.495000 0.079333 0.403333
337 89.319000 0.495000 0.211333 0.536667
11 89.460333 0.493333 0.090000 0.313333
1003 89.514000 0.491667 0.036000 0.256667
487 89.553000 0.506667 0.062000 0.353333
491 89.626000 0.505000 0.102667 0.503333
857 89.783333 0.510000 0.230667 1.153333
31 89.965667 0.500000 0.147333 0.446667
933 90.047000 0.493333 0.032667 0.266667
172 90.121333 0.503333 0.130667 0.460000
262 90.241667 0.500000 0.123333 0.626667
95 90.392000 0.496667 0.190667 0.400000
417 90.523000 0.488333 0.087333 0.423333
146 90.601667 0.503333 0.083333 0.413333
995 90.653000 0.510000 0.036667 0.306667
413 90.729000 0.495000 0.131333 0.530000
97 90.892667 0.496667 0.213333 1.066667
831 91.046667 0.506667 0.108000 0.446667
131 91.149000 0.508333 0.110000 0.423333
315 91.247667 0.501667 0.100667 0.370000
609 91.327333 0.493333 0.072000 0.293333
537 91.433000 0.498333 0.159333 0.796667
879 91.566667 0.508333 0.125333 0.343333
549 91.674667 0.493333 0.104000 0.346667
258 91.767667 0.496667 0.102000 0.380000
898 91.882000 0.501667 0.142667 0.396667
946 91.966000 0.505000 0.041333 0.336667
654 92.083000 0.501667 0.208667 1.043333
100 92.265000 0.498333 0.175333 0.876667
557 92.394000 0.505000 0.097333 0.650000
893 92.516333 0.488333 0.167333 0.836667
34 92.652000 0.490000 0.122667 0.406667
78 92.793000 0.491667 0.172667 0.390000
390 92.973000 0.488333 0.206000 1.030000
993 93.083333 0.501667 0.033333 0.270000
152 93.126000 0.498333 0.066667 0.330000
88 93.240000 0.496667 0.181333 0.386667
592 93.406667 0.490000 0.172000 0.506667
627 93.568000 0.490000 0.170667 0.580000
678 93.698333 0.506667 0.103333 0.340000
339 93.781000 0.490000 0.082000 0.400000
601 93.865667 0.490000 0.103333 0.306667
809 93.967333 0.493333 0.114667 0.600000
982 94.036333 0.498333 0.039333 0.296667
926 94.070667 0.510000 0.045333 0.346667
741 94.128333 0.500000 0.086000 0.293333
492 94.204000 0.505000 0.084000 0.396667
531 94.315667 0.493333 0.156667 0.346667
662 94.431333 0.508333 0.090667 0.343333
973 94.492667 0.488333 0.050667 0.370000
1015 94.526000 0.503333 0.034667 0.253333
650 94.597000 0.503333 0.123333 0.400000
441 94.683333 0.495000 0.064000 0.336667
110 94.778333 0.488333 0.146000 0.550000
113 94.881333 0.495000 0.073333 0.343333
786 94.949333 0.510000 0.076000 0.473333
928 95.000000 0.488333 0.040000 0.336667
680 95.060667 0.508333 0.100000 0.336667
843 95.148333 0.508333 0.088667 0.443333
689 95.234667 0.496667 0.100000 0.486667
327 95.332333 0.503333 0.114000 0.313333
598 95.443000 0.503333 0.127333 0.386667
475 95.529333 0.488333 0.062667 0.323333
479 95.584667 0.490000 0.068000 0.406667
856 95.702333 0.490000 0.182000 0.460000
351 95.877667 0.498333 0.188667 0.943333
242 96.030333 0.503333 0.132667 0.506667
264 96.154000 0.510000 0.133333 0.513333
483 96.240333 0.490000 0.055333 0.333333
984 96.276333 0.495000 0.032667 0.276667
219 96.343000 0.495000 0.120667 0.496667
246 96.486000 0.500000 0.178667 0.620000
240 96.597667 0.506667 0.063333 0.333333
17 96.666667 0.495000 0.092000 0.316667
587 96.774000 0.505000 0.141333 0.443333
878 96.878333 0.493333 0.087333 0.446667
455 96.947000 0.505000 0.064667 0.343333
998 96.990333 0.506667 0.042000 0.313333
143 97.050333 0.490000 0.095333 0.466667
193 97.143000 0.501667 0.103333 0.436667
297 97.226000 0.491667 0.081333 0.416667
658 97.287667 0.488333 0.055333 0.330000
472 97.341667 0.490000 0.072667 0.433333
155 97.415667 0.498333 0.088667 0.436667
457 97.485333 0.508333 0.065333 0.343333
794 97.547333 0.505000 0.073333 0.443333
948 97.598000 0.493333 0.044000 0.333333
438 97.700667 0.488333 0.174667 0.530000
106 97.860667 0.510000 0.165333 0.826667
486 97.968333 0.506667 0.063333 0.340000
216 98.054667 0.496667 0.125333 0.506667
956 98.127667 0.490000 0.035333 0.266667
331 98.258000 0.493333 0.245333 0.573333
635 98.423000 0.491667 0.098000 0.410000
512 98.512667 0.501667 0.100000 0.356667
427 98.647333 0.493333 0.185333 0.926667
753 98.805667 0.505000 0.150000 0.550000
1011 98.891333 0.495000 0.040000 0.336667
947 98.925333 0.490000 0.044000 0.320000
198 98.983000 0.488333 0.084667 0.370000
92 99.096667 0.506667 0.158667 0.793333
47 99.216000 0.493333 0.100000 0.473333
342 99.294667 0.491667 0.073333 0.323333
509 99.376667 0.500000 0.106667 0.340000
613 99.522000 0.510000 0.201333 1.006667
398 99.657667 0.498333 0.088667 0.443333
251 99.723667 0.498333 0.058000 0.323333
752 99.778667 0.508333 0.065333 0.176667
541 99.888333 0.501667 0.174000 0.396667
660 100.031667 0.496667 0.128667 0.453333
196 100.138667 0.496667 0.100000 0.413333
863 100.229000 0.505000 0.098000 0.470000
575 100.327333 0.505000 0.117333 0.403333
749 100.417667 0.505000 0.083333 0.356667
516 100.507333 0.495000 0.114667 0.376667
637 100.582667 0.505000 0.053333 0.276667
20 100.641667 0.505000 0.082000 0.283333
787 100.713333 0.505000 0.078667 0.483333
460 100.776667 0.493333 0.066667 0.360000
985 100.822667 0.491667 0.041333 0.303333
882 100.883000 0.500000 0.092667 0.360000
245 100.947333 0.510000 0.052000 0.300000
561 101.045333 0.506667 0.158667 0.346667
221 101.166000 0.503333 0.101333 0.406667
965 101.231667 0.508333 0.046000 0.356667
1018 101.267333 0.503333 0.042667 0.320000
922 101.299333 0.503333 0.041333 0.340000
222 101.372333 0.500000 0.124667 0.520000
134 101.471333 0.500000 0.089333 0.406667
532 101.555667 0.488333 0.095333 0.483333
673 101.641667 0.498333 0.094000 0.316667
828 101.731333 0.500000 0.098667 0.486667
519 101.829667 0.498333 0.114000 0.376667
357 101.992667 0.503333 0.225333 1.126667
133 102.143333 0.493333 0.096000 0.306667
931 102.201333 0.491667 0.034667 0.283333
452 102.249333 0.491667 0.076000 0.456667
73 102.350333 0.488333 0.143333 0.450000
38 102.471333 0.508333 0.114667 0.390000
206 102.569000 0.495000 0.099333 0.503333
205 102.658667 0.496667 0.097333 0.386667
217 102.799667 0.488333 0.198000 0.990000
53 102.943667 0.510000 0.108667 0.373333
695 103.071667 0.510000 0.160667 0.473333
121 103.150000 0.488333 0.016000 0.290000
23 103.215000 0.490000 0.134000 0.400000
974 103.290333 0.510000 0.036667 0.300000
267 103.390333 0.506667 0.176667 0.533333
989 103.489333 0.493333 0.036000 0.293333
934 103.519667 0.510000 0.042000 0.306667
85 103.586000 0.495000 0.105333 0.436667
921 103.667333 0.490000 0.073333 0.426667
