135 0.060000 0.493333 0.113333 0.340000
51 0.158667 0.505000 0.098667 0.323333
865 0.258667 0.503333 0.116000 0.386667
496 0.371000 0.505000 0.122000 0.490000
854 0.518333 0.505000 0.192667 0.963333
875 0.681000 0.498333 0.147333 0.396667
786 0.777000 0.506667 0.062000 0.386667
472 0.838000 0.490000 0.074667 0.433333
217 0.922667 0.488333 0.109333 0.550000
116 1.024667 0.490000 0.110667 0.333333
411 1.161667 0.496667 0.178000 0.373333
651 1.326000 0.500000 0.166667 0.833333
879 1.457333 0.498333 0.114667 0.316667
782 1.553667 0.495000 0.096667 0.450000
855 1.638333 0.495000 0.087333 0.223333
748 1.719333 0.508333 0.088000 0.303333
595 1.821667 0.491667 0.135333 0.410000
399 1.927333 0.498333 0.089333 0.290000
54 1.994667 0.503333 0.058667 0.313333
378 2.068333 0.490000 0.107333 0.313333
759 2.181667 0.500000 0.135333 0.406667
581 2.293333 0.495000 0.102667 0.443333
473 2.369000 0.508333 0.064667 0.336667
516 2.449000 0.500000 0.112667 0.380000
200 2.561333 0.495000 0.128000 0.516667
29 2.680333 0.498333 0.126000 0.356667
1001 2.755667 0.505000 0.040667 0.310000
900 2.831000 0.501667 0.124667 0.336667
150 2.940333 0.503333 0.111333 0.446667
470 3.029000 0.488333 0.080667 0.423333
151 3.100667 0.508333 0.076000 0.343333
544 3.178000 0.488333 0.097333 0.396667
195 3.278000 0.510000 0.116000 0.480000
716 3.407333 0.500000 0.157333 0.786667
671 3.534333 0.501667 0.116667 0.390000
753 3.639667 0.506667 0.108667 0.373333
244 3.757667 0.503333 0.147333 0.406667
1007 3.844000 0.491667 0.040000 0.296667
45 3.895333 0.510000 0.077333 0.386667
1002 3.945333 0.508333 0.040000 0.290000
898 4.027000 0.510000 0.142000 0.380000
274 4.140333 0.488333 0.099333 0.483333
39 4.228333 0.508333 0.091333 0.343333
508 4.307667 0.506667 0.080667 0.420000
557 4.377000 0.488333 0.078000 0.516667
385 4.472000 0.488333 0.132000 0.396667
22 4.604333 0.501667 0.147333 0.490000
88 4.780667 0.503333 0.218667 1.093333
82 4.917333 0.508333 0.070667 0.543333
269 5.032000 0.500000 0.174667 0.533333
729 5.122333 0.498333 0.023333 0.303333
112 5.223667 0.501667 0.196667 0.983333
1011 5.333333 0.488333 0.037333 0.290000
483 5.383667 0.510000 0.078000 0.406667
484 5.455333 0.493333 0.084000 0.346667
329 5.584333 0.498333 0.191333 0.630000
614 5.780333 0.495000 0.216667 1.083333
690 5.925000 0.488333 0.090000 0.443333
744 6.048667 0.490000 0.176000 0.880000
345 6.187333 0.510000 0.120000 0.366667
233 6.289000 0.495000 0.103333 0.523333
103 6.416667 0.510000 0.165333 0.826667
356 6.550667 0.506667 0.120000 0.360000
639 6.635333 0.510000 0.064000 0.320000
535 6.752333 0.493333 0.184667 0.413333
945 6.854000 0.496667 0.038667 0.300000
911 6.907667 0.495000 0.086000 0.303333
152 6.983000 0.510000 0.084667 0.393333
963 7.037333 0.506667 0.038667 0.313333
131 7.097667 0.508333 0.098000 0.376667
133 7.205000 0.500000 0.134000 0.426667
63 7.316000 0.495000 0.102667 0.370000
769 7.414000 0.498333 0.112000 0.316667
688 7.499667 0.491667 0.079333 0.390000
160 7.576000 0.506667 0.088000 0.453333
765 7.659000 0.491667 0.091333 0.436667
396 7.772667 0.501667 0.153333 0.423333
86 7.880000 0.495000 0.076000 0.323333
156 8.021333 0.493333 0.225333 1.126667
839 8.185333 0.501667 0.116000 0.510000
453 8.262667 0.501667 0.058667 0.303333
717 8.357333 0.510000 0.145333 0.360000
425 8.472333 0.496667 0.102000 0.600000
320 8.580333 0.493333 0.128667 0.433333
37 8.693667 0.488333 0.114000 0.356667
249 8.772000 0.505000 0.057333 0.450000
242 8.845000 0.496667 0.106000 0.413333
859 8.941333 0.491667 0.105333 0.323333
586 9.043667 0.496667 0.119333 0.360000
299 9.132667 0.498333 0.078667 0.303333
876 9.249000 0.495000 0.170000 0.463333
616 9.397667 0.493333 0.143333 0.386667
327 9.526000 0.505000 0.132000 0.356667
949 9.602333 0.495000 0.035333 0.276667
371 9.688333 0.490000 0.152667 0.413333
663 9.821000 0.506667 0.126000 0.406667
942 9.894667 0.496667 0.036000 0.280000
337 9.990333 0.498333 0.172667 0.863333
490 10.094000 0.491667 0.053333 0.316667
559 10.146667 0.506667 0.069333 0.340000
697 10.215000 0.508333 0.080667 0.403333
460 10.276333 0.505000 0.059333 0.296667
725 10.363000 0.501667 0.127333 0.536667
379 10.474333 0.500000 0.115333 0.353333
237 10.566667 0.505000 0.084000 0.523333
221 10.660667 0.506667 0.120000 0.506667
91 10.813333 0.506667 0.201333 1.006667
185 10.959667 0.491667 0.106000 0.430000
646 11.040000 0.498333 0.070667 0.323333
405 11.112667 0.498333 0.093333 0.356667
306 11.190000 0.490000 0.078667 0.446667
148 11.290667 0.490000 0.140000 0.400000
618 11.389333 0.493333 0.070667 0.433333
344 11.482333 0.500000 0.132667 0.380000
220 11.596667 0.500000 0.112000 0.546667
46 11.664667 0.510000 0.044000 0.406667
909 11.731667 0.510000 0.108667 0.466667
834 11.830000 0.506667 0.102667 0.500000
192 11.976333 0.498333 0.206000 1.030000
638 12.114000 0.508333 0.088000 0.350000
401 12.198000 0.490000 0.100000 0.533333
230 12.351333 0.496667 0.224000 1.120000
303 12.484333 0.488333 0.060667 0.343333
575 12.553333 0.493333 0.097333 0.333333
537 12.692333 0.488333 0.198000 0.990000
0 12.809667 0.495000 0.050000 0.383333
871 12.857667 0.505000 0.060667 0.290000
34 12.943333 0.496667 0.128000 0.460000
566 13.049000 0.505000 0.098000 0.396667
830 13.145000 0.508333 0.114000 0.536667
170 13.296000 0.500000 0.201333 1.006667
2 13.431333 0.490000 0.089333 0.460000
251 13.505000 0.500000 0.071333 0.413333
728 13.560667 0.501667 0.053333 0.476667
685 13.627333 0.501667 0.097333 0.383333
118 13.709333 0.501667 0.086667 0.336667
253 13.773667 0.508333 0.059333 0.510000
199 13.844000 0.498333 0.097333 0.410000
1014 13.906667 0.500000 0.042667 0.340000
995 13.935333 0.498333 0.034667 0.256667
240 13.984000 0.500000 0.078667 0.413333
284 14.085667 0.510000 0.143333 0.513333
684 14.200667 0.488333 0.104000 0.363333
324 14.311000 0.493333 0.132667 0.653333
964 14.390000 0.488333 0.041333 0.316667
861 14.424333 0.506667 0.046000 0.360000
169 14.494667 0.491667 0.110667 0.410000
94 14.630000 0.503333 0.177333 0.380000
373 14.774000 0.501667 0.128000 0.370000
822 14.890667 0.501667 0.122667 0.430000
210 14.992333 0.505000 0.096667 0.483333
731 15.066000 0.498333 0.064000 0.316667
541 15.162333 0.500000 0.143333 0.306667
350 15.298333 0.491667 0.144667 0.436667
248 15.412667 0.498333 0.097333 0.523333
387 15.543333 0.506667 0.180000 0.900000
821 15.665333 0.503333 0.082667 0.540000
978 15.716000 0.500000 0.034667 0.273333
587 15.780000 0.488333 0.113333 0.356667
11 15.873000 0.505000 0.091333 0.323333
222 15.966333 0.498333 0.114000 0.470000
553 16.061000 0.508333 0.091333 0.316667
340 16.154667 0.506667 0.114667 0.353333
847 16.251000 0.501667 0.098000 0.296667
407 16.340667 0.490000 0.098667 0.373333
979 16.405000 0.506667 0.043333 0.320000
752 16.460333 0.495000 0.083333 0.223333
92 16.592333 0.505000 0.195333 0.976667
826 16.728667 0.495000 0.090667 0.396667
640 16.801667 0.490000 0.068667 0.346667
641 16.861333 0.506667 0.064000 0.293333
1005 16.901000 0.506667 0.034000 0.280000
6 16.953000 0.488333 0.086000 0.356667
824 17.036000 0.491667 0.096000 0.476667
15 17.119000 0.498333 0.086000 0.290000
986 17.171000 0.493333 0.031333 0.260000
321 17.217333 0.496667 0.081333 0.366667
312 17.302333 0.501667 0.107333 0.403333
435 17.374333 0.496667 0.054000 0.260000
423 17.475333 0.500000 0.161333 0.806667
130 17.619000 0.496667 0.144667 0.300000
799 17.728000 0.493333 0.093333 0.373333
119 17.814667 0.500000 0.098667 0.580000
709 17.905000 0.493333 0.102000 0.420000
628 18.058000 0.496667 0.224000 1.120000
887 18.218667 0.501667 0.113333 0.343333
943 18.290333 0.491667 0.047333 0.356667
971 18.321667 0.493333 0.035333 0.293333
381 18.400000 0.501667 0.136000 0.383333
117 18.515667 0.508333 0.110000 0.330000
336 18.627333 0.503333 0.126667 0.600000
33 18.731333 0.508333 0.094667 0.330000
105 18.882667 0.493333 0.222667 1.113333
174 19.042667 0.490000 0.112000 0.413333
390 19.187000 0.508333 0.191333 0.956667
938 19.298667 0.508333 0.045333 0.350000
795 19.350667 0.508333 0.077333 0.470000
554 19.477333 0.510000 0.194667 0.973333
314 19.626000 0.493333 0.117333 0.433333
954 19.695667 0.495000 0.035333 0.276667
475 19.752000 0.500000 0.090667 0.460000
889 19.879333 0.510000 0.184000 0.920000
549 20.009667 0.488333 0.092667 0.310000
182 20.132333 0.491667 0.171333 0.856667
820 20.260000 0.498333 0.097333 0.410000
512 20.349667 0.510000 0.096667 0.306667
452 20.423667 0.495000 0.067333 0.370000
808 20.500667 0.510000 0.102667 0.373333
25 20.593667 0.503333 0.103333 0.353333
278 20.712333 0.510000 0.150000 0.460000
224 20.841333 0.500000 0.128000 0.513333
83 20.937333 0.491667 0.078667 0.376667
24 21.030000 0.496667 0.121333 0.413333
287 21.125333 0.503333 0.084000 0.313333
835 21.207333 0.500000 0.100000 0.426667
360 21.309667 0.510000 0.123333 0.346667
722 21.431000 0.490000 0.135333 0.400000
787 21.526000 0.505000 0.074667 0.443333
443 21.590000 0.498333 0.068000 0.403333
764 21.651000 0.503333 0.071333 0.333333
563 21.751000 0.506667 0.146000 0.320000
441 21.845000 0.505000 0.058000 0.343333
914 21.915333 0.508333 0.097333 0.296667
1008 21.980333 0.508333 0.047333 0.370000
610 22.048333 0.505000 0.107333 0.330000
816 22.167667 0.500000 0.144667 0.326667
295 22.275667 0.488333 0.088667 0.376667
93 22.404000 0.495000 0.184000 0.390000
569 22.526667 0.495000 0.080000 0.350000
656 22.626667 0.496667 0.138667 0.333333
183 22.742667 0.496667 0.110667 0.506667
866 22.867000 0.495000 0.156667 0.430000
623 23.025667 0.488333 0.175333 0.570000
369 23.160333 0.510000 0.107333 0.320000
367 23.284000 0.495000 0.156000 0.436667
961 23.376667 0.508333 0.045333 0.336667
50 23.450000 0.495000 0.121333 0.403333
96 23.594333 0.488333 0.180667 0.903333
485 23.711667 0.498333 0.067333 0.403333
673 23.780000 0.508333 0.089333 0.296667
620 23.873000 0.493333 0.115333 0.493333
982 23.940000 0.491667 0.036000 0.296667
260 24.054667 0.503333 0.210667 1.053333
533 24.202333 0.488333 0.103333 0.350000
506 24.263667 0.503333 0.038000 0.426667
410 24.320000 0.501667 0.090667 0.390000
245 24.394000 0.491667 0.073333 0.370000
749 24.474333 0.503333 0.104667 0.433333
205 24.571333 0.506667 0.102667 0.413333
114 24.662667 0.503333 0.096000 0.480000
534 24.738667 0.488333 0.076000 0.316667
95 24.868333 0.501667 0.196667 0.983333
807 25.064000 0.503333 0.214667 1.073333
492 25.202333 0.506667 0.076667 0.340000
524 25.287333 0.501667 0.112000 0.350000
89 25.440667 0.503333 0.213333 1.066667
181 25.640333 0.498333 0.199333 0.996667
594 25.782000 0.496667 0.101333 0.300000
538 25.914000 0.491667 0.176000 0.403333
613 26.078667 0.488333 0.166667 0.443333
428 26.193000 0.493333 0.075333 0.520000
109 26.302000 0.506667 0.162667 0.813333
357 26.440000 0.488333 0.126667 0.370000
158 26.582000 0.496667 0.173333 0.866667
694 26.706333 0.503333 0.090000 0.446667
670 26.799333 0.508333 0.114667 0.430000
1009 26.866667 0.505000 0.038667 0.330000
907 26.924000 0.505000 0.093333 0.296667
992 26.984667 0.493333 0.042667 0.333333
645 27.030000 0.510000 0.066667 0.306667
408 27.102333 0.505000 0.098000 0.370000
256 27.189333 0.505000 0.092000 0.343333
482 27.263667 0.490000 0.072667 0.440000
56 27.320333 0.503333 0.056667 0.086667
69 27.389000 0.496667 0.100667 0.513333
867 27.483000 0.496667 0.102000 0.320000
745 27.574333 0.506667 0.096667 0.386667
108 27.719333 0.506667 0.206667 1.033333
120 27.904000 0.500000 0.178667 0.513333
285 28.053000 0.493333 0.139333 0.453333
283 28.187667 0.506667 0.144667 0.513333
959 28.270333 0.496667 0.038000 0.313333
723 28.340000 0.496667 0.120000 0.413333
590 28.474667 0.505000 0.168000 0.543333
394 28.619667 0.500000 0.136667 0.420000
349 28.746667 0.501667 0.137333 0.430000
370 28.907333 0.496667 0.197333 0.986667
695 29.070667 0.488333 0.148000 0.390000
268 29.219333 0.491667 0.165333 0.550000
568 29.356333 0.490000 0.123333 0.620000
788 29.509000 0.500000 0.200667 0.540000
125 29.649333 0.506667 0.093333 0.426667
884 29.753333 0.510000 0.129333 0.460000
746 29.868333 0.495000 0.120667 0.416667
155 29.962333 0.501667 0.080667 0.430000
187 30.046000 0.506667 0.101333 0.453333
319 30.142667 0.491667 0.106667 0.383333
47 30.240000 0.488333 0.104000 0.490000
383 30.356000 0.493333 0.145333 0.413333
99 30.505667 0.503333 0.167333 0.353333
259 30.624667 0.490000 0.090667 0.453333
840 30.715333 0.498333 0.109333 0.536667
565 30.830667 0.490000 0.136000 0.306667
406 30.934000 0.506667 0.085333 0.333333
254 31.042667 0.498333 0.150667 0.570000
339 31.162333 0.500000 0.107333 0.566667
881 31.261667 0.510000 0.104667 0.346667
627 31.388333 0.488333 0.168667 0.556667
774 31.494333 0.503333 0.060667 0.313333
560 31.616667 0.505000 0.201333 0.670000
713 31.819667 0.498333 0.222000 1.110000
338 31.988667 0.493333 0.130667 0.673333
311 32.093333 0.488333 0.093333 0.410000
363 32.213000 0.498333 0.162000 0.810000
173 32.337000 0.508333 0.103333 0.470000
26 32.446667 0.488333 0.132000 0.443333
689 32.546667 0.490000 0.088000 0.433333
280 32.638667 0.500000 0.116000 0.386667
409 32.793333 0.496667 0.209333 1.046667
870 32.920667 0.490000 0.065333 0.306667
935 32.967000 0.510000 0.044667 0.340000
313 33.032000 0.506667 0.101333 0.346667
10 33.119667 0.493333 0.092667 0.306667
720 33.254333 0.488333 0.190000 0.596667
66 33.394667 0.490000 0.109333 0.600000
543 33.531333 0.490000 0.180000 0.900000
518 33.663667 0.493333 0.099333 0.333333
239 33.784333 0.498333 0.160667 0.803333
915 33.893667 0.505000 0.074000 0.603333
605 33.989333 0.505000 0.137333 0.356667
917 34.068333 0.495000 0.036667 0.276667
79 34.193667 0.505000 0.228667 1.143333
499 34.325667 0.495000 0.051333 0.310000
502 34.378000 0.490000 0.066667 0.306667
31 34.457000 0.501667 0.111333 0.343333
277 34.544333 0.503333 0.076667 0.346667
5 34.612333 0.505000 0.079333 0.376667
702 34.712333 0.498333 0.140667 0.436667
726 34.823667 0.498333 0.098000 0.510000
48 34.947667 0.508333 0.168667 0.843333
531 35.131667 0.491667 0.214000 0.616667
530 35.277000 0.491667 0.094000 0.443333
997 35.334000 0.500000 0.033333 0.280000
457 35.377667 0.495000 0.072667 0.403333
322 35.452000 0.490000 0.094667 0.140000
548 35.556000 0.505000 0.130667 0.483333
386 35.672000 0.496667 0.120000 0.346667
625 35.791667 0.505000 0.132667 0.450000
332 35.951667 0.508333 0.200667 1.003333
511 36.107000 0.490000 0.126000 0.406667
1018 36.184333 0.488333 0.044667 0.323333
711 36.286667 0.493333 0.178667 0.893333
981 36.392667 0.488333 0.052000 0.370000
772 36.497333 0.510000 0.172000 0.860000
901 36.644667 0.493333 0.142667 0.380000
850 36.759667 0.496667 0.106000 0.433333
783 36.849333 0.498333 0.093333 0.490000
478 36.919000 0.496667 0.063333 0.326667
417 36.978000 0.491667 0.072000 0.350000
561 37.080667 0.498333 0.153333 0.330000
147 37.193000 0.498333 0.087333 0.456667
392 37.304667 0.508333 0.153333 0.410000
896 37.443000 0.505000 0.140667 0.403333
597 37.559000 0.501667 0.107333 0.323333
301 37.642333 0.496667 0.072667 0.400000
571 37.726000 0.505000 0.114667 0.496667
700 37.838333 0.488333 0.126000 0.503333
100 37.992000 0.500000 0.198667 0.993333
404 38.132333 0.505000 0.095333 0.470000
451 38.208000 0.505000 0.070667 0.363333
922 38.251000 0.496667 0.035333 0.273333
12 38.303000 0.505000 0.082000 0.290000
1016 38.350667 0.488333 0.030667 0.256667
85 38.406000 0.510000 0.100000 0.393333
161 38.504333 0.491667 0.110000 0.396667
343 38.628000 0.506667 0.150667 0.426667
13 38.746000 0.496667 0.105333 0.340000
576 38.834333 0.496667 0.090000 0.353333
275 38.900000 0.505000 0.060000 0.370000
366 38.984333 0.498333 0.123333 0.343333
691 39.083333 0.498333 0.089333 0.443333
629 39.207000 0.506667 0.171333 0.573333
140 39.337000 0.498333 0.102000 0.523333
305 39.411000 0.508333 0.060667 0.336667
81 39.486000 0.491667 0.105333 0.430000
973 39.552000 0.508333 0.044000 0.356667
281 39.637333 0.496667 0.140000 0.480000
946 39.719000 0.505000 0.043333 0.336667
735 39.786000 0.505000 0.108000 0.443333
128 39.913333 0.498333 0.164000 0.503333
635 40.036000 0.500000 0.098667 0.420000
382 40.191667 0.498333 0.228667 1.143333
540 40.383667 0.508333 0.171333 0.616667
101 40.569000 0.508333 0.214000 1.070000
869 40.698667 0.493333 0.058667 0.373333
957 40.741333 0.506667 0.044000 0.353333
445 40.791667 0.508333 0.070000 0.396667
955 40.832333 0.498333 0.031333 0.256667
789 40.871333 0.490000 0.061333 0.373333
450 40.932333 0.490000 0.074000 0.380000
672 41.008667 0.493333 0.093333 0.306667
434 41.097667 0.498333 0.104667 0.356667
143 41.177000 0.495000 0.072667 0.383333
1010 41.223667 0.498333 0.036667 0.296667
282 41.288333 0.500000 0.107333 0.373333
931 41.352667 0.493333 0.040000 0.293333
637 41.390667 0.490000 0.050667 0.260000
680 41.462667 0.508333 0.108000 0.356667
498 41.543333 0.506667 0.066667 0.406667
573 41.616333 0.491667 0.098000 0.376667
145 41.696000 0.493333 0.074667 0.393333
439 41.768667 0.500000 0.084000 0.326667
229 41.847667 0.503333 0.091333 0.393333
655 41.926000 0.508333 0.085333 0.356667
328 42.061667 0.488333 0.206000 1.030000
252 42.225667 0.503333 0.135333 0.540000
812 42.338000 0.501667 0.106667 0.290000
562 42.449000 0.491667 0.135333 0.276667
62 42.540333 0.506667 0.067333 0.320000
580 42.631667 0.500000 0.130000 0.333333
49 42.793000 0.488333 0.206000 1.023333
270 42.967000 0.496667 0.160667 0.493333
309 43.068667 0.496667 0.061333 0.340000
877 43.136333 0.491667 0.087333 0.430000
429 43.221000 0.510000 0.099333 0.340000
669 43.321000 0.493333 0.120667 0.420000
219 43.468333 0.491667 0.190000 0.950000
246 43.645333 0.508333 0.182667 0.623333
944 43.748000 0.505000 0.038667 0.283333
989 43.781667 0.490000 0.044667 0.366667
608 43.851667 0.503333 0.115333 0.413333
937 43.918333 0.501667 0.038000 0.310000
852 43.978667 0.500000 0.101333 0.446667
773 44.088333 0.501667 0.135333 0.396667
464 44.186333 0.506667 0.075333 0.406667
843 44.270333 0.503333 0.106000 0.453333
235 44.362000 0.488333 0.096000 0.483333
172 44.452667 0.501667 0.105333 0.390000
362 44.572000 0.490000 0.149333 0.433333
546 44.682667 0.491667 0.086667 0.350000
71 44.756000 0.498333 0.073333 0.403333
758 44.839667 0.495000 0.110000 0.323333
674 44.942000 0.508333 0.112000 0.370000
761 45.053333 0.488333 0.130667 0.410000
193 45.171333 0.491667 0.121333 0.490000
1000 45.241667 0.491667 0.035333 0.296667
488 45.294000 0.488333 0.086667 0.450000
768 45.371333 0.491667 0.082667 0.230000
622 45.509000 0.505000 0.211333 1.056667
833 45.656667 0.510000 0.102667 0.426667
932 45.724000 0.506667 0.045333 0.360000
346 45.808000 0.506667 0.141333 0.420000
719 45.940000 0.495000 0.140000 0.423333
503 46.078333 0.488333 0.155333 0.470000
202 46.211333 0.496667 0.130667 0.506667
397 46.305000 0.501667 0.075333 0.323333
987 46.355667 0.495000 0.044667 0.330000
823 46.413667 0.501667 0.091333 0.463333
813 46.507333 0.496667 0.109333 0.306667
359 46.630000 0.510000 0.153333 0.460000
447 46.729333 0.495000 0.060000 0.356667
76 46.812000 0.496667 0.124000 0.380000
376 46.967333 0.500000 0.202667 1.013333
14 47.110667 0.493333 0.101333 0.326667
652 47.219667 0.496667 0.134000 0.453333
53 47.331000 0.498333 0.106000 0.383333
231 47.434000 0.496667 0.114667 0.573333
606 47.549333 0.496667 0.132000 0.400000
687 47.647000 0.505000 0.083333 0.410000
296 47.738667 0.505000 0.114667 0.423333
882 47.830333 0.505000 0.087333 0.343333
883 47.975667 0.491667 0.218000 0.470000
602 48.147333 0.501667 0.140000 0.430000
648 48.253000 0.505000 0.088667 0.390000
403 48.393667 0.505000 0.212667 1.063333
612 48.560667 0.505000 0.141333 0.356667
310 48.657667 0.501667 0.066000 0.370000
797 48.732667 0.488333 0.098667 0.370000
265 48.829333 0.508333 0.113333 0.436667
696 48.942667 0.503333 0.132000 0.300000
658 49.038333 0.496667 0.078000 0.433333
885 49.109333 0.498333 0.077333 0.336667
724 49.177333 0.495000 0.072000 0.423333
919 49.243000 0.496667 0.079333 0.333333
980 49.301000 0.508333 0.051333 0.370000
897 49.373667 0.501667 0.110000 0.303333
461 49.450667 0.493333 0.058667 0.300000
347 49.537000 0.503333 0.132667 0.366667
699 49.673000 0.500000 0.152667 0.426667
1015 49.758667 0.506667 0.038667 0.293333
661 49.828000 0.498333 0.116000 0.376667
102 49.988000 0.490000 0.220000 1.100000
437 50.129000 0.491667 0.082000 0.416667
391 50.242333 0.503333 0.163333 0.466667
426 50.347333 0.488333 0.062667 0.350000
650 50.457000 0.501667 0.175333 0.570000
330 50.590667 0.488333 0.105333 0.410000
266 50.742333 0.488333 0.211333 1.056667
65 50.883000 0.500000 0.090000 0.233333
20 50.967333 0.493333 0.094667 0.326667
388 51.112333 0.505000 0.212667 1.063333
736 51.247667 0.510000 0.078000 0.440000
198 51.318000 0.488333 0.080000 0.390000
796 51.400000 0.490000 0.098667 0.373333
491 51.502333 0.500000 0.122000 0.593333
504 51.625667 0.491667 0.142000 0.416667
910 51.742333 0.506667 0.110000 0.373333
486 51.825000 0.490000 0.075333 0.386667
247 51.901667 0.508333 0.095333 0.483333
178 52.003333 0.508333 0.126667 0.456667
427 52.125333 0.488333 0.132000 0.663333
42 52.213667 0.501667 0.059333 0.336667
416 52.287333 0.501667 0.102667 0.496667
873 52.378333 0.503333 0.095333 0.453333
395 52.508000 0.506667 0.182667 0.913333
90 52.684000 0.510000 0.186667 0.933333
642 52.816000 0.505000 0.097333 0.383333
591 52.930333 0.508333 0.151333 0.456667
413 53.073667 0.500000 0.154000 0.613333
474 53.172000 0.495000 0.058667 0.350000
539 53.227000 0.496667 0.067333 0.320000
8 53.296333 0.506667 0.088667 0.333333
334 53.399333 0.500000 0.137333 0.453333
517 53.529000 0.501667 0.135333 0.430000
913 53.650333 0.505000 0.126000 0.383333
164 53.762667 0.510000 0.114667 0.440000
77 53.873000 0.503333 0.123333 0.300000
763 53.956000 0.510000 0.060000 0.406667
316 54.034667 0.493333 0.114667 0.420000
790 54.111333 0.496667 0.058667 0.353333
665 54.187667 0.495000 0.107333 0.410000
216 54.286333 0.495000 0.107333 0.450000
643 54.378667 0.510000 0.090667 0.326667
874 54.453000 0.495000 0.075333 0.336667
864 54.535667 0.493333 0.110000 0.433333
375 54.657333 0.495000 0.148000 0.403333
890 54.778000 0.498333 0.113333 0.450000
73 54.903333 0.496667 0.156000 0.513333
906 55.036333 0.506667 0.126000 0.346667
468 55.129333 0.506667 0.074667 0.413333
585 55.235667 0.488333 0.151333 0.430000
920 55.361000 0.508333 0.119333 0.450000
279 55.458000 0.488333 0.090667 0.503333
241 55.541667 0.488333 0.094000 0.496667
106 55.677000 0.505000 0.196667 0.983333
149 55.863000 0.498333 0.191333 0.956667
536 56.016333 0.505000 0.128667 0.483333
860 56.179000 0.505000 0.215333 0.576667
574 56.323333 0.505000 0.086667 0.350000
927 56.378000 0.495000 0.038667 0.303333
592 56.461667 0.508333 0.143333 0.416667
162 56.592000 0.495000 0.130667 0.483333
186 56.696000 0.503333 0.093333 0.466667
762 56.778667 0.491667 0.090667 0.403333
902 56.871667 0.506667 0.112667 0.313333
431 56.960667 0.498333 0.082667 0.283333
236 57.033667 0.488333 0.080667 0.410000
838 57.112333 0.501667 0.090000 0.370000
223 57.201000 0.500000 0.104667 0.493333
463 57.287000 0.498333 0.082000 0.430000
448 57.356667 0.490000 0.073333 0.433333
921 57.412333 0.506667 0.052667 0.306667
462 57.460000 0.505000 0.060000 0.310000
98 57.578000 0.500000 0.196000 0.413333
315 57.720667 0.493333 0.106667 0.400000
983 57.789667 0.495000 0.047333 0.370000
621 57.832000 0.508333 0.052000 0.556667
201 57.901000 0.496667 0.103333 0.520000
857 58.024667 0.496667 0.162667 0.813333
692 58.138667 0.488333 0.085333 0.416667
1 58.202333 0.506667 0.062000 0.326667
999 58.241333 0.496667 0.029333 0.240000
558 58.284667 0.496667 0.076000 0.373333
368 58.385000 0.508333 0.142000 0.410000
657 58.490667 0.510000 0.084000 0.340000
891 58.550333 0.491667 0.055333 0.323333
227 58.630333 0.495000 0.124667 0.503333
361 58.750333 0.510000 0.128667 0.380000
803 58.877333 0.505000 0.138667 0.396667
751 58.979000 0.508333 0.083333 0.363333
555 59.030667 0.500000 0.037333 0.366667
194 59.100000 0.505000 0.114667 0.470000
288 59.201333 0.491667 0.106667 0.403333
292 59.302667 0.501667 0.114667 0.456667
846 59.397667 0.500000 0.091333 0.386667
354 59.502333 0.488333 0.136667 0.410000
243 59.629667 0.490000 0.135333 0.460000
226 59.729333 0.496667 0.081333 0.360000
664 59.823000 0.496667 0.123333 0.433333
1012 59.897667 0.490000 0.043333 0.333333
180 59.978000 0.501667 0.132000 0.496667
225 60.086667 0.506667 0.098667 0.393333
755 60.192000 0.493333 0.125333 0.400000
609 60.287000 0.495000 0.078000 0.323333
756 60.382667 0.493333 0.133333 0.400000
836 60.498667 0.498333 0.116000 0.556667
933 60.567000 0.498333 0.035333 0.296667
603 60.655667 0.510000 0.158000 0.353333
64 60.765333 0.510000 0.076000 0.386667
893 60.883333 0.496667 0.177333 0.886667
649 61.008000 0.500000 0.086667 0.473333
577 61.089333 0.495000 0.092000 0.363333
809 61.194000 0.508333 0.130667 0.670000
886 61.336000 0.493333 0.173333 0.866667
853 61.473000 0.498333 0.118000 0.516667
953 61.542667 0.491667 0.037333 0.296667
679 61.586667 0.510000 0.068000 0.400000
693 61.650000 0.490000 0.072000 0.353333
126 61.755667 0.501667 0.156667 0.783333
791 61.861333 0.503333 0.069333 0.426667
255 61.968333 0.495000 0.158000 0.596667
258 62.117000 0.498333 0.155333 0.776667
841 62.244667 0.500000 0.116000 0.480000
984 62.311333 0.501667 0.037333 0.290000
515 62.383667 0.490000 0.123333 0.413333
793 62.484000 0.501667 0.090667 0.370000
61 62.573333 0.506667 0.101333 0.506667
111 62.665000 0.503333 0.102000 0.440000
179 62.763000 0.496667 0.107333 0.406667
705 62.918333 0.501667 0.219333 1.096667
353 63.079667 0.501667 0.118000 0.336667
218 63.175333 0.493333 0.090667 0.373333
232 63.253333 0.495000 0.082667 0.356667
806 63.381000 0.491667 0.186000 0.930000
123 63.519000 0.495000 0.107333 0.696667
800 63.616000 0.508333 0.102667 0.410000
521 63.743667 0.510000 0.168667 0.453333
939 63.837667 0.508333 0.039333 0.336667
59 63.939667 0.488333 0.179333 0.896667
988 64.041333 0.508333 0.038667 0.316667
849 64.099333 0.506667 0.097333 0.420000
706 64.166667 0.493333 0.057333 0.293333
996 64.204667 0.503333 0.036000 0.293333
584 64.274667 0.501667 0.124000 0.390000
798 64.388333 0.491667 0.119333 0.450000
402 64.526333 0.503333 0.170000 0.453333
250 64.700000 0.490000 0.190667 0.953333
141 64.824333 0.495000 0.076667 0.343333
430 64.899333 0.506667 0.086667 0.373333
291 64.994333 0.501667 0.118000 0.463333
171 65.103667 0.496667 0.118000 0.426667
778 65.196333 0.490000 0.084667 0.540000
634 65.264667 0.490000 0.070667 0.306667
647 65.323000 0.496667 0.059333 0.306667
741 65.403333 0.510000 0.121333 0.406667
326 65.499667 0.493333 0.091333 0.420000
552 65.567333 0.503333 0.057333 0.380000
644 65.628667 0.505000 0.081333 0.356667
929 65.682000 0.501667 0.038667 0.323333
1004 65.712333 0.493333 0.038000 0.320000
872 65.802000 0.488333 0.158667 0.463333
956 65.892000 0.500000 0.038667 0.306667
667 65.954000 0.501667 0.102667 0.356667
678 66.059667 0.493333 0.123333 0.460000
412 66.162667 0.508333 0.101333 0.503333
781 66.240333 0.493333 0.074000 0.380000
421 66.341000 0.508333 0.144667 0.443333
19 66.447000 0.501667 0.086000 0.296667
779 66.504667 0.505000 0.042667 0.383333
377 66.574667 0.498333 0.112000 0.303333
358 66.701000 0.510000 0.160667 0.420000
263 66.860000 0.498333 0.172000 0.543333
611 66.980333 0.500000 0.086000 0.340000
802 67.094667 0.508333 0.161333 0.383333
810 67.218333 0.503333 0.103333 0.426667
307 67.292000 0.500000 0.058667 0.333333
333 67.396000 0.493333 0.169333 0.373333
659 67.520667 0.495000 0.100000 0.410000
529 67.622667 0.495000 0.121333 0.510000
444 67.702333 0.498333 0.052667 0.290000
415 67.781333 0.496667 0.118667 0.400000
1006 67.849333 0.498333 0.037333 0.276667
742 67.924000 0.490000 0.126667 0.500000
465 68.013000 0.493333 0.068667 0.366667
509 68.087000 0.505000 0.092667 0.303333
494 68.161000 0.495000 0.075333 0.403333
175 68.273333 0.490000 0.169333 0.846667
1017 68.368333 0.508333 0.038000 0.296667
828 68.438000 0.510000 0.116000 0.473333
477 68.514667 0.498333 0.057333 0.323333
302 68.568000 0.495000 0.068000 0.383333
442 68.633000 0.500000 0.079333 0.413333
633 68.745667 0.496667 0.166000 0.480000
740 68.875333 0.505000 0.112000 0.256667
206 69.026667 0.500000 0.206667 1.033333
290 69.201333 0.505000 0.161333 0.430000
814 69.329667 0.496667 0.114000 0.333333
905 69.444667 0.488333 0.132000 0.423333
136 69.596667 0.510000 0.188000 0.940000
827 69.734000 0.491667 0.100000 0.470000
191 69.820333 0.488333 0.088667 0.383333
681 69.878667 0.498333 0.046667 0.423333
261 69.966667 0.506667 0.144000 0.686667
1013 70.054333 0.495000 0.044667 0.350000
666 70.122000 0.508333 0.106667 0.376667
75 70.234000 0.506667 0.137333 0.413333
993 70.315000 0.490000 0.044667 0.340000
365 70.401667 0.496667 0.144667 0.453333
438 70.546000 0.490000 0.158667 0.493333
351 70.674333 0.510000 0.111333 0.300000
138 70.762333 0.498333 0.078000 0.436667
104 70.901000 0.500000 0.212667 0.466667
801 71.047333 0.493333 0.093333 0.373333
68 71.141333 0.503333 0.108000 0.306667
424 71.265667 0.508333 0.155333 0.490000
924 71.356333 0.488333 0.042000 0.323333
654 71.482000 0.500000 0.224000 1.120000
213 71.632333 0.498333 0.095333 0.483333
750 71.740333 0.490000 0.135333 0.500000
479 71.836667 0.508333 0.073333 0.376667
1023 71.890667 0.510000 0.048000 0.353333
214 71.968667 0.500000 0.126667 0.526667
433 72.081333 0.495000 0.114667 0.243333
599 72.203333 0.496667 0.145333 0.440000
737 72.294667 0.496667 0.052000 0.360000
676 72.362667 0.493333 0.098667 0.373333
550 72.434000 0.510000 0.060000 0.300000
153 72.496000 0.495000 0.077333 0.350000
137 72.553333 0.506667 0.056000 0.293333
985 72.596000 0.503333 0.048000 0.360000
842 72.667667 0.490000 0.115333 0.480000
990 72.733333 0.508333 0.030667 0.243333
389 72.799000 0.488333 0.116667 0.356667
862 72.891667 0.505000 0.086000 0.396667
449 72.956000 0.490000 0.060000 0.360000
196 73.028333 0.495000 0.104667 0.436667
926 73.091333 0.498333 0.034667 0.263333
364 73.198667 0.491667 0.194667 0.463333
87 73.397667 0.498333 0.216667 1.083333
739 73.526000 0.500000 0.056000 0.500000
167 73.604333 0.491667 0.120667 0.436667
414 73.763000 0.495000 0.210000 1.050000
32 73.919667 0.506667 0.123333 0.466667
97 74.054667 0.503333 0.161333 0.806667
300 74.155000 0.510000 0.056667 0.180000
234 74.217667 0.501667 0.087333 0.370000
928 74.273000 0.505000 0.039333 0.323333
207 74.328000 0.503333 0.089333 0.386667
994 74.385667 0.501667 0.043333 0.323333
166 74.466667 0.503333 0.132000 0.480000
215 74.578667 0.506667 0.110667 0.533333
832 74.688667 0.495000 0.122667 0.543333
23 74.804333 0.491667 0.126000 0.370000
858 74.911667 0.503333 0.108667 0.340000
947 74.975000 0.500000 0.035333 0.266667
142 75.025333 0.493333 0.082667 0.433333
851 75.112333 0.500000 0.107333 0.453333
760 75.229000 0.496667 0.146000 0.426667
698 75.321000 0.501667 0.054000 0.283333
631 75.407333 0.508333 0.133333 0.450000
298 75.501333 0.506667 0.068000 0.340000
732 75.566667 0.491667 0.076000 0.383333
476 75.630000 0.493333 0.070667 0.373333
903 75.722667 0.498333 0.132000 0.370000
970 75.799333 0.488333 0.036000 0.296667
519 75.877000 0.495000 0.138000 0.443333
714 76.013000 0.501667 0.148667 0.410000
734 76.164667 0.495000 0.168000 0.443333
545 76.291667 0.508333 0.104667 0.416667
21 76.381667 0.496667 0.094000 0.313333
271 76.512333 0.500000 0.184667 0.573333
593 76.670333 0.510000 0.147333 0.473333
422 76.782000 0.491667 0.093333 0.383333
154 76.867667 0.488333 0.091333 0.423333
888 76.983667 0.501667 0.156667 0.783333
276 77.083000 0.493333 0.058000 0.366667
918 77.156333 0.500000 0.107333 0.366667
766 77.271333 0.506667 0.136000 0.400000
501 77.363000 0.506667 0.066000 0.300000
115 77.418333 0.501667 0.063333 0.316667
908 77.482000 0.510000 0.084000 0.306667
317 77.580667 0.495000 0.130667 0.476667
418 77.673000 0.503333 0.071333 0.346667
703 77.771000 0.501667 0.139333 0.450000
636 77.883333 0.495000 0.098667 0.243333
572 77.962333 0.505000 0.079333 0.310000
419 78.037667 0.508333 0.087333 0.423333
743 78.111333 0.501667 0.077333 0.330000
969 78.159667 0.496667 0.039333 0.326667
630 78.256333 0.490000 0.167333 0.566667
458 78.365333 0.491667 0.064000 0.336667
804 78.501667 0.488333 0.228667 1.143333
825 78.656000 0.491667 0.094667 0.390000
962 78.710000 0.488333 0.032000 0.270000
294 78.813333 0.510000 0.193333 0.966667
738 78.936333 0.495000 0.070000 0.336667
176 79.024333 0.495000 0.122000 0.443333
904 79.114000 0.490000 0.077333 0.366667
975 79.168000 0.491667 0.045333 0.350000
601 79.242000 0.506667 0.116000 0.366667
440 79.320333 0.496667 0.060667 0.313333
845 79.382667 0.503333 0.080000 0.380000
747 79.465000 0.501667 0.102000 0.430000
856 79.593000 0.495000 0.172667 0.430000
950 79.692333 0.501667 0.039333 0.296667
770 79.767667 0.496667 0.130000 0.366667
940 79.847667 0.508333 0.047333 0.363333
965 79.883667 0.506667 0.044667 0.346667
844 79.978000 0.493333 0.160000 0.800000
372 80.109000 0.505000 0.116667 0.350000
384 80.226000 0.506667 0.133333 0.366667
837 80.340000 0.508333 0.108000 0.450000
163 80.442000 0.496667 0.109333 0.406667
348 80.567667 0.501667 0.155333 0.443333
626 80.729667 0.488333 0.182000 0.610000
341 80.858000 0.501667 0.090667 0.370000
467 80.926333 0.488333 0.063333 0.323333
325 81.008667 0.493333 0.120000 0.500000
532 81.106000 0.510000 0.088000 0.446667
144 81.255000 0.498333 0.223333 1.116667
1021 81.386000 0.510000 0.052000 0.373333
868 81.446333 0.500000 0.087333 0.493333
977 81.505667 0.505000 0.047333 0.350000
203 81.580000 0.490000 0.114667 0.460000
480 81.661333 0.498333 0.064000 0.330000
209 81.775333 0.506667 0.184000 0.920000
662 81.907000 0.498333 0.099333 0.330000
352 82.026667 0.500000 0.160000 0.800000
925 82.120333 0.510000 0.040667 0.313333
958 82.157000 0.498333 0.051333 0.370000
27 82.242667 0.505000 0.133333 0.450000
707 82.342667 0.491667 0.085333 0.396667
273 82.402667 0.498333 0.049333 0.290000
432 82.481000 0.495000 0.127333 0.250000
589 82.590000 0.493333 0.106667 0.420000
520 82.697667 0.508333 0.128667 0.416667
228 82.799667 0.500000 0.095333 0.446667
190 82.898000 0.510000 0.117333 0.546667
682 83.001000 0.501667 0.107333 0.396667
456 83.076667 0.510000 0.062667 0.333333
710 83.203667 0.488333 0.204667 0.523333
184 83.353333 0.501667 0.114667 0.530000
527 83.471333 0.505000 0.140000 0.410000
1003 83.554000 0.493333 0.045333 0.353333
188 83.608667 0.491667 0.084000 0.370000
894 83.697000 0.488333 0.112667 0.343333
701 83.840000 0.490000 0.193333 0.966667
819 84.002333 0.508333 0.146000 0.370000
660 84.133667 0.496667 0.131333 0.420000
165 84.256333 0.488333 0.131333 0.503333
588 84.372333 0.493333 0.114000 0.513333
704 84.469667 0.501667 0.096667 0.350000
686 84.545000 0.503333 0.072667 0.353333
578 84.623333 0.510000 0.104000 0.406667
495 84.709000 0.510000 0.083333 0.366667
286 84.793000 0.503333 0.104667 0.386667
607 84.898000 0.500000 0.121333 0.373333
757 85.010667 0.493333 0.124000 0.366667
998 85.081667 0.488333 0.035333 0.263333
523 85.151333 0.495000 0.120000 0.383333
30 85.277333 0.495000 0.146667 0.430000
264 85.416333 0.498333 0.144667 0.556667
78 85.568333 0.501667 0.174000 0.870000
35 85.691000 0.503333 0.087333 0.333333
848 85.789667 0.495000 0.128667 0.383333
36 85.908333 0.505000 0.122000 0.430000
632 86.048000 0.490000 0.176000 0.880000
211 86.186333 0.505000 0.119333 0.483333
157 86.327333 0.488333 0.180000 0.736667
318 86.471667 0.501667 0.127333 0.510000
272 86.603667 0.500000 0.152667 0.446667
604 86.736667 0.505000 0.126667 0.376667
380 86.867000 0.495000 0.150000 0.416667
780 87.004667 0.488333 0.138667 0.423333
177 87.124000 0.490000 0.117333 0.413333
583 87.199667 0.505000 0.048667 0.336667
44 87.276333 0.496667 0.119333 0.466667
831 87.387667 0.506667 0.118000 0.526667
960 87.453333 0.501667 0.033333 0.263333
792 87.503667 0.488333 0.086000 0.350000
528 87.592667 0.496667 0.105333 0.373333
966 87.662000 0.496667 0.048000 0.353333
730 87.735333 0.488333 0.116000 0.503333
936 87.806333 0.493333 0.040667 0.306667
189 87.875667 0.506667 0.112667 0.460000
122 87.971333 0.501667 0.098667 0.363333
420 88.055333 0.510000 0.086667 0.353333
58 88.117667 0.505000 0.052667 0.243333
436 88.191333 0.505000 0.108000 0.276667
70 88.308000 0.491667 0.140000 0.523333
683 88.447000 0.503333 0.151333 0.413333
129 88.591000 0.506667 0.150000 0.566667
600 88.723000 0.488333 0.130000 0.390000
446 88.812667 0.505000 0.062667 0.376667
818 88.902667 0.503333 0.133333 0.346667
40 89.010333 0.490000 0.095333 0.313333
899 89.126667 0.490000 0.154667 0.460000
469 89.231000 0.498333 0.074000 0.383333
374 89.324667 0.501667 0.132000 0.410000
880 89.438333 0.510000 0.115333 0.366667
542 89.552000 0.500000 0.132000 0.460000
582 89.681667 0.493333 0.142000 0.546667
968 89.763000 0.491667 0.038000 0.276667
308 89.808667 0.508333 0.073333 0.410000
777 89.898000 0.508333 0.120000 0.496667
991 89.968667 0.500000 0.036000 0.293333
715 90.076000 0.490000 0.193333 0.506667
52 90.217333 0.495000 0.109333 0.376667
7 90.313000 0.495000 0.102000 0.336667
948 90.373000 0.508333 0.036667 0.270000
57 90.409667 0.493333 0.051333 0.280000
489 90.458667 0.490000 0.062667 0.333333
84 90.533000 0.506667 0.103333 0.286667
952 90.591667 0.495000 0.031333 0.263333
9 90.650667 0.505000 0.106667 0.430000
829 90.742000 0.493333 0.089333 0.366667
754 90.854667 0.490000 0.156000 0.760000
204 90.979000 0.506667 0.106000 0.426667
522 91.077667 0.501667 0.104667 0.336667
67 91.255000 0.510000 0.263333 0.660000
454 91.409667 0.501667 0.062000 0.323333
934 91.453667 0.508333 0.039333 0.310000
916 91.576667 0.496667 0.220000 1.100000
564 91.746333 0.500000 0.136667 0.306667
615 91.861333 0.488333 0.106667 0.490000
505 91.942000 0.506667 0.072000 0.306667
892 92.052000 0.493333 0.165333 0.520000
510 92.175333 0.508333 0.098667 0.316667
497 92.296000 0.505000 0.160000 0.403333
775 92.410333 0.495000 0.087333 0.430000
617 92.493000 0.495000 0.098000 0.376667
912 92.586667 0.501667 0.102667 0.403333
4 92.672333 0.491667 0.087333 0.376667
513 92.757000 0.508333 0.096667 0.323333
708 92.850000 0.500000 0.105333 0.466667
718 92.987000 0.490000 0.182000 0.460000
525 93.122333 0.508333 0.103333 0.336667
811 93.237000 0.498333 0.142000 0.323333
331 93.382000 0.490000 0.165333 0.826667
121 93.464333 0.495000 0.018000 0.303333
923 93.485000 0.503333 0.040667 0.326667
18 93.538667 0.503333 0.085333 0.313333
815 93.636000 0.503333 0.125333 0.286667
976 93.713000 0.508333 0.048667 0.363333
878 93.774667 0.491667 0.093333 0.476667
212 93.872667 0.501667 0.118667 0.550000
972 93.947000 0.495000 0.043333 0.323333
43 94.007333 0.488333 0.090667 0.363333
289 94.123333 0.500000 0.160000 0.800000
930 94.213667 0.501667 0.040667 0.296667
493 94.262000 0.490000 0.072000 0.326667
776 94.370333 0.491667 0.160667 0.416667
526 94.521333 0.500000 0.156000 0.393333
727 94.627000 0.496667 0.068667 0.433333
771 94.732667 0.490000 0.162667 0.813333
124 94.856000 0.508333 0.097333 0.363333
17 94.949333 0.498333 0.109333 0.363333
393 95.055333 0.498333 0.116000 0.323333
712 95.179333 0.500000 0.152000 0.426667
805 95.321667 0.490000 0.151333 0.466667
471 95.418333 0.491667 0.058000 0.343333
487 95.472000 0.501667 0.069333 0.370000
398 95.533333 0.508333 0.072000 0.376667
677 95.617000 0.491667 0.111333 0.356667
579 95.750000 0.508333 0.172000 0.450000
293 95.868000 0.506667 0.078667 0.326667
132 95.936000 0.500000 0.074667 0.333333
257 96.032667 0.495000 0.138667 0.410000
596 96.150000 0.495000 0.110667 0.336667
41 96.277333 0.505000 0.158667 0.436667
113 96.382333 0.488333 0.071333 0.383333
297 96.444667 0.505000 0.068000 0.356667
110 96.532333 0.505000 0.120667 0.443333
304 96.620667 0.500000 0.073333 0.406667
146 96.749667 0.508333 0.200667 1.003333
208 96.925333 0.500000 0.170667 0.853333
547 97.039333 0.493333 0.074667 0.433333
134 97.114000 0.501667 0.089333 0.376667
767 97.210667 0.503333 0.117333 0.366667
514 97.328333 0.491667 0.135333 0.443333
38 97.442333 0.510000 0.112667 0.406667
951 97.509000 0.510000 0.036667 0.273333
967 97.537667 0.496667 0.034000 0.273333
168 97.592000 0.508333 0.094667 0.336667
55 97.695333 0.510000 0.128000 0.306667
107 97.862000 0.491667 0.220000 0.470000
974 97.986333 0.496667 0.044667 0.340000
139 98.031667 0.508333 0.060667 0.336667
127 98.115000 0.503333 0.120667 0.420000
1020 98.188667 0.508333 0.044000 0.363333
785 98.232333 0.493333 0.063333 0.273333
455 98.291333 0.510000 0.074667 0.446667
784 98.355333 0.495000 0.068000 0.536667
863 98.438000 0.496667 0.116000 0.560000
500 98.523333 0.506667 0.073333 0.326667
80 98.603333 0.498333 0.102667 0.510000
335 98.703000 0.490000 0.114000 0.380000
817 98.813667 0.495000 0.127333 0.363333
267 98.973333 0.493333 0.206667 1.033333
598 99.139000 0.493333 0.143333 0.433333
733 99.243667 0.493333 0.080667 0.480000
619 99.326000 0.490000 0.101333 0.560000
668 99.428000 0.490000 0.116000 0.400000
653 99.551000 0.510000 0.150000 0.486667
159 99.642333 0.506667 0.047333 0.366667
72 99.712333 0.503333 0.106000 0.513333
551 99.828667 0.490000 0.144000 0.440000
507 99.927667 0.495000 0.067333 0.356667
355 100.031000 0.510000 0.156667 0.446667
1022 100.118333 0.490000 0.038000 0.306667
342 100.167333 0.490000 0.080000 0.373333
466 100.234667 0.496667 0.073333 0.393333
481 100.294000 0.495000 0.061333 0.350000
16 100.375667 0.500000 0.119333 0.380000
74 100.506333 0.501667 0.156667 0.483333
895 100.654333 0.490000 0.152667 0.453333
675 100.782667 0.496667 0.120000 0.446667
556 100.876333 0.495000 0.087333 0.363333
794 100.940667 0.510000 0.057333 0.353333
323 101.059000 0.505000 0.195333 0.976667
624 101.265000 0.505000 0.230000 1.150000
28 101.422333 0.508333 0.100667 0.343333
567 101.536333 0.505000 0.147333 0.616667
400 101.624000 0.496667 0.046667 0.413333
459 101.673000 0.505000 0.066000 0.383333
3 101.745000 0.488333 0.096667 0.396667
941 101.809000 0.495000 0.047333 0.343333
1019 101.838667 0.505000 0.032000 0.263333
262 101.898667 0.498333 0.105333 0.530000
238 102.031000 0.501667 0.178000 0.890000
570 102.166667 0.503333 0.106667 0.453333
60 102.243667 0.503333 0.064667 0.273333
197 102.321000 0.503333 0.106000 0.540000
721 102.478333 0.505000 0.226000 1.130000
