274 0.053000 0.501667 0.099333 0.470000
81 0.156000 0.495000 0.122667 0.496667
342 0.246000 0.505000 0.070667 0.330000
871 0.306667 0.500000 0.069333 0.320000
583 0.360333 0.500000 0.052667 0.346667
695 0.462000 0.491667 0.164000 0.443333
1019 0.554333 0.501667 0.040667 0.316667
489 0.604000 0.488333 0.077333 0.396667
386 0.725667 0.498333 0.183333 0.916667
191 0.861000 0.501667 0.100667 0.490000
326 0.947000 0.498333 0.088667 0.403333
401 1.025000 0.488333 0.083333 0.436667
840 1.108000 0.488333 0.098667 0.483333
228 1.203667 0.503333 0.107333 0.440000
179 1.313333 0.505000 0.132000 0.496667
174 1.438333 0.501667 0.134000 0.510000
900 1.571667 0.488333 0.146000 0.390000
245 1.666000 0.506667 0.057333 0.253333
860 1.773667 0.505000 0.174000 0.870000
255 1.928333 0.510000 0.155333 0.606667
849 2.040667 0.496667 0.089333 0.366667
630 2.144667 0.506667 0.137333 0.453333
160 2.245667 0.510000 0.080667 0.460000
633 2.390667 0.496667 0.224000 1.120000
389 2.558667 0.493333 0.128000 0.380000
942 2.635667 0.510000 0.039333 0.333333
327 2.708667 0.503333 0.120000 0.340000
252 2.822333 0.506667 0.127333 0.500000
469 2.905667 0.503333 0.059333 0.306667
41 2.991000 0.505000 0.124667 0.343333
220 3.091667 0.503333 0.096667 0.400000
430 3.180333 0.503333 0.098000 0.420000
685 3.272333 0.506667 0.100667 0.380000
845 3.366000 0.493333 0.100000 0.446667
21 3.460000 0.498333 0.106667 0.376667
596 3.573667 0.506667 0.140667 0.413333
646 3.673000 0.496667 0.078000 0.353333
206 3.819333 0.496667 0.228000 1.140000
265 4.015667 0.498333 0.184667 0.923333
413 4.164333 0.510000 0.128667 0.513333
418 4.260667 0.505000 0.077333 0.376667
737 4.321000 0.490000 0.058000 0.413333
280 4.401000 0.488333 0.115333 0.390000
889 4.551333 0.500000 0.198667 0.993333
210 4.696333 0.495000 0.111333 0.510000
74 4.820667 0.505000 0.153333 0.470000
788 4.984000 0.500000 0.186667 0.566667
614 5.147667 0.506667 0.158000 0.406667
65 5.260000 0.505000 0.082667 0.216667
1017 5.315000 0.490000 0.044667 0.360000
613 5.443000 0.488333 0.228667 1.143333
846 5.589333 0.508333 0.082667 0.383333
1013 5.641333 0.496667 0.034667 0.286667
409 5.704667 0.510000 0.112000 0.573333
92 5.861667 0.495000 0.215333 0.450000
249 5.989333 0.488333 0.053333 0.403333
905 6.077000 0.496667 0.139333 0.453333
282 6.189667 0.491667 0.099333 0.343333
75 6.304667 0.508333 0.146667 0.463333
868 6.409333 0.500000 0.082667 0.466667
285 6.505333 0.501667 0.122667 0.396667
561 6.645667 0.488333 0.178000 0.383333
422 6.777000 0.510000 0.102000 0.366667
270 6.933000 0.491667 0.223333 1.116667
681 7.060333 0.488333 0.050000 0.443333
436 7.134333 0.501667 0.111333 0.296667
805 7.252667 0.490000 0.144000 0.420000
809 7.372667 0.491667 0.109333 0.570000
169 7.476000 0.500000 0.114667 0.400000
937 7.549667 0.498333 0.050000 0.363333
487 7.602333 0.500000 0.072667 0.380000
540 7.707000 0.495000 0.152667 0.616667
495 7.812000 0.501667 0.074667 0.403333
148 7.912333 0.500000 0.142000 0.386667
648 8.012000 0.503333 0.074667 0.353333
421 8.113333 0.503333 0.142667 0.420000
408 8.217333 0.493333 0.080000 0.300000
295 8.306667 0.505000 0.113333 0.483333
570 8.392000 0.505000 0.077333 0.323333
789 8.450333 0.500000 0.059333 0.366667
635 8.505667 0.506667 0.070000 0.313333
215 8.574333 0.490000 0.086000 0.400000
841 8.658000 0.501667 0.094667 0.396667
510 8.764000 0.493333 0.132000 0.406667
904 8.861667 0.495000 0.083333 0.403333
428 8.938000 0.493333 0.084000 0.573333
484 9.017667 0.510000 0.090000 0.360000
565 9.119333 0.501667 0.130667 0.283333
98 9.282667 0.505000 0.214667 0.456667
60 9.423000 0.496667 0.079333 0.333333
998 9.476333 0.503333 0.040667 0.300000
178 9.554667 0.501667 0.130667 0.503333
146 9.660333 0.498333 0.095333 0.430000
647 9.743333 0.496667 0.088000 0.460000
975 9.798667 0.505000 0.036000 0.290000
213 9.871000 0.501667 0.128667 0.523333
149 10.023667 0.493333 0.190000 0.526667
317 10.166000 0.498333 0.112000 0.456667
999 10.230000 0.506667 0.032000 0.273333
798 10.294333 0.501667 0.115333 0.463333
205 10.452333 0.491667 0.214000 1.070000
708 10.656000 0.500000 0.208000 1.040000
110 10.808667 0.508333 0.110667 0.390000
712 10.952333 0.505000 0.191333 0.956667
195 11.085000 0.505000 0.092667 0.443333
996 11.145333 0.491667 0.044000 0.343333
477 11.196333 0.510000 0.074000 0.380000
219 11.286333 0.506667 0.120667 0.520000
734 11.430333 0.508333 0.184667 0.496667
345 11.571667 0.498333 0.118000 0.316667
938 11.637000 0.488333 0.030000 0.243333
259 11.691000 0.501667 0.096667 0.483333
130 11.811667 0.500000 0.162000 0.366667
688 11.931333 0.491667 0.093333 0.456667
324 12.030667 0.490000 0.121333 0.593333
232 12.129667 0.501667 0.090000 0.423333
950 12.184333 0.493333 0.039333 0.320000
340 12.246667 0.488333 0.105333 0.316667
661 12.353333 0.508333 0.128000 0.456667
1020 12.431000 0.498333 0.044667 0.370000
107 12.563333 0.508333 0.237333 0.510000
504 12.761000 0.491667 0.174000 0.496667
750 12.887000 0.496667 0.096667 0.360000
485 12.964000 0.500000 0.077333 0.433333
591 13.059667 0.495000 0.134000 0.390000
5 13.153667 0.488333 0.067333 0.323333
141 13.223000 0.508333 0.090000 0.383333
388 13.316000 0.500000 0.116000 0.340000
376 13.427000 0.503333 0.124667 0.380000
618 13.513667 0.490000 0.063333 0.406667
625 13.639000 0.491667 0.207333 1.036667
803 13.848667 0.496667 0.228000 1.140000
333 14.047333 0.490000 0.186667 0.933333
952 14.147667 0.500000 0.031333 0.260000
555 14.175333 0.493333 0.038667 0.373333
682 14.231667 0.506667 0.092667 0.340000
931 14.285667 0.510000 0.035333 0.280000
217 14.342000 0.510000 0.090667 0.400000
978 14.392333 0.503333 0.030000 0.253333
658 14.436333 0.506667 0.071333 0.393333
251 14.494000 0.500000 0.060000 0.340000
554 14.578000 0.500000 0.124000 0.333333
721 14.721000 0.508333 0.179333 0.896667
159 14.824000 0.503333 0.042667 0.306667
491 14.901000 0.508333 0.127333 0.623333
653 15.023333 0.505000 0.136000 0.443333
52 15.134000 0.488333 0.101333 0.343333
819 15.249000 0.503333 0.147333 0.326667
691 15.364667 0.500000 0.098667 0.486667
180 15.471000 0.498333 0.131333 0.456667
621 15.552000 0.505000 0.045333 0.463333
568 15.616000 0.505000 0.102667 0.510000
83 15.695333 0.498333 0.074667 0.350000
25 15.777333 0.510000 0.106667 0.393333
32 15.874667 0.493333 0.102667 0.333333
550 15.949000 0.508333 0.066000 0.330000
718 16.083667 0.495000 0.218000 1.090000
600 16.255000 0.506667 0.142000 0.440000
509 16.383000 0.493333 0.134000 0.453333
551 16.517667 0.508333 0.150000 0.456667
702 16.677333 0.490000 0.186667 0.933333
464 16.793000 0.500000 0.064667 0.366667
507 16.855333 0.496667 0.076000 0.400000
162 16.937667 0.498333 0.106000 0.370000
976 17.005333 0.493333 0.048000 0.366667
129 17.084667 0.508333 0.128000 0.463333
478 17.169667 0.506667 0.062000 0.346667
423 17.257000 0.501667 0.131333 0.476667
202 17.401000 0.488333 0.175333 0.876667
456 17.510000 0.501667 0.060000 0.323333
928 17.546667 0.493333 0.030667 0.246667
450 17.587000 0.490000 0.068667 0.360000
906 17.669667 0.495000 0.116667 0.316667
200 17.778000 0.503333 0.113333 0.466667
983 17.844333 0.508333 0.034000 0.263333
959 17.872000 0.493333 0.040000 0.333333
616 17.977667 0.493333 0.184667 0.473333
37 18.126667 0.510000 0.126667 0.400000
119 18.225000 0.500000 0.090000 0.533333
749 18.306667 0.508333 0.093333 0.410000
939 18.368667 0.488333 0.045333 0.330000
581 18.426333 0.493333 0.088667 0.373333
303 18.504000 0.500000 0.081333 0.453333
790 18.580333 0.506667 0.087333 0.520000
823 18.656333 0.501667 0.084667 0.383333
240 18.729000 0.506667 0.074000 0.386667
560 18.851667 0.508333 0.191333 0.956667
393 19.006000 0.501667 0.133333 0.363333
68 19.124000 0.495000 0.121333 0.350000
898 19.253333 0.510000 0.157333 0.786667
967 19.346667 0.501667 0.044000 0.343333
780 19.441667 0.495000 0.159333 0.470000
152 19.558333 0.501667 0.090000 0.416667
725 19.663333 0.510000 0.136000 0.580000
944 19.747000 0.496667 0.048667 0.366667
527 19.821000 0.491667 0.116667 0.336667
48 19.952333 0.501667 0.160667 0.803333
947 20.046000 0.501667 0.044000 0.330000
735 20.133667 0.488333 0.151333 0.616667
791 20.241000 0.493333 0.079333 0.486667
377 20.350667 0.488333 0.153333 0.410000
132 20.466333 0.506667 0.094000 0.433333
239 20.553000 0.510000 0.095333 0.593333
288 20.660667 0.506667 0.134667 0.513333
951 20.739667 0.503333 0.038000 0.293333
837 20.817000 0.501667 0.131333 0.536667
115 20.911000 0.505000 0.076667 0.376667
782 20.986333 0.508333 0.090000 0.430000
297 21.057333 0.495000 0.070667 0.376667
787 21.123333 0.506667 0.081333 0.493333
930 21.173667 0.488333 0.039333 0.303333
375 21.250667 0.500000 0.133333 0.380000
883 21.401667 0.501667 0.186000 0.930000
165 21.536667 0.490000 0.098667 0.360000
404 21.677000 0.498333 0.195333 0.976667
271 21.847333 0.496667 0.158667 0.793333
118 21.963000 0.501667 0.087333 0.350000
743 22.040333 0.493333 0.082000 0.353333
103 22.162000 0.490000 0.178667 0.893333
396 22.307000 0.510000 0.127333 0.346667
18 22.408000 0.496667 0.090667 0.320000
969 22.464000 0.501667 0.040000 0.316667
943 22.495333 0.488333 0.036000 0.270000
687 22.559667 0.496667 0.106000 0.520000
607 22.657000 0.510000 0.108667 0.326667
593 22.780667 0.491667 0.153333 0.443333
134 22.907333 0.490000 0.117333 0.433333
759 23.024333 0.500000 0.134000 0.386667
400 23.112000 0.506667 0.056000 0.440000
530 23.178333 0.493333 0.095333 0.453333
857 23.312333 0.491667 0.188667 0.943333
379 23.475333 0.495000 0.156000 0.450000
953 23.567667 0.500000 0.042000 0.346667
642 23.629000 0.496667 0.095333 0.373333
167 23.726667 0.501667 0.118667 0.410000
233 23.886667 0.500000 0.214667 1.073333
439 24.043333 0.498333 0.112000 0.443333
1010 24.107667 0.508333 0.036667 0.270000
187 24.169333 0.496667 0.105333 0.433333
316 24.260667 0.493333 0.093333 0.366667
909 24.336000 0.510000 0.077333 0.340000
764 24.408667 0.493333 0.082667 0.380000
154 24.478667 0.495000 0.074667 0.336667
276 24.531667 0.506667 0.050000 0.326667
310 24.583333 0.496667 0.072000 0.400000
991 24.633000 0.488333 0.042000 0.356667
331 24.762000 0.508333 0.234667 0.556667
86 24.919667 0.508333 0.098000 0.450000
518 25.077000 0.501667 0.230000 1.150000
941 25.204333 0.496667 0.043333 0.353333
641 25.259667 0.510000 0.080667 0.380000
622 25.407333 0.496667 0.228000 1.140000
287 25.558667 0.503333 0.093333 0.346667
383 25.671333 0.496667 0.152000 0.480000
929 25.759000 0.503333 0.042000 0.353333
526 25.843000 0.508333 0.142000 0.376667
365 25.985000 0.500000 0.155333 0.486667
64 26.080333 0.505000 0.054000 0.296667
374 26.169333 0.490000 0.140000 0.413333
922 26.254333 0.508333 0.044667 0.336667
171 26.330333 0.488333 0.124667 0.436667
831 26.443667 0.501667 0.116667 0.570000
500 26.532333 0.493333 0.078000 0.360000
281 26.629333 0.505000 0.130667 0.463333
112 26.782000 0.490000 0.190667 0.953333
214 26.925000 0.490000 0.112667 0.513333
14 27.034667 0.495000 0.122667 0.423333
461 27.118000 0.491667 0.058667 0.296667
766 27.207000 0.503333 0.135333 0.393333
431 27.322667 0.491667 0.110667 0.383333
770 27.457000 0.501667 0.176667 0.883333
410 27.592333 0.501667 0.110000 0.410000
47 27.698333 0.496667 0.119333 0.580000
54 27.785667 0.498333 0.068667 0.403333
669 27.874000 0.498333 0.128000 0.403333
801 27.971000 0.488333 0.083333 0.316667
27 28.061667 0.495000 0.111333 0.376667
792 28.168000 0.510000 0.116000 0.473333
371 28.323333 0.490000 0.214667 1.073333
100 28.523000 0.508333 0.198000 0.423333
932 28.632333 0.505000 0.034000 0.283333
852 28.688000 0.491667 0.096000 0.390000
865 28.777667 0.495000 0.096667 0.323333
473 28.842000 0.508333 0.052000 0.290000
424 28.929667 0.510000 0.142000 0.446667
124 29.049333 0.501667 0.117333 0.403333
592 29.183333 0.496667 0.169333 0.513333
111 29.308333 0.488333 0.098000 0.416667
313 29.411333 0.488333 0.125333 0.423333
434 29.521000 0.490000 0.110000 0.373333
965 29.581667 0.496667 0.030000 0.253333
987 29.607333 0.508333 0.036000 0.270000
767 29.667000 0.495000 0.098000 0.290000
888 29.786000 0.503333 0.158667 0.486667
1002 29.879667 0.491667 0.042000 0.336667
225 29.951667 0.505000 0.120667 0.503333
151 30.044667 0.496667 0.084000 0.380000
544 30.123333 0.491667 0.092000 0.370000
475 30.194000 0.490000 0.068000 0.373333
892 30.307000 0.488333 0.175333 0.523333
341 30.432667 0.500000 0.089333 0.380000
1015 30.485333 0.506667 0.032000 0.246667
599 30.558000 0.490000 0.132000 0.420000
79 30.732333 0.495000 0.236667 0.496667
665 30.902000 0.510000 0.121333 0.440000
437 31.006667 0.496667 0.104000 0.520000
645 31.088667 0.490000 0.080000 0.353333
256 31.175667 0.491667 0.112667 0.396667
676 31.269667 0.500000 0.090000 0.293333
994 31.330000 0.496667 0.048000 0.346667
886 31.421000 0.508333 0.148667 0.496667
291 31.549333 0.500000 0.122667 0.460000
262 31.686000 0.503333 0.168000 0.840000
390 31.829000 0.488333 0.131333 0.376667
193 31.938333 0.503333 0.100667 0.506667
300 32.019333 0.506667 0.074667 0.240000
502 32.092667 0.495000 0.088000 0.396667
231 32.169333 0.501667 0.081333 0.363333
1021 32.225000 0.506667 0.047333 0.366667
24 32.315000 0.501667 0.148667 0.510000
796 32.484000 0.493333 0.204000 1.020000
825 32.622667 0.510000 0.092000 0.433333
314 32.718333 0.493333 0.112667 0.386667
963 32.789667 0.500000 0.047333 0.346667
72 32.891667 0.505000 0.170000 0.850000
102 33.064667 0.490000 0.189333 0.406667
58 33.186000 0.493333 0.069333 0.293333
494 33.255000 0.506667 0.086000 0.466667
218 33.380667 0.506667 0.181333 0.906667
728 33.492000 0.508333 0.057333 0.503333
945 33.535000 0.496667 0.042000 0.333333
576 33.589333 0.493333 0.081333 0.320000
843 33.674000 0.496667 0.108000 0.446667
0 33.747333 0.506667 0.054667 0.433333
740 33.848000 0.501667 0.160000 0.370000
50 33.977667 0.498333 0.119333 0.350000
483 34.059000 0.508333 0.060667 0.310000
407 34.127667 0.496667 0.094000 0.353333
261 34.274667 0.490000 0.220000 1.100000
248 34.409667 0.491667 0.070000 0.370000
619 34.487333 0.508333 0.104000 0.556667
170 34.578333 0.491667 0.091333 0.336667
499 34.644667 0.506667 0.058667 0.353333
139 34.706000 0.508333 0.084000 0.490000
35 34.794667 0.495000 0.108000 0.390000
503 34.903333 0.501667 0.126667 0.363333
106 35.036333 0.488333 0.156667 0.783333
438 35.182333 0.496667 0.148667 0.453333
897 35.326333 0.505000 0.156667 0.463333
644 35.429667 0.490000 0.067333 0.293333
521 35.516000 0.506667 0.121333 0.313333
105 35.661667 0.505000 0.186000 0.396667
229 35.834333 0.505000 0.172667 0.863333
552 35.937667 0.501667 0.054000 0.370000
563 36.030000 0.508333 0.149333 0.336667
693 36.136667 0.495000 0.080000 0.396667
269 36.255667 0.506667 0.175333 0.533333
815 36.409000 0.508333 0.151333 0.343333
914 36.538667 0.503333 0.122667 0.373333
884 36.654333 0.508333 0.127333 0.476667
670 36.761333 0.493333 0.106667 0.360000
864 36.856000 0.495000 0.096000 0.376667
553 36.952333 0.496667 0.110000 0.406667
382 37.063333 0.498333 0.129333 0.363333
343 37.178667 0.491667 0.118667 0.343333
417 37.272000 0.503333 0.084000 0.406667
713 37.411667 0.491667 0.210000 1.050000
532 37.565333 0.493333 0.113333 0.580000
878 37.662333 0.490000 0.100667 0.513333
143 37.747667 0.501667 0.084667 0.443333
584 37.838333 0.490000 0.114000 0.353333
184 37.974000 0.500000 0.173333 0.866667
186 38.095000 0.510000 0.086000 0.380000
757 38.199667 0.496667 0.138000 0.400000
895 38.330667 0.493333 0.141333 0.406667
101 38.485667 0.491667 0.188667 0.943333
471 38.608667 0.508333 0.073333 0.376667
264 38.710667 0.493333 0.146667 0.560000
885 38.818667 0.505000 0.088000 0.416667
3 38.895000 0.506667 0.080667 0.360000
935 38.944333 0.501667 0.038000 0.310000
307 38.993667 0.490000 0.078000 0.440000
339 39.063667 0.506667 0.079333 0.386667
830 39.156667 0.493333 0.126667 0.533333
457 39.250667 0.490000 0.081333 0.413333
311 39.322000 0.496667 0.081333 0.353333
836 39.417667 0.510000 0.124667 0.533333
89 39.572333 0.501667 0.200667 0.423333
4 39.712667 0.500000 0.094667 0.406667
990 39.776667 0.510000 0.048000 0.346667
266 39.871000 0.488333 0.160667 0.803333
9 39.986333 0.488333 0.086000 0.343333
566 40.085000 0.498333 0.130000 0.550000
711 40.230667 0.500000 0.181333 0.460000
381 40.367333 0.491667 0.112000 0.303333
263 40.492333 0.500000 0.151333 0.480000
442 40.588000 0.503333 0.053333 0.293333
608 40.660667 0.488333 0.112000 0.363333
739 40.732000 0.505000 0.050667 0.436667
51 40.800333 0.495000 0.102000 0.343333
433 40.920000 0.488333 0.152000 0.356667
87 41.094000 0.498333 0.216000 0.463333
337 41.281667 0.495000 0.176667 0.883333
121 41.373333 0.490000 0.021333 0.393333
67 41.459333 0.506667 0.168000 0.840000
481 41.562000 0.501667 0.052000 0.296667
394 41.645333 0.488333 0.134667 0.416667
559 41.738000 0.506667 0.069333 0.340000
192 41.809333 0.490000 0.088000 0.406667
877 41.885000 0.488333 0.080667 0.403333
116 41.975667 0.491667 0.120667 0.383333
260 42.111000 0.488333 0.163333 0.470000
866 42.261333 0.495000 0.152000 0.423333
185 42.377333 0.496667 0.097333 0.440000
289 42.531667 0.490000 0.228667 0.440000
1006 42.653667 0.498333 0.031333 0.256667
626 42.738667 0.496667 0.156000 0.780000
322 42.850000 0.495000 0.085333 0.110000
126 42.961000 0.508333 0.155333 0.776667
985 43.054667 0.488333 0.045333 0.336667
378 43.133000 0.506667 0.128667 0.380000
277 43.236000 0.498333 0.094667 0.436667
93 43.365333 0.500000 0.180000 0.900000
956 43.467333 0.501667 0.040000 0.316667
856 43.556667 0.491667 0.152000 0.376667
754 43.685667 0.500000 0.119333 0.580000
320 43.796667 0.496667 0.120000 0.413333
181 43.905667 0.496667 0.112667 0.373333
153 43.999000 0.500000 0.088667 0.406667
794 44.067667 0.493333 0.068667 0.413333
416 44.133333 0.500000 0.080000 0.386667
838 44.210333 0.495000 0.087333 0.363333
253 44.268333 0.498333 0.046000 0.470000
896 44.349000 0.496667 0.134000 0.380000
957 44.430333 0.503333 0.042000 0.320000
549 44.493000 0.500000 0.099333 0.340000
142 44.574333 0.491667 0.076667 0.323333
114 44.639667 0.488333 0.071333 0.356667
986 44.687667 0.491667 0.040667 0.330000
454 44.730333 0.491667 0.062000 0.336667
224 44.798333 0.506667 0.087333 0.420000
243 44.920000 0.506667 0.170667 0.606667
358 45.070667 0.505000 0.146667 0.390000
411 45.230667 0.505000 0.192000 0.370000
612 45.402000 0.493333 0.169333 0.846667
309 45.509000 0.501667 0.058000 0.330000
283 45.586667 0.488333 0.117333 0.430000
444 45.673667 0.500000 0.076667 0.400000
432 45.774333 0.500000 0.142000 0.273333
585 45.891000 0.506667 0.111333 0.353333
918 45.986333 0.498333 0.099333 0.343333
351 46.122667 0.496667 0.192000 0.960000
395 46.306000 0.500000 0.193333 0.966667
934 46.408333 0.506667 0.028667 0.246667
890 46.463333 0.493333 0.101333 0.413333
20 46.558333 0.501667 0.104667 0.350000
392 46.677333 0.495000 0.146667 0.390000
221 46.859000 0.495000 0.230000 1.150000
357 47.030333 0.498333 0.126000 0.390000
872 47.144667 0.508333 0.121333 0.336667
505 47.228667 0.506667 0.061333 0.260000
590 47.305333 0.495000 0.105333 0.443333
887 47.406000 0.495000 0.116000 0.356667
650 47.527333 0.496667 0.144000 0.473333
698 47.627333 0.503333 0.070667 0.373333
69 47.702667 0.496667 0.097333 0.520000
657 47.796667 0.505000 0.104000 0.423333
96 47.919333 0.506667 0.161333 0.806667
453 48.034333 0.505000 0.083333 0.423333
923 48.084333 0.506667 0.034000 0.266667
344 48.167333 0.488333 0.149333 0.463333
11 48.293667 0.490000 0.118000 0.400000
33 48.411333 0.488333 0.130667 0.430000
903 48.542333 0.503333 0.151333 0.400000
663 48.657333 0.503333 0.098667 0.326667
49 48.783000 0.490000 0.171333 0.853333
133 48.906333 0.505000 0.090000 0.356667
520 49.004000 0.501667 0.122667 0.410000
1003 49.076333 0.500000 0.039333 0.320000
524 49.137000 0.508333 0.099333 0.310000
710 49.259333 0.491667 0.162667 0.416667
446 49.366000 0.495000 0.068000 0.356667
775 49.428333 0.490000 0.074000 0.366667
850 49.498667 0.510000 0.081333 0.373333
675 49.585333 0.493333 0.106667 0.353333
926 49.647000 0.498333 0.032667 0.256667
84 49.705333 0.495000 0.102667 0.283333
736 49.787333 0.493333 0.076000 0.413333
715 49.921667 0.495000 0.206000 0.563333
719 50.108667 0.510000 0.188000 0.940000
989 50.214000 0.496667 0.036000 0.300000
403 50.317000 0.498333 0.190000 0.950000
861 50.420333 0.505000 0.036667 0.290000
768 50.470333 0.495000 0.078000 0.163333
595 50.549333 0.501667 0.097333 0.296667
412 50.636000 0.498333 0.089333 0.443333
127 50.727333 0.498333 0.113333 0.370000
855 50.810333 0.500000 0.070000 0.180000
748 50.888667 0.500000 0.105333 0.360000
468 50.971667 0.503333 0.074000 0.373333
632 51.085667 0.491667 0.174000 0.870000
318 51.218667 0.506667 0.106667 0.500000
302 51.302000 0.503333 0.073333 0.413333
157 51.412000 0.503333 0.165333 0.826667
802 51.562000 0.488333 0.150667 0.390000
23 51.721667 0.488333 0.188667 0.943333
296 51.859333 0.493333 0.100000 0.366667
863 51.956000 0.493333 0.106667 0.513333
204 52.047333 0.498333 0.094667 0.450000
776 52.169333 0.488333 0.162667 0.390000
268 52.342667 0.493333 0.204000 1.020000
813 52.494667 0.496667 0.120000 0.366667
629 52.612000 0.490000 0.132000 0.433333
414 52.721000 0.505000 0.104667 0.530000
247 52.808667 0.495000 0.085333 0.336667
812 52.915333 0.495000 0.144000 0.470000
826 53.033333 0.506667 0.108000 0.520000
763 53.111000 0.501667 0.064667 0.496667
361 53.202000 0.493333 0.133333 0.406667
387 53.343000 0.491667 0.163333 0.816667
39 53.478667 0.503333 0.124000 0.400000
730 53.610667 0.493333 0.157333 0.560000
168 53.780000 0.493333 0.200000 1.000000
144 53.918000 0.501667 0.090667 0.403333
620 54.002000 0.510000 0.096000 0.420000
773 54.110000 0.510000 0.136000 0.400000
810 54.217333 0.488333 0.094667 0.390000
689 54.299333 0.495000 0.082667 0.403333
894 54.413000 0.505000 0.164667 0.483333
188 54.535667 0.490000 0.099333 0.500000
515 54.629667 0.501667 0.103333 0.343333
769 54.771667 0.508333 0.198000 0.990000
949 54.885667 0.495000 0.046000 0.356667
1016 54.920667 0.506667 0.044000 0.353333
1004 54.954333 0.510000 0.042000 0.320000
762 55.006667 0.488333 0.076000 0.350000
299 55.083667 0.493333 0.094000 0.360000
557 55.158000 0.498333 0.070667 0.476667
674 55.231333 0.505000 0.094667 0.310000
201 55.327000 0.510000 0.110000 0.453333
610 55.428000 0.510000 0.112000 0.346667
573 55.520333 0.501667 0.092667 0.363333
833 55.603667 0.506667 0.092667 0.453333
668 55.703667 0.510000 0.124667 0.446667
774 55.798667 0.503333 0.084000 0.433333
177 55.890667 0.495000 0.116000 0.450000
73 55.999667 0.488333 0.119333 0.376667
640 56.080333 0.493333 0.060667 0.300000
360 56.197333 0.496667 0.192000 0.960000
455 56.311667 0.500000 0.055333 0.320000
673 56.384667 0.508333 0.109333 0.370000
656 56.510333 0.495000 0.159333 0.370000
617 56.625333 0.491667 0.086667 0.350000
993 56.675667 0.491667 0.034000 0.256667
352 56.757000 0.498333 0.146000 0.410000
1008 56.843667 0.498333 0.040667 0.343333
368 56.935000 0.495000 0.156667 0.416667
402 57.079667 0.493333 0.148667 0.386667
512 57.196333 0.496667 0.104667 0.360000
525 57.306667 0.500000 0.132000 0.446667
817 57.440667 0.503333 0.154667 0.406667
367 57.597667 0.501667 0.174000 0.870000
692 57.719667 0.503333 0.088667 0.433333
672 57.822333 0.493333 0.131333 0.460000
891 57.905333 0.493333 0.052000 0.326667
209 57.982667 0.498333 0.118667 0.490000
15 58.091000 0.501667 0.114000 0.423333
443 58.167000 0.498333 0.054000 0.310000
920 58.224000 0.501667 0.078667 0.283333
732 58.301000 0.488333 0.090000 0.450000
578 58.383333 0.493333 0.090667 0.353333
655 58.459000 0.508333 0.078000 0.310000
795 58.531667 0.488333 0.084667 0.510000
690 58.606667 0.496667 0.078667 0.386667
940 58.654667 0.496667 0.034667 0.273333
241 58.711333 0.510000 0.093333 0.493333
330 58.805000 0.505000 0.107333 0.410000
1014 58.874667 0.500000 0.046667 0.333333
176 58.990667 0.496667 0.201333 1.006667
666 59.149333 0.500000 0.132000 0.433333
1 59.245333 0.498333 0.076000 0.383333
722 59.347000 0.506667 0.144667 0.413333
355 59.521000 0.495000 0.222000 1.110000
125 59.681333 0.490000 0.112000 0.486667
558 59.771000 0.503333 0.084667 0.413333
78 59.905667 0.501667 0.203333 0.510000
298 60.032667 0.508333 0.064000 0.323333
476 60.088333 0.488333 0.060667 0.356667
756 60.175333 0.493333 0.129333 0.406667
911 60.289333 0.491667 0.113333 0.456667
275 60.369000 0.503333 0.060667 0.386667
636 60.459667 0.498333 0.139333 0.316667
155 60.567333 0.510000 0.093333 0.540000
273 60.636333 0.496667 0.064667 0.380000
440 60.699667 0.491667 0.079333 0.416667
315 60.775667 0.500000 0.091333 0.320000
230 60.870667 0.498333 0.112000 0.436667
910 60.991333 0.493333 0.142667 0.473333
881 61.116667 0.508333 0.126667 0.423333
77 61.244000 0.505000 0.148000 0.376667
22 61.363333 0.498333 0.110667 0.370000
150 61.458000 0.495000 0.096000 0.396667
373 61.568000 0.495000 0.138667 0.396667
59 61.729333 0.500000 0.204000 0.533333
822 61.871667 0.501667 0.096667 0.343333
234 61.963000 0.503333 0.100667 0.513333
586 62.077000 0.498333 0.147333 0.443333
839 62.200667 0.488333 0.114667 0.543333
497 62.327667 0.498333 0.152667 0.410000
136 62.456333 0.503333 0.119333 0.440000
449 62.544667 0.505000 0.073333 0.396667
441 62.614333 0.503333 0.080667 0.413333
844 62.690333 0.510000 0.088667 0.406667
602 62.776667 0.501667 0.101333 0.303333
873 62.868333 0.491667 0.095333 0.456667
474 62.935000 0.488333 0.054000 0.303333
847 63.018667 0.496667 0.128000 0.386667
660 63.134333 0.488333 0.119333 0.403333
19 63.248000 0.491667 0.124000 0.410000
223 63.355667 0.495000 0.106000 0.456667
709 63.459667 0.508333 0.118000 0.516667
166 63.572333 0.500000 0.122000 0.466667
936 63.647000 0.508333 0.047333 0.370000
651 63.729000 0.500000 0.130000 0.426667
284 63.834000 0.496667 0.096000 0.346667
697 63.906000 0.510000 0.065333 0.326667
405 63.971000 0.500000 0.084667 0.326667
528 64.050667 0.510000 0.092000 0.306667
301 64.119333 0.510000 0.060000 0.340000
958 64.160667 0.510000 0.037333 0.306667
556 64.215333 0.505000 0.088000 0.370000
654 64.351667 0.498333 0.203333 1.016667
42 64.476000 0.506667 0.065333 0.373333
862 64.539667 0.490000 0.078000 0.373333
1009 64.590333 0.506667 0.038000 0.306667
562 64.686667 0.490000 0.169333 0.400000
480 64.792333 0.488333 0.058000 0.350000
435 64.846000 0.510000 0.062667 0.313333
643 64.920000 0.508333 0.102667 0.370000
913 65.034000 0.510000 0.142667 0.440000
835 65.164333 0.498333 0.131333 0.516667
572 65.276667 0.490000 0.108000 0.420000
472 65.359333 0.501667 0.070667 0.423333
76 65.446000 0.505000 0.122667 0.383333
880 65.550667 0.498333 0.102667 0.330000
319 65.629667 0.490000 0.074000 0.266667
667 65.720000 0.505000 0.126667 0.410000
589 65.834333 0.491667 0.115333 0.530000
964 65.905000 0.495000 0.040667 0.290000
498 65.944000 0.490000 0.052000 0.313333
1023 65.985000 0.493333 0.043333 0.326667
46 66.025000 0.506667 0.055333 0.460000
824 66.088000 0.495000 0.086667 0.376667
28 66.165000 0.491667 0.087333 0.323333
429 66.242333 0.503333 0.086000 0.306667
834 66.317667 0.506667 0.084667 0.393333
427 66.399667 0.506667 0.098000 0.480000
851 66.489667 0.510000 0.095333 0.393333
793 66.581667 0.490000 0.107333 0.433333
272 66.696667 0.506667 0.142667 0.406667
62 66.804333 0.506667 0.092667 0.433333
574 66.890333 0.505000 0.095333 0.383333
175 66.990333 0.503333 0.118000 0.460000
649 67.097667 0.506667 0.112667 0.600000
786 67.179000 0.505000 0.070000 0.436667
290 67.267333 0.498333 0.124000 0.390000
117 67.398333 0.488333 0.158000 0.483333
235 67.534333 0.503333 0.127333 0.526667
729 67.603000 0.503333 0.027333 0.366667
714 67.722667 0.510000 0.228000 1.140000
731 67.870667 0.503333 0.084000 0.400000
541 67.989000 0.501667 0.166000 0.403333
336 68.123333 0.490000 0.117333 0.553333
915 68.211333 0.506667 0.077333 0.633333
974 68.264667 0.501667 0.045333 0.336667
173 68.321667 0.493333 0.082000 0.366667
921 68.383667 0.508333 0.059333 0.356667
828 68.464333 0.505000 0.118000 0.483333
1001 68.537000 0.506667 0.047333 0.360000
420 68.600667 0.496667 0.093333 0.340000
137 68.665667 0.503333 0.051333 0.300000
679 68.730667 0.491667 0.097333 0.576667
329 68.848333 0.505000 0.151333 0.563333
933 68.935333 0.503333 0.038667 0.313333
508 68.981333 0.510000 0.068000 0.406667
246 69.088000 0.503333 0.165333 0.593333
638 69.206333 0.488333 0.091333 0.363333
459 69.270667 0.488333 0.057333 0.316667
183 69.335667 0.490000 0.086000 0.406667
781 69.398333 0.505000 0.059333 0.310000
659 69.470667 0.490000 0.101333 0.426667
948 69.533000 0.493333 0.043333 0.333333
95 69.656667 0.503333 0.221333 0.473333
258 69.822667 0.491667 0.124000 0.463333
970 69.898667 0.500000 0.045333 0.333333
726 69.959333 0.506667 0.090667 0.480000
981 70.016000 0.496667 0.042667 0.313333
806 70.133333 0.503333 0.206667 1.033333
804 70.289333 0.506667 0.125333 0.360000
745 70.383000 0.501667 0.082000 0.323333
207 70.481667 0.503333 0.135333 0.540000
797 70.595000 0.491667 0.108667 0.403333
962 70.659333 0.506667 0.036000 0.273333
380 70.738333 0.493333 0.140667 0.380000
982 70.823667 0.495000 0.043333 0.343333
594 70.896667 0.488333 0.118667 0.363333
198 71.051000 0.498333 0.207333 1.036667
356 71.216000 0.496667 0.138667 0.433333
522 71.343333 0.495000 0.129333 0.410000
38 71.447000 0.495000 0.095333 0.350000
827 71.552000 0.495000 0.128000 0.530000
164 71.664667 0.503333 0.114667 0.400000
120 71.817667 0.495000 0.204667 0.490000
36 71.960000 0.510000 0.093333 0.313333
752 72.037000 0.501667 0.079333 0.216667
539 72.111000 0.505000 0.086000 0.390000
63 72.194333 0.503333 0.099333 0.360000
960 72.253667 0.501667 0.038000 0.323333
470 72.296000 0.490000 0.064000 0.373333
876 72.434000 0.490000 0.228000 1.140000
242 72.604667 0.491667 0.126667 0.490000
80 72.712000 0.505000 0.104000 0.530000
128 72.855667 0.508333 0.202000 1.010000
961 72.971667 0.503333 0.043333 0.333333
772 73.097667 0.498333 0.224667 1.123333
538 73.302333 0.498333 0.204667 1.023333
537 73.540667 0.498333 0.292000 0.450000
624 73.756667 0.503333 0.157333 0.786667
705 73.894667 0.495000 0.136000 0.423333
859 74.011000 0.491667 0.110000 0.330000
31 74.121000 0.506667 0.126000 0.373333
211 74.219667 0.498333 0.090000 0.383333
874 74.294000 0.508333 0.076000 0.370000
26 74.384333 0.510000 0.120667 0.406667
55 74.504667 0.500000 0.140000 0.353333
123 74.618333 0.501667 0.106000 0.690000
954 74.678000 0.491667 0.030667 0.250000
364 74.781000 0.493333 0.188667 0.446667
463 74.913333 0.495000 0.092000 0.470000
462 74.986333 0.505000 0.067333 0.343333
122 75.069333 0.508333 0.112000 0.416667
1022 75.138667 0.491667 0.044000 0.330000
226 75.195667 0.503333 0.090000 0.426667
912 75.270667 0.493333 0.074667 0.320000
347 75.377000 0.500000 0.154000 0.473333
523 75.496667 0.505000 0.102667 0.316667
533 75.606000 0.506667 0.133333 0.466667
293 75.707333 0.500000 0.082667 0.333333
546 75.778667 0.495000 0.080000 0.283333
294 75.912333 0.488333 0.202000 1.010000
879 76.066000 0.498333 0.122667 0.410000
727 76.155667 0.498333 0.074000 0.443333
445 76.220333 0.506667 0.075333 0.386667
842 76.290000 0.503333 0.082667 0.366667
899 76.393333 0.488333 0.141333 0.396667
312 76.509000 0.506667 0.104667 0.373333
716 76.645333 0.498333 0.182667 0.470000
816 76.784667 0.496667 0.116000 0.260000
973 76.859333 0.500000 0.046667 0.360000
609 76.907667 0.493333 0.068667 0.280000
369 76.990000 0.503333 0.110667 0.293333
506 77.057333 0.496667 0.038667 0.433333
535 77.151333 0.496667 0.168000 0.373333
925 77.248000 0.500000 0.041333 0.313333
707 77.319667 0.495000 0.116667 0.496667
323 77.484000 0.500000 0.228000 0.533333
398 77.632333 0.500000 0.083333 0.426667
569 77.719000 0.501667 0.107333 0.423333
85 77.808667 0.491667 0.088000 0.350000
278 77.917000 0.496667 0.142000 0.440000
194 78.031333 0.488333 0.100000 0.510000
848 78.139667 0.500000 0.130000 0.400000
582 78.261333 0.500000 0.132000 0.513333
109 78.409667 0.508333 0.182000 0.910000
222 78.535000 0.506667 0.082000 0.373333
70 78.638000 0.505000 0.144000 0.496667
53 78.746000 0.498333 0.086667 0.290000
216 78.829333 0.510000 0.094667 0.393333
623 78.967667 0.495000 0.195333 0.976667
908 79.102667 0.508333 0.092000 0.350000
924 79.160333 0.488333 0.038000 0.296667
678 79.237000 0.488333 0.134000 0.450000
451 79.328000 0.491667 0.066667 0.336667
466 79.392000 0.490000 0.077333 0.400000
966 79.438000 0.500000 0.033333 0.266667
628 79.542000 0.493333 0.193333 0.966667
818 79.691000 0.508333 0.122000 0.310000
158 79.813667 0.506667 0.142000 0.486667
359 79.957000 0.503333 0.159333 0.446667
717 80.143333 0.500000 0.230667 1.153333
199 80.305333 0.493333 0.112000 0.453333
744 80.431000 0.491667 0.159333 0.796667
534 80.549000 0.495000 0.094000 0.370000
631 80.674667 0.508333 0.170667 0.563333
131 80.809667 0.495000 0.114000 0.450000
113 80.896667 0.493333 0.080000 0.360000
332 81.012667 0.500000 0.168000 0.840000
671 81.134333 0.495000 0.094000 0.323333
703 81.231000 0.503333 0.112667 0.400000
564 81.350333 0.503333 0.146000 0.300000
627 81.494667 0.490000 0.162667 0.813333
779 81.588333 0.510000 0.038000 0.380000
529 81.645333 0.493333 0.092000 0.360000
190 81.741333 0.508333 0.113333 0.496667
406 81.848667 0.501667 0.121333 0.463333
575 81.945333 0.491667 0.092000 0.296667
882 82.038000 0.503333 0.113333 0.446667
988 82.109667 0.488333 0.048667 0.363333
353 82.205667 0.495000 0.162000 0.436667
161 82.339667 0.495000 0.119333 0.423333
1018 82.416333 0.505000 0.050000 0.363333
696 82.488667 0.498333 0.112000 0.256667
1005 82.563000 0.496667 0.051333 0.380000
308 82.620333 0.496667 0.078000 0.440000
354 82.758333 0.501667 0.214000 1.070000
545 82.900333 0.501667 0.088667 0.363333
254 83.004000 0.503333 0.136000 0.513333
1011 83.080000 0.490000 0.033333 0.280000
257 83.141000 0.491667 0.106000 0.330000
2 83.227333 0.500000 0.081333 0.393333
980 83.275333 0.505000 0.034667 0.270000
811 83.336667 0.488333 0.105333 0.316667
755 83.463333 0.495000 0.161333 0.483333
588 83.592000 0.500000 0.112000 0.506667
208 83.686000 0.498333 0.096000 0.383333
821 83.770333 0.498333 0.090000 0.650000
761 83.886000 0.503333 0.154667 0.513333
615 84.044667 0.493333 0.181333 0.906667
250 84.210000 0.506667 0.164000 0.780000
71 84.318667 0.495000 0.072000 0.396667
385 84.416333 0.510000 0.139333 0.393333
517 84.543000 0.501667 0.131333 0.423333
56 84.637333 0.505000 0.076000 0.103333
479 84.704333 0.505000 0.071333 0.370000
306 84.768333 0.495000 0.076667 0.430000
16 84.852000 0.495000 0.110667 0.370000
338 84.973667 0.490000 0.148667 0.766667
738 85.079667 0.496667 0.078000 0.353333
832 85.173333 0.506667 0.128000 0.526667
760 85.307667 0.505000 0.159333 0.496667
606 85.451333 0.501667 0.144000 0.423333
601 85.579000 0.490000 0.127333 0.400000
723 85.688000 0.503333 0.104000 0.360000
686 85.777000 0.508333 0.091333 0.450000
758 85.881667 0.498333 0.134000 0.390000
683 85.993667 0.491667 0.106000 0.343333
346 86.109000 0.503333 0.139333 0.400000
917 86.191667 0.505000 0.043333 0.310000
919 86.237667 0.491667 0.064667 0.303333
163 86.314333 0.505000 0.108667 0.396667
778 86.403333 0.490000 0.084000 0.566667
305 86.477000 0.506667 0.079333 0.446667
1007 86.526667 0.508333 0.037333 0.296667
706 86.574000 0.503333 0.077333 0.393333
664 86.664667 0.490000 0.118667 0.400000
858 86.764000 0.491667 0.097333 0.323333
869 86.831333 0.508333 0.054667 0.343333
61 86.901000 0.500000 0.099333 0.493333
751 86.990667 0.508333 0.094667 0.410000
482 87.064667 0.503333 0.070667 0.413333
513 87.143333 0.490000 0.100000 0.320000
701 87.284000 0.508333 0.196000 0.616667
684 87.417333 0.506667 0.089333 0.313333
182 87.519000 0.493333 0.128667 0.440000
992 87.600333 0.498333 0.050000 0.363333
362 87.670333 0.488333 0.110000 0.296667
753 87.820333 0.498333 0.210000 1.050000
415 88.032333 0.488333 0.227333 1.136667
514 88.189333 0.510000 0.105333 0.333333
419 88.279000 0.496667 0.091333 0.440000
1012 88.337000 0.501667 0.043333 0.356667
45 88.386000 0.510000 0.068000 0.340000
677 88.461333 0.496667 0.100000 0.320000
492 88.532667 0.505000 0.061333 0.316667
227 88.603667 0.491667 0.099333 0.463333
720 88.730000 0.493333 0.172000 0.860000
292 88.872000 0.510000 0.130667 0.520000
40 88.978667 0.503333 0.100000 0.320000
334 89.075000 0.491667 0.112667 0.363333
902 89.192000 0.488333 0.141333 0.410000
567 89.305000 0.498333 0.102000 0.410000
854 89.445333 0.491667 0.193333 0.656667
325 89.613667 0.498333 0.162000 0.810000
733 89.727667 0.488333 0.082000 0.496667
366 89.813333 0.491667 0.106667 0.316667
29 89.922333 0.510000 0.126000 0.346667
997 89.998667 0.498333 0.045333 0.350000
783 90.055000 0.493333 0.080667 0.440000
397 90.139333 0.501667 0.104000 0.463333
968 90.198333 0.506667 0.030000 0.246667
97 90.316000 0.493333 0.220000 1.100000
699 90.497333 0.500000 0.158667 0.793333
460 90.605000 0.498333 0.076667 0.390000
853 90.682000 0.498333 0.093333 0.383333
104 90.803333 0.490000 0.169333 0.366667
7 90.937000 0.508333 0.111333 0.403333
238 91.048667 0.488333 0.132000 0.523333
348 91.172000 0.503333 0.130667 0.366667
426 91.255667 0.496667 0.054000 0.333333
425 91.328333 0.490000 0.108667 0.613333
605 91.442667 0.506667 0.138667 0.360000
467 91.533667 0.498333 0.059333 0.303333
916 91.637667 0.508333 0.167333 0.836667
10 91.761333 0.505000 0.098667 0.316667
784 91.833333 0.501667 0.062667 0.516667
800 91.909333 0.490000 0.108000 0.393333
44 91.999000 0.503333 0.091333 0.360000
598 92.094333 0.500000 0.119333 0.353333
799 92.192667 0.508333 0.090667 0.343333
91 92.313333 0.495000 0.168000 0.356667
652 92.476333 0.491667 0.171333 0.583333
349 92.629333 0.503333 0.152000 0.440000
765 92.731000 0.495000 0.071333 0.383333
350 92.838000 0.495000 0.162667 0.450000
384 92.980000 0.490000 0.140000 0.386667
875 93.147000 0.508333 0.214000 1.070000
995 93.262667 0.510000 0.037333 0.313333
237 93.318333 0.498333 0.088667 0.630000
447 93.388667 0.506667 0.070667 0.360000
516 93.482333 0.510000 0.136667 0.446667
704 93.602000 0.490000 0.122667 0.393333
580 93.740333 0.496667 0.168667 0.406667
370 93.889667 0.503333 0.150000 0.413333
747 94.015667 0.491667 0.116667 0.470000
196 94.113000 0.510000 0.096667 0.433333
465 94.185333 0.505000 0.061333 0.310000
372 94.266667 0.498333 0.120000 0.350000
135 94.385333 0.503333 0.134667 0.400000
203 94.493667 0.496667 0.099333 0.400000
328 94.628000 0.508333 0.186667 0.496667
34 94.775000 0.500000 0.123333 0.393333
531 94.917333 0.506667 0.180000 0.426667
99 95.094333 0.488333 0.192667 0.963333
746 95.233333 0.501667 0.105333 0.363333
197 95.334333 0.505000 0.116667 0.590000
971 95.405000 0.491667 0.044667 0.336667
901 95.495000 0.488333 0.154000 0.463333
490 95.603667 0.498333 0.076667 0.403333
156 95.726667 0.501667 0.186667 0.490000
893 95.888667 0.506667 0.154667 0.473333
742 96.066000 0.496667 0.214667 1.073333
94 96.244667 0.490000 0.161333 0.353333
777 96.360333 0.496667 0.088667 0.380000
694 96.448000 0.495000 0.102667 0.510000
511 96.545667 0.490000 0.111333 0.353333
108 96.684000 0.500000 0.180000 0.386667
493 96.797000 0.491667 0.066000 0.316667
536 96.885667 0.488333 0.126000 0.470000
486 96.977000 0.495000 0.074000 0.450000
12 97.061333 0.506667 0.109333 0.400000
30 97.177333 0.501667 0.137333 0.416667
448 97.265000 0.506667 0.055333 0.306667
1000 97.301000 0.491667 0.034000 0.256667
189 97.366333 0.493333 0.112667 0.486667
807 97.510333 0.508333 0.190000 0.950000
700 97.692667 0.490000 0.188000 0.940000
8 97.835667 0.488333 0.111333 0.436667
927 97.900333 0.500000 0.035333 0.260000
17 97.962000 0.488333 0.102667 0.350000
867 98.065333 0.500000 0.117333 0.386667
147 98.154667 0.488333 0.076000 0.403333
57 98.212000 0.496667 0.056000 0.293333
639 98.264333 0.490000 0.066000 0.326667
543 98.392667 0.491667 0.206667 0.696667
771 98.531333 0.491667 0.089333 0.463333
90 98.687333 0.491667 0.240000 0.516667
820 98.842667 0.498333 0.086667 0.363333
212 98.929333 0.496667 0.100000 0.493333
946 98.984000 0.506667 0.029333 0.246667
979 99.012333 0.490000 0.040667 0.320000
88 99.107000 0.500000 0.168667 0.360000
542 99.285000 0.508333 0.204667 1.023333
571 99.435000 0.495000 0.111333 0.483333
501 99.519000 0.506667 0.076667 0.346667
82 99.595333 0.490000 0.090667 0.620000
597 99.696667 0.510000 0.126667 0.373333
680 99.804000 0.510000 0.101333 0.326667
391 99.913333 0.503333 0.133333 0.360000
907 100.036333 0.508333 0.128667 0.470000
458 100.120333 0.505000 0.054000 0.296667
286 100.193000 0.501667 0.106000 0.383333
236 100.286333 0.488333 0.096667 0.483333
587 100.398333 0.501667 0.146000 0.443333
955 100.482667 0.503333 0.040000 0.293333
662 100.549333 0.493333 0.110667 0.386667
634 100.642333 0.500000 0.095333 0.393333
984 100.697000 0.500000 0.034000 0.280000
488 100.742333 0.491667 0.074000 0.370000
335 100.836000 0.490000 0.129333 0.420000
579 100.960667 0.496667 0.138667 0.413333
279 101.079333 0.498333 0.113333 0.656667
603 101.211667 0.503333 0.164667 0.333333
547 101.319333 0.491667 0.066667 0.396667
519 101.409667 0.493333 0.130000 0.433333
321 101.514333 0.496667 0.094000 0.466667
145 101.592000 0.503333 0.078667 0.373333
637 101.654333 0.508333 0.063333 0.323333
604 101.749667 0.495000 0.146000 0.443333
741 101.860000 0.496667 0.088000 0.300000
363 101.955667 0.505000 0.123333 0.330000
870 102.038000 0.491667 0.056000 0.276667
138 102.094000 0.501667 0.072000 0.396667
972 102.136000 0.503333 0.029333 0.246667
548 102.200333 0.495000 0.116667 0.363333
66 102.361333 0.496667 0.222667 1.113333
304 102.497333 0.506667 0.069333 0.386667
808 102.571667 0.498333 0.092667 0.403333
399 102.663000 0.496667 0.106000 0.366667
452 102.738333 0.496667 0.062000 0.373333
785 102.803667 0.498333 0.086000 0.363333
172 102.892333 0.498333 0.104667 0.370000
724 102.987333 0.503333 0.100000 0.380000
13 103.085667 0.493333 0.115333 0.373333
496 103.193333 0.505000 0.113333 0.470000
43 103.298000 0.501667 0.114667 0.450000
267 103.427000 0.501667 0.159333 0.796667
829 103.539333 0.495000 0.080000 0.390000
814 103.628000 0.508333 0.112000 0.330000
6 103.731333 0.498333 0.113333 0.470000
977 103.797333 0.505000 0.036000 0.283333
611 103.846667 0.495000 0.081333 0.330000
577 103.926333 0.510000 0.095333 0.366667
244 104.050000 0.501667 0.168000 0.450000
140 104.178000 0.488333 0.106667 0.543333
