680 0.063333 0.505000 0.120000 0.410000
483 0.159667 0.488333 0.088667 0.450000
697 0.235333 0.493333 0.076000 0.380000
434 0.328000 0.495000 0.126667 0.430000
374 0.453667 0.500000 0.140667 0.420000
108 0.611333 0.508333 0.192000 0.403333
495 0.732000 0.498333 0.062667 0.330000
855 0.790333 0.493333 0.067333 0.173333
941 0.831667 0.503333 0.034000 0.286667
55 0.897333 0.488333 0.114667 0.316667
447 0.988667 0.491667 0.086667 0.443333
28 1.076000 0.503333 0.104000 0.360000
224 1.167333 0.503333 0.092000 0.380000
23 1.288333 0.490000 0.163333 0.466667
574 1.399333 0.500000 0.077333 0.313333
136 1.489667 0.495000 0.118000 0.483333
862 1.573333 0.500000 0.069333 0.360000
715 1.699333 0.496667 0.197333 0.986667
466 1.829667 0.510000 0.079333 0.406667
517 1.923667 0.495000 0.124667 0.416667
431 2.020333 0.503333 0.088667 0.306667
603 2.161667 0.490000 0.208667 0.460000
586 2.338333 0.505000 0.162000 0.810000
699 2.467000 0.490000 0.112667 0.340000
223 2.564333 0.503333 0.096667 0.400000
433 2.678333 0.491667 0.147333 0.310000
896 2.797667 0.508333 0.111333 0.350000
884 2.902333 0.508333 0.118000 0.410000
553 3.050000 0.490000 0.194667 0.973333
761 3.214667 0.493333 0.148000 0.420000
541 3.356000 0.498333 0.152000 0.383333
491 3.467667 0.510000 0.087333 0.426667
70 3.583000 0.510000 0.156667 0.580000
448 3.692000 0.488333 0.074667 0.436667
799 3.774667 0.495000 0.110667 0.403333
982 3.840000 0.493333 0.037333 0.280000
284 3.897000 0.510000 0.096667 0.346667
61 3.983333 0.508333 0.093333 0.463333
128 4.128667 0.503333 0.216000 1.080000
148 4.304667 0.501667 0.154667 0.423333
187 4.423000 0.501667 0.096667 0.390000
950 4.482000 0.510000 0.037333 0.286667
536 4.556667 0.495000 0.130667 0.503333
436 4.662000 0.500000 0.097333 0.280000
906 4.767000 0.500000 0.128667 0.360000
646 4.869000 0.498333 0.090000 0.423333
478 4.942667 0.495000 0.076000 0.396667
449 5.006000 0.493333 0.068000 0.360000
464 5.061667 0.505000 0.063333 0.350000
336 5.128667 0.488333 0.090667 0.430000
31 5.225333 0.493333 0.117333 0.340000
127 5.333000 0.493333 0.112667 0.373333
62 5.425667 0.488333 0.086000 0.403333
830 5.527333 0.495000 0.130667 0.536667
182 5.685667 0.501667 0.202000 1.010000
619 5.825333 0.508333 0.094667 0.523333
666 5.929333 0.508333 0.129333 0.436667
245 6.012333 0.495000 0.055333 0.303333
888 6.087667 0.493333 0.115333 0.400000
134 6.190000 0.501667 0.105333 0.350000
442 6.274000 0.490000 0.076000 0.400000
24 6.378000 0.491667 0.146667 0.496667
974 6.460333 0.490000 0.032667 0.253333
451 6.507000 0.508333 0.080667 0.416667
288 6.603667 0.490000 0.130000 0.486667
912 6.708667 0.508333 0.094667 0.376667
615 6.828667 0.490000 0.161333 0.806667
822 6.952000 0.510000 0.100000 0.333333
15 7.042667 0.506667 0.100000 0.346667
691 7.128667 0.501667 0.090667 0.443333
938 7.182667 0.495000 0.034667 0.263333
805 7.260667 0.508333 0.137333 0.390000
620 7.387000 0.503333 0.134000 0.573333
712 7.524333 0.493333 0.154000 0.413333
647 7.629000 0.506667 0.070000 0.353333
741 7.706000 0.510000 0.102667 0.360000
422 7.790667 0.503333 0.084000 0.306667
26 7.897333 0.508333 0.142667 0.483333
340 8.031667 0.501667 0.139333 0.396667
221 8.146333 0.510000 0.107333 0.513333
979 8.208000 0.508333 0.036000 0.296667
673 8.280333 0.490000 0.128667 0.426667
154 8.369667 0.495000 0.063333 0.303333
298 8.429000 0.510000 0.072667 0.360000
589 8.510000 0.495000 0.105333 0.423333
52 8.600000 0.501667 0.092000 0.316667
874 8.682333 0.500000 0.090000 0.440000
289 8.852000 0.495000 0.268000 0.516667
572 9.019000 0.501667 0.084667 0.356667
849 9.108333 0.490000 0.110000 0.513333
685 9.203333 0.498333 0.098667 0.403333
770 9.318667 0.496667 0.149333 0.420000
645 9.424000 0.503333 0.076000 0.346667
563 9.518667 0.496667 0.130667 0.280000
244 9.668333 0.495000 0.184667 0.490000
713 9.843667 0.495000 0.184667 0.923333
1017 9.944667 0.508333 0.030667 0.256667
129 10.025667 0.498333 0.148667 0.570000
281 10.155667 0.506667 0.130000 0.446667
515 10.269000 0.491667 0.112667 0.356667
432 10.377667 0.501667 0.123333 0.243333
316 10.493333 0.496667 0.128000 0.500000
671 10.596667 0.496667 0.093333 0.326667
283 10.703667 0.506667 0.135333 0.473333
609 10.802000 0.505000 0.076000 0.316667
361 10.896667 0.496667 0.133333 0.366667
411 11.063000 0.503333 0.219333 0.426667
952 11.184000 0.508333 0.037333 0.270000
792 11.242667 0.496667 0.093333 0.373333
557 11.328000 0.496667 0.092000 0.633333
268 11.442000 0.490000 0.154667 0.493333
1012 11.534000 0.491667 0.045333 0.356667
578 11.600333 0.500000 0.104667 0.433333
886 11.702667 0.490000 0.113333 0.373333
395 11.829333 0.490000 0.157333 0.440000
880 11.949667 0.505000 0.096667 0.323333
752 12.025667 0.496667 0.070000 0.193333
704 12.116000 0.495000 0.130667 0.403333
897 12.244667 0.500000 0.142667 0.426667
35 12.366333 0.490000 0.115333 0.373333
845 12.461000 0.493333 0.087333 0.366667
445 12.526333 0.496667 0.062000 0.333333
401 12.598000 0.505000 0.100000 0.556667
651 12.731000 0.498333 0.186000 0.930000
547 12.855667 0.500000 0.078000 0.440000
186 12.935667 0.505000 0.098000 0.410000
398 13.017000 0.493333 0.082000 0.440000
381 13.131333 0.500000 0.161333 0.806667
730 13.271000 0.498333 0.138000 0.556667
21 13.389333 0.498333 0.112000 0.410000
513 13.487000 0.501667 0.102000 0.336667
439 13.574000 0.495000 0.092000 0.363333
601 13.669667 0.491667 0.118000 0.350000
343 13.778000 0.505000 0.116000 0.323333
193 13.884000 0.495000 0.113333 0.463333
40 13.982000 0.493333 0.101333 0.380000
750 14.078667 0.500000 0.108000 0.400000
254 14.191333 0.505000 0.130667 0.503333
275 14.274333 0.503333 0.055333 0.360000
747 14.338667 0.495000 0.090667 0.390000
885 14.412333 0.490000 0.076667 0.366667
85 14.492333 0.500000 0.099333 0.393333
921 14.558000 0.488333 0.049333 0.290000
796 14.642333 0.493333 0.138000 0.473333
655 14.754667 0.488333 0.102667 0.416667
84 14.861333 0.501667 0.128000 0.356667
846 14.969000 0.500000 0.103333 0.500000
980 15.037333 0.510000 0.049333 0.360000
29 15.112000 0.498333 0.114667 0.336667
613 15.273000 0.505000 0.227333 1.136667
859 15.431667 0.488333 0.110000 0.336667
196 15.529333 0.490000 0.098667 0.400000
188 15.630333 0.508333 0.122000 0.530000
1006 15.704667 0.505000 0.044000 0.343333
95 15.802667 0.496667 0.172000 0.860000
769 15.941667 0.490000 0.119333 0.346667
528 16.044000 0.500000 0.098667 0.326667
225 16.135000 0.503333 0.100667 0.460000
408 16.232000 0.493333 0.109333 0.426667
990 16.296000 0.500000 0.037333 0.313333
817 16.364333 0.490000 0.116667 0.373333
994 16.435000 0.501667 0.040667 0.343333
5 16.482000 0.510000 0.066667 0.300000
293 16.561667 0.510000 0.106000 0.406667
371 16.671333 0.490000 0.128000 0.353333
67 16.836667 0.488333 0.217333 0.456667
907 17.003667 0.491667 0.135333 0.430000
748 17.113000 0.493333 0.102000 0.360000
701 17.251333 0.496667 0.192000 0.960000
871 17.364000 0.490000 0.050667 0.273333
529 17.423333 0.496667 0.084000 0.413333
508 17.491000 0.495000 0.064667 0.336667
918 17.577667 0.505000 0.128667 0.430000
627 17.713667 0.500000 0.163333 0.553333
243 17.899333 0.496667 0.222667 1.113333
758 18.061333 0.500000 0.120000 0.346667
469 18.149667 0.488333 0.076667 0.403333
210 18.233667 0.490000 0.108667 0.546667
231 18.328667 0.491667 0.094667 0.450000
899 18.439667 0.488333 0.143333 0.390000
473 18.538667 0.506667 0.070667 0.373333
995 18.583000 0.493333 0.031333 0.260000
444 18.623667 0.490000 0.066000 0.366667
107 18.729667 0.498333 0.166000 0.350000
740 18.868667 0.493333 0.125333 0.286667
462 18.959333 0.501667 0.070667 0.423333
455 19.019000 0.491667 0.064667 0.336667
435 19.073000 0.508333 0.059333 0.296667
501 19.134667 0.505000 0.082667 0.370000
250 19.251333 0.490000 0.166667 0.833333
594 19.381000 0.501667 0.108667 0.330000
222 19.468000 0.496667 0.082667 0.393333
352 19.558000 0.490000 0.114667 0.320000
317 19.660667 0.491667 0.110667 0.443333
2 19.737333 0.506667 0.062667 0.306667
840 19.807667 0.493333 0.091333 0.380000
242 19.905333 0.498333 0.121333 0.470000
622 20.065333 0.496667 0.212000 1.060000
652 20.258000 0.490000 0.192000 0.960000
441 20.381333 0.496667 0.072000 0.380000
991 20.425667 0.498333 0.034000 0.276667
511 20.486333 0.500000 0.102000 0.326667
331 20.622667 0.503333 0.184000 0.920000
783 20.746333 0.500000 0.083333 0.440000
44 20.841333 0.506667 0.120000 0.473333
672 20.950667 0.495000 0.113333 0.376667
700 21.071333 0.496667 0.146667 0.593333
722 21.195333 0.503333 0.117333 0.340000
658 21.285000 0.490000 0.076667 0.440000
657 21.355667 0.505000 0.078000 0.343333
105 21.469667 0.505000 0.166000 0.363333
264 21.600333 0.505000 0.111333 0.430000
22 21.707667 0.510000 0.119333 0.393333
388 21.825000 0.496667 0.135333 0.366667
335 21.953000 0.505000 0.135333 0.483333
894 22.091000 0.493333 0.158000 0.466667
91 22.239333 0.496667 0.157333 0.786667
687 22.353333 0.488333 0.086667 0.423333
774 22.427000 0.490000 0.075333 0.386667
689 22.491667 0.491667 0.074000 0.356667
690 22.561000 0.508333 0.082000 0.403333
575 22.639667 0.508333 0.091333 0.296667
893 22.785000 0.488333 0.218000 1.090000
790 22.920667 0.503333 0.069333 0.420000
924 22.967667 0.491667 0.044667 0.350000
820 23.028667 0.501667 0.092000 0.383333
156 23.138667 0.498333 0.142667 0.363333
405 23.246333 0.491667 0.092667 0.350000
78 23.387333 0.510000 0.204000 0.453333
611 23.521667 0.491667 0.080667 0.310000
760 23.630000 0.496667 0.156000 0.780000
882 23.753333 0.510000 0.104000 0.413333
915 23.839000 0.505000 0.082000 0.656667
930 23.890000 0.505000 0.037333 0.303333
883 24.019000 0.508333 0.236667 0.496667
869 24.171000 0.503333 0.084667 0.493333
816 24.278667 0.498333 0.145333 0.430000
568 24.394667 0.500000 0.104000 0.520000
342 24.476667 0.506667 0.078667 0.326667
290 24.580333 0.495000 0.144667 0.390000
656 24.716333 0.495000 0.142000 0.350000
271 24.852000 0.496667 0.145333 0.440000
191 24.972667 0.493333 0.116000 0.460000
648 25.066333 0.500000 0.084667 0.360000
453 25.138000 0.505000 0.076000 0.390000
964 25.185667 0.491667 0.036667 0.263333
734 25.265000 0.506667 0.138000 0.373333
870 25.356667 0.495000 0.065333 0.296667
98 25.466000 0.490000 0.173333 0.366667
636 25.600000 0.498333 0.112000 0.276667
142 25.693333 0.491667 0.090667 0.383333
349 25.836000 0.506667 0.209333 1.046667
695 26.001000 0.505000 0.140667 0.396667
707 26.121000 0.508333 0.119333 0.510000
150 26.220000 0.508333 0.093333 0.356667
818 26.315333 0.505000 0.113333 0.370000
583 26.386667 0.491667 0.048000 0.330000
887 26.467333 0.493333 0.130667 0.400000
160 26.556667 0.491667 0.064000 0.390000
732 26.621000 0.488333 0.084667 0.403333
310 26.689000 0.495000 0.071333 0.396667
1001 26.734000 0.503333 0.036000 0.280000
872 26.827333 0.495000 0.168000 0.496667
502 26.940667 0.495000 0.074667 0.330000
723 27.023000 0.498333 0.110000 0.376667
890 27.130000 0.506667 0.122667 0.540000
739 27.217333 0.508333 0.068000 0.583333
45 27.273333 0.506667 0.062667 0.313333
177 27.344333 0.491667 0.096667 0.376667
413 27.436667 0.498333 0.106667 0.430000
552 27.509333 0.488333 0.054667 0.376667
582 27.631000 0.501667 0.207333 1.036667
724 27.778000 0.500000 0.106667 0.406667
661 27.876333 0.500000 0.108667 0.366667
851 27.978000 0.503333 0.108000 0.446667
282 28.085667 0.503333 0.124667 0.433333
643 28.198000 0.503333 0.120000 0.413333
835 28.295667 0.506667 0.094000 0.426667
696 28.398333 0.505000 0.131333 0.303333
828 28.513000 0.510000 0.111333 0.493333
668 28.617667 0.501667 0.118000 0.410000
377 28.724667 0.495000 0.110667 0.296667
53 28.829000 0.503333 0.112667 0.400000
800 28.915333 0.505000 0.080000 0.290000
595 29.019000 0.506667 0.144667 0.460000
270 29.181667 0.503333 0.196667 0.600000
510 29.324667 0.491667 0.109333 0.343333
569 29.417667 0.495000 0.090000 0.376667
735 29.507000 0.495000 0.107333 0.443333
189 29.604667 0.498333 0.102667 0.470000
220 29.696000 0.510000 0.098667 0.473333
949 29.758000 0.493333 0.041333 0.306667
30 29.830000 0.500000 0.117333 0.340000
839 29.919000 0.498333 0.079333 0.403333
458 29.990667 0.493333 0.077333 0.413333
795 30.059667 0.508333 0.078000 0.483333
269 30.168667 0.503333 0.158667 0.793333
804 30.307333 0.503333 0.137333 0.400000
265 30.431667 0.495000 0.127333 0.483333
32 30.550000 0.505000 0.124000 0.390000
334 30.681000 0.488333 0.151333 0.456667
777 30.812333 0.488333 0.127333 0.516667
623 30.960333 0.501667 0.187333 0.616667
124 31.106667 0.495000 0.124000 0.430000
306 31.194333 0.503333 0.067333 0.380000
813 31.272000 0.498333 0.102667 0.356667
968 31.334333 0.493333 0.035333 0.260000
659 31.383333 0.508333 0.080000 0.316667
394 31.470667 0.510000 0.110667 0.293333
468 31.552333 0.496667 0.071333 0.420000
73 31.643000 0.490000 0.126000 0.393333
1014 31.714667 0.495000 0.034667 0.270000
383 31.779000 0.510000 0.108667 0.320000
19 31.882333 0.505000 0.111333 0.376667
3 31.965667 0.501667 0.075333 0.336667
562 32.066333 0.498333 0.146000 0.303333
419 32.176667 0.501667 0.090667 0.443333
14 32.259000 0.500000 0.094000 0.340000
232 32.352667 0.493333 0.106667 0.426667
116 32.457333 0.500000 0.116000 0.346667
322 32.560000 0.491667 0.105333 0.216667
252 32.663333 0.508333 0.120000 0.470000
780 32.797667 0.508333 0.163333 0.470000
48 32.952000 0.490000 0.161333 0.806667
457 33.058000 0.505000 0.064000 0.350000
450 33.118000 0.510000 0.070667 0.366667
819 33.196667 0.510000 0.102667 0.353333
51 33.301333 0.510000 0.122667 0.393333
934 33.376333 0.501667 0.046000 0.356667
56 33.431667 0.500000 0.082000 0.113333
195 33.519000 0.496667 0.107333 0.440000
308 33.593000 0.501667 0.055333 0.310000
71 33.644333 0.488333 0.063333 0.350000
219 33.727000 0.506667 0.122000 0.620000
0 33.801333 0.506667 0.046667 0.373333
653 33.878000 0.496667 0.122667 0.400000
1023 33.951667 0.508333 0.043333 0.330000
286 34.015667 0.495000 0.104667 0.390000
179 34.114333 0.500000 0.112667 0.406667
523 34.210333 0.508333 0.098000 0.303333
471 34.291333 0.501667 0.082667 0.423333
854 34.392667 0.501667 0.137333 0.436667
403 34.534000 0.501667 0.158667 0.456667
64 34.636667 0.508333 0.064000 0.323333
460 34.700333 0.498333 0.078000 0.396667
481 34.760667 0.495000 0.058667 0.310000
77 34.838667 0.488333 0.114667 0.283333
171 34.956667 0.495000 0.134667 0.510000
711 35.089000 0.506667 0.144667 0.373333
926 35.172000 0.500000 0.040000 0.306667
857 35.273667 0.496667 0.176667 0.400000
350 35.468000 0.490000 0.228000 1.140000
410 35.624333 0.488333 0.099333 0.390000
237 35.701000 0.491667 0.072667 0.516667
421 35.800000 0.500000 0.144000 0.426667
526 35.944000 0.506667 0.158667 0.413333
512 36.073667 0.488333 0.116667 0.383333
736 36.159667 0.493333 0.074000 0.413333
480 36.217333 0.496667 0.054667 0.286667
485 36.271667 0.488333 0.072667 0.410000
607 36.363333 0.496667 0.126667 0.380000
555 36.435333 0.495000 0.034667 0.356667
477 36.486000 0.500000 0.084000 0.426667
144 36.619000 0.508333 0.198000 0.990000
789 36.742667 0.490000 0.066667 0.400000
183 36.821000 0.490000 0.107333 0.506667
778 36.917333 0.503333 0.101333 0.653333
901 37.043667 0.498333 0.171333 0.856667
868 37.152333 0.510000 0.063333 0.360000
46 37.200667 0.496667 0.049333 0.413333
140 37.311333 0.493333 0.186667 0.933333
631 37.490000 0.506667 0.186667 0.933333
94 37.677000 0.495000 0.202000 0.430000
860 37.881667 0.495000 0.223333 1.116667
198 38.039000 0.501667 0.107333 0.490000
238 38.143000 0.491667 0.119333 0.463333
525 38.249000 0.505000 0.110000 0.350000
50 38.355333 0.496667 0.122667 0.353333
39 38.468667 0.490000 0.120000 0.400000
797 38.563333 0.488333 0.089333 0.330000
272 38.689333 0.505000 0.177333 0.503333
945 38.793333 0.488333 0.045333 0.350000
542 38.917000 0.501667 0.220667 1.103333
965 39.044333 0.508333 0.047333 0.350000
106 39.143000 0.490000 0.167333 0.353333
744 39.299667 0.510000 0.159333 0.640000
423 39.432000 0.510000 0.120000 0.373333
208 39.536000 0.508333 0.101333 0.403333
943 39.597667 0.491667 0.040667 0.330000
190 39.672667 0.488333 0.124000 0.496667
670 39.788667 0.490000 0.122667 0.413333
81 39.903000 0.496667 0.122000 0.486667
141 39.990667 0.501667 0.073333 0.316667
663 40.075667 0.495000 0.114000 0.423333
164 40.176667 0.493333 0.105333 0.373333
682 40.264000 0.495000 0.085333 0.316667
635 40.347333 0.506667 0.101333 0.420000
240 40.425000 0.501667 0.068667 0.363333
933 40.472333 0.498333 0.044667 0.336667
963 40.500333 0.488333 0.030000 0.243333
877 40.541667 0.506667 0.071333 0.373333
122 40.628667 0.493333 0.121333 0.433333
126 40.763333 0.493333 0.164000 0.820000
359 40.900000 0.493333 0.126667 0.353333
910 41.010333 0.506667 0.107333 0.386667
667 41.119333 0.490000 0.129333 0.426667
764 41.218667 0.496667 0.082667 0.440000
38 41.306000 0.496667 0.112000 0.406667
951 41.374333 0.491667 0.038000 0.303333
834 41.436000 0.510000 0.105333 0.526667
727 41.517667 0.510000 0.078000 0.440000
262 41.603000 0.508333 0.112667 0.570000
967 41.672667 0.490000 0.044000 0.333333
499 41.710667 0.490000 0.052000 0.313333
214 41.777667 0.505000 0.096667 0.476667
69 41.876000 0.510000 0.114667 0.620000
684 41.993667 0.510000 0.134000 0.486667
519 42.101667 0.491667 0.102000 0.336667
88 42.256333 0.501667 0.224667 1.123333
844 42.411667 0.493333 0.104667 0.433333
33 42.513667 0.495000 0.118000 0.403333
452 42.600000 0.495000 0.072000 0.376667
65 42.670333 0.505000 0.087333 0.223333
787 42.748000 0.491667 0.084000 0.503333
999 42.801667 0.508333 0.039333 0.310000
8 42.854333 0.500000 0.086000 0.306667
698 42.920333 0.510000 0.059333 0.313333
307 42.970667 0.493333 0.054667 0.306667
841 43.033000 0.493333 0.090000 0.393333
324 43.127000 0.488333 0.116667 0.570000
123 43.226000 0.488333 0.100000 0.643333
239 43.317667 0.501667 0.099333 0.623333
309 43.389667 0.493333 0.058000 0.326667
584 43.515000 0.498333 0.206000 1.030000
446 43.647667 0.508333 0.076667 0.443333
315 43.739333 0.503333 0.126667 0.500000
354 43.857000 0.510000 0.127333 0.340000
806 44.017333 0.488333 0.208000 0.490000
649 44.162667 0.488333 0.101333 0.563333
414 44.297667 0.495000 0.188667 0.943333
836 44.433000 0.505000 0.099333 0.476667
1002 44.495667 0.500000 0.044667 0.346667
987 44.530000 0.500000 0.040000 0.313333
277 44.586667 0.491667 0.093333 0.443333
258 44.671000 0.503333 0.095333 0.346667
291 44.770333 0.495000 0.123333 0.496667
1019 44.843000 0.503333 0.038000 0.313333
366 44.919667 0.490000 0.131333 0.346667
669 45.039000 0.495000 0.122000 0.410000
925 45.113333 0.496667 0.046667 0.353333
587 45.192000 0.496667 0.130667 0.400000
246 45.317000 0.500000 0.134000 0.466667
504 45.443333 0.503333 0.132000 0.380000
314 45.553667 0.506667 0.107333 0.380000
793 45.651667 0.495000 0.106000 0.436667
399 45.764333 0.496667 0.138000 0.486667
327 45.901000 0.508333 0.152667 0.416667
654 46.069333 0.496667 0.200000 0.373333
674 46.220333 0.496667 0.118000 0.440000
412 46.311667 0.495000 0.083333 0.416667
660 46.401667 0.491667 0.110000 0.356667
112 46.509333 0.510000 0.120000 0.406667
809 46.621333 0.493333 0.122667 0.660000
548 46.743333 0.500000 0.140000 0.486667
396 46.908333 0.508333 0.204667 1.023333
853 47.043000 0.510000 0.082000 0.340000
367 47.139000 0.510000 0.126000 0.366667
360 47.286333 0.498333 0.186000 0.930000
209 47.420333 0.505000 0.095333 0.456667
1007 47.481000 0.500000 0.043333 0.313333
1015 47.514667 0.500000 0.038667 0.286667
719 47.599667 0.501667 0.148667 0.450000
850 47.712000 0.510000 0.093333 0.420000
864 47.790000 0.510000 0.082667 0.320000
207 47.884667 0.498333 0.120000 0.483333
602 47.992333 0.508333 0.108667 0.330000
825 48.098667 0.501667 0.118667 0.570000
588 48.203333 0.508333 0.105333 0.476667
86 48.300667 0.490000 0.108000 0.453333
162 48.403333 0.498333 0.113333 0.403333
759 48.510667 0.491667 0.114667 0.323333
472 48.593000 0.506667 0.070000 0.360000
357 48.688000 0.495000 0.137333 0.376667
358 48.862667 0.500000 0.225333 1.126667
347 49.043333 0.503333 0.152000 0.440000
865 49.155333 0.501667 0.092000 0.316667
534 49.234000 0.491667 0.081333 0.316667
878 49.315333 0.508333 0.096000 0.496667
68 49.415333 0.490000 0.118667 0.346667
843 49.577667 0.488333 0.220667 1.103333
397 49.729667 0.505000 0.103333 0.423333
212 49.832333 0.501667 0.116667 0.490000
599 49.945667 0.493333 0.130000 0.386667
372 50.060333 0.491667 0.114000 0.310000
641 50.139333 0.505000 0.064000 0.310000
89 50.273667 0.510000 0.220667 0.473333
200 50.440000 0.498333 0.126667 0.516667
675 50.542667 0.493333 0.094667 0.333333
104 50.659667 0.501667 0.159333 0.796667
932 50.746000 0.508333 0.033333 0.256667
559 50.799000 0.488333 0.086000 0.423333
753 50.891667 0.500000 0.115333 0.380000
592 51.029000 0.493333 0.176667 0.540000
985 51.128333 0.498333 0.039333 0.323333
737 51.164333 0.498333 0.046000 0.296667
726 51.223000 0.496667 0.087333 0.460000
418 51.311333 0.493333 0.105333 0.506667
429 51.412667 0.498333 0.110667 0.403333
630 51.555667 0.508333 0.190000 0.950000
580 51.715667 0.498333 0.144667 0.343333
488 51.813000 0.510000 0.066000 0.326667
215 51.882333 0.503333 0.091333 0.366667
173 51.962000 0.491667 0.086667 0.390000
776 52.071000 0.496667 0.146000 0.386667
833 52.197667 0.488333 0.123333 0.516667
677 52.309667 0.495000 0.116667 0.376667
1021 52.384667 0.495000 0.046667 0.363333
629 52.493000 0.488333 0.183333 0.916667
373 52.637667 0.495000 0.120667 0.336667
535 52.785000 0.496667 0.192667 0.466667
678 52.941000 0.506667 0.135333 0.460000
593 53.068333 0.501667 0.136667 0.396667
900 53.210333 0.500000 0.160667 0.473333
533 53.352000 0.506667 0.136000 0.486667
297 53.448000 0.503333 0.073333 0.380000
151 53.519333 0.493333 0.084000 0.420000
867 53.600333 0.493333 0.095333 0.300000
20 53.684667 0.493333 0.089333 0.313333
153 53.763333 0.503333 0.086667 0.400000
407 53.842333 0.495000 0.086000 0.323333
708 53.990333 0.495000 0.223333 1.116667
810 54.151000 0.501667 0.115333 0.476667
82 54.240333 0.488333 0.079333 0.603333
803 54.339000 0.493333 0.138000 0.426667
539 54.438333 0.490000 0.080667 0.353333
706 54.515000 0.505000 0.087333 0.430000
66 54.594000 0.501667 0.088000 0.456667
705 54.693333 0.490000 0.128000 0.426667
498 54.775000 0.503333 0.054000 0.333333
131 54.860667 0.493333 0.132000 0.520000
612 55.022667 0.500000 0.205333 1.026667
988 55.140667 0.500000 0.045333 0.346667
939 55.174667 0.488333 0.036000 0.290000
1 55.230667 0.491667 0.089333 0.463333
132 55.306333 0.490000 0.076667 0.333333
155 55.379000 0.498333 0.087333 0.450000
1009 55.432000 0.510000 0.036000 0.280000
676 55.505333 0.495000 0.130667 0.443333
788 55.646667 0.500000 0.170667 0.460000
58 55.759000 0.506667 0.067333 0.333333
138 55.819333 0.510000 0.073333 0.420000
356 55.910333 0.508333 0.127333 0.350000
417 56.010667 0.501667 0.093333 0.450000
953 56.072333 0.506667 0.046000 0.333333
490 56.125667 0.506667 0.074000 0.406667
4 56.202000 0.506667 0.094667 0.406667
771 56.344333 0.495000 0.203333 1.016667
301 56.473667 0.506667 0.075333 0.426667
218 56.567667 0.506667 0.127333 0.513333
772 56.732333 0.505000 0.216667 1.083333
692 56.883000 0.505000 0.100667 0.496667
137 56.949667 0.491667 0.052667 0.263333
570 57.012333 0.490000 0.086000 0.360000
365 57.153333 0.496667 0.213333 1.066667
812 57.318000 0.503333 0.129333 0.413333
185 57.439667 0.505000 0.128667 0.523333
97 57.579333 0.508333 0.170667 0.370000
353 57.729000 0.493333 0.147333 0.460000
323 57.876667 0.498333 0.168000 0.336667
328 58.036333 0.508333 0.164667 0.823333
573 58.159667 0.503333 0.096667 0.380000
197 58.255000 0.508333 0.112667 0.490000
961 58.324000 0.506667 0.040000 0.340000
404 58.388667 0.505000 0.105333 0.510000
167 58.491667 0.505000 0.116667 0.423333
977 58.558667 0.506667 0.030667 0.253333
895 58.637667 0.508333 0.143333 0.383333
96 58.811000 0.505000 0.219333 1.096667
1010 58.930333 0.506667 0.035333 0.293333
386 59.033000 0.505000 0.188667 0.943333
311 59.161000 0.500000 0.080667 0.353333
973 59.214667 0.488333 0.040000 0.330000
228 59.286000 0.503333 0.118667 0.586667
266 59.433333 0.500000 0.192000 0.580000
368 59.583667 0.506667 0.123333 0.366667
158 59.728000 0.505000 0.178667 0.530000
571 59.861333 0.495000 0.106667 0.430000
543 59.983667 0.506667 0.152667 0.473333
236 60.097000 0.500000 0.087333 0.366667
505 60.170667 0.508333 0.073333 0.303333
146 60.248000 0.493333 0.098667 0.433333
303 60.319667 0.508333 0.060667 0.343333
978 60.358333 0.498333 0.036667 0.303333
634 60.403000 0.495000 0.066000 0.283333
866 60.494000 0.488333 0.130667 0.350000
959 60.572333 0.503333 0.040667 0.306667
161 60.641333 0.498333 0.113333 0.403333
125 60.742667 0.510000 0.104000 0.500000
493 60.820667 0.505000 0.070667 0.330000
139 60.878333 0.501667 0.062000 0.356667
330 60.952667 0.491667 0.100000 0.383333
731 61.026667 0.503333 0.068000 0.353333
438 61.116667 0.500000 0.126667 0.386667
355 61.227667 0.490000 0.115333 0.340000
916 61.369667 0.488333 0.186000 0.383333
585 61.523667 0.488333 0.136667 0.390000
475 61.615667 0.495000 0.066000 0.396667
479 61.666333 0.501667 0.054000 0.290000
226 61.731667 0.491667 0.091333 0.376667
364 61.846000 0.508333 0.150667 0.323333
378 61.968333 0.496667 0.108667 0.300000
600 62.083667 0.490000 0.135333 0.406667
785 62.180667 0.510000 0.077333 0.333333
889 62.290667 0.500000 0.161333 0.640000
47 62.414000 0.505000 0.101333 0.483333
409 62.505333 0.493333 0.100000 0.500000
443 62.582333 0.488333 0.070000 0.416667
389 62.665333 0.495000 0.112000 0.310000
9 62.759000 0.505000 0.088667 0.383333
10 62.837333 0.493333 0.084000 0.286667
292 62.921333 0.510000 0.100000 0.380000
248 63.007333 0.493333 0.086667 0.446667
465 63.087000 0.493333 0.091333 0.460000
960 63.143333 0.495000 0.038667 0.303333
858 63.220000 0.506667 0.133333 0.406667
996 63.295333 0.506667 0.034667 0.273333
76 63.360667 0.503333 0.116000 0.353333
257 63.486333 0.496667 0.148667 0.486667
1000 63.576667 0.503333 0.046667 0.373333
180 63.642333 0.493333 0.103333 0.400000
295 63.732667 0.488333 0.092000 0.390000
767 63.841667 0.488333 0.144667 0.416667
958 63.924333 0.506667 0.038000 0.300000
842 63.982667 0.488333 0.098667 0.403333
546 64.071333 0.503333 0.097333 0.393333
639 64.152000 0.508333 0.078667 0.396667
597 64.254667 0.488333 0.140000 0.436667
181 64.383667 0.496667 0.131333 0.460000
130 64.517000 0.503333 0.155333 0.320000
801 64.646333 0.500000 0.116667 0.466667
233 64.748333 0.488333 0.106000 0.443333
416 64.837000 0.495000 0.088667 0.430000
213 64.927667 0.498333 0.110000 0.456667
956 64.994667 0.498333 0.044000 0.343333
662 65.071667 0.496667 0.128667 0.433333
92 65.224000 0.510000 0.192000 0.960000
694 65.350000 0.496667 0.074667 0.366667
230 65.426000 0.491667 0.090667 0.350000
725 65.531000 0.501667 0.134000 0.570000
25 65.642000 0.505000 0.105333 0.376667
591 65.751667 0.508333 0.132667 0.416667
90 65.891000 0.495000 0.162000 0.810000
203 66.007333 0.498333 0.085333 0.430000
202 66.124333 0.505000 0.166000 0.830000
205 66.261333 0.496667 0.121333 0.500000
975 66.336000 0.488333 0.044000 0.343333
616 66.442667 0.493333 0.184000 0.920000
986 66.548667 0.508333 0.041333 0.310000
881 66.617667 0.500000 0.115333 0.386667
6 66.719667 0.506667 0.107333 0.433333
1020 66.788000 0.503333 0.046667 0.360000
115 66.832333 0.493333 0.056667 0.333333
566 66.909333 0.498333 0.114667 0.476667
847 67.018000 0.503333 0.122667 0.413333
157 67.145667 0.498333 0.151333 0.610000
911 67.257000 0.491667 0.090000 0.316667
384 67.352333 0.501667 0.116667 0.330000
905 67.481333 0.508333 0.156000 0.490000
99 67.660333 0.495000 0.220667 1.103333
947 67.785333 0.505000 0.048000 0.356667
738 67.839667 0.491667 0.075333 0.356667
638 67.916333 0.500000 0.095333 0.373333
714 68.068333 0.508333 0.227333 1.136667
379 68.247000 0.491667 0.148667 0.470000
863 68.372667 0.495000 0.121333 0.590000
564 68.503333 0.508333 0.153333 0.336667
279 68.619333 0.498333 0.098667 0.556667
898 68.734333 0.503333 0.147333 0.420000
827 68.850333 0.500000 0.099333 0.426667
749 68.941000 0.506667 0.102000 0.426667
400 69.016000 0.506667 0.068000 0.506667
489 69.068000 0.510000 0.054667 0.300000
206 69.133333 0.496667 0.094667 0.380000
345 69.265333 0.510000 0.184000 0.920000
320 69.407000 0.508333 0.114000 0.356667
720 69.527667 0.505000 0.140667 0.416667
263 69.679333 0.495000 0.181333 0.583333
545 69.803333 0.503333 0.084000 0.340000
341 69.872333 0.493333 0.067333 0.286667
229 69.949333 0.493333 0.102667 0.413333
1016 70.015667 0.495000 0.046000 0.356667
72 70.071333 0.510000 0.084000 0.406667
516 70.154333 0.495000 0.095333 0.310000
679 70.231333 0.493333 0.076000 0.460000
390 70.339667 0.495000 0.158000 0.423333
259 70.503000 0.495000 0.182000 0.910000
83 70.623333 0.488333 0.078667 0.383333
194 70.714667 0.495000 0.121333 0.523333
1011 70.785667 0.488333 0.039333 0.310000
614 70.914000 0.493333 0.230667 1.153333
537 71.151000 0.493333 0.263333 0.553333
763 71.304333 0.506667 0.062000 0.453333
382 71.404667 0.506667 0.156000 0.780000
415 71.568667 0.510000 0.186667 0.933333
101 71.749333 0.495000 0.189333 0.403333
632 71.918667 0.488333 0.169333 0.543333
560 72.063667 0.506667 0.138000 0.426667
815 72.197667 0.500000 0.144667 0.333333
482 72.296333 0.496667 0.072667 0.380000
376 72.393333 0.493333 0.134667 0.413333
474 72.481667 0.495000 0.059333 0.350000
686 72.539667 0.501667 0.071333 0.350000
217 72.621333 0.498333 0.106667 0.490000
201 72.714333 0.496667 0.092667 0.466667
581 72.796333 0.493333 0.090000 0.400000
754 72.910667 0.490000 0.156000 0.760000
500 73.024333 0.506667 0.090000 0.413333
49 73.159333 0.490000 0.198667 0.993333
75 73.335333 0.508333 0.169333 0.523333
392 73.492667 0.495000 0.164000 0.490000
904 73.598667 0.505000 0.068000 0.316667
917 73.649333 0.503333 0.049333 0.360000
509 73.719000 0.505000 0.104667 0.330000
302 73.800667 0.505000 0.078667 0.443333
784 73.855667 0.500000 0.051333 0.420000
703 73.933333 0.493333 0.120000 0.420000
476 74.016667 0.510000 0.061333 0.366667
391 74.113667 0.506667 0.150000 0.426667
709 74.236333 0.506667 0.111333 0.486667
184 74.345000 0.490000 0.119333 0.526667
716 74.484000 0.510000 0.174667 0.440000
981 74.587000 0.510000 0.046000 0.366667
424 74.667667 0.503333 0.135333 0.433333
957 74.747333 0.488333 0.037333 0.296667
165 74.816333 0.500000 0.120667 0.446667
966 74.892667 0.493333 0.046667 0.353333
159 74.930333 0.496667 0.046000 0.326667
496 75.000000 0.488333 0.113333 0.476667
461 75.076667 0.495000 0.060000 0.303333
929 75.118000 0.495000 0.037333 0.290000
728 75.155667 0.506667 0.051333 0.460000
821 75.223667 0.496667 0.103333 0.646667
970 75.288000 0.505000 0.045333 0.350000
729 75.315000 0.491667 0.022000 0.310000
518 75.365000 0.505000 0.091333 0.303333
247 75.451667 0.488333 0.096667 0.476667
567 75.539000 0.508333 0.095333 0.403333
935 75.602333 0.498333 0.048667 0.356667
802 75.702667 0.508333 0.172000 0.436667
922 75.801667 0.491667 0.042000 0.330000
296 75.872333 0.500000 0.112667 0.406667
351 76.002667 0.491667 0.162667 0.463333
13 76.138333 0.496667 0.126000 0.406667
962 76.212000 0.506667 0.037333 0.293333
172 76.272667 0.503333 0.102667 0.373333
936 76.337333 0.503333 0.045333 0.353333
1022 76.373333 0.505000 0.042667 0.336667
166 76.452667 0.500000 0.129333 0.500000
826 76.565667 0.493333 0.110000 0.466667
532 76.667667 0.490000 0.111333 0.573333
538 76.791000 0.495000 0.148667 0.376667
109 76.942667 0.506667 0.170667 0.853333
332 77.122000 0.493333 0.205333 0.480000
919 77.254000 0.491667 0.072000 0.343333
824 77.333667 0.491667 0.107333 0.523333
87 77.475000 0.508333 0.194000 0.410000
955 77.578333 0.510000 0.030000 0.246667
782 77.641000 0.495000 0.114000 0.550000
1013 77.707000 0.506667 0.035333 0.280000
333 77.799333 0.493333 0.168000 0.840000
928 77.898000 0.496667 0.049333 0.366667
762 77.956333 0.495000 0.084667 0.350000
579 78.091000 0.503333 0.198000 0.433333
312 78.225333 0.506667 0.088000 0.326667
43 78.315000 0.496667 0.110000 0.440000
971 78.377333 0.500000 0.032000 0.260000
848 78.437000 0.491667 0.100667 0.303333
256 78.544333 0.496667 0.128667 0.446667
11 78.650000 0.508333 0.097333 0.363333
590 78.766333 0.506667 0.151333 0.606667
57 78.859333 0.490000 0.052000 0.273333
59 78.955000 0.510000 0.159333 0.413333
337 79.118000 0.496667 0.184000 0.920000
1008 79.225000 0.495000 0.048667 0.370000
17 79.287667 0.496667 0.094000 0.333333
110 79.388000 0.508333 0.126667 0.470000
178 79.496333 0.495000 0.106000 0.396667
742 79.622000 0.490000 0.158667 0.646667
969 79.712333 0.493333 0.042000 0.326667
577 79.764333 0.496667 0.080667 0.320000
304 79.833333 0.500000 0.072000 0.406667
1018 79.885667 0.493333 0.047333 0.366667
628 79.985333 0.500000 0.170667 0.566667
606 80.119333 0.498333 0.114667 0.350000
717 80.272000 0.493333 0.210667 1.053333
204 80.427000 0.500000 0.115333 0.473333
113 80.557333 0.500000 0.162667 0.813333
794 80.668333 0.496667 0.079333 0.480000
520 80.767333 0.496667 0.138667 0.433333
751 80.878000 0.491667 0.102667 0.450000
199 80.980333 0.493333 0.120667 0.486667
913 81.105667 0.495000 0.146000 0.436667
428 81.211333 0.488333 0.085333 0.550000
768 81.279000 0.503333 0.066000 0.140000
823 81.354000 0.500000 0.098667 0.426667
251 81.423333 0.488333 0.053333 0.303333
234 81.503333 0.501667 0.126667 0.530000
497 81.619667 0.490000 0.122000 0.313333
852 81.723667 0.488333 0.103333 0.476667
718 81.865667 0.491667 0.195333 0.976667
152 81.995333 0.490000 0.077333 0.380000
997 82.045000 0.501667 0.040667 0.336667
875 82.139000 0.506667 0.162000 0.400000
168 82.262000 0.491667 0.097333 0.343333
946 82.319667 0.503333 0.038000 0.300000
454 82.365667 0.496667 0.068667 0.406667
984 82.409000 0.508333 0.035333 0.263333
944 82.437000 0.490000 0.035333 0.280000
36 82.492667 0.491667 0.096000 0.303333
743 82.571667 0.491667 0.079333 0.336667
765 82.643333 0.490000 0.078667 0.386667
976 82.693667 0.491667 0.040667 0.323333
664 82.760000 0.508333 0.108000 0.403333
385 82.884000 0.491667 0.157333 0.470000
211 83.009667 0.506667 0.111333 0.486667
261 83.108667 0.488333 0.104000 0.496667
348 83.209000 0.501667 0.110000 0.296667
625 83.337667 0.505000 0.160667 0.536667
294 83.510667 0.496667 0.204000 1.020000
798 83.663667 0.493333 0.122000 0.453333
544 83.769000 0.488333 0.102000 0.376667
1004 83.830333 0.508333 0.036667 0.290000
531 83.939667 0.498333 0.195333 0.976667
325 84.097667 0.498333 0.136667 0.583333
604 84.223333 0.491667 0.128000 0.390000
721 84.361667 0.500000 0.164667 0.520000
808 84.504333 0.490000 0.135333 0.500000
380 84.650000 0.510000 0.169333 0.846667
993 84.747333 0.506667 0.038667 0.320000
745 84.814333 0.490000 0.110000 0.426667
640 84.894000 0.500000 0.064000 0.320000
120 85.012667 0.500000 0.192000 0.413333
558 85.137667 0.505000 0.074000 0.363333
829 85.208333 0.491667 0.086000 0.356667
16 85.283667 0.506667 0.083333 0.286667
861 85.344667 0.493333 0.057333 0.440000
650 85.452000 0.491667 0.170667 0.550000
133 85.572667 0.506667 0.089333 0.320000
486 85.649667 0.490000 0.078000 0.406667
914 85.743333 0.490000 0.129333 0.386667
117 85.873000 0.510000 0.143333 0.433333
321 85.987667 0.501667 0.100667 0.483333
42 86.067000 0.496667 0.074000 0.413333
121 86.102000 0.508333 0.016000 0.290000
605 86.157000 0.500000 0.112667 0.293333
837 86.249000 0.505000 0.091333 0.443333
437 86.338000 0.503333 0.101333 0.500000
440 86.418667 0.490000 0.073333 0.426667
174 86.501333 0.505000 0.106667 0.396667
892 86.633333 0.490000 0.174667 0.540000
838 86.769333 0.508333 0.117333 0.483333
618 86.849333 0.510000 0.057333 0.353333
274 86.926000 0.508333 0.116000 0.550000
326 87.011667 0.506667 0.075333 0.346667
831 87.086000 0.495000 0.090667 0.376667
406 87.179333 0.495000 0.116000 0.450000
807 87.312000 0.510000 0.164000 0.820000
506 87.408667 0.493333 0.042667 0.486667
873 87.467000 0.506667 0.087333 0.413333
93 87.611000 0.495000 0.215333 1.076667
665 87.770667 0.503333 0.122667 0.453333
299 87.865333 0.503333 0.086667 0.333333
463 87.940333 0.503333 0.080667 0.413333
470 88.002667 0.488333 0.058667 0.343333
393 88.091667 0.508333 0.139333 0.376667
375 88.213333 0.493333 0.124000 0.360000
276 88.299000 0.491667 0.066000 0.416667
7 88.383667 0.498333 0.116667 0.370000
420 88.488333 0.495000 0.111333 0.410000
456 88.573000 0.488333 0.071333 0.376667
624 88.677667 0.501667 0.152667 0.523333
773 88.809333 0.510000 0.128000 0.340000
487 88.900000 0.498333 0.070667 0.356667
596 88.984667 0.498333 0.113333 0.343333
876 89.107333 0.496667 0.149333 0.420000
565 89.243333 0.496667 0.138667 0.300000
313 89.369667 0.510000 0.128667 0.440000
681 89.445667 0.491667 0.043333 0.390000
34 89.512667 0.505000 0.106667 0.363333
610 89.618333 0.488333 0.118000 0.363333
18 89.721667 0.498333 0.107333 0.376667
891 89.789667 0.503333 0.046000 0.266667
103 89.911667 0.496667 0.214000 0.466667
41 90.091000 0.488333 0.163333 0.490000
114 90.213333 0.496667 0.098667 0.486667
494 90.301667 0.495000 0.094000 0.416667
530 90.380333 0.495000 0.078000 0.363333
273 90.439667 0.491667 0.055333 0.316667
688 90.497667 0.501667 0.078000 0.383333
683 90.594667 0.501667 0.132000 0.403333
746 90.729000 0.500000 0.152667 0.540000
467 90.836667 0.495000 0.081333 0.456667
339 90.911667 0.506667 0.082000 0.433333
241 90.986000 0.508333 0.084000 0.470000
119 91.069333 0.496667 0.101333 0.600000
811 91.176333 0.501667 0.128667 0.363333
100 91.312333 0.501667 0.158000 0.790000
814 91.434000 0.508333 0.101333 0.363333
426 91.513333 0.495000 0.077333 0.443333
192 91.587000 0.503333 0.090000 0.440000
260 91.718000 0.510000 0.186667 0.933333
992 91.822333 0.488333 0.040667 0.310000
524 91.894667 0.490000 0.120000 0.373333
285 91.999000 0.496667 0.108667 0.373333
280 92.111000 0.506667 0.130000 0.453333
948 92.186333 0.508333 0.035333 0.270000
430 92.258000 0.496667 0.122667 0.526667
644 92.342333 0.501667 0.064667 0.296667
779 92.386333 0.488333 0.038000 0.383333
287 92.452000 0.490000 0.108000 0.386667
362 92.562667 0.508333 0.132000 0.403333
12 92.675667 0.493333 0.112667 0.393333
427 92.792333 0.498333 0.136667 0.650000
909 92.892667 0.510000 0.082667 0.380000
305 92.958667 0.508333 0.066667 0.376667
832 93.042333 0.496667 0.116667 0.526667
329 93.178333 0.495000 0.171333 0.856667
176 93.353667 0.495000 0.195333 0.976667
626 93.517667 0.491667 0.146000 0.496667
927 93.600333 0.506667 0.034000 0.273333
550 93.651667 0.493333 0.083333 0.413333
522 93.741333 0.500000 0.114667 0.360000
923 93.808667 0.510000 0.038667 0.300000
402 93.903667 0.490000 0.168667 0.440000
540 94.048333 0.506667 0.135333 0.533333
756 94.167000 0.503333 0.122000 0.406667
1003 94.237333 0.493333 0.032000 0.246667
54 94.272333 0.488333 0.056667 0.323333
755 94.367000 0.490000 0.147333 0.426667
363 94.529333 0.496667 0.192000 0.960000
149 94.682333 0.505000 0.128667 0.343333
267 94.825000 0.488333 0.174000 0.523333
63 94.949333 0.498333 0.094667 0.336667
576 95.037333 0.503333 0.098667 0.386667
856 95.145667 0.506667 0.131333 0.333333
253 95.230000 0.493333 0.056000 0.513333
503 95.316667 0.496667 0.136000 0.353333
527 95.469000 0.498333 0.184667 0.923333
710 95.650000 0.506667 0.196000 0.980000
249 95.766000 0.488333 0.056000 0.436667
147 95.839000 0.510000 0.103333 0.473333
521 95.954667 0.491667 0.145333 0.410000
425 96.062333 0.501667 0.086000 0.470000
983 96.114667 0.495000 0.036000 0.290000
484 96.181333 0.490000 0.116000 0.433333
554 96.303000 0.506667 0.142000 0.406667
60 96.402333 0.488333 0.076667 0.316667
143 96.469000 0.510000 0.071333 0.353333
766 96.548000 0.506667 0.104000 0.300000
27 96.646667 0.510000 0.106667 0.360000
318 96.740333 0.503333 0.094000 0.386667
608 96.828333 0.490000 0.096667 0.346667
621 96.902333 0.498333 0.064667 0.596667
617 96.969667 0.501667 0.087333 0.343333
169 97.068333 0.488333 0.123333 0.463333
937 97.139000 0.490000 0.034000 0.260000
879 97.203000 0.508333 0.114000 0.343333
338 97.331333 0.493333 0.158667 0.820000
733 97.435667 0.491667 0.067333 0.403333
642 97.513667 0.508333 0.104667 0.410000
786 97.595333 0.508333 0.077333 0.476667
74 97.706000 0.500000 0.160000 0.500000
791 97.811333 0.506667 0.070667 0.440000
989 97.858333 0.491667 0.038000 0.290000
370 97.952667 0.500000 0.168000 0.840000
79 98.159667 0.501667 0.260667 0.490000
170 98.336667 0.510000 0.108000 0.406667
998 98.401000 0.500000 0.038000 0.320000
163 98.469333 0.491667 0.114667 0.403333
549 98.568000 0.500000 0.097333 0.333333
954 98.634333 0.498333 0.051333 0.370000
908 98.703333 0.505000 0.106667 0.390000
145 98.798667 0.510000 0.098667 0.506667
278 98.894000 0.495000 0.110667 0.343333
346 99.008333 0.493333 0.138000 0.386667
561 99.148667 0.488333 0.160000 0.336667
1005 99.237000 0.495000 0.034000 0.276667
387 99.308000 0.500000 0.126667 0.373333
702 99.457667 0.491667 0.187333 0.583333
556 99.592000 0.510000 0.096000 0.393333
775 99.677333 0.506667 0.089333 0.426667
757 99.771333 0.498333 0.112000 0.363333
175 99.875000 0.488333 0.108667 0.390000
459 99.949333 0.493333 0.053333 0.306667
693 100.020000 0.495000 0.106667 0.523333
319 100.106667 0.493333 0.080000 0.306667
227 100.200333 0.495000 0.122000 0.503333
781 100.289000 0.500000 0.071333 0.373333
931 100.339333 0.505000 0.044000 0.350000
135 100.418333 0.491667 0.130000 0.463333
633 100.580333 0.488333 0.214000 0.590000
344 100.775333 0.493333 0.192000 0.960000
492 100.908333 0.505000 0.094000 0.423333
637 100.972667 0.491667 0.049333 0.250000
37 101.034667 0.510000 0.094667 0.300000
235 101.131667 0.506667 0.116667 0.466667
216 101.245333 0.493333 0.126667 0.506667
102 101.406667 0.490000 0.213333 1.066667
940 101.526000 0.506667 0.044000 0.320000
942 101.562333 0.510000 0.046000 0.346667
598 101.643333 0.488333 0.136000 0.403333
369 101.761333 0.491667 0.116000 0.330000
300 101.841667 0.490000 0.058000 0.186667
255 101.922667 0.496667 0.120000 0.466667
118 102.023667 0.506667 0.100667 0.373333
507 102.093000 0.505000 0.058000 0.303333
111 102.164333 0.490000 0.100667 0.426667
514 102.260333 0.496667 0.111333 0.346667
903 102.360667 0.500000 0.108000 0.333333
551 102.482000 0.488333 0.150667 0.463333
920 102.590333 0.506667 0.083333 0.306667
972 102.638667 0.505000 0.033333 0.263333
902 102.726333 0.488333 0.160667 0.430000
80 102.836000 0.505000 0.078667 0.403333
