1010 0.028333 0.491667 0.050000 0.370000
778 0.089000 0.496667 0.087333 0.560000
201 0.168333 0.501667 0.087333 0.390000
548 0.261667 0.501667 0.119333 0.443333
963 0.334667 0.493333 0.042667 0.346667
858 0.397667 0.491667 0.102000 0.316667
595 0.498333 0.506667 0.114000 0.340000
219 0.595667 0.501667 0.100667 0.410000
338 0.696667 0.503333 0.117333 0.606667
333 0.835667 0.503333 0.174000 0.413333
942 0.930333 0.510000 0.035333 0.260000
47 0.985000 0.488333 0.091333 0.430000
588 1.067333 0.501667 0.086667 0.390000
289 1.196333 0.508333 0.188667 0.943333
162 1.370000 0.493333 0.178667 0.893333
29 1.502333 0.495000 0.104667 0.283333
158 1.654667 0.493333 0.220000 1.100000
181 1.832333 0.500000 0.148667 0.540000
744 1.975333 0.490000 0.150667 0.633333
672 2.095667 0.506667 0.108667 0.386667
655 2.191333 0.490000 0.101333 0.406667
749 2.290333 0.498333 0.112667 0.476667
469 2.378000 0.495000 0.077333 0.403333
629 2.497333 0.500000 0.178667 0.893333
90 2.657333 0.496667 0.156000 0.780000
657 2.771667 0.506667 0.088667 0.373333
535 2.911667 0.490000 0.207333 0.446667
277 3.048333 0.490000 0.082000 0.393333
514 3.137333 0.508333 0.116000 0.370000
976 3.207333 0.490000 0.040000 0.300000
125 3.274000 0.495000 0.113333 0.530000
419 3.364333 0.498333 0.082000 0.396667
186 3.446333 0.495000 0.095333 0.390000
352 3.572333 0.501667 0.171333 0.856667
437 3.700667 0.503333 0.104000 0.466667
198 3.802667 0.488333 0.113333 0.563333
138 3.889667 0.495000 0.078000 0.436667
237 3.959333 0.488333 0.081333 0.603333
978 4.007667 0.501667 0.035333 0.296667
746 4.084000 0.501667 0.136000 0.503333
846 4.195000 0.490000 0.104667 0.453333
243 4.319667 0.500000 0.162000 0.580000
770 4.476333 0.505000 0.164667 0.823333
750 4.616667 0.495000 0.129333 0.490000
178 4.720667 0.501667 0.092000 0.336667
1017 4.772333 0.496667 0.031333 0.246667
195 4.836667 0.501667 0.117333 0.490000
266 4.996667 0.493333 0.220000 1.100000
50 5.174333 0.496667 0.148667 0.433333
912 5.286667 0.490000 0.096000 0.380000
386 5.387000 0.496667 0.123333 0.333333
506 5.460000 0.496667 0.038667 0.453333
794 5.501667 0.503333 0.058000 0.353333
869 5.567000 0.498333 0.086000 0.503333
558 5.641333 0.493333 0.082667 0.406667
927 5.697667 0.503333 0.044667 0.346667
274 5.770333 0.493333 0.118000 0.560000
898 5.882667 0.498333 0.126667 0.370000
877 5.984667 0.491667 0.090667 0.450000
663 6.067667 0.498333 0.095333 0.343333
113 6.144000 0.493333 0.072000 0.386667
601 6.224333 0.505000 0.102000 0.303333
362 6.329333 0.488333 0.126667 0.370000
643 6.428333 0.501667 0.090000 0.316667
727 6.492000 0.508333 0.056000 0.356667
854 6.604333 0.505000 0.183333 0.650000
67 6.768000 0.503333 0.162667 0.813333
708 6.884333 0.488333 0.084667 0.390000
22 6.968000 0.508333 0.102667 0.343333
400 7.041667 0.506667 0.062000 0.486667
467 7.105000 0.496667 0.082000 0.413333
77 7.204667 0.496667 0.130667 0.326667
536 7.335333 0.496667 0.149333 0.586667
522 7.452333 0.496667 0.103333 0.346667
948 7.515000 0.491667 0.042000 0.316667
894 7.608667 0.501667 0.161333 0.463333
55 7.737000 0.490000 0.112667 0.306667
899 7.866333 0.508333 0.166000 0.830000
300 7.978667 0.488333 0.074667 0.236667
146 8.105333 0.493333 0.197333 0.986667
764 8.236000 0.508333 0.084000 0.403333
891 8.301667 0.491667 0.066000 0.303333
611 8.377667 0.491667 0.100667 0.376667
473 8.456333 0.503333 0.075333 0.386667
863 8.528667 0.506667 0.084000 0.406667
1019 8.581667 0.496667 0.039333 0.326667
681 8.617000 0.505000 0.044667 0.396667
944 8.648667 0.491667 0.034667 0.276667
171 8.753000 0.505000 0.191333 0.956667
799 8.893000 0.490000 0.106000 0.400000
447 8.972667 0.491667 0.073333 0.370000
642 9.045000 0.501667 0.090000 0.343333
914 9.137000 0.506667 0.114000 0.346667
287 9.237000 0.493333 0.106000 0.386667
560 9.362667 0.490000 0.162667 0.500000
265 9.497333 0.496667 0.122667 0.473333
292 9.615667 0.501667 0.134000 0.523333
584 9.743333 0.503333 0.134667 0.406667
167 9.849333 0.491667 0.094667 0.330000
977 9.907333 0.493333 0.037333 0.293333
882 9.975000 0.490000 0.115333 0.460000
756 10.100333 0.491667 0.150000 0.430000
373 10.236333 0.498333 0.139333 0.403333
698 10.329667 0.510000 0.063333 0.333333
866 10.445000 0.508333 0.186000 0.496667
247 10.581000 0.488333 0.103333 0.416667
273 10.652333 0.498333 0.059333 0.390000
697 10.767333 0.493333 0.189333 0.946667
30 10.933000 0.493333 0.156667 0.473333
604 11.073000 0.503333 0.142000 0.420000
5 11.169333 0.503333 0.070667 0.320000
712 11.286667 0.503333 0.177333 0.886667
728 11.395000 0.508333 0.054000 0.463333
765 11.456667 0.498333 0.084000 0.443333
947 11.512667 0.508333 0.045333 0.336667
462 11.555000 0.501667 0.056667 0.296667
549 11.621667 0.505000 0.090000 0.303333
10 11.720333 0.506667 0.126000 0.406667
967 11.794667 0.510000 0.040000 0.293333
665 11.863333 0.505000 0.113333 0.396667
793 11.960667 0.496667 0.097333 0.400000
204 12.048000 0.500000 0.096000 0.480000
269 12.181000 0.505000 0.187333 0.563333
335 12.339000 0.500000 0.148667 0.513333
992 12.424000 0.498333 0.040000 0.316667
42 12.475000 0.500000 0.080667 0.453333
257 12.572000 0.506667 0.130667 0.433333
623 12.714667 0.501667 0.168000 0.556667
630 12.880000 0.490000 0.177333 0.600000
84 13.021667 0.496667 0.124667 0.360000
153 13.116333 0.510000 0.083333 0.373333
808 13.203000 0.496667 0.104667 0.386667
93 13.335333 0.500000 0.177333 0.386667
820 13.460333 0.503333 0.087333 0.366667
553 13.550333 0.501667 0.108667 0.383333
61 13.647667 0.496667 0.103333 0.513333
116 13.746000 0.493333 0.106667 0.326667
900 13.851000 0.510000 0.123333 0.333333
151 13.937000 0.505000 0.066000 0.330000
690 14.013000 0.501667 0.100667 0.496667
797 14.101000 0.496667 0.095333 0.360000
445 14.173333 0.496667 0.068000 0.340000
481 14.233333 0.490000 0.072000 0.366667
9 14.303000 0.500000 0.082000 0.320000
715 14.419667 0.508333 0.171333 0.430000
874 14.536667 0.488333 0.076000 0.363333
100 14.672000 0.510000 0.212000 1.060000
932 14.795000 0.501667 0.050000 0.370000
446 14.842667 0.508333 0.060000 0.316667
463 14.897333 0.508333 0.066667 0.396667
312 14.981333 0.493333 0.121333 0.460000
4 15.082000 0.506667 0.094667 0.400000
327 15.193000 0.510000 0.147333 0.420000
358 15.331667 0.510000 0.147333 0.400000
883 15.489667 0.490000 0.186000 0.393333
410 15.634333 0.490000 0.119333 0.566667
701 15.789000 0.488333 0.210000 1.050000
661 15.938667 0.506667 0.108000 0.400000
695 16.067667 0.491667 0.166000 0.830000
483 16.177667 0.508333 0.067333 0.390000
564 16.276333 0.491667 0.144667 0.296667
591 16.401333 0.500000 0.125333 0.360000
972 16.470667 0.496667 0.033333 0.280000
537 16.583000 0.491667 0.207333 1.036667
682 16.735000 0.498333 0.116667 0.456667
272 16.850000 0.501667 0.133333 0.390000
368 16.980333 0.495000 0.140667 0.403333
664 17.090667 0.488333 0.093333 0.303333
871 17.160667 0.490000 0.064000 0.313333
656 17.269000 0.488333 0.166000 0.390000
945 17.364333 0.496667 0.040667 0.333333
109 17.473333 0.498333 0.192000 0.410000
149 17.630667 0.496667 0.142667 0.353333
417 17.742667 0.508333 0.097333 0.470000
388 17.854333 0.508333 0.146000 0.430000
577 17.961333 0.501667 0.081333 0.316667
43 18.041000 0.491667 0.098000 0.383333
868 18.122000 0.503333 0.084000 0.473333
496 18.206000 0.506667 0.100000 0.420000
1004 18.270333 0.506667 0.043333 0.346667
359 18.356000 0.491667 0.141333 0.423333
574 18.455667 0.503333 0.078000 0.313333
315 18.532000 0.505000 0.090667 0.343333
172 18.619667 0.498333 0.104667 0.383333
768 18.694333 0.505000 0.062000 0.163333
126 18.811000 0.498333 0.186000 0.930000
326 18.934000 0.488333 0.073333 0.336667
173 19.013667 0.498333 0.100667 0.456667
408 19.101333 0.501667 0.090667 0.343333
28 19.182667 0.495000 0.088000 0.303333
245 19.249667 0.498333 0.063333 0.256667
612 19.357000 0.491667 0.166000 0.476667
489 19.466000 0.495000 0.068000 0.370000
634 19.533667 0.501667 0.086000 0.356667
11 19.614000 0.491667 0.093333 0.316667
14 19.711333 0.491667 0.120000 0.416667
194 19.819667 0.500000 0.110000 0.460000
450 19.902333 0.500000 0.071333 0.366667
25 19.978667 0.501667 0.101333 0.370000
887 20.094333 0.500000 0.150000 0.480000
825 20.219333 0.506667 0.114667 0.573333
306 20.308000 0.505000 0.077333 0.423333
455 20.372333 0.510000 0.064667 0.366667
503 20.454333 0.510000 0.115333 0.320000
285 20.554333 0.495000 0.098000 0.316667
511 20.649333 0.493333 0.109333 0.366667
32 20.763333 0.493333 0.138667 0.473333
888 20.900000 0.505000 0.153333 0.470000
369 21.020333 0.508333 0.106000 0.330000
1000 21.085667 0.508333 0.038000 0.296667
890 21.152333 0.503333 0.111333 0.473333
586 21.266667 0.490000 0.136000 0.380000
63 21.372333 0.488333 0.094000 0.336667
724 21.457333 0.493333 0.096000 0.366667
645 21.543000 0.508333 0.092667 0.403333
92 21.694000 0.508333 0.224000 0.470000
307 21.831000 0.491667 0.064667 0.363333
213 21.899333 0.500000 0.089333 0.373333
46 21.968000 0.501667 0.066667 0.576667
342 22.041333 0.498333 0.093333 0.396667
895 22.153000 0.495000 0.148667 0.456667
490 22.250333 0.501667 0.062000 0.323333
711 22.358667 0.510000 0.168000 0.840000
448 22.465333 0.508333 0.058667 0.310000
367 22.555000 0.501667 0.135333 0.403333
443 22.651000 0.496667 0.076667 0.400000
41 22.747000 0.506667 0.135333 0.373333
909 22.861333 0.506667 0.109333 0.473333
324 22.968333 0.506667 0.120667 0.593333
815 23.096333 0.491667 0.155333 0.370000
18 23.221000 0.510000 0.111333 0.393333
421 23.344000 0.490000 0.148000 0.460000
743 23.455000 0.493333 0.091333 0.386667
908 23.540333 0.495000 0.092667 0.356667
15 23.634333 0.496667 0.115333 0.393333
232 23.732000 0.496667 0.098667 0.473333
510 23.843000 0.495000 0.140667 0.450000
111 23.945333 0.498333 0.084000 0.363333
308 24.009333 0.510000 0.057333 0.326667
843 24.107667 0.498333 0.155333 0.776667
183 24.234667 0.488333 0.113333 0.570000
66 24.329000 0.506667 0.094000 0.640000
479 24.398000 0.503333 0.060000 0.340000
840 24.475333 0.503333 0.109333 0.460000
492 24.570333 0.493333 0.096667 0.433333
54 24.644000 0.488333 0.069333 0.390000
961 24.691667 0.495000 0.039333 0.330000
112 24.780667 0.508333 0.153333 0.510000
875 24.929000 0.488333 0.159333 0.796667
466 25.027000 0.493333 0.054000 0.286667
387 25.122667 0.500000 0.156000 0.780000
348 25.265333 0.510000 0.142667 0.420000
249 25.361333 0.501667 0.065333 0.470000
729 25.400667 0.510000 0.029333 0.413333
1001 25.424000 0.503333 0.036000 0.273333
124 25.472333 0.506667 0.080667 0.286667
128 25.604000 0.493333 0.196000 0.593333
880 25.761000 0.496667 0.131333 0.420000
855 25.858333 0.503333 0.076667 0.200000
275 25.920333 0.501667 0.066000 0.416667
940 25.969000 0.510000 0.048667 0.360000
913 26.039667 0.498333 0.111333 0.343333
319 26.122667 0.496667 0.073333 0.280000
57 26.175000 0.501667 0.048667 0.256667
152 26.225667 0.488333 0.070000 0.323333
911 26.303667 0.495000 0.104667 0.383333
134 26.397667 0.510000 0.100667 0.333333
241 26.486000 0.495000 0.092000 0.483333
960 26.544667 0.490000 0.044000 0.326667
730 26.617000 0.488333 0.114000 0.436667
807 26.769667 0.491667 0.204667 1.023333
686 26.917333 0.500000 0.105333 0.513333
835 27.019333 0.505000 0.114667 0.503333
722 27.120333 0.495000 0.107333 0.310000
56 27.202000 0.491667 0.073333 0.110000
365 27.300000 0.505000 0.142667 0.416667
679 27.409000 0.495000 0.094000 0.536667
449 27.491000 0.501667 0.087333 0.450000
12 27.577333 0.505000 0.105333 0.356667
199 27.676000 0.506667 0.105333 0.480000
570 27.774667 0.496667 0.106667 0.460000
827 27.872333 0.503333 0.103333 0.466667
480 27.949333 0.491667 0.070667 0.370000
311 28.025667 0.501667 0.095333 0.410000
771 28.099333 0.498333 0.069333 0.343333
717 28.216000 0.488333 0.177333 0.530000
394 28.375000 0.508333 0.160667 0.476667
734 28.537333 0.491667 0.184000 0.476667
23 28.693333 0.500000 0.141333 0.406667
45 28.799000 0.505000 0.084667 0.423333
980 28.858000 0.503333 0.048000 0.360000
1 28.915000 0.506667 0.079333 0.413333
640 28.987333 0.488333 0.085333 0.430000
781 29.058000 0.490000 0.072000 0.373333
844 29.138000 0.490000 0.105333 0.446667
829 29.228667 0.510000 0.089333 0.420000
953 29.282667 0.488333 0.038667 0.323333
3 29.339667 0.495000 0.094000 0.423333
589 29.422000 0.503333 0.084000 0.393333
903 29.520667 0.508333 0.133333 0.410000
221 29.626333 0.505000 0.096667 0.483333
354 29.732333 0.490000 0.132667 0.353333
580 29.861333 0.493333 0.145333 0.346667
1023 29.941667 0.495000 0.028667 0.243333
983 29.964333 0.490000 0.035333 0.273333
193 30.020667 0.495000 0.090667 0.390000
356 30.137667 0.491667 0.158000 0.463333
531 30.300333 0.501667 0.184667 0.923333
941 30.404000 0.500000 0.041333 0.313333
452 30.446333 0.493333 0.059333 0.340000
137 30.498333 0.490000 0.059333 0.353333
1015 30.539667 0.505000 0.042000 0.350000
1011 30.573667 0.510000 0.040667 0.326667
254 30.659333 0.498333 0.149333 0.570000
864 30.781000 0.493333 0.110000 0.433333
653 30.893667 0.505000 0.128667 0.416667
70 31.024667 0.488333 0.153333 0.523333
176 31.154000 0.493333 0.118667 0.420000
234 31.255333 0.491667 0.104000 0.490000
922 31.316667 0.503333 0.038667 0.306667
933 31.348000 0.508333 0.040000 0.303333
166 31.411000 0.508333 0.099333 0.370000
776 31.534000 0.505000 0.166667 0.390000
694 31.659667 0.501667 0.102000 0.503333
704 31.767000 0.505000 0.126000 0.410000
436 31.891333 0.496667 0.136000 0.400000
615 32.002667 0.495000 0.101333 0.463333
98 32.147667 0.495000 0.207333 0.450000
439 32.305333 0.510000 0.126667 0.493333
49 32.453667 0.498333 0.183333 0.916667
235 32.591667 0.493333 0.111333 0.460000
191 32.689667 0.501667 0.099333 0.410000
477 32.770333 0.500000 0.078000 0.406667
954 32.825000 0.488333 0.048667 0.370000
628 32.955333 0.510000 0.230667 1.153333
600 33.127333 0.501667 0.126667 0.376667
465 33.215667 0.500000 0.064667 0.333333
177 33.300000 0.500000 0.117333 0.420000
233 33.396000 0.508333 0.093333 0.443333
917 33.450667 0.495000 0.036000 0.270000
606 33.510000 0.500000 0.102667 0.306667
328 33.639000 0.503333 0.174000 0.386667
567 33.781333 0.496667 0.125333 0.513333
349 33.899000 0.498333 0.128667 0.403333
542 34.014000 0.503333 0.114667 0.446667
95 34.157667 0.491667 0.186000 0.930000
759 34.313000 0.498333 0.143333 0.423333
982 34.389333 0.510000 0.029333 0.253333
973 34.417333 0.496667 0.046667 0.340000
406 34.475333 0.508333 0.084000 0.323333
709 34.560333 0.503333 0.103333 0.440000
814 34.660000 0.500000 0.112000 0.266667
951 34.730333 0.500000 0.047333 0.366667
329 34.849333 0.500000 0.208000 1.040000
848 34.994667 0.495000 0.100000 0.296667
551 35.110667 0.508333 0.150667 0.456667
719 35.267333 0.498333 0.178667 0.563333
918 35.397000 0.488333 0.098000 0.343333
677 35.501000 0.493333 0.127333 0.440000
486 35.589333 0.490000 0.066667 0.340000
101 35.730667 0.508333 0.236000 0.503333
438 35.920333 0.503333 0.156667 0.473333
262 36.045000 0.498333 0.107333 0.550000
839 36.131000 0.498333 0.079333 0.410000
609 36.190333 0.510000 0.056667 0.233333
215 36.273333 0.500000 0.124000 0.540000
543 36.406667 0.510000 0.162667 0.526667
16 36.530000 0.510000 0.102667 0.346667
225 36.658000 0.493333 0.170667 0.853333
105 36.837667 0.510000 0.203333 0.433333
507 36.959000 0.501667 0.054000 0.316667
331 37.062667 0.506667 0.166667 0.833333
1022 37.160333 0.503333 0.043333 0.346667
934 37.194333 0.498333 0.042000 0.336667
200 37.272000 0.488333 0.132000 0.523333
163 37.393333 0.501667 0.126667 0.443333
842 37.505000 0.498333 0.116667 0.483333
85 37.595000 0.488333 0.080667 0.316667
981 37.648667 0.490000 0.046667 0.346667
88 37.748333 0.506667 0.167333 0.353333
76 37.883667 0.508333 0.119333 0.376667
856 37.999667 0.491667 0.131333 0.323333
294 38.166333 0.498333 0.220667 1.103333
497 38.343333 0.496667 0.149333 0.380000
504 38.477333 0.510000 0.137333 0.386667
350 38.605000 0.491667 0.132667 0.396667
37 38.723333 0.503333 0.117333 0.386667
810 38.834000 0.498333 0.121333 0.496667
397 38.928333 0.510000 0.082000 0.340000
585 39.015333 0.500000 0.108000 0.333333
278 39.136667 0.491667 0.152000 0.463333
487 39.246667 0.510000 0.082667 0.433333
813 39.332667 0.498333 0.105333 0.250000
802 39.457667 0.490000 0.158000 0.326667
402 39.593333 0.491667 0.128000 0.383333
220 39.705000 0.493333 0.115333 0.586667
83 39.790667 0.495000 0.070667 0.336667
283 39.884000 0.495000 0.132000 0.470000
389 40.012000 0.490000 0.142667 0.446667
881 40.146667 0.496667 0.144000 0.480000
830 40.253000 0.495000 0.087333 0.363333
997 40.309000 0.496667 0.040667 0.333333
670 40.363000 0.498333 0.087333 0.303333
950 40.417667 0.496667 0.039333 0.293333
175 40.479667 0.501667 0.098000 0.363333
532 40.570000 0.496667 0.096000 0.493333
937 40.627000 0.510000 0.036667 0.286667
837 40.678000 0.500000 0.084000 0.373333
6 40.753000 0.493333 0.084667 0.353333
129 40.864333 0.491667 0.156667 0.590000
705 41.009333 0.501667 0.146667 0.456667
566 41.124667 0.503333 0.100000 0.400000
966 41.189000 0.503333 0.042000 0.306667
654 41.325000 0.506667 0.246000 0.533333
602 41.509333 0.500000 0.142667 0.440000
901 41.643000 0.501667 0.142000 0.436667
491 41.762667 0.490000 0.112000 0.546667
343 41.882333 0.506667 0.140667 0.406667
789 41.975667 0.490000 0.063333 0.380000
279 42.050667 0.488333 0.106667 0.590000
60 42.130333 0.501667 0.068667 0.276667
207 42.213333 0.510000 0.116000 0.480000
426 42.295000 0.498333 0.066000 0.390000
791 42.353667 0.503333 0.066000 0.406667
517 42.428333 0.506667 0.098000 0.306667
468 42.497667 0.506667 0.055333 0.293333
246 42.600333 0.510000 0.167333 0.586667
936 42.694667 0.508333 0.041333 0.303333
714 42.798667 0.495000 0.184000 0.503333
72 42.920333 0.496667 0.074000 0.353333
209 43.005000 0.503333 0.108667 0.480000
838 43.108667 0.510000 0.112000 0.453333
120 43.233667 0.506667 0.155333 0.433333
703 43.366667 0.493333 0.126667 0.433333
780 43.481333 0.490000 0.121333 0.366667
516 43.598333 0.506667 0.127333 0.413333
702 43.753000 0.508333 0.199333 0.996667
624 43.941000 0.498333 0.194000 0.970000
44 44.092333 0.488333 0.124667 0.503333
688 44.195667 0.496667 0.095333 0.473333
974 44.256667 0.503333 0.042667 0.306667
110 44.342000 0.493333 0.141333 0.520000
573 44.442333 0.488333 0.078000 0.330000
317 44.533667 0.505000 0.123333 0.450000
385 44.640333 0.500000 0.107333 0.293333
142 44.728333 0.496667 0.086000 0.366667
8 44.821667 0.488333 0.119333 0.476667
1020 44.891000 0.493333 0.035333 0.273333
910 44.968000 0.496667 0.134667 0.433333
313 45.097000 0.505000 0.138000 0.510000
523 45.213000 0.506667 0.111333 0.353333
141 45.311000 0.501667 0.098000 0.470000
398 45.396667 0.508333 0.092000 0.496667
812 45.496000 0.506667 0.121333 0.280000
161 45.616667 0.505000 0.133333 0.476667
783 45.717000 0.490000 0.080667 0.440000
370 45.804000 0.510000 0.112000 0.306667
184 45.901667 0.496667 0.103333 0.426667
461 45.973000 0.506667 0.059333 0.300000
21 46.054667 0.508333 0.122667 0.396667
834 46.154333 0.495000 0.096667 0.436667
632 46.299000 0.491667 0.207333 1.036667
862 46.434000 0.498333 0.080000 0.410000
248 46.511000 0.508333 0.091333 0.490000
646 46.590000 0.500000 0.084000 0.380000
457 46.654667 0.496667 0.064000 0.340000
19 46.735333 0.503333 0.112000 0.393333
897 46.857000 0.501667 0.151333 0.423333
259 46.984000 0.488333 0.118667 0.590000
959 47.054333 0.488333 0.040667 0.316667
395 47.128333 0.491667 0.120667 0.356667
569 47.236667 0.496667 0.110667 0.493333
498 47.306333 0.508333 0.048667 0.303333
179 47.376333 0.508333 0.104667 0.363333
995 47.441667 0.488333 0.039333 0.296667
86 47.506333 0.491667 0.106000 0.463333
403 47.635000 0.498333 0.166000 0.830000
782 47.766667 0.488333 0.112000 0.516667
884 47.878333 0.490000 0.124667 0.440000
935 47.950333 0.505000 0.036667 0.270000
921 47.999333 0.493333 0.074667 0.440000
788 48.109333 0.493333 0.165333 0.826667
130 48.285000 0.488333 0.203333 0.450000
318 48.430667 0.500000 0.104000 0.473333
355 48.587000 0.498333 0.227333 1.136667
206 48.741667 0.510000 0.095333 0.386667
33 48.826333 0.508333 0.088667 0.310000
627 48.955333 0.496667 0.182667 0.913333
180 49.096333 0.501667 0.116667 0.416667
104 49.237333 0.503333 0.178667 0.380000
774 49.345000 0.500000 0.054000 0.320000
556 49.412000 0.503333 0.097333 0.406667
117 49.511333 0.505000 0.120000 0.356667
598 49.619000 0.493333 0.108667 0.326667
459 49.698000 0.508333 0.069333 0.396667
853 49.773333 0.490000 0.097333 0.406667
562 49.884667 0.505000 0.144000 0.303333
64 49.983667 0.510000 0.067333 0.360000
792 50.064333 0.490000 0.114000 0.460000
223 50.166000 0.506667 0.102667 0.420000
7 50.270667 0.503333 0.122667 0.420000
97 50.409333 0.506667 0.172000 0.860000
334 50.549000 0.498333 0.123333 0.383333
239 50.652667 0.505000 0.101333 0.616667
809 50.753667 0.505000 0.115333 0.610000
414 50.906000 0.503333 0.208000 1.040000
123 51.060333 0.496667 0.119333 0.773333
633 51.214667 0.491667 0.202667 0.556667
962 51.329000 0.491667 0.042000 0.330000
423 51.398000 0.490000 0.114667 0.360000
454 51.481000 0.495000 0.070000 0.363333
685 51.563000 0.510000 0.107333 0.420000
424 51.675667 0.490000 0.131333 0.413333
255 51.794000 0.493333 0.120000 0.453333
261 51.927667 0.495000 0.163333 0.816667
946 52.020667 0.491667 0.036000 0.290000
678 52.074667 0.505000 0.092000 0.316667
969 52.135000 0.506667 0.048667 0.353333
1012 52.167667 0.501667 0.035333 0.283333
1006 52.199000 0.491667 0.046000 0.350000
224 52.272667 0.490000 0.120000 0.520000
538 52.422333 0.506667 0.198000 0.453333
583 52.537667 0.503333 0.050000 0.300000
415 52.668000 0.506667 0.225333 1.126667
886 52.828333 0.493333 0.108667 0.360000
456 52.900000 0.490000 0.052000 0.306667
1014 52.933000 0.503333 0.032667 0.260000
442 52.973000 0.498333 0.060667 0.336667
636 53.046333 0.506667 0.103333 0.233333
592 53.165333 0.498333 0.154667 0.450000
404 53.340000 0.500000 0.212000 1.060000
422 53.492333 0.491667 0.108667 0.436667
412 53.592000 0.493333 0.104000 0.526667
264 53.702667 0.506667 0.137333 0.526667
31 53.821333 0.510000 0.116000 0.333333
806 53.968333 0.491667 0.195333 0.976667
905 54.124000 0.501667 0.130667 0.416667
721 54.287333 0.503333 0.212000 1.060000
1018 54.405333 0.488333 0.037333 0.310000
513 54.463333 0.488333 0.097333 0.310000
48 54.617000 0.495000 0.227333 1.136667
530 54.769667 0.496667 0.095333 0.460000
79 54.887333 0.510000 0.154667 0.773333
965 54.979000 0.491667 0.043333 0.350000
857 55.104667 0.490000 0.225333 0.513333
1002 55.232333 0.508333 0.044667 0.343333
288 55.294333 0.488333 0.098000 0.376667
572 55.391667 0.496667 0.112667 0.466667
831 55.498000 0.498333 0.116000 0.556667
440 55.578667 0.491667 0.064000 0.336667
357 55.678667 0.500000 0.152000 0.440000
987 55.767000 0.503333 0.038000 0.286667
228 55.817667 0.488333 0.083333 0.396667
801 55.892667 0.506667 0.080000 0.313333
619 55.967333 0.500000 0.085333 0.473333
236 56.055333 0.493333 0.110667 0.486667
988 56.121333 0.495000 0.040000 0.316667
713 56.224667 0.493333 0.184000 0.553333
451 56.338667 0.508333 0.062667 0.323333
231 56.416000 0.500000 0.105333 0.446667
346 56.540667 0.505000 0.162667 0.450000
494 56.647000 0.496667 0.066000 0.353333
753 56.729333 0.493333 0.116000 0.366667
851 56.821000 0.508333 0.086000 0.376667
811 56.914667 0.510000 0.118667 0.353333
758 57.030000 0.505000 0.126667 0.370000
925 57.101667 0.505000 0.034000 0.263333
614 57.216667 0.510000 0.212000 1.060000
659 57.361000 0.510000 0.092667 0.380000
552 57.425667 0.495000 0.055333 0.330000
579 57.526000 0.488333 0.158667 0.343333
991 57.610000 0.506667 0.028000 0.233333
1008 57.634333 0.503333 0.039333 0.320000
240 57.675667 0.498333 0.063333 0.336667
956 57.724000 0.506667 0.050667 0.366667
607 57.809000 0.510000 0.136667 0.406667
310 57.906667 0.496667 0.078667 0.440000
1009 57.959667 0.510000 0.043333 0.340000
484 58.031333 0.493333 0.116000 0.406667
321 58.129667 0.498333 0.099333 0.490000
405 58.219333 0.508333 0.097333 0.376667
559 58.301000 0.505000 0.086000 0.416667
667 58.389333 0.503333 0.105333 0.386667
302 58.464333 0.491667 0.064667 0.363333
524 58.556333 0.495000 0.135333 0.430000
20 58.680000 0.495000 0.130667 0.416667
861 58.762333 0.496667 0.052667 0.420000
699 58.839333 0.500000 0.120000 0.333333
747 58.938667 0.503333 0.097333 0.406667
0 59.003000 0.505000 0.048667 0.383333
252 59.086667 0.501667 0.132000 0.530000
784 59.167000 0.503333 0.047333 0.386667
244 59.248667 0.505000 0.129333 0.343333
441 59.338000 0.506667 0.066667 0.386667
647 59.407000 0.490000 0.086000 0.440000
603 59.545000 0.495000 0.210000 1.050000
17 59.698667 0.505000 0.113333 0.370000
464 59.781333 0.510000 0.070667 0.373333
478 59.844000 0.493333 0.069333 0.353333
73 59.933000 0.501667 0.127333 0.416667
189 60.047667 0.493333 0.118000 0.480000
377 60.152333 0.501667 0.106000 0.330000
156 60.262667 0.501667 0.129333 0.356667
984 60.340667 0.500000 0.041333 0.326667
196 60.401667 0.510000 0.099333 0.420000
668 60.493000 0.498333 0.099333 0.336667
696 60.607667 0.493333 0.147333 0.340000
867 60.730333 0.496667 0.114000 0.380000
106 60.876333 0.488333 0.198000 0.990000
155 61.012667 0.491667 0.093333 0.503333
298 61.086000 0.498333 0.070667 0.363333
413 61.186667 0.496667 0.145333 0.613333
582 61.317333 0.510000 0.130667 0.520000
798 61.423333 0.493333 0.096000 0.353333
865 61.523667 0.506667 0.118000 0.446667
733 61.610000 0.491667 0.073333 0.443333
720 61.740333 0.508333 0.202000 1.010000
651 61.917667 0.488333 0.166000 0.830000
1013 62.010000 0.491667 0.033333 0.256667
608 62.076000 0.490000 0.116000 0.373333
635 62.164333 0.508333 0.076667 0.316667
741 62.245000 0.491667 0.103333 0.363333
625 62.386333 0.508333 0.194000 0.656667
13 62.530333 0.501667 0.108667 0.370000
958 62.593333 0.503333 0.033333 0.260000
796 62.673000 0.493333 0.143333 0.600000
590 62.790000 0.491667 0.110667 0.450000
924 62.855333 0.491667 0.038667 0.296667
998 62.887667 0.498333 0.043333 0.316667
599 62.962667 0.508333 0.124000 0.376667
994 63.038667 0.501667 0.046667 0.356667
617 63.096000 0.506667 0.084000 0.346667
613 63.206333 0.490000 0.152667 0.413333
344 63.343000 0.496667 0.139333 0.406667
748 63.447333 0.495000 0.082667 0.290000
760 63.592000 0.493333 0.224000 1.120000
860 63.781667 0.491667 0.171333 0.856667
823 63.898667 0.508333 0.081333 0.410000
970 63.954333 0.493333 0.047333 0.360000
902 64.048667 0.500000 0.154667 0.433333
928 64.142333 0.491667 0.047333 0.370000
669 64.215000 0.490000 0.115333 0.400000
38 64.316667 0.496667 0.104000 0.360000
376 64.420667 0.491667 0.124000 0.343333
62 64.518000 0.505000 0.084000 0.396667
816 64.624000 0.506667 0.142667 0.326667
340 64.757667 0.508333 0.139333 0.403333
790 64.847667 0.488333 0.059333 0.363333
520 64.929667 0.503333 0.119333 0.400000
286 65.032000 0.490000 0.101333 0.366667
777 65.124000 0.510000 0.098667 0.426667
529 65.217000 0.495000 0.102000 0.516667
502 65.303333 0.508333 0.086667 0.390000
144 65.388667 0.490000 0.100000 0.453333
785 65.472333 0.493333 0.080667 0.346667
122 65.545333 0.508333 0.080000 0.303333
849 65.622000 0.510000 0.086667 0.360000
133 65.708333 0.500000 0.102000 0.333333
115 65.783667 0.510000 0.066000 0.346667
374 65.868000 0.510000 0.120000 0.346667
291 65.991667 0.506667 0.142000 0.560000
737 66.082333 0.488333 0.055333 0.416667
1021 66.121000 0.496667 0.042000 0.340000
229 66.184667 0.498333 0.100000 0.503333
145 66.271000 0.505000 0.092667 0.490000
27 66.370333 0.496667 0.126000 0.426667
299 66.482333 0.488333 0.112667 0.436667
565 66.595000 0.508333 0.128667 0.290000
187 66.715333 0.490000 0.126667 0.526667
39 66.820333 0.500000 0.096667 0.313333
597 66.921000 0.490000 0.124667 0.380000
680 67.027000 0.495000 0.106000 0.383333
135 67.125333 0.490000 0.109333 0.333333
458 67.214000 0.506667 0.082667 0.433333
929 67.264667 0.491667 0.036000 0.303333
938 67.296667 0.508333 0.048000 0.343333
304 67.343333 0.490000 0.064000 0.366667
332 67.481333 0.506667 0.228000 1.140000
238 67.645000 0.498333 0.112667 0.436667
693 67.731333 0.510000 0.078667 0.386667
381 67.832667 0.501667 0.140000 0.416667
320 67.950333 0.503333 0.108667 0.346667
212 68.053667 0.506667 0.111333 0.500000
919 68.140667 0.490000 0.082667 0.346667
952 68.190333 0.491667 0.035333 0.263333
873 68.244667 0.501667 0.089333 0.423333
644 68.321667 0.488333 0.079333 0.376667
528 68.401000 0.490000 0.095333 0.313333
731 68.473667 0.501667 0.064667 0.316667
638 68.549333 0.505000 0.100000 0.390000
185 68.645667 0.493333 0.106000 0.480000
119 68.725000 0.510000 0.071333 0.413333
391 68.823000 0.500000 0.144667 0.426667
210 68.946667 0.510000 0.117333 0.520000
91 69.109000 0.488333 0.226000 1.130000
433 69.278000 0.500000 0.130667 0.280000
990 69.354667 0.495000 0.037333 0.283333
841 69.426000 0.505000 0.118667 0.516667
716 69.575667 0.503333 0.196667 0.533333
260 69.763000 0.508333 0.191333 0.956667
787 69.881667 0.506667 0.060667 0.373333
353 69.975667 0.491667 0.146000 0.390000
296 70.096667 0.505000 0.110667 0.403333
800 70.192667 0.495000 0.096000 0.363333
828 70.293667 0.498333 0.123333 0.516667
40 70.409000 0.490000 0.124667 0.413333
226 70.512333 0.510000 0.102000 0.420000
230 70.601000 0.510000 0.092667 0.426667
159 70.660000 0.506667 0.040000 0.320000
24 70.742333 0.506667 0.140667 0.480000
836 70.850333 0.498333 0.094000 0.463333
1007 70.915333 0.510000 0.050667 0.366667
885 70.983000 0.495000 0.098000 0.436667
157 71.103667 0.505000 0.159333 0.656667
710 71.263667 0.503333 0.178000 0.546667
620 71.414333 0.510000 0.139333 0.600000
375 71.532667 0.508333 0.117333 0.336667
675 71.637333 0.490000 0.108000 0.366667
847 71.727667 0.501667 0.092667 0.290000
545 71.817000 0.493333 0.099333 0.360000
59 71.961333 0.496667 0.202667 0.520000
431 72.101667 0.508333 0.094000 0.310000
751 72.192667 0.488333 0.104000 0.430000
371 72.314333 0.498333 0.159333 0.796667
957 72.402000 0.498333 0.036000 0.290000
755 72.464333 0.496667 0.108667 0.326667
666 72.569667 0.506667 0.122000 0.466667
683 72.690667 0.508333 0.133333 0.423333
384 72.815000 0.505000 0.132667 0.363333
108 72.983667 0.498333 0.223333 1.116667
284 73.144667 0.491667 0.112000 0.403333
268 73.299000 0.505000 0.210000 1.050000
527 73.463000 0.496667 0.135333 0.440000
216 73.576000 0.493333 0.104000 0.526667
89 73.728000 0.496667 0.216000 1.080000
955 73.848667 0.496667 0.040000 0.300000
1003 73.882000 0.493333 0.046667 0.366667
444 73.940000 0.496667 0.086667 0.446667
418 74.015000 0.508333 0.078000 0.376667
51 74.093333 0.503333 0.093333 0.340000
684 74.177333 0.510000 0.092000 0.326667
295 74.264667 0.510000 0.098667 0.420000
539 74.341333 0.496667 0.073333 0.340000
896 74.427000 0.498333 0.116667 0.330000
118 74.530000 0.503333 0.106667 0.413333
512 74.627333 0.488333 0.104000 0.343333
316 74.735333 0.501667 0.130667 0.463333
378 74.857333 0.491667 0.132000 0.376667
148 74.973667 0.510000 0.116667 0.346667
757 75.089000 0.495000 0.134000 0.383333
75 75.208000 0.498333 0.124000 0.390000
347 75.337333 0.505000 0.154667 0.470000
52 75.460333 0.491667 0.106000 0.356667
931 75.525667 0.506667 0.040667 0.306667
594 75.593000 0.498333 0.108667 0.343333
649 75.678667 0.508333 0.080000 0.450000
476 75.740000 0.490000 0.062667 0.353333
102 75.856000 0.500000 0.188000 0.940000
989 75.958333 0.495000 0.035333 0.296667
943 75.983333 0.496667 0.034667 0.273333
852 76.039000 0.506667 0.095333 0.420000
1016 76.096333 0.493333 0.038000 0.293333
915 76.139667 0.500000 0.068667 0.553333
795 76.205333 0.496667 0.076000 0.460000
99 76.319667 0.491667 0.168667 0.843333
824 76.448667 0.505000 0.102667 0.423333
547 76.526333 0.490000 0.068667 0.393333
775 76.595667 0.490000 0.084667 0.400000
859 76.692667 0.505000 0.125333 0.370000
519 76.804667 0.496667 0.112000 0.360000
150 76.916000 0.500000 0.125333 0.513333
380 77.048333 0.491667 0.158000 0.456667
401 77.153333 0.508333 0.072000 0.383333
662 77.232333 0.500000 0.104667 0.366667
499 77.310667 0.495000 0.065333 0.403333
501 77.371333 0.491667 0.069333 0.310000
263 77.512000 0.506667 0.225333 1.126667
671 77.676333 0.496667 0.119333 0.433333
282 77.797333 0.495000 0.140000 0.483333
495 77.901333 0.498333 0.085333 0.416667
305 77.967333 0.505000 0.064000 0.356667
707 78.049667 0.493333 0.119333 0.480000
143 78.135333 0.498333 0.072000 0.356667
920 78.212333 0.493333 0.099333 0.373333
136 78.302333 0.490000 0.098000 0.440000
80 78.393000 0.505000 0.098000 0.490000
217 78.491667 0.498333 0.112667 0.556667
550 78.577333 0.510000 0.078667 0.393333
460 78.652333 0.495000 0.087333 0.443333
706 78.717000 0.488333 0.060667 0.330000
926 78.755333 0.510000 0.033333 0.260000
618 78.801000 0.508333 0.075333 0.483333
407 78.877667 0.500000 0.091333 0.346667
526 78.996667 0.496667 0.164000 0.433333
687 79.108333 0.496667 0.074000 0.360000
518 79.191000 0.501667 0.107333 0.350000
762 79.274333 0.510000 0.072667 0.320000
850 79.358333 0.495000 0.111333 0.523333
420 79.460667 0.510000 0.109333 0.400000
190 79.548667 0.508333 0.085333 0.383333
804 79.654667 0.488333 0.142667 0.416667
293 79.767333 0.510000 0.102667 0.393333
541 79.902000 0.498333 0.182667 0.383333
916 80.066667 0.490000 0.160000 0.800000
521 80.213333 0.496667 0.149333 0.400000
139 80.325000 0.506667 0.087333 0.466667
174 80.456000 0.510000 0.193333 0.966667
154 80.578333 0.500000 0.068667 0.340000
208 80.719000 0.508333 0.228667 1.143333
81 80.879667 0.503333 0.106000 0.433333
578 80.964667 0.495000 0.084000 0.330000
832 81.062333 0.510000 0.124667 0.566667
35 81.177333 0.495000 0.124000 0.396667
425 81.279667 0.495000 0.095333 0.530000
641 81.357667 0.490000 0.078000 0.373333
660 81.449000 0.505000 0.122000 0.390000
658 81.528667 0.496667 0.056000 0.306667
453 81.579333 0.495000 0.058667 0.350000
34 81.662333 0.490000 0.122000 0.446667
475 81.744667 0.493333 0.058667 0.346667
772 81.850667 0.500000 0.169333 0.466667
399 81.991000 0.501667 0.130000 0.456667
786 82.083000 0.508333 0.068667 0.416667
345 82.175667 0.506667 0.136667 0.373333
993 82.251667 0.510000 0.031333 0.266667
692 82.306000 0.491667 0.093333 0.456667
568 82.408667 0.490000 0.130667 0.653333
833 82.516333 0.500000 0.103333 0.446667
409 82.622333 0.510000 0.122000 0.613333
736 82.708333 0.496667 0.070000 0.393333
168 82.791667 0.488333 0.114000 0.396667
471 82.877667 0.495000 0.078000 0.416667
472 82.942667 0.505000 0.072000 0.416667
876 83.038000 0.490000 0.133333 0.333333
227 83.145667 0.493333 0.100667 0.400000
576 83.230000 0.500000 0.086667 0.346667
752 83.307333 0.505000 0.082667 0.223333
534 83.381667 0.505000 0.079333 0.310000
587 83.475000 0.503333 0.123333 0.366667
474 83.565667 0.498333 0.072667 0.410000
211 83.646667 0.505000 0.105333 0.530000
140 83.800667 0.506667 0.218667 1.093333
147 83.955667 0.495000 0.111333 0.470000
74 84.066333 0.490000 0.124667 0.393333
546 84.176333 0.488333 0.110000 0.403333
561 84.297000 0.506667 0.150000 0.326667
773 84.434333 0.493333 0.142000 0.406667
508 84.530667 0.510000 0.066667 0.386667
738 84.603667 0.493333 0.099333 0.433333
893 84.744333 0.498333 0.200667 1.003333
803 84.910667 0.498333 0.150667 0.436667
188 85.041333 0.510000 0.126667 0.506667
218 85.139667 0.506667 0.088667 0.440000
718 85.254667 0.498333 0.158667 0.490000
870 85.350333 0.506667 0.052667 0.240000
631 85.456333 0.505000 0.172667 0.583333
571 85.589000 0.491667 0.107333 0.436667
114 85.680667 0.491667 0.093333 0.463333
339 85.764667 0.508333 0.089333 0.483333
818 85.877333 0.498333 0.156000 0.356667
742 86.020000 0.503333 0.145333 0.593333
968 86.104333 0.508333 0.038000 0.296667
323 86.204333 0.495000 0.176667 0.343333
872 86.374333 0.505000 0.182000 0.910000
996 86.471333 0.495000 0.029333 0.256667
297 86.508667 0.506667 0.060000 0.306667
82 86.570333 0.505000 0.082000 0.630000
322 86.641333 0.496667 0.078667 0.166667
639 86.711333 0.495000 0.077333 0.390000
626 86.845667 0.501667 0.208667 1.043333
500 86.978333 0.493333 0.072667 0.340000
165 87.053333 0.496667 0.094667 0.346667
485 87.121667 0.508333 0.060667 0.316667
270 87.238000 0.490000 0.188000 0.940000
379 87.385333 0.493333 0.126667 0.353333
650 87.513667 0.505000 0.144667 0.476667
985 87.599333 0.508333 0.045333 0.363333
192 87.657000 0.490000 0.088667 0.366667
505 87.724000 0.493333 0.064000 0.266667
821 87.787333 0.498333 0.081333 0.530000
69 87.867000 0.506667 0.094000 0.513333
930 87.925667 0.505000 0.040667 0.323333
160 87.977333 0.491667 0.076000 0.463333
121 88.014667 0.493333 0.016000 0.293333
309 88.046333 0.508333 0.060667 0.343333
723 88.115333 0.490000 0.090667 0.313333
593 88.220667 0.488333 0.140000 0.430000
132 88.328333 0.495000 0.090000 0.383333
745 88.420667 0.488333 0.108000 0.403333
197 88.524667 0.495000 0.120000 0.530000
488 88.607333 0.503333 0.064000 0.320000
964 88.655333 0.506667 0.048000 0.346667
341 88.718333 0.495000 0.094000 0.416667
986 88.777000 0.490000 0.036667 0.280000
351 88.849667 0.503333 0.126000 0.333333
393 88.977667 0.493333 0.150000 0.440000
605 89.109667 0.495000 0.127333 0.343333
337 89.248333 0.498333 0.170000 0.850000
544 89.370000 0.498333 0.090667 0.323333
203 89.462667 0.503333 0.110667 0.560000
361 89.575000 0.508333 0.132667 0.383333
222 89.691000 0.501667 0.119333 0.503333
648 89.782333 0.496667 0.076667 0.346667
845 89.868667 0.503333 0.116000 0.506667
271 90.014000 0.490000 0.194667 0.586667
301 90.135000 0.503333 0.067333 0.380000
253 90.185333 0.491667 0.048000 0.470000
182 90.252333 0.493333 0.102000 0.346667
878 90.334667 0.488333 0.082667 0.423333
739 90.398667 0.495000 0.065333 0.516667
267 90.530333 0.498333 0.214000 1.070000
493 90.662667 0.491667 0.069333 0.370000
939 90.711333 0.496667 0.046667 0.353333
360 90.829333 0.493333 0.209333 1.046667
817 90.986333 0.498333 0.118000 0.370000
103 91.124333 0.488333 0.175333 0.876667
94 91.299333 0.490000 0.189333 0.946667
428 91.421000 0.493333 0.074000 0.500000
202 91.501333 0.488333 0.102667 0.456667
761 91.616333 0.505000 0.144667 0.416667
107 91.784667 0.493333 0.208000 0.440000
36 91.929667 0.493333 0.099333 0.320000
430 92.017333 0.496667 0.092000 0.393333
363 92.132000 0.495000 0.154667 0.443333
281 92.270000 0.500000 0.141333 0.506667
372 92.385333 0.503333 0.109333 0.293333
975 92.448000 0.503333 0.036000 0.286667
392 92.513333 0.490000 0.113333 0.313333
575 92.616000 0.493333 0.110667 0.380000
131 92.726667 0.490000 0.126667 0.500000
725 92.838000 0.496667 0.110667 0.466667
766 92.937000 0.506667 0.107333 0.313333
904 93.033000 0.490000 0.100667 0.466667
127 93.162667 0.503333 0.178667 0.893333
336 93.294333 0.491667 0.100667 0.483333
242 93.396667 0.510000 0.120000 0.473333
427 93.497667 0.493333 0.102000 0.486667
205 93.631000 0.508333 0.179333 0.896667
767 93.779000 0.503333 0.135333 0.393333
435 93.861667 0.493333 0.048667 0.240000
652 93.979667 0.491667 0.207333 1.036667
979 94.092000 0.495000 0.034667 0.290000
170 94.164000 0.498333 0.126667 0.443333
555 94.233000 0.505000 0.030000 0.296667
735 94.308333 0.490000 0.136667 0.560000
96 94.469000 0.505000 0.204667 1.023333
779 94.582000 0.501667 0.036000 0.336667
366 94.691667 0.488333 0.198000 0.990000
515 94.847333 0.495000 0.128000 0.430000
26 94.954333 0.488333 0.102000 0.343333
470 95.025000 0.508333 0.059333 0.303333
673 95.101333 0.498333 0.113333 0.383333
78 95.253000 0.501667 0.210000 0.476667
949 95.371667 0.503333 0.042000 0.340000
540 95.470333 0.498333 0.174000 0.643333
621 95.581000 0.505000 0.063333 0.623333
169 95.672667 0.490000 0.133333 0.493333
971 95.753000 0.505000 0.040667 0.330000
290 95.820333 0.493333 0.112667 0.300000
616 95.944667 0.510000 0.150667 0.366667
509 96.058333 0.495000 0.092667 0.303333
383 96.167333 0.503333 0.141333 0.393333
923 96.252333 0.508333 0.043333 0.336667
303 96.306333 0.498333 0.080667 0.456667
525 96.393000 0.510000 0.112667 0.366667
892 96.522000 0.495000 0.162667 0.470000
691 96.635333 0.496667 0.078667 0.386667
732 96.707667 0.505000 0.086000 0.416667
434 96.799667 0.490000 0.114000 0.386667
689 96.894333 0.491667 0.092667 0.456667
382 97.022333 0.495000 0.180667 0.903333
71 97.137667 0.496667 0.068667 0.373333
1005 97.184000 0.491667 0.038667 0.276667
769 97.249000 0.488333 0.104667 0.290000
53 97.351667 0.500000 0.120667 0.406667
280 97.472000 0.500000 0.140000 0.473333
258 97.583667 0.500000 0.096667 0.320000
754 97.677333 0.506667 0.108000 0.526667
740 97.804000 0.506667 0.162667 0.373333
637 97.913000 0.490000 0.071333 0.360000
622 98.014667 0.493333 0.145333 0.486667
610 98.129333 0.496667 0.104000 0.320000
819 98.243667 0.505000 0.138000 0.490000
2 98.338667 0.510000 0.072000 0.346667
826 98.410333 0.488333 0.091333 0.416667
676 98.511000 0.496667 0.124667 0.420000
164 98.613333 0.510000 0.097333 0.340000
396 98.748667 0.500000 0.189333 0.946667
805 98.907333 0.495000 0.144000 0.416667
68 99.035333 0.488333 0.126667 0.370000
390 99.148000 0.498333 0.113333 0.316667
726 99.234333 0.491667 0.075333 0.396667
563 99.340667 0.508333 0.157333 0.316667
276 99.441000 0.503333 0.058000 0.366667
763 99.492333 0.496667 0.063333 0.480000
822 99.566667 0.508333 0.098667 0.296667
906 99.671333 0.490000 0.125333 0.386667
250 99.803333 0.490000 0.158667 0.746667
879 99.936333 0.506667 0.123333 0.346667
700 100.092333 0.508333 0.204667 1.023333
251 100.214000 0.501667 0.058667 0.343333
314 100.298667 0.500000 0.126667 0.460000
429 100.406667 0.508333 0.105333 0.356667
256 100.508000 0.496667 0.110667 0.380000
596 100.617333 0.493333 0.126667 0.380000
557 100.710333 0.493333 0.072667 0.473333
533 100.809000 0.510000 0.138000 0.466667
65 100.921000 0.500000 0.103333 0.260000
330 101.011333 0.500000 0.090667 0.346667
554 101.125333 0.488333 0.152000 0.443333
999 101.209667 0.503333 0.035333 0.280000
416 101.256000 0.500000 0.076000 0.373333
214 101.331667 0.503333 0.088667 0.366667
674 101.427667 0.493333 0.122000 0.440000
58 101.505667 0.488333 0.047333 0.243333
432 101.600000 0.496667 0.156000 0.333333
364 101.738667 0.505000 0.138667 0.356667
87 101.911000 0.498333 0.226000 1.130000
482 102.050333 0.500000 0.071333 0.366667
325 102.158667 0.493333 0.160000 0.800000
581 102.268333 0.503333 0.076667 0.340000
889 102.365333 0.510000 0.132000 0.413333
907 102.485667 0.506667 0.127333 0.460000
411 102.619333 0.493333 0.154667 0.326667
