4 0.044667 0.510000 0.082667 0.340000
208 0.135667 0.505000 0.116667 0.583333
765 0.228667 0.508333 0.082667 0.383333
450 0.288333 0.503333 0.055333 0.326667
729 0.327000 0.505000 0.035333 0.376667
87 0.432667 0.503333 0.189333 0.406667
212 0.572667 0.491667 0.104000 0.523333
444 0.649333 0.506667 0.066667 0.346667
468 0.710000 0.506667 0.073333 0.400000
469 0.781333 0.495000 0.082667 0.423333
824 0.856667 0.503333 0.085333 0.413333
720 0.972000 0.490000 0.162667 0.813333
600 1.096667 0.505000 0.100000 0.303333
613 1.206667 0.505000 0.140000 0.356667
141 1.319000 0.500000 0.102000 0.486667
421 1.456667 0.500000 0.190667 0.953333
809 1.594667 0.491667 0.104000 0.543333
338 1.717667 0.488333 0.155333 0.803333
32 1.840000 0.508333 0.104000 0.363333
102 1.998333 0.488333 0.227333 1.136667
555 2.122000 0.503333 0.038667 0.380000
88 2.225667 0.495000 0.182000 0.910000
815 2.364333 0.508333 0.108667 0.296667
641 2.448000 0.491667 0.073333 0.350000
335 2.555667 0.510000 0.159333 0.560000
170 2.677000 0.508333 0.099333 0.376667
967 2.739333 0.508333 0.045333 0.330000
1 2.781333 0.510000 0.058667 0.293333
194 2.842333 0.503333 0.082000 0.406667
531 2.955333 0.510000 0.160000 0.326667
319 3.078667 0.488333 0.104000 0.383333
863 3.166333 0.501667 0.091333 0.436667
46 3.227333 0.505000 0.046667 0.430000
280 3.298667 0.498333 0.114667 0.416667
987 3.372333 0.491667 0.048667 0.356667
142 3.438333 0.501667 0.096667 0.416667
460 3.511333 0.505000 0.064000 0.323333
726 3.580667 0.501667 0.094667 0.496667
295 3.664667 0.498333 0.093333 0.390000
152 3.739333 0.501667 0.072000 0.330000
181 3.837000 0.503333 0.139333 0.506667
259 3.982000 0.503333 0.170667 0.853333
481 4.088333 0.488333 0.056667 0.336667
562 4.200667 0.488333 0.185333 0.390000
348 4.339333 0.503333 0.105333 0.326667
314 4.445000 0.506667 0.126000 0.426667
308 4.541333 0.488333 0.080000 0.456667
227 4.629333 0.500000 0.109333 0.506667
868 4.716667 0.490000 0.082667 0.466667
426 4.773333 0.496667 0.048000 0.293333
1021 4.806333 0.505000 0.035333 0.263333
415 4.917667 0.498333 0.207333 1.036667
340 5.072333 0.488333 0.115333 0.330000
971 5.142667 0.491667 0.042667 0.330000
86 5.209333 0.490000 0.105333 0.460000
334 5.324667 0.506667 0.141333 0.480000
907 5.440000 0.491667 0.104000 0.330000
409 5.596333 0.495000 0.226000 1.130000
315 5.754667 0.505000 0.108000 0.410000
230 5.892333 0.505000 0.182000 0.910000
70 6.041333 0.500000 0.130667 0.446667
1010 6.117000 0.506667 0.036667 0.286667
537 6.215333 0.506667 0.176000 0.880000
790 6.329333 0.500000 0.068000 0.420000
556 6.404667 0.493333 0.096000 0.400000
989 6.467667 0.496667 0.044667 0.340000
324 6.552667 0.506667 0.141333 0.693333
883 6.705667 0.508333 0.178000 0.890000
127 6.863667 0.488333 0.155333 0.523333
446 6.975667 0.500000 0.084667 0.433333
429 7.059333 0.491667 0.098667 0.356667
210 7.151667 0.501667 0.100667 0.490000
737 7.217000 0.506667 0.046000 0.300000
926 7.248667 0.505000 0.030667 0.256667
870 7.288000 0.495000 0.061333 0.330000
331 7.424000 0.490000 0.226667 1.133333
780 7.596333 0.501667 0.131333 0.410000
54 7.690333 0.510000 0.072667 0.373333
214 7.774667 0.495000 0.113333 0.536667
908 7.870000 0.505000 0.092000 0.336667
859 7.966667 0.491667 0.116000 0.356667
105 8.096667 0.500000 0.161333 0.806667
146 8.214000 0.510000 0.093333 0.446667
73 8.315000 0.496667 0.122000 0.400000
500 8.406667 0.501667 0.076000 0.330000
873 8.485333 0.496667 0.097333 0.433333
60 8.564000 0.498333 0.080000 0.336667
561 8.692333 0.491667 0.196667 0.443333
700 8.834333 0.505000 0.104667 0.423333
936 8.898000 0.501667 0.041333 0.350000
885 8.954667 0.510000 0.085333 0.393333
875 9.087667 0.508333 0.196667 0.983333
703 9.260000 0.503333 0.161333 0.806667
753 9.401000 0.493333 0.139333 0.446667
63 9.513667 0.496667 0.106000 0.380000
551 9.618667 0.488333 0.121333 0.370000
253 9.697667 0.506667 0.056667 0.506667
565 9.802333 0.493333 0.168667 0.353333
219 9.926333 0.500000 0.095333 0.480000
675 10.017333 0.506667 0.102667 0.386667
267 10.158667 0.503333 0.197333 0.986667
499 10.281667 0.496667 0.068667 0.413333
406 10.366000 0.500000 0.113333 0.446667
339 10.463333 0.501667 0.096000 0.470000
764 10.540333 0.506667 0.074000 0.400000
745 10.612000 0.506667 0.084000 0.326667
992 10.660667 0.501667 0.029333 0.243333
413 10.727000 0.488333 0.118000 0.490000
611 10.824333 0.491667 0.096667 0.356667
811 10.916000 0.500000 0.101333 0.333333
370 11.036667 0.503333 0.160000 0.800000
278 11.180000 0.505000 0.146667 0.450000
905 11.325333 0.493333 0.162667 0.533333
757 11.465333 0.505000 0.134667 0.390000
489 11.561667 0.510000 0.071333 0.393333
733 11.634000 0.510000 0.086667 0.513333
825 11.714000 0.488333 0.093333 0.390000
843 11.801333 0.496667 0.100000 0.460000
185 11.899000 0.491667 0.111333 0.563333
246 12.034333 0.493333 0.174000 0.613333
174 12.175333 0.493333 0.121333 0.460000
704 12.297333 0.503333 0.140000 0.500000
548 12.429333 0.500000 0.140000 0.466667
858 12.542667 0.503333 0.104000 0.320000
10 12.637667 0.490000 0.100667 0.373333
366 12.749000 0.500000 0.139333 0.400000
685 12.851000 0.488333 0.080667 0.330000
310 12.921000 0.493333 0.078000 0.440000
662 13.016000 0.488333 0.129333 0.430000
153 13.115333 0.491667 0.085333 0.390000
964 13.167667 0.503333 0.038000 0.300000
633 13.282333 0.491667 0.210000 0.596667
512 13.434333 0.495000 0.107333 0.363333
81 13.532667 0.491667 0.109333 0.436667
682 13.630000 0.488333 0.100000 0.403333
651 13.742667 0.506667 0.141333 0.460000
1016 13.827000 0.495000 0.043333 0.316667
664 13.897667 0.490000 0.112667 0.420000
332 14.054000 0.506667 0.218667 0.520000
871 14.187333 0.503333 0.064000 0.313333
638 14.269333 0.498333 0.117333 0.470000
225 14.378000 0.491667 0.118667 0.523333
78 14.513667 0.501667 0.172667 0.863333
140 14.657000 0.496667 0.134000 0.640000
463 14.750667 0.488333 0.072000 0.363333
1014 14.792667 0.510000 0.030667 0.253333
830 14.850667 0.488333 0.104000 0.510000
443 14.921333 0.496667 0.054667 0.300000
67 15.025667 0.498333 0.168667 0.843333
867 15.160000 0.505000 0.120000 0.410000
655 15.252333 0.503333 0.082000 0.340000
837 15.326000 0.488333 0.084000 0.370000
205 15.406000 0.496667 0.096000 0.473333
624 15.533000 0.488333 0.176667 0.603333
191 15.664667 0.510000 0.101333 0.433333
251 15.735000 0.488333 0.052667 0.303333
84 15.814667 0.498333 0.126667 0.350000
515 15.922667 0.495000 0.108000 0.350000
480 15.998333 0.493333 0.058000 0.333333
960 16.033667 0.493333 0.032667 0.260000
509 16.099000 0.491667 0.114000 0.356667
813 16.201333 0.508333 0.108000 0.296667
977 16.268000 0.510000 0.038667 0.293333
550 16.319667 0.493333 0.083333 0.413333
49 16.462333 0.491667 0.218000 1.090000
216 16.616333 0.503333 0.104667 0.440000
453 16.693667 0.495000 0.063333 0.323333
77 16.775000 0.503333 0.112667 0.280000
574 16.861333 0.491667 0.077333 0.310000
457 16.927667 0.508333 0.068667 0.383333
821 17.006000 0.501667 0.108000 0.670000
520 17.100667 0.498333 0.100000 0.316667
349 17.198667 0.510000 0.116000 0.366667
38 17.312667 0.510000 0.125333 0.473333
375 17.484333 0.505000 0.231333 1.156667
834 17.638000 0.508333 0.096000 0.396667
847 17.728667 0.495000 0.098667 0.303333
979 17.789667 0.498333 0.043333 0.316667
534 17.847667 0.506667 0.091333 0.400000
235 17.935333 0.500000 0.098667 0.406667
250 18.057333 0.490000 0.160000 0.766667
672 18.194333 0.501667 0.128667 0.423333
311 18.290000 0.505000 0.078667 0.336667
157 18.404000 0.505000 0.162667 0.643333
709 18.529667 0.491667 0.102000 0.436667
769 18.624667 0.498333 0.108000 0.310000
719 18.768667 0.498333 0.200000 0.510000
743 18.900000 0.496667 0.082667 0.340000
683 18.997667 0.495000 0.132667 0.390000
66 19.104000 0.498333 0.094667 0.456667
832 19.195667 0.496667 0.103333 0.473333
104 19.353000 0.508333 0.224667 1.123333
749 19.496667 0.491667 0.082667 0.350000
828 19.582667 0.496667 0.109333 0.453333
296 19.679333 0.490000 0.098667 0.360000
588 19.760000 0.490000 0.082667 0.366667
844 19.839000 0.505000 0.092667 0.383333
542 19.937667 0.491667 0.122000 0.430000
644 20.029667 0.493333 0.082000 0.360000
428 20.106333 0.493333 0.086000 0.566667
804 20.247333 0.503333 0.209333 1.046667
113 20.383333 0.503333 0.078667 0.353333
378 20.530000 0.500000 0.230667 1.153333
504 20.718667 0.510000 0.164000 0.466667
866 20.869000 0.498333 0.152667 0.423333
345 21.005000 0.496667 0.136667 0.366667
99 21.184000 0.508333 0.237333 0.510000
929 21.315667 0.510000 0.043333 0.320000
614 21.439667 0.508333 0.219333 1.096667
431 21.595667 0.506667 0.112667 0.380000
119 21.683667 0.490000 0.076667 0.453333
911 21.764667 0.500000 0.104000 0.366667
865 21.859333 0.495000 0.104000 0.356667
772 22.008333 0.498333 0.207333 1.036667
707 22.159667 0.490000 0.115333 0.533333
879 22.284667 0.495000 0.152000 0.416667
812 22.405333 0.495000 0.109333 0.403333
582 22.536333 0.491667 0.167333 0.836667
823 22.654333 0.510000 0.086000 0.420000
851 22.741000 0.508333 0.102000 0.416667
160 22.825000 0.510000 0.084667 0.466667
963 22.884333 0.496667 0.050000 0.373333
899 22.972333 0.495000 0.143333 0.410000
357 23.096000 0.503333 0.117333 0.346667
623 23.251333 0.503333 0.206667 1.033333
975 23.366333 0.505000 0.038000 0.310000
628 23.474333 0.491667 0.192667 0.963333
501 23.599000 0.491667 0.076667 0.336667
860 23.734000 0.496667 0.208000 0.520000
514 23.892667 0.495000 0.124000 0.423333
18 24.001000 0.505000 0.111333 0.383333
161 24.095333 0.506667 0.097333 0.360000
451 24.171333 0.498333 0.069333 0.356667
788 24.278667 0.490000 0.161333 0.806667
249 24.390000 0.491667 0.074667 0.590000
569 24.456000 0.493333 0.077333 0.300000
255 24.548000 0.500000 0.122667 0.466667
391 24.659000 0.496667 0.118000 0.333333
383 24.768333 0.510000 0.120667 0.340000
949 24.836333 0.500000 0.035333 0.286667
888 24.910333 0.490000 0.132667 0.420000
544 25.021333 0.488333 0.108000 0.436667
944 25.090667 0.505000 0.044000 0.343333
416 25.143667 0.506667 0.075333 0.366667
625 25.270667 0.496667 0.192000 0.960000
55 25.421333 0.500000 0.129333 0.313333
553 25.534000 0.498333 0.114667 0.403333
385 25.643333 0.506667 0.122667 0.340000
1020 25.717333 0.490000 0.038667 0.306667
817 25.800333 0.488333 0.144667 0.383333
643 25.914333 0.506667 0.096667 0.340000
524 26.009000 0.503333 0.112667 0.353333
454 26.090000 0.506667 0.065333 0.346667
183 26.162667 0.506667 0.096000 0.453333
497 26.270333 0.490000 0.139333 0.360000
564 26.405000 0.488333 0.144667 0.330000
184 26.526667 0.506667 0.112000 0.553333
1022 26.598667 0.510000 0.052000 0.380000
27 26.690667 0.506667 0.148000 0.500000
284 26.816333 0.508333 0.118000 0.423333
307 26.899000 0.501667 0.060667 0.343333
945 26.945333 0.506667 0.045333 0.346667
802 27.055000 0.508333 0.188667 0.436667
577 27.181000 0.505000 0.083333 0.330000
930 27.233000 0.500000 0.036667 0.280000
321 27.283667 0.493333 0.083333 0.333333
23 27.398333 0.495000 0.166000 0.830000
549 27.532333 0.505000 0.116667 0.390000
606 27.646333 0.495000 0.126000 0.383333
289 27.832333 0.488333 0.266000 0.510000
264 28.007000 0.503333 0.103333 0.393333
134 28.099667 0.488333 0.098000 0.430000
301 28.171333 0.503333 0.062667 0.353333
981 28.215000 0.503333 0.043333 0.326667
1009 28.249667 0.510000 0.040667 0.326667
257 28.342000 0.490000 0.161333 0.806667
895 28.471667 0.508333 0.111333 0.316667
530 28.561000 0.491667 0.082000 0.410000
405 28.650000 0.501667 0.114667 0.436667
22 28.748667 0.500000 0.102667 0.340000
28 28.856000 0.506667 0.125333 0.413333
965 28.925667 0.510000 0.032667 0.260000
818 29.005000 0.503333 0.140667 0.386667
288 29.120667 0.493333 0.106667 0.406667
436 29.223667 0.500000 0.119333 0.340000
671 29.332333 0.500000 0.114000 0.420000
231 29.442333 0.495000 0.123333 0.530000
344 29.577000 0.493333 0.159333 0.453333
21 29.691000 0.508333 0.082000 0.296667
39 29.785667 0.510000 0.127333 0.433333
159 29.856000 0.491667 0.033333 0.263333
209 29.977000 0.508333 0.228667 1.143333
147 30.131000 0.506667 0.099333 0.486667
333 30.266000 0.491667 0.184000 0.470000
736 30.388000 0.500000 0.076000 0.500000
97 30.515667 0.501667 0.194000 0.970000
20 30.664333 0.498333 0.118000 0.403333
884 30.782000 0.493333 0.137333 0.473333
379 30.954333 0.495000 0.226000 1.130000
398 31.102000 0.491667 0.088000 0.443333
126 31.237000 0.508333 0.196667 0.983333
232 31.383667 0.495000 0.110000 0.450000
740 31.509000 0.505000 0.159333 0.370000
376 31.663000 0.491667 0.162000 0.810000
16 31.787667 0.508333 0.100667 0.330000
874 31.868333 0.496667 0.076667 0.366667
599 31.948667 0.488333 0.097333 0.296667
100 32.090000 0.500000 0.198667 0.993333
732 32.228000 0.500000 0.090667 0.440000
974 32.289333 0.505000 0.046667 0.356667
221 32.362667 0.493333 0.113333 0.486667
206 32.461000 0.501667 0.103333 0.523333
493 32.551667 0.496667 0.092667 0.413333
973 32.603667 0.496667 0.030000 0.253333
44 32.664000 0.508333 0.108000 0.430000
677 32.767333 0.490000 0.112000 0.420000
906 32.879333 0.505000 0.130667 0.363333
982 32.954333 0.488333 0.039333 0.290000
361 33.023333 0.510000 0.116000 0.333333
120 33.148333 0.503333 0.151333 0.413333
135 33.271000 0.491667 0.110000 0.323333
68 33.377667 0.491667 0.119333 0.343333
961 33.443667 0.503333 0.031333 0.260000
786 33.492000 0.490000 0.081333 0.506667
842 33.576333 0.498333 0.106000 0.443333
761 33.696667 0.495000 0.150667 0.496667
840 33.809333 0.501667 0.092000 0.403333
173 33.905000 0.501667 0.112667 0.510000
273 33.983000 0.488333 0.056667 0.323333
777 34.069000 0.506667 0.128667 0.520000
447 34.157000 0.493333 0.067333 0.373333
958 34.204333 0.500000 0.043333 0.320000
632 34.323667 0.505000 0.211333 1.056667
240 34.459667 0.490000 0.075333 0.400000
494 34.527333 0.491667 0.076000 0.330000
201 34.612000 0.508333 0.113333 0.536667
37 34.704333 0.488333 0.091333 0.290000
578 34.786333 0.493333 0.087333 0.340000
585 34.896000 0.498333 0.148000 0.463333
627 35.043000 0.495000 0.159333 0.796667
397 35.155667 0.493333 0.083333 0.346667
635 35.231667 0.510000 0.084667 0.346667
636 35.333667 0.508333 0.135333 0.323333
768 35.427667 0.500000 0.066000 0.173333
854 35.543000 0.501667 0.180667 0.903333
130 35.724333 0.488333 0.202000 0.450000
587 35.876000 0.495000 0.114667 0.350000
940 35.941333 0.508333 0.032000 0.270000
270 36.039667 0.493333 0.178000 0.540000
896 36.189000 0.510000 0.134000 0.366667
612 36.323000 0.498333 0.147333 0.376667
766 36.455000 0.493333 0.135333 0.393333
109 36.612667 0.490000 0.193333 0.413333
750 36.748000 0.495000 0.093333 0.343333
220 36.844000 0.506667 0.116000 0.573333
618 36.932000 0.503333 0.076000 0.480000
465 36.995000 0.503333 0.068667 0.366667
841 37.074000 0.503333 0.105333 0.460000
654 37.245000 0.501667 0.252667 0.563333
80 37.406667 0.501667 0.084000 0.403333
93 37.536333 0.495000 0.191333 0.410000
313 37.671667 0.495000 0.092667 0.310000
373 37.786333 0.493333 0.155333 0.493333
647 37.893000 0.510000 0.078000 0.400000
939 37.940000 0.491667 0.036000 0.303333
927 37.968667 0.493333 0.040000 0.306667
217 38.031333 0.500000 0.105333 0.433333
197 38.124333 0.488333 0.096667 0.483333
876 38.255000 0.505000 0.178000 0.890000
775 38.373667 0.491667 0.074000 0.343333
900 38.465667 0.500000 0.127333 0.393333
177 38.575667 0.491667 0.112667 0.403333
449 38.652333 0.500000 0.060667 0.320000
498 38.706333 0.508333 0.063333 0.376667
256 38.786333 0.500000 0.110000 0.373333
490 38.873667 0.491667 0.084667 0.430000
712 39.010667 0.496667 0.206667 1.033333
718 39.199667 0.510000 0.187333 0.560000
258 39.351667 0.490000 0.132667 0.486667
645 39.447667 0.490000 0.075333 0.346667
796 39.548000 0.501667 0.140000 0.530000
299 39.651667 0.510000 0.080667 0.313333
234 39.736000 0.501667 0.108000 0.543333
287 39.823667 0.501667 0.084667 0.310000
617 39.897333 0.506667 0.081333 0.360000
852 39.971000 0.505000 0.082000 0.376667
24 40.057667 0.500000 0.108667 0.366667
98 40.195667 0.498333 0.186000 0.930000
226 40.330333 0.496667 0.096667 0.446667
363 40.430000 0.500000 0.116000 0.306667
759 40.560333 0.490000 0.162000 0.493333
96 40.716000 0.503333 0.166667 0.833333
580 40.870333 0.498333 0.160667 0.403333
47 40.994667 0.495000 0.101333 0.483333
305 41.067000 0.510000 0.058000 0.326667
354 41.159333 0.510000 0.140000 0.380000
923 41.240333 0.501667 0.040667 0.310000
198 41.301000 0.508333 0.095333 0.390000
934 41.355333 0.498333 0.033333 0.250000
503 41.463333 0.496667 0.198667 0.993333
52 41.612333 0.488333 0.119333 0.410000
29 41.720000 0.488333 0.114667 0.316667
763 41.792333 0.498333 0.047333 0.370000
527 41.871000 0.493333 0.128667 0.400000
496 41.982000 0.496667 0.112000 0.466667
591 42.113000 0.505000 0.163333 0.470000
986 42.208000 0.488333 0.044000 0.356667
881 42.284667 0.495000 0.126667 0.423333
957 42.354333 0.505000 0.031333 0.250000
51 42.428000 0.488333 0.129333 0.430000
466 42.525667 0.500000 0.080667 0.413333
290 42.640000 0.506667 0.161333 0.426667
829 42.769333 0.505000 0.110667 0.523333
169 42.878333 0.498333 0.127333 0.470000
269 43.019333 0.510000 0.169333 0.846667
955 43.117333 0.506667 0.040000 0.313333
634 43.176667 0.503333 0.098667 0.420000
1006 43.239333 0.506667 0.044000 0.326667
695 43.332333 0.501667 0.162000 0.416667
291 43.459000 0.510000 0.107333 0.440000
676 43.551000 0.503333 0.091333 0.326667
861 43.607000 0.501667 0.040667 0.310000
773 43.721333 0.503333 0.201333 1.006667
714 43.922000 0.493333 0.216000 1.080000
26 44.097000 0.490000 0.150000 0.513333
175 44.241667 0.505000 0.159333 0.796667
1023 44.332333 0.505000 0.042000 0.330000
925 44.365000 0.500000 0.042000 0.326667
950 44.394000 0.505000 0.030667 0.250000
53 44.455333 0.491667 0.109333 0.370000
806 44.601000 0.505000 0.196667 0.983333
110 44.743333 0.493333 0.108000 0.380000
19 44.835333 0.500000 0.089333 0.320000
456 44.910000 0.503333 0.076000 0.453333
342 44.969000 0.506667 0.062000 0.286667
1002 45.016667 0.508333 0.050667 0.370000
708 45.141333 0.500000 0.216000 1.080000
660 45.305333 0.496667 0.129333 0.440000
909 45.411000 0.506667 0.099333 0.433333
390 45.515667 0.510000 0.123333 0.326667
358 45.683667 0.498333 0.227333 1.136667
15 45.833000 0.508333 0.091333 0.296667
505 45.904333 0.501667 0.071333 0.296667
442 45.965667 0.508333 0.070000 0.356667
330 46.040000 0.505000 0.098667 0.376667
367 46.144333 0.493333 0.130000 0.340000
630 46.294333 0.495000 0.187333 0.636667
412 46.428333 0.501667 0.100667 0.503333
543 46.544000 0.490000 0.150667 0.473333
615 46.673333 0.503333 0.126667 0.553333
508 46.755667 0.508333 0.054000 0.283333
190 46.837000 0.506667 0.122000 0.493333
791 46.925667 0.501667 0.074000 0.443333
951 46.971000 0.490000 0.036667 0.300000
943 47.000667 0.503333 0.038667 0.286667
43 47.063000 0.490000 0.106000 0.420000
74 47.184333 0.500000 0.151333 0.473333
744 47.320000 0.498333 0.134667 0.556667
669 47.428000 0.500000 0.101333 0.326667
316 47.521333 0.493333 0.101333 0.353333
678 47.616000 0.501667 0.108000 0.370000
1019 47.682667 0.510000 0.038667 0.293333
559 47.737000 0.490000 0.084667 0.413333
143 47.811000 0.493333 0.078000 0.413333
994 47.860667 0.500000 0.036000 0.280000
69 47.927333 0.508333 0.114667 0.616667
696 48.052333 0.505000 0.155333 0.356667
195 48.185000 0.503333 0.123333 0.500000
422 48.280000 0.500000 0.086667 0.313333
298 48.361333 0.503333 0.093333 0.473333
262 48.476000 0.510000 0.156000 0.780000
793 48.597333 0.510000 0.100000 0.406667
889 48.708333 0.510000 0.135333 0.420000
434 48.824667 0.488333 0.112000 0.376667
40 48.934000 0.505000 0.124000 0.403333
661 49.038667 0.500000 0.098667 0.346667
822 49.138333 0.498333 0.119333 0.403333
122 49.229333 0.508333 0.082667 0.296667
430 49.357000 0.498333 0.188667 0.943333
346 49.525000 0.496667 0.160667 0.466667
724 49.624333 0.498333 0.058000 0.390000
853 49.701000 0.491667 0.111333 0.456667
767 49.802000 0.498333 0.109333 0.316667
312 49.893333 0.508333 0.093333 0.343333
833 49.970667 0.495000 0.080000 0.370000
392 50.085333 0.493333 0.162667 0.813333
800 50.207000 0.510000 0.100667 0.380000
711 50.359333 0.490000 0.222667 1.113333
533 50.519667 0.503333 0.111333 0.386667
274 50.610333 0.501667 0.090000 0.423333
33 50.713667 0.510000 0.131333 0.433333
91 50.869000 0.508333 0.192667 0.963333
567 51.016667 0.503333 0.120000 0.486667
276 51.101000 0.493333 0.066000 0.386667
996 51.149333 0.500000 0.044000 0.333333
969 51.182000 0.503333 0.041333 0.333333
937 51.216000 0.510000 0.045333 0.366667
952 51.250667 0.495000 0.038667 0.323333
238 51.334000 0.505000 0.142667 0.550000
1017 51.420000 0.506667 0.049333 0.373333
748 51.493000 0.506667 0.110000 0.400000
200 51.597000 0.495000 0.115333 0.556667
995 51.662000 0.495000 0.032000 0.270000
286 51.717667 0.493333 0.094000 0.346667
966 51.782667 0.491667 0.049333 0.356667
997 51.822000 0.506667 0.044000 0.320000
64 51.861667 0.510000 0.052667 0.286667
771 51.930667 0.508333 0.098667 0.510000
242 52.032000 0.500000 0.121333 0.466667
1012 52.103333 0.510000 0.036000 0.273333
368 52.194333 0.496667 0.163333 0.466667
233 52.321667 0.490000 0.107333 0.473333
916 52.443333 0.498333 0.156000 0.343333
838 52.566000 0.508333 0.109333 0.450000
1011 52.634333 0.493333 0.044667 0.326667
734 52.729667 0.501667 0.159333 0.423333
560 52.872000 0.501667 0.140000 0.430000
245 52.971000 0.491667 0.076667 0.316667
805 53.064000 0.508333 0.126667 0.370000
728 53.150333 0.500000 0.059333 0.520000
41 53.240667 0.500000 0.137333 0.413333
476 53.329000 0.506667 0.059333 0.353333
649 53.395667 0.495000 0.090000 0.496667
820 53.470667 0.501667 0.080000 0.336667
48 53.647667 0.510000 0.292667 0.466667
248 53.830667 0.500000 0.086667 0.466667
186 53.910333 0.495000 0.092667 0.396667
659 53.993333 0.501667 0.092000 0.383333
622 54.146000 0.506667 0.230667 1.153333
369 54.327667 0.505000 0.148667 0.410000
7 54.440000 0.498333 0.096000 0.323333
435 54.501667 0.510000 0.047333 0.220000
474 54.548333 0.510000 0.063333 0.340000
803 54.658667 0.503333 0.173333 0.506667
747 54.777000 0.496667 0.080667 0.353333
90 54.901667 0.488333 0.186000 0.396667
403 55.056667 0.501667 0.140000 0.390000
475 55.149667 0.496667 0.063333 0.333333
59 55.257667 0.488333 0.168667 0.436667
482 55.363000 0.488333 0.055333 0.323333
432 55.445000 0.495000 0.123333 0.270000
653 55.612000 0.500000 0.230667 1.153333
799 55.767333 0.491667 0.093333 0.350000
211 55.849000 0.495000 0.088667 0.376667
1001 55.907333 0.500000 0.045333 0.366667
491 55.969000 0.493333 0.092667 0.453333
642 56.052333 0.508333 0.094000 0.370000
898 56.146000 0.500000 0.108000 0.333333
128 56.291333 0.500000 0.202667 0.600000
92 56.473667 0.488333 0.179333 0.896667
380 56.623667 0.505000 0.135333 0.396667
237 56.715333 0.496667 0.066667 0.420000
536 56.825000 0.505000 0.172667 0.863333
285 56.956000 0.490000 0.109333 0.360000
579 57.081333 0.510000 0.156000 0.373333
117 57.216333 0.495000 0.132667 0.410000
616 57.365667 0.500000 0.180667 0.513333
103 57.546667 0.490000 0.197333 0.986667
608 57.689667 0.501667 0.108667 0.390000
584 57.806667 0.501667 0.138667 0.403333
138 57.904000 0.500000 0.073333 0.393333
350 57.989333 0.500000 0.112000 0.320000
372 58.104000 0.490000 0.134667 0.373333
163 58.229333 0.508333 0.134667 0.490000
563 58.352000 0.488333 0.128000 0.270000
656 58.497000 0.491667 0.175333 0.410000
42 58.607667 0.490000 0.066000 0.373333
61 58.671667 0.500000 0.080667 0.400000
484 58.760667 0.510000 0.112000 0.440000
529 58.864333 0.495000 0.108667 0.410000
607 58.981333 0.488333 0.145333 0.463333
165 59.093333 0.508333 0.093333 0.330000
106 59.251667 0.498333 0.240667 0.510000
472 59.403000 0.498333 0.075333 0.403333
518 59.486667 0.490000 0.108000 0.346667
516 59.588333 0.495000 0.112667 0.383333
176 59.691667 0.490000 0.114000 0.413333
959 59.761000 0.506667 0.038000 0.273333
420 59.809333 0.496667 0.074667 0.286667
35 59.892667 0.501667 0.108000 0.356667
782 59.994333 0.490000 0.111333 0.513333
568 60.099333 0.495000 0.118667 0.590000
602 60.209333 0.490000 0.120000 0.366667
539 60.295000 0.510000 0.067333 0.306667
486 60.353333 0.506667 0.065333 0.386667
962 60.396000 0.493333 0.037333 0.306667
810 60.459333 0.490000 0.108000 0.480000
265 60.602333 0.498333 0.194000 0.970000
525 60.755000 0.500000 0.124667 0.393333
721 60.888667 0.491667 0.156000 0.430000
702 61.054333 0.496667 0.194000 0.606667
478 61.172333 0.490000 0.056667 0.306667
85 61.242000 0.493333 0.096000 0.406667
918 61.327333 0.508333 0.089333 0.336667
915 61.395333 0.493333 0.066667 0.533333
410 61.481000 0.501667 0.122000 0.503333
710 61.613000 0.510000 0.159333 0.433333
166 61.734333 0.495000 0.103333 0.383333
341 61.812000 0.488333 0.070667 0.303333
657 61.877333 0.490000 0.078667 0.320000
207 62.023667 0.501667 0.230000 1.150000
377 62.186333 0.503333 0.108667 0.340000
386 62.302333 0.508333 0.143333 0.410000
882 62.413000 0.505000 0.096667 0.376667
787 62.495667 0.491667 0.084667 0.510000
510 62.597333 0.503333 0.136000 0.453333
920 62.710333 0.510000 0.108667 0.400000
433 62.822333 0.491667 0.135333 0.283333
325 62.967000 0.491667 0.168667 0.843333
679 63.081667 0.505000 0.079333 0.490000
6 63.158000 0.488333 0.089333 0.370000
323 63.284667 0.491667 0.182667 0.363333
452 63.402333 0.490000 0.071333 0.366667
546 63.472333 0.505000 0.084667 0.310000
229 63.553333 0.505000 0.096000 0.483333
746 63.654667 0.508333 0.125333 0.356667
17 63.764000 0.506667 0.109333 0.386667
956 63.825000 0.505000 0.031333 0.256667
688 63.882333 0.495000 0.100667 0.496667
666 63.987667 0.508333 0.128667 0.423333
14 64.087000 0.508333 0.084667 0.296667
890 64.166000 0.500000 0.092000 0.373333
136 64.255667 0.490000 0.103333 0.460000
268 64.403000 0.488333 0.210000 1.050000
521 64.577667 0.490000 0.154000 0.406667
395 64.714000 0.506667 0.136000 0.373333
34 64.842667 0.508333 0.140000 0.476667
178 64.957667 0.491667 0.110000 0.396667
79 65.092000 0.503333 0.172000 0.860000
222 65.211333 0.501667 0.086667 0.443333
983 65.265667 0.505000 0.036667 0.283333
914 65.345000 0.503333 0.140667 0.433333
132 65.456000 0.501667 0.097333 0.416667
458 65.536667 0.500000 0.084000 0.433333
188 65.624667 0.493333 0.112000 0.533333
359 65.746333 0.491667 0.146000 0.410000
570 65.850667 0.496667 0.082667 0.360000
715 65.962000 0.495000 0.160000 0.403333
541 66.127667 0.505000 0.187333 0.383333
101 66.321000 0.503333 0.216667 0.466667
75 66.485667 0.496667 0.132667 0.413333
921 66.571667 0.501667 0.052667 0.310000
758 66.666333 0.500000 0.155333 0.453333
886 66.804000 0.508333 0.134667 0.463333
626 66.950667 0.508333 0.174667 0.576667
904 67.066667 0.506667 0.072000 0.366667
107 67.181667 0.501667 0.178000 0.890000
343 67.338333 0.503333 0.155333 0.466667
741 67.470333 0.488333 0.126000 0.436667
351 67.616333 0.505000 0.184667 0.923333
665 67.751667 0.493333 0.099333 0.373333
479 67.826667 0.493333 0.069333 0.413333
640 67.886667 0.501667 0.065333 0.330000
835 67.956667 0.490000 0.092000 0.393333
846 68.037333 0.500000 0.089333 0.373333
151 68.120667 0.490000 0.094667 0.440000
168 68.216333 0.510000 0.115333 0.426667
856 68.329333 0.490000 0.126667 0.313333
931 68.404000 0.490000 0.040000 0.326667
438 68.479333 0.506667 0.128000 0.386667
972 68.559667 0.498333 0.047333 0.363333
459 68.613667 0.506667 0.080667 0.420000
814 68.707667 0.505000 0.123333 0.383333
239 68.826000 0.493333 0.133333 0.813333
913 68.941333 0.496667 0.116000 0.346667
699 69.060333 0.493333 0.135333 0.386667
756 69.177333 0.493333 0.112000 0.373333
976 69.246333 0.488333 0.040667 0.316667
108 69.356333 0.510000 0.192667 0.406667
694 69.478333 0.493333 0.071333 0.346667
445 69.541000 0.510000 0.072667 0.373333
300 69.607667 0.498333 0.074000 0.236667
532 69.698333 0.488333 0.123333 0.630000
595 69.821333 0.510000 0.138667 0.426667
470 69.916667 0.503333 0.066667 0.393333
364 70.019000 0.505000 0.156667 0.350000
781 70.120333 0.500000 0.066000 0.340000
167 70.255667 0.491667 0.218000 1.090000
303 70.390000 0.508333 0.068000 0.376667
414 70.465000 0.500000 0.095333 0.486667
670 70.555667 0.490000 0.103333 0.373333
557 70.645667 0.493333 0.092667 0.620000
629 70.765000 0.491667 0.164667 0.823333
192 70.883000 0.490000 0.084667 0.360000
123 70.957333 0.506667 0.082667 0.533333
95 71.082000 0.493333 0.184000 0.393333
752 71.202667 0.491667 0.073333 0.203333
260 71.312333 0.496667 0.166000 0.466667
461 71.421000 0.491667 0.066000 0.336667
384 71.549667 0.508333 0.211333 1.056667
783 71.687333 0.510000 0.077333 0.420000
779 71.736000 0.490000 0.036000 0.353333
266 71.825333 0.503333 0.161333 0.806667
322 71.956000 0.506667 0.113333 0.146667
985 72.029333 0.493333 0.048000 0.366667
727 72.075333 0.510000 0.057333 0.340000
739 72.122000 0.496667 0.054667 0.406667
467 72.173000 0.501667 0.067333 0.330000
11 72.258333 0.496667 0.116667 0.386667
145 72.350000 0.510000 0.082667 0.366667
848 72.453000 0.500000 0.140667 0.426667
738 72.552333 0.505000 0.071333 0.336667
637 72.614000 0.495000 0.065333 0.336667
845 72.691333 0.506667 0.102667 0.493333
610 72.800667 0.493333 0.134667 0.413333
652 72.943667 0.491667 0.168667 0.543333
887 73.090667 0.510000 0.140000 0.480000
149 73.248000 0.510000 0.192000 0.960000
717 73.445333 0.490000 0.221333 1.106667
878 73.592667 0.490000 0.086667 0.446667
408 73.673667 0.493333 0.091333 0.340000
148 73.788667 0.490000 0.156000 0.433333
650 73.928000 0.503333 0.140000 0.453333
892 74.086333 0.491667 0.192667 0.576667
751 74.230000 0.505000 0.110667 0.470000
894 74.355333 0.488333 0.156000 0.416667
789 74.464333 0.498333 0.075333 0.456667
437 74.541333 0.490000 0.092000 0.453333
254 74.652333 0.508333 0.144667 0.556667
404 74.761000 0.508333 0.091333 0.456667
545 74.844667 0.508333 0.089333 0.323333
1000 74.902333 0.496667 0.044667 0.353333
903 74.981000 0.496667 0.127333 0.360000
573 75.082333 0.490000 0.094000 0.400000
337 75.208000 0.496667 0.173333 0.866667
999 75.309333 0.493333 0.045333 0.340000
417 75.376000 0.510000 0.106667 0.513333
592 75.530000 0.500000 0.220000 1.100000
993 75.652667 0.506667 0.042667 0.306667
495 75.699333 0.506667 0.066667 0.360000
293 75.776000 0.508333 0.105333 0.443333
902 75.937667 0.505000 0.231333 1.156667
784 76.079000 0.490000 0.067333 0.526667
722 76.172333 0.503333 0.138000 0.400000
401 76.279667 0.488333 0.096667 0.503333
407 76.363000 0.495000 0.083333 0.316667
839 76.445000 0.500000 0.100667 0.473333
519 76.535333 0.510000 0.094667 0.313333
30 76.643333 0.498333 0.141333 0.410000
697 76.741000 0.508333 0.070000 0.350000
1008 76.783667 0.490000 0.032667 0.260000
203 76.842000 0.506667 0.100000 0.493333
947 76.904667 0.505000 0.041333 0.303333
483 76.950333 0.510000 0.068667 0.360000
619 77.024667 0.501667 0.096000 0.470000
154 77.105667 0.506667 0.086000 0.393333
427 77.241333 0.506667 0.204000 1.020000
111 77.370333 0.498333 0.074000 0.316667
924 77.416667 0.500000 0.038667 0.286667
144 77.483333 0.508333 0.108000 0.483333
864 77.579667 0.496667 0.102000 0.400000
593 77.698667 0.510000 0.156000 0.453333
347 77.834667 0.506667 0.130667 0.400000
826 77.939000 0.503333 0.094000 0.473333
282 78.046667 0.498333 0.141333 0.510000
1005 78.127667 0.491667 0.038000 0.316667
673 78.199333 0.510000 0.124000 0.420000
801 78.294000 0.503333 0.082667 0.333333
928 78.349000 0.493333 0.043333 0.340000
281 78.424667 0.495000 0.124000 0.423333
252 78.535333 0.510000 0.112000 0.433333
953 78.604667 0.493333 0.045333 0.346667
684 78.675667 0.488333 0.114000 0.443333
668 78.778333 0.491667 0.108667 0.390000
698 78.856000 0.495000 0.065333 0.343333
762 78.929000 0.496667 0.095333 0.413333
89 79.085000 0.491667 0.230000 1.150000
5 79.230000 0.505000 0.077333 0.343333
241 79.315667 0.508333 0.110000 0.590000
121 79.371333 0.500000 0.020000 0.373333
583 79.397333 0.500000 0.049333 0.300000
180 79.506667 0.503333 0.186667 0.933333
922 79.608667 0.501667 0.032000 0.263333
932 79.633667 0.506667 0.038000 0.306667
816 79.696000 0.501667 0.105333 0.316667
522 79.805000 0.506667 0.126000 0.393333
674 79.904667 0.505000 0.090667 0.336667
65 79.997333 0.493333 0.109333 0.273333
365 80.101667 0.498333 0.119333 0.343333
411 80.264667 0.508333 0.221333 0.436667
329 80.476333 0.496667 0.216667 0.760000
326 80.619667 0.510000 0.088667 0.400000
179 80.769667 0.488333 0.231333 1.156667
272 80.969333 0.496667 0.188000 0.546667
371 81.134667 0.493333 0.161333 0.480000
872 81.299667 0.491667 0.186000 0.930000
112 81.449667 0.500000 0.128667 0.426667
215 81.561667 0.501667 0.111333 0.523333
980 81.631333 0.496667 0.045333 0.340000
352 81.711333 0.500000 0.134667 0.373333
798 81.810667 0.510000 0.084000 0.333333
393 81.909333 0.508333 0.130667 0.356667
760 82.023000 0.488333 0.115333 0.336667
891 82.106000 0.503333 0.064000 0.320000
935 82.157333 0.506667 0.052000 0.380000
462 82.203000 0.501667 0.059333 0.356667
517 82.290000 0.508333 0.133333 0.436667
774 82.377333 0.493333 0.061333 0.366667
526 82.465000 0.493333 0.128667 0.333333
970 82.536667 0.488333 0.033333 0.276667
360 82.654333 0.495000 0.219333 1.096667
114 82.798667 0.491667 0.085333 0.423333
590 82.889000 0.498333 0.111333 0.383333
328 83.033667 0.495000 0.191333 0.496667
263 83.207000 0.501667 0.168667 0.536667
171 83.352000 0.506667 0.136000 0.493333
1003 83.434000 0.508333 0.048000 0.356667
693 83.488667 0.488333 0.076000 0.370000
792 83.578000 0.496667 0.122667 0.486667
605 83.706667 0.495000 0.150667 0.403333
880 83.832333 0.506667 0.118000 0.393333
794 83.922667 0.508333 0.078667 0.483333
133 84.006667 0.490000 0.109333 0.360000
304 84.085667 0.493333 0.063333 0.353333
3 84.161000 0.493333 0.103333 0.453333
523 84.259000 0.501667 0.112667 0.356667
302 84.336333 0.506667 0.056667 0.320000
942 84.378000 0.510000 0.045333 0.346667
156 84.487000 0.496667 0.188667 0.500000
513 84.637000 0.500000 0.131333 0.440000
471 84.735000 0.495000 0.079333 0.416667
448 84.798333 0.500000 0.062000 0.313333
306 84.852000 0.490000 0.062667 0.353333
71 84.906667 0.496667 0.066667 0.366667
124 84.979667 0.493333 0.095333 0.340000
199 85.077333 0.506667 0.113333 0.580000
978 85.142000 0.488333 0.036000 0.263333
473 85.189000 0.503333 0.074000 0.440000
57 85.248000 0.491667 0.060000 0.303333
394 85.349000 0.491667 0.160667 0.803333
601 85.488000 0.491667 0.133333 0.396667
62 85.592000 0.508333 0.090667 0.430000
795 85.657333 0.503333 0.057333 0.353333
12 85.739000 0.493333 0.119333 0.413333
705 85.854667 0.491667 0.129333 0.443333
571 85.951333 0.508333 0.080000 0.323333
552 86.007000 0.506667 0.047333 0.333333
158 86.100000 0.496667 0.153333 0.486667
540 86.280333 0.488333 0.222000 1.110000
58 86.409667 0.506667 0.050000 0.260000
893 86.518667 0.488333 0.185333 0.523333
292 86.671333 0.505000 0.134667 0.523333
511 86.793000 0.490000 0.127333 0.420000
912 86.901333 0.505000 0.102667 0.430000
680 87.005000 0.506667 0.122000 0.400000
45 87.098333 0.508333 0.084667 0.423333
538 87.222333 0.495000 0.176667 0.883333
317 87.348333 0.500000 0.090000 0.360000
776 87.454000 0.508333 0.134667 0.310000
877 87.550667 0.503333 0.073333 0.366667
425 87.635000 0.496667 0.111333 0.620000
897 87.754667 0.501667 0.145333 0.410000
327 87.895333 0.505000 0.152000 0.416667
485 87.991667 0.505000 0.054000 0.283333
596 88.078000 0.493333 0.133333 0.393333
933 88.155000 0.488333 0.039333 0.290000
575 88.217000 0.510000 0.099333 0.333333
381 88.314667 0.500000 0.110667 0.320000
477 88.395000 0.501667 0.066000 0.356667
706 88.450000 0.506667 0.064000 0.353333
948 88.495000 0.490000 0.043333 0.340000
581 88.561667 0.495000 0.106000 0.483333
785 88.636000 0.506667 0.062667 0.260000
857 88.747667 0.508333 0.176667 0.883333
424 88.903000 0.495000 0.154000 0.490000
244 89.041333 0.510000 0.141333 0.380000
731 89.139667 0.500000 0.072667 0.360000
196 89.222667 0.498333 0.108000 0.556667
778 89.307333 0.490000 0.074667 0.480000
419 89.384667 0.510000 0.100000 0.486667
598 89.494667 0.496667 0.137333 0.426667
36 89.607667 0.498333 0.104667 0.356667
243 89.754333 0.505000 0.202000 1.010000
441 89.879000 0.501667 0.060667 0.363333
129 89.972333 0.505000 0.146000 0.583333
620 90.090667 0.501667 0.109333 0.470000
692 90.184667 0.508333 0.097333 0.470000
247 90.264333 0.493333 0.080667 0.326667
917 90.314333 0.506667 0.035333 0.253333
236 90.364000 0.505000 0.082667 0.390000
25 90.458000 0.500000 0.118667 0.440000
594 90.572000 0.493333 0.128000 0.386667
271 90.721667 0.505000 0.188667 0.943333
836 90.872000 0.505000 0.128000 0.530000
356 91.006667 0.503333 0.157333 0.786667
988 91.100333 0.490000 0.048667 0.360000
275 91.147000 0.493333 0.060667 0.393333
261 91.255667 0.491667 0.171333 0.856667
115 91.362333 0.488333 0.059333 0.290000
938 91.403667 0.495000 0.039333 0.283333
946 91.433333 0.495000 0.040000 0.316667
218 91.541000 0.508333 0.191333 0.956667
139 91.656333 0.500000 0.059333 0.346667
83 91.715333 0.491667 0.077333 0.370000
984 91.768333 0.496667 0.043333 0.340000
402 91.867333 0.500000 0.173333 0.506667
725 92.000667 0.501667 0.108000 0.456667
507 92.082667 0.510000 0.072000 0.413333
13 92.159333 0.491667 0.096000 0.310000
639 92.237333 0.501667 0.074667 0.363333
336 92.316000 0.493333 0.097333 0.473333
187 92.413333 0.508333 0.113333 0.570000
164 92.530667 0.488333 0.136000 0.483333
2 92.630667 0.510000 0.081333 0.413333
31 92.735333 0.500000 0.145333 0.440000
968 92.824667 0.500000 0.046667 0.353333
558 92.877667 0.490000 0.078000 0.386667
723 92.965000 0.496667 0.116667 0.400000
204 93.079667 0.496667 0.127333 0.513333
50 93.202667 0.495000 0.133333 0.430000
362 93.317667 0.496667 0.112667 0.326667
193 93.428333 0.510000 0.124667 0.500000
224 93.534000 0.503333 0.100000 0.413333
862 93.614333 0.498333 0.080667 0.383333
831 93.700000 0.498333 0.110667 0.516667
283 93.812000 0.490000 0.126667 0.446667
400 93.895000 0.508333 0.055333 0.523333
506 93.935000 0.491667 0.040667 0.456667
808 93.996000 0.501667 0.097333 0.376667
604 94.106667 0.508333 0.142667 0.430000
228 94.226333 0.505000 0.111333 0.496667
182 94.364667 0.510000 0.184000 0.920000
189 94.513333 0.500000 0.130667 0.526667
387 94.635333 0.498333 0.132000 0.403333
9 94.747667 0.496667 0.111333 0.446667
713 94.880667 0.503333 0.170667 0.540000
755 95.031667 0.490000 0.151333 0.460000
690 95.153000 0.488333 0.106000 0.516667
492 95.234333 0.506667 0.076667 0.413333
735 95.319667 0.495000 0.107333 0.430000
687 95.400667 0.495000 0.073333 0.363333
663 95.476333 0.505000 0.098000 0.330000
535 95.615000 0.506667 0.194000 0.420000
991 95.723333 0.500000 0.040000 0.293333
576 95.785667 0.501667 0.098000 0.383333
603 95.906333 0.498333 0.160667 0.803333
125 96.022333 0.498333 0.087333 0.416667
455 96.093667 0.493333 0.071333 0.426667
8 96.176333 0.491667 0.111333 0.450000
116 96.300667 0.503333 0.154667 0.460000
849 96.426000 0.495000 0.110667 0.456667
487 96.511333 0.491667 0.074667 0.383333
621 96.570333 0.491667 0.059333 0.636667
374 96.686333 0.491667 0.191333 0.956667
681 96.800333 0.510000 0.050000 0.426667
701 96.897000 0.491667 0.156667 0.463333
353 97.069000 0.508333 0.202000 1.010000
554 97.222000 0.493333 0.118667 0.346667
941 97.296000 0.500000 0.042667 0.346667
528 97.361000 0.493333 0.107333 0.346667
1004 97.424667 0.506667 0.036000 0.260000
919 97.476667 0.491667 0.082667 0.370000
297 97.545333 0.488333 0.068000 0.343333
730 97.647667 0.498333 0.152667 0.563333
318 97.771667 0.506667 0.112667 0.453333
631 97.897333 0.488333 0.157333 0.516667
597 98.021667 0.503333 0.110000 0.333333
797 98.116000 0.500000 0.098667 0.393333
223 98.217333 0.495000 0.117333 0.490000
954 98.288667 0.488333 0.038667 0.310000
389 98.377667 0.493333 0.154000 0.480000
646 98.494000 0.506667 0.097333 0.460000
277 98.573667 0.508333 0.080667 0.370000
162 98.659333 0.500000 0.110667 0.426667
589 98.765333 0.510000 0.121333 0.486667
440 98.844667 0.493333 0.056000 0.300000
1013 98.886000 0.506667 0.042667 0.320000
686 98.942333 0.495000 0.083333 0.410000
807 99.092000 0.490000 0.230667 1.153333
990 99.218333 0.506667 0.042000 0.353333
689 99.276000 0.488333 0.088000 0.430000
439 99.366333 0.508333 0.111333 0.436667
137 99.438667 0.498333 0.053333 0.316667
667 99.519667 0.496667 0.124667 0.446667
716 99.668333 0.491667 0.191333 0.523333
850 99.807000 0.508333 0.106000 0.436667
464 99.884667 0.493333 0.065333 0.386667
118 99.968667 0.503333 0.117333 0.440000
94 100.103333 0.500000 0.170667 0.853333
0 100.200333 0.498333 0.043333 0.330000
648 100.252667 0.510000 0.078667 0.333333
418 100.338667 0.498333 0.106667 0.516667
213 100.431667 0.506667 0.094000 0.380000
502 100.506333 0.500000 0.071333 0.326667
901 100.597667 0.495000 0.131333 0.390000
819 100.735000 0.493333 0.158000 0.400000
855 100.841000 0.498333 0.067333 0.170000
320 100.936667 0.488333 0.137333 0.423333
742 101.075333 0.508333 0.153333 0.623333
572 101.190333 0.495000 0.094000 0.403333
396 101.335667 0.505000 0.216667 1.083333
172 101.491333 0.508333 0.108000 0.396667
76 101.613000 0.496667 0.151333 0.480000
998 101.695333 0.496667 0.032000 0.253333
388 101.757000 0.501667 0.110000 0.336667
155 101.849333 0.498333 0.088000 0.496667
399 101.938000 0.491667 0.102667 0.343333
279 102.025000 0.503333 0.087333 0.493333
355 102.118333 0.488333 0.115333 0.303333
869 102.206667 0.503333 0.076000 0.440000
82 102.280000 0.495000 0.084000 0.596667
488 102.355667 0.490000 0.083333 0.440000
586 102.505667 0.491667 0.231333 1.156667
547 102.652667 0.505000 0.077333 0.450000
202 102.745000 0.508333 0.123333 0.476667
770 102.862667 0.506667 0.128000 0.433333
691 102.964333 0.488333 0.090000 0.436667
1018 103.018000 0.493333 0.032000 0.266667
658 103.056667 0.506667 0.062667 0.366667
423 103.169000 0.508333 0.176667 0.883333
827 103.292000 0.488333 0.088000 0.396667
131 103.385000 0.506667 0.118000 0.453333
72 103.485333 0.498333 0.100000 0.476667
1015 103.548333 0.491667 0.044667 0.336667
56 103.591333 0.501667 0.061333 0.096667
150 103.657667 0.508333 0.091333 0.370000
294 103.798000 0.490000 0.204000 1.020000
754 103.963667 0.501667 0.140667 0.683333
309 104.058667 0.510000 0.065333 0.366667
609 104.110333 0.491667 0.058000 0.236667
1007 104.149667 0.503333 0.036667 0.300000
382 104.238000 0.505000 0.158667 0.463333
566 104.374667 0.498333 0.132000 0.543333
910 104.498667 0.495000 0.133333 0.456667
