277 0.040667 0.500000 0.074667 0.340000
358 0.185000 0.508333 0.231333 1.156667
343 0.365667 0.508333 0.146000 0.403333
911 0.483000 0.490000 0.107333 0.380000
746 0.583667 0.490000 0.111333 0.326667
157 0.698667 0.506667 0.134667 0.560000
120 0.858000 0.498333 0.201333 0.523333
407 0.995000 0.498333 0.087333 0.330000
42 1.062000 0.498333 0.065333 0.363333
67 1.164667 0.500000 0.158667 0.793333
476 1.266667 0.498333 0.065333 0.370000
334 1.365667 0.496667 0.151333 0.500000
681 1.454667 0.490000 0.042667 0.366667
182 1.572333 0.508333 0.212667 1.063333
730 1.734667 0.498333 0.128000 0.463333
604 1.855667 0.510000 0.127333 0.373333
282 1.971333 0.501667 0.117333 0.430000
97 2.126667 0.506667 0.213333 0.446667
876 2.289667 0.508333 0.131333 0.356667
1022 2.364667 0.488333 0.038667 0.303333
440 2.411000 0.510000 0.074000 0.386667
732 2.485333 0.493333 0.088000 0.466667
78 2.620333 0.500000 0.196667 0.500000
549 2.770000 0.501667 0.116000 0.390000
974 2.840000 0.488333 0.044000 0.356667
810 2.908667 0.495000 0.106667 0.496667
261 3.040000 0.490000 0.172000 0.860000
804 3.221667 0.498333 0.208667 1.043333
802 3.403667 0.490000 0.175333 0.360000
424 3.558667 0.510000 0.153333 0.480000
528 3.683000 0.503333 0.115333 0.386667
718 3.822667 0.495000 0.180000 0.496667
363 3.971333 0.495000 0.130667 0.356667
575 4.077667 0.510000 0.095333 0.306667
335 4.191333 0.503333 0.149333 0.506667
677 4.307333 0.498333 0.098667 0.336667
761 4.425667 0.498333 0.156667 0.456667
392 4.563000 0.508333 0.135333 0.396667
307 4.651667 0.495000 0.056667 0.316667
236 4.721333 0.506667 0.102667 0.473333
181 4.856333 0.505000 0.183333 0.916667
265 5.046333 0.491667 0.212667 1.063333
670 5.202000 0.500000 0.113333 0.366667
198 5.350000 0.493333 0.201333 1.006667
682 5.500667 0.510000 0.116000 0.433333
994 5.567667 0.508333 0.034000 0.276667
482 5.613333 0.498333 0.076000 0.390000
264 5.694333 0.508333 0.102000 0.390000
684 5.788667 0.491667 0.105333 0.370000
45 5.870333 0.510000 0.072667 0.366667
680 5.946667 0.490000 0.096000 0.326667
638 6.043333 0.510000 0.110667 0.440000
113 6.136000 0.493333 0.093333 0.486667
477 6.216333 0.498333 0.084667 0.430000
497 6.305000 0.495000 0.112667 0.296667
43 6.411333 0.488333 0.118667 0.470000
254 6.522000 0.498333 0.118667 0.463333
925 6.599000 0.491667 0.050000 0.370000
936 6.634000 0.493333 0.037333 0.300000
387 6.723000 0.496667 0.154000 0.473333
896 6.869333 0.495000 0.154667 0.430000
28 6.982000 0.505000 0.089333 0.303333
129 7.079667 0.488333 0.120667 0.463333
374 7.195000 0.490000 0.130000 0.386667
196 7.302333 0.490000 0.099333 0.400000
510 7.399000 0.490000 0.108667 0.340000
530 7.486333 0.510000 0.082000 0.386667
231 7.566667 0.496667 0.097333 0.420000
762 7.653333 0.500000 0.089333 0.386667
14 7.730667 0.496667 0.085333 0.300000
144 7.817333 0.495000 0.108000 0.496667
655 7.902000 0.498333 0.076000 0.323333
191 7.977000 0.496667 0.087333 0.360000
52 8.061333 0.488333 0.100000 0.363333
813 8.156667 0.500000 0.105333 0.306667
463 8.233667 0.505000 0.063333 0.370000
623 8.351000 0.505000 0.188667 0.616667
303 8.465000 0.501667 0.058000 0.323333
136 8.536333 0.505000 0.102000 0.423333
721 8.657000 0.506667 0.155333 0.433333
1009 8.750333 0.491667 0.047333 0.363333
446 8.807333 0.506667 0.086667 0.453333
108 8.954000 0.505000 0.222667 0.490000
20 9.106000 0.491667 0.101333 0.350000
924 9.171333 0.505000 0.049333 0.370000
311 9.233667 0.495000 0.092667 0.403333
882 9.330667 0.488333 0.117333 0.470000
1004 9.402333 0.495000 0.040667 0.296667
616 9.490333 0.496667 0.148667 0.406667
441 9.589333 0.503333 0.062667 0.326667
1005 9.630667 0.501667 0.037333 0.276667
115 9.671333 0.496667 0.058667 0.286667
471 9.728000 0.500000 0.068000 0.406667
832 9.800000 0.503333 0.096000 0.420000
313 9.898000 0.493333 0.117333 0.426667
300 9.984333 0.505000 0.074000 0.236667
947 10.030333 0.490000 0.036667 0.273333
150 10.086667 0.503333 0.094667 0.386667
657 10.180333 0.491667 0.107333 0.450000
671 10.280333 0.501667 0.108667 0.370000
612 10.400333 0.493333 0.151333 0.406667
769 10.531667 0.505000 0.127333 0.396667
854 10.666667 0.500000 0.162667 0.513333
481 10.780333 0.510000 0.083333 0.420000
964 10.835000 0.501667 0.042000 0.303333
847 10.899667 0.506667 0.107333 0.353333
242 11.010333 0.495000 0.134000 0.510000
393 11.125000 0.493333 0.114000 0.313333
131 11.238667 0.493333 0.129333 0.506667
529 11.348667 0.495000 0.106667 0.410000
128 11.468000 0.505000 0.152000 0.436667
1010 11.555333 0.510000 0.042667 0.333333
585 11.640333 0.491667 0.146000 0.456667
306 11.734333 0.508333 0.062000 0.350000
953 11.779333 0.491667 0.042667 0.350000
837 11.832667 0.501667 0.078667 0.390000
25 11.922000 0.495000 0.117333 0.423333
431 12.037333 0.493333 0.126667 0.406667
192 12.207667 0.501667 0.228667 1.143333
950 12.330667 0.498333 0.036000 0.276667
369 12.407667 0.505000 0.134000 0.390000
98 12.567333 0.488333 0.204000 0.443333
2 12.696667 0.508333 0.072000 0.343333
104 12.818333 0.505000 0.186000 0.930000
466 12.941000 0.488333 0.076667 0.403333
609 13.006000 0.496667 0.068000 0.280000
937 13.049333 0.503333 0.032000 0.260000
168 13.147000 0.488333 0.183333 0.916667
646 13.264667 0.500000 0.072000 0.313333
635 13.329333 0.505000 0.073333 0.303333
685 13.401333 0.506667 0.090667 0.373333
375 13.493667 0.491667 0.112667 0.316667
770 13.597000 0.488333 0.110000 0.310000
969 13.663667 0.493333 0.042000 0.313333
855 13.706000 0.496667 0.062667 0.160000
500 13.774333 0.498333 0.090000 0.410000
931 13.832333 0.493333 0.046000 0.360000
729 13.857000 0.500000 0.023333 0.353333
858 13.907000 0.508333 0.095333 0.290000
913 14.004333 0.495000 0.118000 0.370000
572 14.098333 0.500000 0.087333 0.346667
565 14.198667 0.500000 0.126667 0.260000
190 14.315333 0.501667 0.125333 0.596667
304 14.397000 0.495000 0.055333 0.310000
1000 14.437333 0.490000 0.041333 0.340000
1006 14.469000 0.495000 0.040667 0.296667
248 14.521333 0.488333 0.082667 0.443333
12 14.613333 0.501667 0.121333 0.416667
975 14.683667 0.495000 0.038000 0.303333
523 14.748333 0.506667 0.108667 0.360000
641 14.826333 0.498333 0.066000 0.316667
71 14.887333 0.490000 0.074667 0.386667
138 14.946333 0.490000 0.063333 0.360000
429 15.029667 0.493333 0.123333 0.413333
280 15.137667 0.503333 0.108667 0.360000
591 15.255667 0.491667 0.147333 0.483333
310 15.361667 0.505000 0.083333 0.470000
493 15.438333 0.508333 0.087333 0.476667
436 15.526333 0.501667 0.102000 0.270000
507 15.606000 0.491667 0.072000 0.423333
411 15.730000 0.501667 0.189333 0.423333
981 15.838667 0.508333 0.046667 0.336667
65 15.899667 0.491667 0.092667 0.230000
995 15.954333 0.500000 0.034000 0.286667
787 16.003667 0.493333 0.084667 0.506667
114 16.089667 0.491667 0.103333 0.516667
69 16.182667 0.495000 0.100000 0.543333
1015 16.244000 0.491667 0.041333 0.303333
226 16.314667 0.498333 0.114667 0.470000
91 16.479667 0.493333 0.232667 0.506667
905 16.663000 0.510000 0.147333 0.466667
176 16.780667 0.488333 0.106667 0.390000
445 16.864333 0.510000 0.075333 0.400000
884 16.950000 0.500000 0.112000 0.413333
712 17.084000 0.490000 0.173333 0.866667
302 17.196000 0.495000 0.066667 0.370000
864 17.268333 0.500000 0.098000 0.393333
532 17.354000 0.506667 0.089333 0.453333
929 17.408000 0.495000 0.037333 0.310000
468 17.452333 0.493333 0.064667 0.386667
728 17.503000 0.501667 0.051333 0.450000
171 17.585000 0.510000 0.126000 0.460000
756 17.697000 0.503333 0.115333 0.340000
956 17.769333 0.495000 0.046667 0.363333
329 17.860333 0.500000 0.151333 0.553333
22 17.992667 0.508333 0.129333 0.436667
460 18.080000 0.496667 0.061333 0.313333
206 18.202333 0.495000 0.196667 0.983333
216 18.345000 0.503333 0.102000 0.413333
939 18.408000 0.503333 0.040000 0.326667
508 18.456333 0.490000 0.072667 0.426667
469 18.512667 0.501667 0.057333 0.296667
126 18.593000 0.498333 0.120667 0.416667
571 18.702000 0.491667 0.114667 0.490000
545 18.803667 0.503333 0.104667 0.433333
458 18.891000 0.488333 0.086000 0.436667
779 18.946667 0.510000 0.045333 0.400000
660 19.017333 0.498333 0.113333 0.370000
603 19.164000 0.493333 0.197333 0.986667
478 19.291667 0.496667 0.078000 0.406667
262 19.364000 0.490000 0.086667 0.446667
557 19.445667 0.498333 0.090000 0.596667
817 19.536667 0.498333 0.109333 0.263333
83 19.616333 0.503333 0.066000 0.313333
976 19.667333 0.501667 0.052000 0.376667
19 19.747333 0.503333 0.124000 0.393333
717 19.879000 0.505000 0.155333 0.776667
27 20.007000 0.503333 0.119333 0.406667
378 20.133000 0.506667 0.148667 0.453333
64 20.229000 0.496667 0.063333 0.340000
555 20.272000 0.501667 0.042667 0.416667
642 20.329000 0.508333 0.088667 0.350000
148 20.437333 0.500000 0.141333 0.413333
576 20.550000 0.503333 0.104000 0.406667
288 20.658667 0.506667 0.132000 0.500000
350 20.790000 0.488333 0.149333 0.416667
359 20.915333 0.506667 0.118667 0.353333
861 20.991333 0.500000 0.046667 0.373333
219 21.056667 0.505000 0.098667 0.396667
702 21.193000 0.493333 0.188667 0.606667
70 21.349667 0.506667 0.139333 0.486667
962 21.431000 0.503333 0.040667 0.333333
404 21.507333 0.496667 0.130667 0.633333
140 21.658333 0.505000 0.184667 0.923333
141 21.784000 0.508333 0.084000 0.403333
380 21.878333 0.508333 0.119333 0.336667
289 22.033333 0.500000 0.206667 1.033333
783 22.179000 0.505000 0.103333 0.556667
127 22.277333 0.500000 0.112000 0.373333
47 22.370667 0.495000 0.088000 0.430000
299 22.451000 0.498333 0.090000 0.350000
451 22.519333 0.508333 0.065333 0.350000
295 22.587667 0.508333 0.084667 0.363333
809 22.672333 0.508333 0.099333 0.536667
1020 22.733667 0.498333 0.042000 0.303333
752 22.783333 0.500000 0.073333 0.193333
165 22.875000 0.501667 0.126000 0.483333
459 22.961000 0.510000 0.064667 0.340000
514 23.046333 0.506667 0.124667 0.393333
241 23.150000 0.495000 0.098667 0.543333
914 23.259000 0.505000 0.139333 0.410000
673 23.371000 0.510000 0.100667 0.340000
739 23.437667 0.493333 0.052667 0.433333
880 23.511667 0.490000 0.115333 0.426667
247 23.608667 0.498333 0.093333 0.476667
494 23.678000 0.501667 0.065333 0.356667
912 23.742000 0.498333 0.076000 0.296667
410 23.822667 0.498333 0.101333 0.483333
695 23.952000 0.493333 0.170667 0.853333
1013 24.051333 0.510000 0.046667 0.366667
325 24.170000 0.496667 0.210667 1.053333
865 24.309333 0.498333 0.088000 0.330000
5 24.379333 0.488333 0.068000 0.316667
893 24.488333 0.496667 0.170000 0.506667
368 24.646667 0.493333 0.162667 0.813333
1012 24.738667 0.496667 0.034667 0.280000
389 24.821000 0.501667 0.148667 0.410000
812 24.950667 0.501667 0.130667 0.330000
1 25.036667 0.500000 0.061333 0.300000
550 25.098667 0.510000 0.077333 0.393333
371 25.184333 0.493333 0.111333 0.353333
672 25.282667 0.510000 0.105333 0.346667
906 25.396667 0.505000 0.138667 0.376667
356 25.569000 0.498333 0.220667 1.103333
563 25.736000 0.493333 0.133333 0.273333
908 25.855667 0.488333 0.123333 0.463333
292 25.975000 0.490000 0.130000 0.486667
539 26.070667 0.503333 0.081333 0.353333
686 26.145000 0.510000 0.083333 0.406667
872 26.252000 0.506667 0.149333 0.413333
759 26.394000 0.495000 0.154667 0.456667
963 26.483333 0.510000 0.038667 0.313333
314 26.554667 0.493333 0.117333 0.440000
382 26.687667 0.495000 0.163333 0.496667
244 26.845333 0.495000 0.166667 0.456667
863 26.978000 0.488333 0.116000 0.556667
696 27.085333 0.503333 0.113333 0.260000
662 27.192000 0.503333 0.120000 0.433333
112 27.342667 0.493333 0.196000 0.980000
312 27.484000 0.505000 0.100000 0.343333
63 27.585333 0.500000 0.120000 0.426667
654 27.725667 0.495000 0.174000 0.870000
328 27.902667 0.488333 0.196000 0.503333
195 28.055333 0.491667 0.126667 0.516667
726 28.153333 0.496667 0.085333 0.446667
443 28.227667 0.496667 0.083333 0.433333
79 28.404333 0.496667 0.288667 0.620000
782 28.598667 0.493333 0.117333 0.560000
789 28.690000 0.505000 0.078667 0.483333
932 28.742667 0.498333 0.041333 0.323333
661 28.808000 0.491667 0.104000 0.363333
875 28.930333 0.488333 0.156667 0.416667
764 29.042667 0.508333 0.085333 0.396667
827 29.117333 0.505000 0.082667 0.403333
594 29.216667 0.503333 0.133333 0.393333
917 29.298333 0.505000 0.048667 0.350000
139 29.357333 0.501667 0.084000 0.483333
986 29.408333 0.493333 0.034000 0.260000
332 29.505000 0.491667 0.172667 0.863333
360 29.645667 0.496667 0.124667 0.346667
287 29.747333 0.505000 0.093333 0.343333
543 29.886333 0.500000 0.203333 0.666667
125 30.029667 0.501667 0.098000 0.456667
749 30.111333 0.498333 0.080000 0.343333
711 30.237667 0.508333 0.192667 0.490000
515 30.391667 0.495000 0.135333 0.443333
38 30.501333 0.506667 0.097333 0.333333
851 30.588000 0.493333 0.092000 0.380000
35 30.679333 0.506667 0.106667 0.340000
669 30.783667 0.505000 0.116667 0.370000
201 30.879333 0.506667 0.093333 0.413333
952 30.938000 0.500000 0.042667 0.326667
13 30.997000 0.488333 0.092667 0.296667
4 31.077333 0.496667 0.085333 0.360000
553 31.171667 0.491667 0.123333 0.430000
873 31.267333 0.488333 0.085333 0.403333
989 31.324000 0.491667 0.041333 0.323333
346 31.447333 0.493333 0.221333 1.106667
379 31.607667 0.490000 0.116667 0.366667
915 31.703333 0.498333 0.089333 0.730000
11 31.795667 0.496667 0.110000 0.366667
233 31.885667 0.488333 0.087333 0.443333
305 31.955000 0.490000 0.066000 0.373333
268 32.078000 0.496667 0.198667 0.993333
255 32.232000 0.493333 0.126667 0.493333
625 32.360000 0.501667 0.149333 0.496667
48 32.563000 0.510000 0.275333 0.526667
257 32.746333 0.496667 0.111333 0.333333
889 32.907000 0.488333 0.223333 1.116667
518 33.061333 0.498333 0.102667 0.343333
643 33.153333 0.491667 0.098667 0.376667
1023 33.211667 0.490000 0.032667 0.253333
333 33.332667 0.493333 0.222667 1.113333
134 33.505000 0.493333 0.135333 0.413333
439 33.608333 0.501667 0.087333 0.343333
153 33.693000 0.490000 0.102000 0.460000
419 33.773000 0.510000 0.078000 0.380000
738 33.851333 0.491667 0.093333 0.423333
935 33.912667 0.506667 0.042667 0.326667
461 33.964000 0.488333 0.077333 0.396667
607 34.051000 0.501667 0.115333 0.350000
551 34.169333 0.498333 0.140000 0.430000
490 34.267333 0.491667 0.069333 0.383333
814 34.363333 0.510000 0.137333 0.493333
511 34.474667 0.488333 0.104000 0.330000
1008 34.542000 0.500000 0.044000 0.360000
517 34.620000 0.498333 0.130667 0.430000
415 34.753000 0.491667 0.148667 0.516667
516 34.866667 0.503333 0.093333 0.300000
40 34.961667 0.506667 0.114000 0.420000
688 35.052667 0.493333 0.081333 0.393333
768 35.130333 0.498333 0.090000 0.210000
724 35.207667 0.500000 0.083333 0.400000
534 35.293333 0.490000 0.104000 0.446667
193 35.400667 0.500000 0.126667 0.513333
366 35.521333 0.495000 0.134667 0.356667
834 35.627000 0.508333 0.090000 0.376667
846 35.726333 0.500000 0.128667 0.526667
1016 35.805333 0.496667 0.042667 0.326667
785 35.852333 0.491667 0.066000 0.283333
266 35.963000 0.491667 0.168667 0.843333
435 36.062000 0.503333 0.046667 0.233333
178 36.128667 0.508333 0.105333 0.403333
699 36.238000 0.500000 0.132000 0.380000
184 36.351667 0.488333 0.111333 0.563333
9 36.455333 0.498333 0.113333 0.443333
106 36.605000 0.501667 0.202000 0.436667
455 36.736333 0.505000 0.079333 0.416667
949 36.789333 0.501667 0.045333 0.323333
397 36.853000 0.495000 0.096667 0.416667
818 36.955000 0.506667 0.124667 0.406667
284 37.074333 0.503333 0.127333 0.460000
319 37.168333 0.508333 0.075333 0.276667
355 37.267000 0.496667 0.138000 0.393333
96 37.433667 0.508333 0.215333 0.463333
521 37.604667 0.498333 0.141333 0.370000
0 37.691667 0.495000 0.046000 0.376667
249 37.747000 0.488333 0.082000 0.556667
270 37.870667 0.493333 0.178667 0.893333
1018 37.975667 0.503333 0.050000 0.366667
741 38.039000 0.490000 0.092667 0.320000
992 38.095333 0.506667 0.037333 0.280000
73 38.167333 0.503333 0.120000 0.393333
281 38.268000 0.503333 0.098667 0.340000
715 38.390667 0.510000 0.164000 0.820000
77 38.523667 0.490000 0.122000 0.306667
968 38.595667 0.506667 0.039333 0.320000
414 38.655667 0.488333 0.095333 0.490000
199 38.740333 0.488333 0.090000 0.443333
826 38.825667 0.510000 0.095333 0.466667
351 38.927000 0.506667 0.127333 0.366667
634 39.017000 0.495000 0.070000 0.290000
227 39.098000 0.501667 0.110667 0.536667
629 39.239333 0.508333 0.185333 0.623333
664 39.373000 0.496667 0.096667 0.320000
203 39.471000 0.493333 0.115333 0.473333
945 39.541667 0.500000 0.040667 0.320000
972 39.577667 0.505000 0.047333 0.356667
850 39.647000 0.508333 0.111333 0.463333
26 39.767667 0.491667 0.146000 0.490000
978 39.849667 0.503333 0.032667 0.253333
806 39.936667 0.500000 0.158667 0.793333
652 40.075667 0.488333 0.139333 0.456667
926 40.160333 0.498333 0.047333 0.370000
856 40.247667 0.491667 0.142000 0.350000
624 40.397667 0.491667 0.172667 0.583333
775 40.521333 0.500000 0.089333 0.420000
879 40.637333 0.505000 0.157333 0.483333
753 40.818667 0.503333 0.221333 1.106667
758 40.988333 0.510000 0.134000 0.386667
492 41.082667 0.501667 0.073333 0.396667
799 41.166333 0.500000 0.110000 0.400000
627 41.305000 0.495000 0.182000 0.910000
647 41.421333 0.501667 0.064000 0.316667
649 41.497000 0.493333 0.104667 0.540000
558 41.576333 0.508333 0.071333 0.350000
41 41.678333 0.498333 0.148667 0.443333
560 41.816333 0.491667 0.146000 0.450000
376 41.961333 0.493333 0.161333 0.806667
90 42.127000 0.493333 0.190000 0.413333
967 42.234667 0.495000 0.044000 0.363333
76 42.307667 0.490000 0.122000 0.373333
564 42.428667 0.503333 0.137333 0.293333
763 42.512333 0.496667 0.050000 0.406667
316 42.581333 0.496667 0.108000 0.373333
205 42.671000 0.503333 0.090000 0.413333
918 42.762333 0.510000 0.108667 0.406667
483 42.847333 0.488333 0.077333 0.390000
222 42.936667 0.508333 0.120000 0.516667
174 43.055000 0.488333 0.135333 0.476667
829 43.164667 0.506667 0.102667 0.433333
124 43.253333 0.500000 0.092000 0.346667
656 43.370333 0.495000 0.156667 0.423333
121 43.449667 0.505000 0.018000 0.330000
88 43.544000 0.506667 0.189333 0.946667
107 43.719667 0.488333 0.176667 0.883333
263 43.880333 0.501667 0.158000 0.790000
34 44.013333 0.503333 0.125333 0.406667
210 44.111000 0.506667 0.086000 0.426667
692 44.196333 0.498333 0.100667 0.496667
1021 44.257667 0.490000 0.036667 0.306667
871 44.303333 0.508333 0.068000 0.370000
365 44.406000 0.496667 0.150667 0.400000
562 44.564667 0.506667 0.186667 0.413333
547 44.685667 0.508333 0.071333 0.403333
177 44.778000 0.505000 0.126667 0.456667
54 44.866667 0.508333 0.064000 0.336667
823 44.941333 0.501667 0.098667 0.416667
58 45.012000 0.498333 0.056000 0.256667
428 45.077333 0.501667 0.092000 0.630000
780 45.174667 0.505000 0.122667 0.370000
283 45.279000 0.505000 0.102000 0.350000
16 45.366667 0.488333 0.089333 0.290000
396 45.501000 0.501667 0.195333 0.976667
298 45.630000 0.506667 0.077333 0.380000
934 45.686667 0.501667 0.050667 0.376667
723 45.751000 0.493333 0.091333 0.313333
605 45.860333 0.505000 0.143333 0.396667
87 46.040000 0.493333 0.229333 1.146667
784 46.171667 0.510000 0.051333 0.433333
8 46.238000 0.500000 0.096000 0.386667
566 46.324333 0.500000 0.095333 0.400000
693 46.399000 0.493333 0.072667 0.353333
792 46.479000 0.490000 0.103333 0.426667
506 46.537333 0.508333 0.030667 0.343333
524 46.603333 0.488333 0.121333 0.383333
719 46.751333 0.506667 0.193333 0.533333
425 46.886667 0.505000 0.092000 0.510000
988 46.940667 0.505000 0.036000 0.263333
400 46.972333 0.505000 0.047333 0.416667
149 47.064667 0.506667 0.156000 0.386667
760 47.214000 0.508333 0.158667 0.463333
450 47.318000 0.508333 0.066667 0.363333
189 47.394667 0.488333 0.102667 0.516667
103 47.533000 0.505000 0.190000 0.416667
503 47.696000 0.496667 0.149333 0.433333
697 47.801333 0.500000 0.081333 0.406667
151 47.876333 0.493333 0.082000 0.420000
398 47.955667 0.508333 0.094000 0.503333
7 48.055000 0.495000 0.119333 0.423333
86 48.158333 0.505000 0.104667 0.470000
983 48.218667 0.491667 0.036000 0.296667
771 48.267333 0.500000 0.080000 0.413333
982 48.318667 0.500000 0.037333 0.306667
56 48.362000 0.503333 0.062667 0.093333
82 48.416333 0.506667 0.059333 0.440000
665 48.493000 0.508333 0.108667 0.356667
821 48.574333 0.491667 0.074000 0.510000
970 48.623667 0.505000 0.040667 0.316667
630 48.706333 0.503333 0.142000 0.473333
716 48.875667 0.491667 0.212667 1.063333
1007 48.996000 0.505000 0.045333 0.370000
942 49.033333 0.510000 0.046667 0.360000
748 49.095333 0.495000 0.092000 0.316667
849 49.186000 0.491667 0.105333 0.490000
765 49.269667 0.490000 0.075333 0.400000
145 49.345333 0.508333 0.096000 0.496667
51 49.438333 0.508333 0.108667 0.350000
345 49.558333 0.490000 0.150000 0.426667
874 49.661667 0.508333 0.072667 0.356667
706 49.730333 0.488333 0.080667 0.396667
475 49.803667 0.503333 0.084667 0.440000
977 49.857000 0.501667 0.040667 0.316667
111 49.911667 0.493333 0.084667 0.400000
217 49.990000 0.495000 0.090667 0.363333
116 50.104667 0.503333 0.156000 0.466667
800 50.238000 0.491667 0.124000 0.463333
742 50.372667 0.503333 0.158667 0.793333
158 50.549333 0.493333 0.212000 1.060000
735 50.717333 0.496667 0.138667 0.540000
940 50.804667 0.493333 0.050667 0.360000
745 50.876000 0.488333 0.108000 0.403333
502 50.967000 0.491667 0.088667 0.423333
462 51.031000 0.500000 0.056667 0.306667
751 51.094000 0.503333 0.085333 0.366667
841 51.187000 0.510000 0.114000 0.466667
704 51.283333 0.505000 0.098667 0.330000
698 51.354333 0.500000 0.059333 0.306667
61 51.418667 0.500000 0.088000 0.433333
877 51.500667 0.488333 0.092000 0.450000
485 51.574667 0.508333 0.073333 0.390000
683 51.713000 0.488333 0.220667 1.103333
105 51.894333 0.510000 0.160667 0.346667
869 52.002000 0.501667 0.074667 0.456667
561 52.134667 0.493333 0.205333 0.426667
943 52.251000 0.488333 0.040667 0.296667
687 52.312667 0.495000 0.101333 0.490000
824 52.394333 0.496667 0.082000 0.386667
142 52.463000 0.493333 0.074000 0.393333
252 52.578000 0.493333 0.173333 0.866667
592 52.731667 0.503333 0.147333 0.426667
593 52.896667 0.493333 0.201333 1.006667
613 53.061333 0.495000 0.148000 0.423333
53 53.170333 0.498333 0.087333 0.296667
101 53.320000 0.510000 0.230667 1.153333
167 53.487000 0.495000 0.123333 0.476667
322 53.588667 0.495000 0.093333 0.116667
240 53.661667 0.501667 0.071333 0.363333
831 53.740333 0.508333 0.099333 0.430000
383 53.843333 0.490000 0.121333 0.346667
888 53.991333 0.490000 0.190667 0.953333
538 54.178333 0.501667 0.198000 0.450000
37 54.330333 0.488333 0.119333 0.456667
892 54.476333 0.508333 0.192667 0.576667
213 54.616333 0.488333 0.100667 0.410000
714 54.769000 0.491667 0.223333 1.116667
204 54.913333 0.510000 0.081333 0.413333
232 55.005333 0.491667 0.118667 0.603333
1001 55.073667 0.508333 0.038000 0.316667
229 55.132000 0.493333 0.092000 0.460000
904 55.202667 0.488333 0.062667 0.296667
919 55.269667 0.498333 0.086000 0.390000
744 55.379000 0.505000 0.146000 0.603333
822 55.496333 0.505000 0.103333 0.316667
954 55.560000 0.510000 0.040000 0.300000
860 55.662000 0.496667 0.181333 0.906667
218 55.789667 0.505000 0.087333 0.430000
588 55.883333 0.495000 0.113333 0.516667
883 56.021000 0.508333 0.175333 0.876667
267 56.169000 0.503333 0.135333 0.406667
703 56.290333 0.503333 0.120667 0.406667
583 56.379333 0.501667 0.070667 0.416667
556 56.451000 0.498333 0.090000 0.370000
364 56.558667 0.495000 0.141333 0.330000
600 56.685333 0.491667 0.132000 0.396667
866 56.853667 0.505000 0.218000 1.090000
922 56.970333 0.500000 0.035333 0.273333
297 57.014000 0.510000 0.069333 0.360000
900 57.094333 0.498333 0.107333 0.330000
370 57.199333 0.500000 0.121333 0.360000
50 57.325333 0.498333 0.149333 0.430000
291 57.445667 0.490000 0.110000 0.433333
713 57.579333 0.500000 0.170667 0.853333
259 57.716667 0.495000 0.117333 0.590000
212 57.827667 0.510000 0.119333 0.493333
894 57.946333 0.490000 0.136667 0.366667
966 58.027000 0.491667 0.044667 0.350000
838 58.104667 0.506667 0.126667 0.520000
743 58.199333 0.498333 0.080000 0.343333
636 58.288333 0.510000 0.111333 0.246667
361 58.415000 0.493333 0.155333 0.486667
133 58.536333 0.498333 0.104667 0.436667
256 58.629000 0.496667 0.100667 0.366667
421 58.751000 0.508333 0.162000 0.496667
595 58.883000 0.488333 0.122000 0.370000
622 59.015667 0.496667 0.163333 0.566667
464 59.123667 0.503333 0.070000 0.420000
92 59.233667 0.510000 0.170000 0.366667
805 59.390333 0.496667 0.160667 0.493333
648 59.504000 0.490000 0.084000 0.380000
525 59.603667 0.490000 0.135333 0.433333
598 59.732667 0.505000 0.138667 0.416667
512 59.851000 0.508333 0.116667 0.376667
757 59.970000 0.506667 0.138667 0.393333
342 60.074667 0.508333 0.084000 0.350000
320 60.163000 0.508333 0.108667 0.356667
573 60.266000 0.493333 0.110667 0.453333
590 60.383333 0.498333 0.138667 0.503333
95 60.549333 0.496667 0.206667 1.033333
55 60.694000 0.503333 0.101333 0.253333
710 60.833667 0.508333 0.192667 0.963333
187 60.967000 0.506667 0.091333 0.373333
790 61.047000 0.498333 0.082000 0.483333
286 61.135333 0.508333 0.108000 0.390000
433 61.259000 0.493333 0.159333 0.380000
971 61.347333 0.493333 0.034667 0.286667
352 61.415333 0.505000 0.117333 0.343333
308 61.501667 0.503333 0.068667 0.386667
993 61.550333 0.491667 0.044667 0.336667
501 61.610333 0.505000 0.092667 0.423333
916 61.728000 0.493333 0.160000 0.800000
422 61.843333 0.488333 0.086667 0.363333
778 61.917667 0.501667 0.078000 0.543333
57 61.972000 0.493333 0.048000 0.226667
927 62.009000 0.498333 0.043333 0.336667
373 62.098333 0.506667 0.152667 0.420000
878 62.206333 0.505000 0.078000 0.396667
617 62.287000 0.503333 0.100667 0.400000
416 62.365667 0.495000 0.070000 0.343333
122 62.448667 0.501667 0.114667 0.416667
93 62.592667 0.490000 0.192000 0.960000
110 62.757667 0.505000 0.155333 0.550000
903 62.908333 0.498333 0.159333 0.430000
645 63.020000 0.493333 0.078667 0.353333
579 63.120333 0.505000 0.138000 0.336667
997 63.199667 0.488333 0.039333 0.283333
235 63.257333 0.506667 0.089333 0.366667
767 63.363333 0.510000 0.140000 0.406667
965 63.444333 0.503333 0.035333 0.286667
596 63.525000 0.503333 0.140667 0.426667
293 63.634333 0.493333 0.092667 0.386667
75 63.743000 0.490000 0.138000 0.426667
160 63.834333 0.493333 0.063333 0.386667
522 63.921667 0.503333 0.127333 0.413333
750 64.038000 0.505000 0.125333 0.470000
118 64.151667 0.508333 0.119333 0.443333
668 64.253333 0.496667 0.098667 0.326667
599 64.355000 0.488333 0.120667 0.363333
323 64.493333 0.505000 0.169333 0.396667
793 64.613667 0.508333 0.088667 0.350000
691 64.689667 0.496667 0.080667 0.400000
589 64.778333 0.505000 0.111333 0.490000
998 64.846000 0.498333 0.041333 0.323333
577 64.900333 0.491667 0.086000 0.336667
321 64.980667 0.496667 0.089333 0.440000
489 65.054333 0.505000 0.075333 0.383333
391 65.149000 0.500000 0.130000 0.373333
541 65.278667 0.490000 0.149333 0.386667
457 65.377000 0.510000 0.062000 0.373333
175 65.455667 0.510000 0.115333 0.406667
803 65.589667 0.506667 0.166000 0.480000
578 65.709000 0.495000 0.092667 0.376667
496 65.804667 0.508333 0.118667 0.483333
639 65.887000 0.501667 0.064667 0.316667
848 65.963000 0.508333 0.107333 0.323333
186 66.066667 0.496667 0.114667 0.460000
324 66.175333 0.503333 0.121333 0.593333
278 66.309333 0.510000 0.160000 0.480000
845 66.432667 0.493333 0.106667 0.440000
898 66.533000 0.505000 0.111333 0.323333
21 66.635000 0.505000 0.112667 0.376667
910 66.738667 0.508333 0.112000 0.343333
531 66.885667 0.498333 0.202000 0.550000
930 66.999000 0.495000 0.039333 0.290000
188 67.062667 0.490000 0.102667 0.420000
386 67.202667 0.493333 0.194667 0.973333
223 67.342667 0.498333 0.100000 0.470000
608 67.428667 0.491667 0.089333 0.336667
705 67.517000 0.505000 0.106000 0.316667
472 67.601000 0.496667 0.082000 0.413333
173 67.688000 0.490000 0.112000 0.506667
260 67.818000 0.493333 0.165333 0.826667
791 67.923667 0.505000 0.064667 0.383333
395 68.020667 0.491667 0.149333 0.463333
17 68.145000 0.506667 0.114000 0.420000
870 68.219000 0.501667 0.048667 0.250000
166 68.289667 0.498333 0.107333 0.376667
570 68.388000 0.510000 0.109333 0.486667
828 68.478000 0.503333 0.084000 0.413333
336 68.555333 0.503333 0.088000 0.426667
679 68.626333 0.500000 0.068667 0.406667
388 68.712000 0.491667 0.116000 0.310000
747 68.800333 0.491667 0.078000 0.336667
470 68.858667 0.506667 0.052000 0.313333
338 68.942333 0.503333 0.131333 0.680000
417 69.039000 0.506667 0.079333 0.380000
690 69.118333 0.506667 0.098000 0.480000
162 69.213667 0.510000 0.106000 0.406667
650 69.317333 0.501667 0.120000 0.383333
491 69.421333 0.510000 0.105333 0.513333
426 69.502667 0.493333 0.070667 0.413333
456 69.559333 0.503333 0.057333 0.306667
341 69.620667 0.490000 0.080000 0.340000
920 69.703000 0.493333 0.103333 0.406667
955 69.765667 0.503333 0.040667 0.326667
611 69.831333 0.501667 0.110667 0.423333
39 69.940000 0.493333 0.125333 0.393333
243 70.089333 0.510000 0.190667 0.953333
734 70.266667 0.506667 0.182667 0.480000
725 70.404333 0.490000 0.110000 0.466667
488 70.486333 0.503333 0.074000 0.386667
731 70.552000 0.500000 0.070667 0.346667
444 70.608667 0.498333 0.058667 0.316667
552 70.660333 0.500000 0.064667 0.400000
601 70.749333 0.495000 0.129333 0.390000
353 70.883000 0.490000 0.151333 0.413333
94 71.057333 0.490000 0.210667 1.053333
301 71.194667 0.505000 0.078667 0.443333
156 71.307333 0.495000 0.165333 0.416667
117 71.445333 0.495000 0.126667 0.383333
29 71.568333 0.508333 0.139333 0.430000
225 71.674000 0.505000 0.085333 0.396667
839 71.755333 0.495000 0.094667 0.496667
887 71.848000 0.510000 0.110667 0.340000
586 71.968333 0.495000 0.146000 0.443333
119 72.075667 0.496667 0.088667 0.526667
215 72.154667 0.501667 0.086667 0.363333
830 72.238333 0.498333 0.094000 0.390000
797 72.322667 0.510000 0.088000 0.353333
402 72.439000 0.505000 0.159333 0.403333
941 72.531000 0.505000 0.040667 0.310000
840 72.595000 0.490000 0.106000 0.473333
85 72.686000 0.490000 0.096000 0.406667
960 72.742667 0.506667 0.034667 0.253333
580 72.824333 0.510000 0.146000 0.373333
980 72.905667 0.490000 0.034000 0.273333
24 72.979333 0.488333 0.129333 0.443333
418 73.073000 0.496667 0.075333 0.366667
825 73.161000 0.506667 0.115333 0.486667
180 73.276333 0.498333 0.131333 0.496667
766 73.393333 0.505000 0.118667 0.343333
66 73.509000 0.503333 0.132667 0.646667
722 73.630000 0.510000 0.122667 0.373333
33 73.736000 0.506667 0.105333 0.346667
221 73.826667 0.490000 0.094667 0.393333
1019 73.885000 0.505000 0.042000 0.310000
408 73.948000 0.503333 0.101333 0.406667
881 74.048000 0.496667 0.114667 0.386667
211 74.152333 0.506667 0.111333 0.513333
49 74.304000 0.488333 0.209333 1.043333
520 74.449667 0.508333 0.099333 0.316667
852 74.547333 0.490000 0.109333 0.446667
10 74.636000 0.503333 0.085333 0.293333
773 74.744000 0.495000 0.144000 0.430000
474 74.834333 0.505000 0.056667 0.316667
694 74.892333 0.500000 0.076667 0.380000
776 74.986000 0.503333 0.124000 0.346667
796 75.090333 0.495000 0.103333 0.356667
271 75.244667 0.490000 0.218667 1.093333
544 75.397667 0.505000 0.100667 0.363333
274 75.491667 0.506667 0.102000 0.480000
473 75.571000 0.490000 0.075333 0.413333
709 75.655000 0.505000 0.110000 0.456667
948 75.717000 0.498333 0.028667 0.250000
18 75.788000 0.496667 0.126667 0.420000
853 75.887667 0.508333 0.090000 0.370000
958 75.940000 0.495000 0.029333 0.243333
667 75.997333 0.505000 0.101333 0.323333
62 76.074333 0.491667 0.072667 0.336667
559 76.137000 0.505000 0.067333 0.330000
161 76.223333 0.508333 0.121333 0.456667
315 76.334667 0.495000 0.118667 0.443333
409 76.441000 0.503333 0.114000 0.580000
245 76.522000 0.498333 0.064000 0.250000
327 76.601667 0.501667 0.112667 0.343333
733 76.682667 0.501667 0.066667 0.396667
237 76.751667 0.493333 0.084667 0.573333
505 76.821000 0.505000 0.074000 0.303333
367 76.954667 0.503333 0.206667 1.033333
820 77.092333 0.505000 0.088667 0.370000
89 77.216667 0.493333 0.173333 0.366667
251 77.325000 0.503333 0.058000 0.333333
736 77.380333 0.506667 0.070000 0.400000
46 77.439000 0.491667 0.063333 0.510000
296 77.505667 0.493333 0.090000 0.333333
991 77.564667 0.505000 0.041333 0.316667
276 77.608667 0.505000 0.065333 0.416667
895 77.691333 0.493333 0.114667 0.360000
901 77.808667 0.493333 0.140000 0.406667
36 77.929667 0.506667 0.120667 0.400000
777 78.037000 0.493333 0.107333 0.446667
159 78.100667 0.490000 0.037333 0.306667
720 78.195000 0.501667 0.167333 0.836667
788 78.375000 0.495000 0.211333 1.056667
309 78.498667 0.505000 0.054667 0.310000
326 78.554000 0.505000 0.076000 0.350000
1003 78.606000 0.496667 0.042667 0.353333
772 78.702333 0.491667 0.168667 0.843333
843 78.830667 0.508333 0.104000 0.510000
132 78.919667 0.508333 0.092667 0.396667
526 79.030000 0.501667 0.142667 0.376667
146 79.137333 0.498333 0.089333 0.390000
399 79.220667 0.500000 0.096000 0.346667
867 79.311667 0.503333 0.100667 0.353333
527 79.418333 0.498333 0.130000 0.376667
279 79.531000 0.503333 0.111333 0.653333
707 79.628333 0.506667 0.099333 0.446667
344 79.729333 0.496667 0.120000 0.353333
620 79.854000 0.491667 0.148000 0.636667
689 79.966667 0.503333 0.090667 0.440000
317 80.052000 0.498333 0.100000 0.376667
273 80.120000 0.501667 0.052000 0.350000
633 80.239000 0.496667 0.203333 0.573333
676 80.394333 0.505000 0.126000 0.443333
546 80.499333 0.498333 0.102667 0.370000
135 80.598333 0.510000 0.114000 0.333333
348 80.723000 0.510000 0.150000 0.413333
234 80.848000 0.505000 0.117333 0.476667
909 80.946000 0.508333 0.096000 0.423333
372 81.067333 0.503333 0.161333 0.453333
15 81.187333 0.498333 0.098667 0.336667
68 81.285000 0.495000 0.110000 0.323333
618 81.373333 0.506667 0.084000 0.506667
224 81.461667 0.488333 0.112667 0.463333
123 81.569667 0.510000 0.118000 0.760000
349 81.693333 0.506667 0.144000 0.433333
990 81.779333 0.490000 0.044000 0.333333
897 81.845000 0.495000 0.107333 0.296667
413 81.939667 0.488333 0.099333 0.423333
102 82.078667 0.510000 0.196000 0.980000
536 82.248000 0.503333 0.161333 0.806667
385 82.381667 0.506667 0.124667 0.373333
432 82.498667 0.503333 0.125333 0.246667
816 82.616000 0.496667 0.122667 0.400000
208 82.732333 0.491667 0.124667 0.516667
921 82.822667 0.491667 0.076000 0.443333
449 82.883333 0.495000 0.061333 0.316667
708 83.006667 0.493333 0.201333 1.006667
951 83.122000 0.493333 0.044000 0.360000
197 83.179000 0.493333 0.086000 0.433333
318 83.264667 0.488333 0.105333 0.530000
437 83.354000 0.491667 0.086667 0.390000
786 83.417333 0.503333 0.054667 0.340000
381 83.508667 0.510000 0.141333 0.393333
584 83.620667 0.495000 0.102667 0.330000
504 83.723333 0.508333 0.121333 0.343333
737 83.802000 0.496667 0.050667 0.380000
390 83.894667 0.506667 0.153333 0.460000
499 83.994333 0.505000 0.066000 0.403333
727 84.061667 0.500000 0.087333 0.393333
542 84.164333 0.508333 0.134000 0.476667
430 84.271333 0.508333 0.098667 0.416667
519 84.383000 0.503333 0.138000 0.460000
944 84.468000 0.501667 0.046667 0.336667
347 84.560333 0.503333 0.152667 0.420000
394 84.694000 0.501667 0.130667 0.396667
674 84.805333 0.488333 0.110667 0.410000
250 84.915333 0.496667 0.122667 0.613333
183 85.035333 0.493333 0.134667 0.546667
886 85.182000 0.496667 0.178667 0.893333
331 85.343333 0.493333 0.160000 0.800000
610 85.475000 0.498333 0.123333 0.376667
207 85.571000 0.506667 0.086000 0.413333
403 85.702667 0.503333 0.196000 0.980000
899 85.853333 0.503333 0.122667 0.320000
405 85.959333 0.493333 0.109333 0.426667
614 86.073333 0.510000 0.138667 0.353333
811 86.195667 0.490000 0.126000 0.406667
152 86.291333 0.510000 0.080000 0.366667
272 86.399667 0.493333 0.155333 0.453333
30 86.538000 0.496667 0.141333 0.413333
984 86.617333 0.505000 0.036000 0.283333
928 86.641000 0.508333 0.031333 0.263333
59 86.749000 0.496667 0.198000 0.506667
640 86.871333 0.503333 0.061333 0.313333
209 86.983000 0.508333 0.179333 0.896667
957 87.087667 0.503333 0.047333 0.366667
653 87.185000 0.490000 0.160667 0.526667
675 87.314667 0.490000 0.113333 0.373333
220 87.408667 0.503333 0.090667 0.386667
540 87.535333 0.498333 0.176000 0.696667
581 87.662667 0.498333 0.093333 0.396667
857 87.808000 0.495000 0.217333 0.476667
74 87.988000 0.506667 0.157333 0.493333
285 88.138000 0.490000 0.160000 0.800000
239 88.302667 0.503333 0.185333 0.926667
362 88.450333 0.498333 0.130000 0.370000
330 88.557667 0.495000 0.098000 0.383333
465 88.631333 0.503333 0.066667 0.386667
597 88.716333 0.503333 0.118000 0.360000
631 88.852000 0.493333 0.168000 0.560000
815 88.982667 0.503333 0.110667 0.340000
340 89.099667 0.500000 0.138000 0.426667
946 89.184667 0.496667 0.045333 0.346667
486 89.237667 0.496667 0.075333 0.386667
448 89.296333 0.490000 0.060667 0.306667
678 89.369333 0.498333 0.102667 0.390000
938 89.432667 0.508333 0.038667 0.303333
406 89.499333 0.496667 0.112000 0.433333
807 89.656667 0.493333 0.216000 1.080000
442 89.787667 0.505000 0.064667 0.390000
3 89.860333 0.501667 0.098000 0.456667
621 89.930333 0.505000 0.060667 0.596667
582 90.015667 0.508333 0.128667 0.476667
23 90.158667 0.506667 0.174667 0.873333
587 90.300333 0.498333 0.122000 0.356667
377 90.425333 0.496667 0.146667 0.413333
84 90.546667 0.496667 0.109333 0.306667
902 90.657000 0.491667 0.126000 0.336667
269 90.794000 0.495000 0.164000 0.496667
701 90.960667 0.495000 0.185333 0.610000
214 91.087000 0.490000 0.087333 0.440000
844 91.171000 0.501667 0.095333 0.430000
535 91.300000 0.501667 0.180000 0.403333
447 91.417333 0.490000 0.070667 0.426667
842 91.501333 0.493333 0.117333 0.480000
384 91.605000 0.498333 0.110000 0.296667
987 91.677000 0.501667 0.047333 0.363333
147 91.736667 0.493333 0.090667 0.480000
548 91.839000 0.505000 0.134000 0.450000
452 91.935000 0.495000 0.071333 0.370000
1002 91.985333 0.488333 0.046667 0.363333
999 92.019333 0.506667 0.037333 0.286667
606 92.085667 0.501667 0.108667 0.330000
170 92.186667 0.508333 0.112000 0.430000
81 92.277333 0.510000 0.088000 0.353333
836 92.359667 0.500000 0.095333 0.446667
480 92.432667 0.503333 0.065333 0.333333
833 92.507667 0.495000 0.103333 0.503333
412 92.586000 0.496667 0.072000 0.373333
423 92.690000 0.488333 0.152000 0.530000
569 92.809333 0.503333 0.104000 0.440000
798 92.900333 0.496667 0.098000 0.380000
868 92.981333 0.493333 0.080000 0.453333
60 93.054667 0.488333 0.086667 0.350000
99 93.193667 0.493333 0.206000 0.446667
632 93.382000 0.510000 0.185333 0.613333
337 93.550000 0.506667 0.166667 0.833333
130 93.727667 0.495000 0.204667 1.023333
427 93.876000 0.488333 0.108000 0.536667
513 93.976000 0.496667 0.110667 0.366667
659 94.062000 0.510000 0.076000 0.313333
495 94.134000 0.491667 0.088000 0.483333
164 94.221667 0.508333 0.102000 0.356667
172 94.322333 0.500000 0.112667 0.433333
238 94.417667 0.491667 0.095333 0.370000
885 94.497000 0.491667 0.080667 0.383333
554 94.607000 0.506667 0.158000 0.426667
230 94.745000 0.505000 0.134000 0.523333
179 94.872333 0.488333 0.139333 0.490000
155 94.975000 0.505000 0.084667 0.490000
438 95.078000 0.500000 0.141333 0.426667
339 95.183667 0.496667 0.088667 0.486667
44 95.273667 0.490000 0.108667 0.426667
185 95.377667 0.490000 0.118000 0.600000
574 95.462333 0.506667 0.070000 0.280000
154 95.529667 0.491667 0.079333 0.363333
819 95.615667 0.490000 0.107333 0.393333
479 95.701000 0.498333 0.083333 0.430000
794 95.770667 0.510000 0.069333 0.426667
200 95.853333 0.503333 0.114667 0.580000
454 95.939333 0.501667 0.076000 0.423333
933 95.990333 0.496667 0.040667 0.293333
143 96.050667 0.490000 0.094667 0.406667
961 96.108667 0.510000 0.041333 0.320000
740 96.191000 0.498333 0.142000 0.323333
644 96.300000 0.505000 0.093333 0.463333
859 96.407333 0.491667 0.136000 0.430000
615 96.563333 0.503333 0.193333 0.966667
628 96.746000 0.506667 0.188000 0.940000
32 96.885000 0.505000 0.108667 0.383333
568 96.991333 0.500000 0.120000 0.600000
626 97.124333 0.501667 0.166000 0.830000
985 97.224333 0.508333 0.047333 0.363333
357 97.340333 0.498333 0.204667 1.023333
774 97.463333 0.500000 0.058667 0.326667
290 97.551333 0.493333 0.134667 0.366667
755 97.685333 0.501667 0.146667 0.423333
979 97.774000 0.498333 0.045333 0.356667
808 97.846333 0.488333 0.115333 0.523333
1014 97.918000 0.491667 0.046667 0.363333
862 97.974667 0.488333 0.082667 0.450000
498 98.042667 0.490000 0.068000 0.413333
619 98.118333 0.490000 0.096667 0.533333
294 98.277333 0.493333 0.241333 0.373333
795 98.425667 0.501667 0.072667 0.450000
72 98.502333 0.493333 0.095333 0.460000
907 98.589667 0.501667 0.098000 0.343333
890 98.672333 0.495000 0.087333 0.443333
801 98.760000 0.510000 0.108000 0.393333
100 98.890667 0.506667 0.166667 0.833333
163 99.027000 0.505000 0.119333 0.436667
781 99.117000 0.498333 0.075333 0.390000
666 99.194000 0.500000 0.096000 0.313333
651 99.318667 0.491667 0.166667 0.550000
484 99.434333 0.498333 0.080667 0.303333
434 99.524333 0.496667 0.116667 0.393333
637 99.607000 0.490000 0.066000 0.333333
509 99.694333 0.493333 0.126000 0.393333
663 99.796000 0.498333 0.092000 0.296667
1011 99.855333 0.505000 0.044000 0.316667
923 99.886333 0.496667 0.035333 0.253333
602 99.956333 0.495000 0.118000 0.356667
169 100.102667 0.490000 0.194667 0.973333
658 100.222667 0.496667 0.058667 0.340000
275 100.274667 0.496667 0.061333 0.393333
835 100.342333 0.491667 0.094000 0.370000
1017 100.402000 0.506667 0.038667 0.320000
537 100.547333 0.498333 0.266667 0.436667
354 100.771667 0.505000 0.196667 0.983333
246 100.934667 0.496667 0.145333 0.500000
533 101.056333 0.500000 0.115333 0.393333
137 101.148000 0.500000 0.085333 0.413333
31 101.285667 0.488333 0.203333 1.016667
487 101.414333 0.488333 0.074000 0.390000
109 101.524667 0.503333 0.161333 0.806667
253 101.623000 0.510000 0.052667 0.526667
891 101.672000 0.500000 0.062667 0.326667
228 101.754667 0.493333 0.117333 0.500000
202 101.856333 0.501667 0.102000 0.396667
6 101.939667 0.503333 0.082000 0.306667
194 102.016000 0.490000 0.090667 0.460000
467 102.082333 0.493333 0.056667 0.320000
700 102.167000 0.510000 0.127333 0.526667
754 102.276333 0.505000 0.104667 0.510000
959 102.345333 0.491667 0.048000 0.356667
973 102.382333 0.501667 0.039333 0.303333
420 102.436000 0.488333 0.085333 0.323333
567 102.521000 0.490000 0.099333 0.406667
258 102.623667 0.495000 0.124667 0.423333
80 102.732333 0.503333 0.108667 0.540000
453 102.817000 0.488333 0.078000 0.443333
996 102.871000 0.503333 0.046000 0.333333
401 102.928000 0.498333 0.081333 0.456667
