762 0.046333 0.490000 0.086000 0.366667
332 0.183000 0.498333 0.204667 1.023333
741 0.325667 0.493333 0.100667 0.346667
582 0.422000 0.490000 0.110667 0.400000
1014 0.487667 0.491667 0.039333 0.290000
789 0.535667 0.491667 0.071333 0.436667
432 0.632333 0.498333 0.138000 0.283333
832 0.745333 0.508333 0.106667 0.450000
480 0.827667 0.498333 0.076667 0.416667
745 0.903667 0.490000 0.094000 0.353333
134 0.994667 0.495000 0.102667 0.323333
468 1.071667 0.503333 0.071333 0.386667
574 1.148667 0.490000 0.097333 0.393333
717 1.268667 0.505000 0.156000 0.396667
72 1.382000 0.498333 0.090667 0.430000
352 1.486000 0.501667 0.136000 0.403333
322 1.583000 0.496667 0.078000 0.106667
688 1.660667 0.495000 0.094667 0.463333
631 1.787333 0.498333 0.177333 0.596667
496 1.933667 0.488333 0.130000 0.516667
734 2.075000 0.505000 0.171333 0.463333
885 2.191333 0.491667 0.074667 0.330000
408 2.279667 0.506667 0.116667 0.440000
296 2.385667 0.496667 0.115333 0.413333
704 2.498000 0.496667 0.128000 0.420000
971 2.571000 0.491667 0.036667 0.303333
311 2.620333 0.500000 0.076667 0.333333
512 2.707667 0.500000 0.111333 0.360000
328 2.856000 0.503333 0.198667 0.513333
535 3.044667 0.493333 0.192000 0.420000
722 3.192667 0.503333 0.117333 0.340000
459 3.280333 0.505000 0.071333 0.370000
415 3.419333 0.496667 0.221333 1.106667
679 3.565000 0.490000 0.088667 0.540000
910 3.653333 0.506667 0.101333 0.306667
630 3.786000 0.506667 0.184000 0.920000
145 3.915000 0.500000 0.090000 0.400000
992 3.970333 0.488333 0.038000 0.283333
414 4.082000 0.490000 0.198667 0.993333
162 4.229000 0.495000 0.115333 0.423333
518 4.332333 0.496667 0.111333 0.373333
169 4.445333 0.488333 0.132000 0.463333
802 4.606333 0.496667 0.206000 0.433333
442 4.736667 0.510000 0.072000 0.373333
646 4.802000 0.500000 0.074667 0.340000
655 4.877000 0.510000 0.090000 0.373333
101 5.025000 0.505000 0.224667 0.490000
11 5.187333 0.496667 0.114667 0.373333
818 5.309333 0.501667 0.142667 0.356667
300 5.409333 0.508333 0.073333 0.236667
173 5.481667 0.490000 0.088667 0.400000
796 5.567000 0.496667 0.102000 0.426667
363 5.688333 0.506667 0.154000 0.433333
957 5.773667 0.498333 0.034000 0.263333
215 5.833333 0.488333 0.100000 0.403333
140 5.943333 0.505000 0.133333 0.596667
362 6.070333 0.496667 0.135333 0.373333
1009 6.148333 0.501667 0.035333 0.296667
721 6.233000 0.488333 0.151333 0.450000
601 6.365000 0.510000 0.127333 0.386667
56 6.461333 0.491667 0.085333 0.130000
467 6.534667 0.505000 0.076000 0.376667
939 6.586000 0.510000 0.044000 0.333333
504 6.680333 0.491667 0.160667 0.470000
464 6.780667 0.508333 0.058667 0.310000
241 6.858000 0.503333 0.109333 0.580000
862 6.939667 0.505000 0.074000 0.403333
170 7.038333 0.488333 0.139333 0.516667
1001 7.118667 0.491667 0.034667 0.263333
568 7.176333 0.510000 0.098000 0.486667
988 7.237000 0.505000 0.038000 0.276667
714 7.347333 0.506667 0.198667 0.993333
247 7.473000 0.505000 0.072667 0.363333
66 7.542667 0.505000 0.081333 0.570000
69 7.628333 0.503333 0.110000 0.593333
575 7.729333 0.508333 0.105333 0.343333
624 7.869667 0.500000 0.192667 0.640000
592 8.035333 0.501667 0.157333 0.476667
456 8.137000 0.493333 0.059333 0.313333
184 8.202333 0.495000 0.091333 0.396667
334 8.309333 0.506667 0.142667 0.473333
544 8.423667 0.493333 0.100667 0.413333
748 8.507000 0.501667 0.086000 0.303333
720 8.651333 0.500000 0.218667 1.093333
838 8.812000 0.508333 0.116000 0.536667
739 8.901333 0.501667 0.081333 0.596667
782 8.984333 0.510000 0.104667 0.480000
803 9.115000 0.508333 0.171333 0.516667
550 9.224333 0.488333 0.064667 0.323333
85 9.294000 0.506667 0.093333 0.366667
966 9.352000 0.510000 0.037333 0.273333
188 9.417333 0.491667 0.109333 0.550000
856 9.531667 0.496667 0.134000 0.333333
269 9.669333 0.493333 0.154667 0.473333
815 9.796333 0.503333 0.118000 0.333333
1003 9.874333 0.510000 0.051333 0.373333
76 9.952667 0.510000 0.124000 0.380000
651 10.082000 0.496667 0.154667 0.500000
811 10.208333 0.510000 0.114000 0.266667
341 10.289000 0.495000 0.066000 0.283333
366 10.380333 0.498333 0.131333 0.396667
650 10.500667 0.501667 0.126667 0.416667
71 10.586333 0.498333 0.063333 0.330000
515 10.663333 0.496667 0.105333 0.340000
669 10.770333 0.501667 0.122000 0.396667
1006 10.845333 0.500000 0.041333 0.340000
340 10.916667 0.506667 0.121333 0.353333
933 10.985333 0.510000 0.036000 0.293333
994 11.015333 0.505000 0.042667 0.350000
390 11.101000 0.488333 0.144667 0.456667
516 11.216667 0.508333 0.102667 0.343333
754 11.320000 0.491667 0.124000 0.603333
54 11.403333 0.510000 0.060000 0.346667
185 11.516667 0.506667 0.181333 0.906667
875 11.679000 0.505000 0.163333 0.403333
223 11.796000 0.491667 0.088000 0.403333
10 11.889000 0.496667 0.116667 0.380000
750 12.006667 0.505000 0.133333 0.490000
783 12.112667 0.501667 0.094667 0.503333
576 12.204667 0.493333 0.109333 0.433333
441 12.290333 0.501667 0.076667 0.450000
487 12.349667 0.488333 0.055333 0.316667
378 12.422000 0.500000 0.106667 0.306667
961 12.483667 0.503333 0.034000 0.260000
524 12.549333 0.506667 0.110667 0.386667
520 12.656667 0.498333 0.118667 0.390000
285 12.764000 0.510000 0.113333 0.380000
719 12.901667 0.488333 0.179333 0.896667
615 13.077000 0.508333 0.186000 0.930000
665 13.208000 0.488333 0.089333 0.330000
139 13.285000 0.498333 0.079333 0.463333
913 13.380333 0.496667 0.127333 0.386667
972 13.451667 0.488333 0.034000 0.276667
599 13.528333 0.490000 0.138000 0.413333
648 13.636667 0.493333 0.097333 0.460000
393 13.744667 0.503333 0.133333 0.386667
31 13.857333 0.495000 0.108000 0.310000
305 13.937333 0.488333 0.069333 0.390000
983 13.984000 0.508333 0.040000 0.296667
849 14.051000 0.501667 0.110000 0.496667
20 14.145000 0.495000 0.098000 0.316667
146 14.227667 0.505000 0.083333 0.416667
732 14.298000 0.491667 0.074667 0.390000
866 14.388000 0.493333 0.124000 0.340000
1012 14.460000 0.493333 0.040000 0.320000
668 14.517000 0.495000 0.092667 0.323333
622 14.636667 0.498333 0.161333 0.536667
530 14.759667 0.503333 0.100667 0.500000
298 14.835000 0.505000 0.070000 0.350000
907 14.926333 0.491667 0.132667 0.470000
157 15.055333 0.495000 0.138667 0.556667
510 15.182000 0.498333 0.129333 0.403333
309 15.273000 0.493333 0.068667 0.386667
192 15.341000 0.506667 0.084667 0.413333
214 15.436000 0.501667 0.120000 0.570000
886 15.586667 0.496667 0.196000 0.980000
647 15.710667 0.505000 0.072000 0.363333
256 15.783000 0.488333 0.092667 0.323333
1007 15.836000 0.496667 0.030667 0.246667
931 15.862667 0.495000 0.038667 0.290000
141 15.915000 0.506667 0.082000 0.353333
628 16.034000 0.490000 0.176000 0.880000
555 16.131333 0.500000 0.032000 0.320000
260 16.208000 0.510000 0.140000 0.386667
925 16.290000 0.500000 0.041333 0.313333
41 16.373333 0.490000 0.138667 0.386667
559 16.469667 0.510000 0.072667 0.353333
270 16.578333 0.506667 0.163333 0.486667
30 16.704000 0.503333 0.105333 0.313333
1000 16.767000 0.506667 0.036667 0.286667
398 16.822667 0.495000 0.088000 0.470000
827 16.898333 0.510000 0.079333 0.400000
763 16.955333 0.501667 0.054667 0.403333
960 16.997000 0.493333 0.042000 0.320000
845 17.057000 0.496667 0.096667 0.473333
928 17.114667 0.510000 0.037333 0.286667
541 17.209333 0.488333 0.166667 0.350000
160 17.332000 0.508333 0.092000 0.476667
932 17.389333 0.493333 0.038667 0.286667
643 17.453333 0.495000 0.105333 0.376667
826 17.544667 0.505000 0.093333 0.390000
1020 17.604667 0.506667 0.040000 0.313333
324 17.684000 0.490000 0.132000 0.646667
113 17.775667 0.488333 0.068667 0.350000
99 17.908333 0.510000 0.211333 0.446667
839 18.063000 0.488333 0.111333 0.503333
472 18.142333 0.495000 0.067333 0.343333
310 18.197333 0.495000 0.057333 0.323333
430 18.265667 0.496667 0.094000 0.406667
436 18.364667 0.496667 0.117333 0.300000
840 18.457000 0.498333 0.083333 0.403333
336 18.534333 0.500000 0.088667 0.420000
642 18.623000 0.491667 0.104667 0.410000
508 18.711333 0.500000 0.088000 0.453333
883 18.836667 0.493333 0.182667 0.913333
661 18.968000 0.491667 0.100000 0.336667
542 19.075333 0.493333 0.133333 0.466667
115 19.159667 0.500000 0.051333 0.273333
488 19.223000 0.498333 0.091333 0.456667
412 19.298333 0.495000 0.075333 0.390000
917 19.353000 0.496667 0.050000 0.353333
810 19.422333 0.501667 0.103333 0.470000
25 19.538667 0.508333 0.146667 0.536667
426 19.628333 0.506667 0.051333 0.293333
209 19.690000 0.491667 0.092000 0.376667
611 19.781000 0.506667 0.103333 0.386667
482 19.860000 0.496667 0.073333 0.440000
104 20.001000 0.498333 0.224667 0.483333
189 20.147667 0.508333 0.087333 0.430000
882 20.233333 0.496667 0.098667 0.386667
326 20.310333 0.491667 0.075333 0.350000
503 20.414667 0.490000 0.148000 0.433333
941 20.500000 0.488333 0.040000 0.303333
764 20.544000 0.490000 0.065333 0.320000
26 20.630667 0.493333 0.122667 0.413333
128 20.755000 0.496667 0.142000 0.460000
357 20.925667 0.491667 0.219333 1.096667
409 21.078000 0.505000 0.100000 0.496667
996 21.140333 0.503333 0.039333 0.293333
451 21.191000 0.491667 0.075333 0.416667
313 21.279667 0.496667 0.118000 0.426667
43 21.392333 0.488333 0.124667 0.496667
77 21.509667 0.495000 0.130000 0.323333
995 21.587000 0.508333 0.042000 0.356667
82 21.637333 0.495000 0.076000 0.570000
280 21.716667 0.498333 0.102667 0.336667
635 21.799000 0.510000 0.080667 0.360000
364 21.911000 0.500000 0.159333 0.386667
912 22.025333 0.501667 0.084000 0.356667
625 22.149667 0.493333 0.178000 0.600000
552 22.259000 0.508333 0.060667 0.376667
726 22.321667 0.491667 0.078000 0.410000
876 22.454000 0.510000 0.205333 1.026667
543 22.637000 0.510000 0.179333 0.573333
923 22.739667 0.488333 0.039333 0.303333
511 22.804667 0.493333 0.110667 0.373333
265 22.902333 0.493333 0.102000 0.386667
747 23.003333 0.490000 0.116000 0.466667
164 23.163667 0.498333 0.222000 1.110000
475 23.301000 0.501667 0.071333 0.430000
942 23.349667 0.495000 0.039333 0.290000
190 23.408000 0.490000 0.096000 0.386667
566 23.509000 0.488333 0.122000 0.496667
193 23.609333 0.503333 0.097333 0.400000
435 23.684333 0.510000 0.070000 0.320000
652 23.797667 0.510000 0.176667 0.600000
206 23.937667 0.510000 0.120667 0.553333
478 24.028333 0.493333 0.076667 0.460000
918 24.103333 0.505000 0.089333 0.303333
438 24.220000 0.496667 0.161333 0.806667
231 24.346333 0.491667 0.110000 0.563333
349 24.471333 0.490000 0.156000 0.426667
282 24.598667 0.496667 0.117333 0.400000
627 24.713667 0.508333 0.131333 0.436667
522 24.826000 0.491667 0.112000 0.350000
367 24.966333 0.491667 0.182000 0.910000
959 25.076000 0.498333 0.052000 0.370000
144 25.142333 0.506667 0.095333 0.406667
392 25.251000 0.501667 0.135333 0.356667
867 25.358333 0.495000 0.095333 0.303333
735 25.466000 0.496667 0.138667 0.546667
303 25.562333 0.496667 0.067333 0.373333
118 25.636667 0.510000 0.094667 0.386667
581 25.730333 0.501667 0.107333 0.456667
881 25.829000 0.496667 0.108667 0.360000
94 25.962000 0.500000 0.174667 0.873333
740 26.122333 0.510000 0.162000 0.373333
167 26.254667 0.506667 0.116000 0.413333
17 26.361333 0.493333 0.116000 0.380000
93 26.524000 0.500000 0.229333 1.146667
290 26.707000 0.510000 0.152667 0.440000
176 26.835667 0.490000 0.118000 0.446667
98 26.980333 0.495000 0.191333 0.956667
713 27.167667 0.488333 0.196667 0.983333
151 27.298667 0.510000 0.084000 0.386667
984 27.357333 0.490000 0.046667 0.340000
320 27.439000 0.490000 0.135333 0.420000
737 27.526667 0.505000 0.060000 0.403333
872 27.634667 0.508333 0.170667 0.496667
51 27.768667 0.506667 0.112000 0.373333
554 27.921000 0.491667 0.207333 1.036667
986 28.037667 0.503333 0.044667 0.326667
871 28.076000 0.503333 0.050667 0.253333
608 28.148333 0.508333 0.108667 0.383333
588 28.243667 0.501667 0.099333 0.430000
869 28.321333 0.506667 0.074667 0.460000
53 28.411667 0.503333 0.120667 0.400000
289 28.544000 0.503333 0.157333 0.786667
1 28.649000 0.496667 0.072667 0.346667
897 28.744333 0.495000 0.131333 0.350000
820 28.845333 0.491667 0.090667 0.383333
595 28.944000 0.506667 0.120000 0.360000
263 29.079333 0.506667 0.170667 0.853333
38 29.200000 0.493333 0.088000 0.306667
976 29.252000 0.505000 0.032000 0.256667
649 29.316667 0.488333 0.112000 0.590000
757 29.439000 0.490000 0.148667 0.426667
463 29.543000 0.508333 0.075333 0.396667
836 29.618667 0.496667 0.092000 0.453333
878 29.692000 0.490000 0.073333 0.366667
240 29.761000 0.508333 0.079333 0.396667
671 29.848667 0.493333 0.109333 0.400000
165 29.953667 0.508333 0.119333 0.443333
676 30.056333 0.505000 0.104667 0.390000
969 30.125000 0.501667 0.048667 0.370000
663 30.192333 0.505000 0.099333 0.323333
315 30.294000 0.490000 0.122667 0.440000
244 30.431000 0.506667 0.171333 0.460000
105 30.610667 0.510000 0.208000 1.040000
327 30.786333 0.510000 0.159333 0.433333
914 30.908000 0.488333 0.102667 0.310000
759 31.021333 0.501667 0.138667 0.463333
891 31.107000 0.501667 0.051333 0.223333
171 31.183333 0.500000 0.116000 0.406667
532 31.299333 0.496667 0.129333 0.653333
860 31.456333 0.488333 0.203333 1.016667
374 31.625000 0.506667 0.148667 0.400000
413 31.744333 0.490000 0.107333 0.453333
60 31.827000 0.493333 0.075333 0.306667
353 31.909333 0.506667 0.108000 0.333333
191 32.008000 0.508333 0.109333 0.550000
196 32.110333 0.490000 0.111333 0.453333
27 32.228333 0.506667 0.142000 0.480000
775 32.327333 0.510000 0.076000 0.373333
670 32.410000 0.490000 0.106667 0.400000
736 32.483667 0.490000 0.060667 0.406667
419 32.544000 0.510000 0.077333 0.380000
283 32.633667 0.491667 0.115333 0.390000
710 32.760000 0.506667 0.153333 0.380000
940 32.848333 0.501667 0.042000 0.323333
956 32.884667 0.498333 0.046667 0.356667
831 32.952333 0.498333 0.106000 0.456667
458 33.023333 0.495000 0.052000 0.290000
985 33.057000 0.490000 0.035333 0.300000
420 33.116667 0.503333 0.101333 0.373333
1023 33.174000 0.495000 0.032000 0.250000
465 33.226000 0.500000 0.092000 0.466667
806 33.360000 0.506667 0.193333 0.966667
1021 33.470000 0.493333 0.044000 0.340000
970 33.502333 0.490000 0.039333 0.326667
590 33.589333 0.503333 0.153333 0.560000
863 33.710000 0.488333 0.104000 0.503333
619 33.796667 0.491667 0.085333 0.436667
666 33.881333 0.488333 0.100000 0.363333
879 33.990000 0.500000 0.132000 0.433333
681 34.069333 0.500000 0.044000 0.366667
546 34.138667 0.508333 0.110667 0.396667
388 34.258000 0.503333 0.142667 0.453333
369 34.409000 0.501667 0.178000 0.890000
685 34.542667 0.506667 0.106667 0.440000
877 34.639667 0.505000 0.103333 0.496667
230 34.743000 0.498333 0.120667 0.470000
485 34.826333 0.498333 0.063333 0.330000
61 34.900667 0.500000 0.102667 0.506667
445 34.985000 0.488333 0.084667 0.436667
893 35.109000 0.510000 0.182000 0.540000
45 35.228333 0.498333 0.074000 0.370000
219 35.301333 0.495000 0.092000 0.463333
242 35.400667 0.496667 0.124000 0.486667
5 35.500333 0.498333 0.095333 0.456667
922 35.558667 0.505000 0.034667 0.283333
473 35.605333 0.490000 0.076000 0.420000
481 35.676333 0.493333 0.079333 0.413333
440 35.746000 0.505000 0.077333 0.410000
560 35.881000 0.495000 0.211333 0.696667
83 36.014333 0.500000 0.075333 0.360000
377 36.145667 0.491667 0.207333 1.036667
664 36.305333 0.493333 0.125333 0.433333
277 36.403667 0.506667 0.084667 0.380000
998 36.458667 0.490000 0.040000 0.286667
769 36.527333 0.493333 0.117333 0.353333
547 36.618333 0.503333 0.079333 0.446667
752 36.679667 0.490000 0.058000 0.160000
596 36.753000 0.490000 0.104667 0.306667
225 36.843667 0.496667 0.094000 0.426667
693 36.923667 0.490000 0.079333 0.386667
96 37.073333 0.495000 0.233333 0.503333
678 37.245667 0.505000 0.124667 0.423333
700 37.369333 0.503333 0.140000 0.553333
16 37.483333 0.498333 0.105333 0.363333
540 37.620667 0.496667 0.186667 0.746667
753 37.778000 0.506667 0.142667 0.466667
682 37.900667 0.495000 0.122667 0.476667
385 38.028333 0.495000 0.146000 0.403333
308 38.123333 0.501667 0.064000 0.356667
952 38.171333 0.508333 0.049333 0.363333
697 38.215000 0.498333 0.054000 0.270000
523 38.286000 0.506667 0.101333 0.320000
299 38.376667 0.490000 0.094667 0.373333
325 38.496667 0.493333 0.158667 0.793333
695 38.667333 0.491667 0.196000 0.563333
501 38.793000 0.500000 0.072667 0.346667
92 38.905000 0.508333 0.168667 0.843333
131 39.064000 0.493333 0.166667 0.833333
637 39.167000 0.500000 0.055333 0.286667
822 39.252333 0.505000 0.128667 0.443333
861 39.332333 0.500000 0.046000 0.366667
224 39.406667 0.490000 0.120000 0.546667
457 39.493000 0.490000 0.072667 0.380000
920 39.579000 0.505000 0.115333 0.450000
347 39.687000 0.508333 0.118000 0.343333
245 39.769333 0.490000 0.065333 0.266667
262 39.900333 0.491667 0.210000 1.050000
405 40.048667 0.503333 0.106667 0.413333
656 40.182667 0.510000 0.174667 0.466667
57 40.290333 0.500000 0.055333 0.253333
163 40.416333 0.508333 0.212667 1.063333
766 40.584000 0.500000 0.137333 0.400000
123 40.702333 0.488333 0.114000 0.670000
756 40.806000 0.493333 0.113333 0.340000
529 40.918333 0.505000 0.126000 0.543333
761 41.037333 0.505000 0.132000 0.390000
213 41.146000 0.496667 0.105333 0.420000
9 41.239000 0.490000 0.096667 0.393333
249 41.312667 0.505000 0.064000 0.423333
715 41.449667 0.505000 0.227333 1.136667
641 41.601667 0.488333 0.094000 0.436667
461 41.672333 0.488333 0.063333 0.323333
906 41.771000 0.488333 0.151333 0.463333
358 41.904667 0.495000 0.132000 0.356667
929 41.988000 0.493333 0.048000 0.366667
351 42.071000 0.508333 0.135333 0.383333
423 42.216667 0.493333 0.170667 0.853333
604 42.355000 0.503333 0.120667 0.366667
567 42.478333 0.510000 0.146000 0.600000
990 42.569000 0.488333 0.050000 0.363333
492 42.617333 0.505000 0.062667 0.310000
232 42.690000 0.508333 0.096000 0.490000
19 42.778000 0.496667 0.094667 0.320000
586 42.889667 0.510000 0.148667 0.466667
968 42.974000 0.510000 0.033333 0.253333
638 43.030000 0.506667 0.096000 0.380000
21 43.133333 0.490000 0.126667 0.406667
612 43.260667 0.501667 0.144000 0.376667
784 43.353667 0.508333 0.062000 0.510000
798 43.434667 0.495000 0.113333 0.416667
790 43.516667 0.496667 0.070667 0.440000
125 43.594000 0.500000 0.097333 0.466667
152 43.676333 0.506667 0.080667 0.386667
279 43.753000 0.498333 0.090000 0.503333
114 43.841667 0.491667 0.103333 0.516667
536 43.969000 0.503333 0.166000 0.620000
987 44.064667 0.506667 0.045333 0.360000
749 44.135333 0.496667 0.110667 0.466667
660 44.242000 0.496667 0.121333 0.406667
894 44.387333 0.510000 0.185333 0.926667
589 44.512667 0.506667 0.084000 0.353333
34 44.613000 0.490000 0.130000 0.460000
617 44.722000 0.493333 0.102667 0.413333
963 44.781667 0.488333 0.036667 0.290000
95 44.874333 0.495000 0.163333 0.343333
489 44.975333 0.488333 0.056000 0.296667
425 45.038333 0.503333 0.084667 0.460000
234 45.117333 0.491667 0.092000 0.383333
937 45.172333 0.488333 0.031333 0.256667
1019 45.203000 0.496667 0.044667 0.333333
221 45.261333 0.505000 0.092000 0.376667
570 45.348333 0.503333 0.102000 0.453333
314 45.441667 0.493333 0.100667 0.373333
828 45.528000 0.491667 0.088000 0.363333
675 45.610667 0.503333 0.094667 0.320000
355 45.721000 0.506667 0.146000 0.406667
791 45.829333 0.500000 0.088000 0.513333
934 45.887333 0.496667 0.046667 0.366667
319 45.949000 0.495000 0.094000 0.336667
474 46.022000 0.490000 0.070667 0.420000
361 46.121333 0.495000 0.148000 0.390000
462 46.218667 0.488333 0.065333 0.343333
1016 46.262333 0.495000 0.042000 0.323333
448 46.314333 0.501667 0.078000 0.456667
401 46.383000 0.490000 0.074000 0.380000
286 46.456667 0.496667 0.086667 0.320000
975 46.507333 0.505000 0.034667 0.270000
417 46.560667 0.490000 0.085333 0.413333
807 46.677000 0.488333 0.163333 0.816667
804 46.827333 0.503333 0.154667 0.460000
205 46.945667 0.508333 0.099333 0.416667
433 47.046333 0.488333 0.120667 0.276667
951 47.116000 0.491667 0.036000 0.303333
268 47.206667 0.508333 0.161333 0.496667
936 47.295000 0.500000 0.034000 0.266667
902 47.384000 0.506667 0.157333 0.446667
899 47.525333 0.505000 0.141333 0.410000
117 47.643000 0.508333 0.112667 0.350000
889 47.792333 0.505000 0.199333 0.996667
202 47.942667 0.501667 0.116000 0.443333
476 48.031333 0.500000 0.080000 0.406667
823 48.120000 0.495000 0.110667 0.476667
974 48.187667 0.490000 0.042000 0.306667
689 48.244333 0.496667 0.086000 0.420000
677 48.335667 0.490000 0.116667 0.400000
562 48.469667 0.506667 0.164667 0.340000
126 48.609333 0.508333 0.132000 0.456667
33 48.711667 0.508333 0.087333 0.316667
730 48.812000 0.490000 0.126667 0.466667
143 48.899667 0.490000 0.067333 0.346667
859 48.985333 0.510000 0.120000 0.380000
768 49.069000 0.490000 0.060667 0.146667
248 49.127333 0.491667 0.074667 0.403333
274 49.211000 0.498333 0.112667 0.536667
729 49.275000 0.495000 0.028667 0.430000
979 49.301333 0.495000 0.038667 0.303333
233 49.366667 0.493333 0.105333 0.533333
694 49.452333 0.491667 0.086000 0.416667
517 49.552667 0.506667 0.130667 0.426667
711 49.682667 0.500000 0.142667 0.366667
733 49.780000 0.488333 0.066667 0.390000
558 49.840000 0.506667 0.072000 0.353333
135 49.917000 0.491667 0.098000 0.350000
901 50.024000 0.491667 0.136000 0.396667
551 50.152333 0.498333 0.136667 0.416667
203 50.256333 0.496667 0.086000 0.386667
892 50.402667 0.490000 0.224000 1.120000
620 50.614333 0.491667 0.219333 1.096667
253 50.735333 0.501667 0.042667 0.416667
198 50.799000 0.490000 0.100667 0.460000
406 50.899333 0.495000 0.114667 0.443333
982 50.969667 0.505000 0.040667 0.323333
2 51.024000 0.490000 0.086667 0.406667
297 51.100000 0.495000 0.080000 0.443333
103 51.237667 0.488333 0.214000 1.070000
0 51.363000 0.500000 0.051333 0.406667
797 51.435000 0.488333 0.106000 0.396667
46 51.508333 0.500000 0.054000 0.500000
495 51.569667 0.505000 0.082000 0.443333
639 51.632000 0.491667 0.061333 0.303333
506 51.671333 0.496667 0.030667 0.313333
534 51.724333 0.510000 0.091333 0.393333
6 51.814000 0.508333 0.105333 0.416667
621 51.881333 0.498333 0.049333 0.483333
102 52.003333 0.500000 0.212000 1.060000
129 52.182667 0.493333 0.160000 0.586667
557 52.301000 0.510000 0.094000 0.633333
490 52.369667 0.500000 0.060667 0.320000
813 52.457667 0.500000 0.132667 0.453333
926 52.533667 0.493333 0.039333 0.300000
999 52.565000 0.505000 0.042000 0.343333
835 52.625000 0.505000 0.098000 0.416667
854 52.752333 0.500000 0.174000 0.506667
287 52.889667 0.503333 0.118000 0.433333
905 53.016333 0.491667 0.151333 0.483333
553 53.143000 0.510000 0.115333 0.400000
217 53.239667 0.508333 0.092667 0.416667
39 53.331667 0.495000 0.107333 0.356667
376 53.450333 0.501667 0.148667 0.436667
255 53.583333 0.506667 0.133333 0.506667
805 53.748667 0.503333 0.214667 1.073333
343 53.913000 0.493333 0.127333 0.380000
258 54.018000 0.496667 0.098667 0.340000
107 54.164000 0.498333 0.209333 0.436667
603 54.336667 0.500000 0.156000 0.360000
370 54.495000 0.501667 0.180667 0.903333
67 54.662000 0.503333 0.173333 0.866667
701 54.808667 0.496667 0.137333 0.453333
921 54.900000 0.508333 0.064000 0.370000
177 54.989333 0.495000 0.128000 0.463333
915 55.087333 0.500000 0.086667 0.700000
569 55.164333 0.501667 0.086000 0.363333
250 55.310333 0.505000 0.219333 1.096667
494 55.453667 0.496667 0.083333 0.453333
662 55.549333 0.493333 0.121333 0.393333
486 55.633000 0.493333 0.059333 0.353333
584 55.730000 0.506667 0.153333 0.440000
606 55.865000 0.508333 0.136667 0.416667
991 55.943333 0.493333 0.033333 0.286667
350 56.015000 0.488333 0.123333 0.356667
909 56.118000 0.496667 0.096000 0.420000
446 56.187000 0.500000 0.062000 0.373333
384 56.278333 0.496667 0.135333 0.380000
246 56.407667 0.506667 0.143333 0.506667
110 56.530333 0.496667 0.118000 0.420000
37 56.626000 0.498333 0.089333 0.336667
264 56.735333 0.508333 0.148000 0.570000
792 56.852333 0.505000 0.106000 0.423333
181 56.965000 0.503333 0.138000 0.480000
411 57.125333 0.501667 0.200000 0.436667
466 57.252333 0.498333 0.074000 0.376667
12 57.338667 0.508333 0.117333 0.430000
786 57.428000 0.490000 0.074667 0.453333
418 57.496667 0.506667 0.076000 0.366667
548 57.597333 0.498333 0.140000 0.456667
291 57.731000 0.488333 0.143333 0.550000
14 57.857333 0.510000 0.124000 0.400000
911 57.955333 0.500000 0.088000 0.346667
179 58.040000 0.508333 0.094667 0.350000
380 58.170000 0.493333 0.178667 0.893333
180 58.367667 0.495000 0.230000 1.150000
276 58.498000 0.493333 0.050667 0.320000
629 58.605667 0.501667 0.180667 0.903333
354 58.765667 0.491667 0.156667 0.443333
399 58.898000 0.510000 0.121333 0.440000
724 58.985667 0.500000 0.074000 0.393333
712 59.112000 0.490000 0.198667 0.993333
379 59.281000 0.495000 0.158000 0.423333
1015 59.369000 0.496667 0.038000 0.300000
526 59.435333 0.510000 0.114667 0.306667
397 59.522000 0.503333 0.076000 0.346667
594 59.620000 0.495000 0.133333 0.396667
958 59.696667 0.488333 0.038667 0.323333
653 59.782667 0.506667 0.153333 0.500000
200 59.904667 0.506667 0.105333 0.460000
178 60.011667 0.490000 0.126000 0.440000
63 60.113667 0.501667 0.091333 0.330000
106 60.250333 0.498333 0.198000 0.990000
119 60.378000 0.490000 0.074667 0.446667
159 60.430000 0.503333 0.042667 0.340000
484 60.498000 0.496667 0.110667 0.400000
1017 60.566667 0.505000 0.041333 0.310000
284 60.642000 0.500000 0.124000 0.440000
938 60.716333 0.500000 0.038000 0.320000
954 60.748333 0.503333 0.046000 0.360000
450 60.801000 0.503333 0.076667 0.393333
251 60.863333 0.493333 0.068000 0.386667
884 60.956333 0.491667 0.134000 0.450000
447 61.048333 0.503333 0.064667 0.386667
703 61.117667 0.508333 0.092667 0.296667
728 61.178667 0.498333 0.049333 0.436667
32 61.256333 0.510000 0.119333 0.460000
659 61.358333 0.493333 0.102000 0.433333
708 61.454000 0.510000 0.105333 0.433333
149 61.589667 0.508333 0.183333 0.503333
428 61.723333 0.495000 0.098667 0.643333
142 61.812667 0.508333 0.094667 0.496667
109 61.957000 0.498333 0.210000 1.050000
774 62.096333 0.508333 0.083333 0.436667
824 62.176000 0.491667 0.093333 0.410000
80 62.260667 0.495000 0.089333 0.456667
600 62.361667 0.510000 0.126000 0.393333
323 62.506333 0.510000 0.179333 0.360000
84 62.636667 0.493333 0.096000 0.266667
273 62.709333 0.500000 0.065333 0.426667
182 62.825667 0.498333 0.186000 0.930000
228 62.963667 0.490000 0.103333 0.433333
573 63.043333 0.505000 0.076000 0.316667
112 63.184667 0.490000 0.224000 1.120000
571 63.336333 0.498333 0.099333 0.403333
593 63.455667 0.495000 0.156667 0.463333
410 63.578667 0.495000 0.108000 0.490000
808 63.681667 0.496667 0.116667 0.533333
453 63.771000 0.488333 0.075333 0.396667
15 63.852667 0.488333 0.102667 0.343333
252 63.962000 0.501667 0.130667 0.516667
437 64.069000 0.510000 0.102000 0.500000
391 64.191000 0.508333 0.158000 0.790000
758 64.323333 0.498333 0.122667 0.350000
1010 64.402667 0.498333 0.049333 0.370000
316 64.473667 0.498333 0.111333 0.416667
229 64.575333 0.505000 0.108000 0.543333
519 64.713667 0.491667 0.182000 0.910000
136 64.855667 0.491667 0.119333 0.463333
597 64.963000 0.510000 0.111333 0.333333
613 65.082000 0.495000 0.146667 0.390000
767 65.207333 0.505000 0.122667 0.350000
346 65.325333 0.503333 0.132000 0.413333
359 65.479333 0.493333 0.196000 0.980000
58 65.597000 0.496667 0.054000 0.220000
707 65.673000 0.500000 0.118000 0.500000
52 65.780333 0.495000 0.111333 0.390000
507 65.865000 0.491667 0.071333 0.423333
227 65.948000 0.508333 0.108000 0.503333
731 66.024667 0.503333 0.064000 0.326667
890 66.099000 0.488333 0.104667 0.496667
900 66.213333 0.510000 0.137333 0.386667
692 66.326000 0.498333 0.105333 0.510000
1013 66.389000 0.495000 0.039333 0.323333
857 66.499000 0.505000 0.198000 0.443333
778 66.631667 0.498333 0.083333 0.523333
197 66.714667 0.503333 0.096000 0.426667
344 66.825667 0.503333 0.146000 0.420000
549 66.952667 0.493333 0.121333 0.406667
267 67.117333 0.500000 0.222667 1.113333
133 67.284000 0.495000 0.128000 0.396667
365 67.395333 0.493333 0.110667 0.300000
843 67.519333 0.503333 0.154667 0.773333
919 67.627667 0.506667 0.076667 0.353333
68 67.718000 0.491667 0.117333 0.336667
222 67.819000 0.493333 0.100667 0.513333
335 67.927667 0.508333 0.135333 0.483333
947 68.008333 0.498333 0.042000 0.343333
266 68.120667 0.496667 0.196000 0.980000
292 68.277000 0.496667 0.130000 0.500000
4 68.382333 0.503333 0.100667 0.440000
870 68.450333 0.503333 0.055333 0.286667
24 68.527333 0.488333 0.117333 0.396667
483 68.620000 0.505000 0.088000 0.450000
725 68.722333 0.506667 0.131333 0.553333
97 68.889333 0.493333 0.217333 1.086667
525 69.050333 0.493333 0.120667 0.400000
7 69.170000 0.505000 0.134667 0.470000
847 69.294667 0.495000 0.129333 0.396667
699 69.407000 0.501667 0.114000 0.316667
973 69.476667 0.495000 0.040000 0.316667
387 69.560667 0.510000 0.145333 0.440000
236 69.689667 0.508333 0.127333 0.516667
545 69.785333 0.506667 0.084000 0.340000
402 69.901000 0.496667 0.164667 0.440000
834 70.018667 0.488333 0.089333 0.390000
691 70.099333 0.501667 0.088000 0.430000
449 70.163667 0.488333 0.055333 0.290000
953 70.203667 0.501667 0.039333 0.323333
673 70.263667 0.490000 0.095333 0.320000
168 70.390667 0.510000 0.174667 0.873333
841 70.514667 0.500000 0.090667 0.373333
375 70.624667 0.510000 0.142667 0.426667
706 70.726000 0.506667 0.078667 0.413333
930 70.773333 0.506667 0.029333 0.246667
723 70.827000 0.501667 0.095333 0.323333
116 70.924333 0.508333 0.119333 0.370000
626 71.062667 0.500000 0.172000 0.860000
948 71.167333 0.495000 0.052000 0.370000
614 71.269667 0.498333 0.167333 0.456667
360 71.410000 0.495000 0.133333 0.383333
194 71.528333 0.490000 0.116667 0.540000
23 71.664333 0.508333 0.171333 0.856667
644 71.779000 0.503333 0.071333 0.360000
400 71.828333 0.491667 0.047333 0.410000
403 71.919000 0.503333 0.151333 0.420000
422 72.027333 0.496667 0.084000 0.340000
74 72.135667 0.493333 0.152667 0.473333
760 72.304333 0.505000 0.200667 1.003333
87 72.504333 0.491667 0.218000 0.470000
444 72.643667 0.496667 0.080667 0.413333
705 72.762333 0.498333 0.175333 0.876667
533 72.895000 0.488333 0.106000 0.363333
337 73.017000 0.501667 0.156667 0.783333
989 73.107000 0.495000 0.040667 0.303333
382 73.218000 0.490000 0.201333 1.006667
780 73.380667 0.490000 0.138667 0.406667
302 73.471000 0.506667 0.055333 0.313333
497 73.553333 0.503333 0.122667 0.313333
850 73.664333 0.490000 0.119333 0.493333
799 73.768667 0.500000 0.105333 0.386667
216 73.873333 0.498333 0.120000 0.610000
257 73.992000 0.500000 0.133333 0.400000
500 74.083667 0.503333 0.068667 0.300000
610 74.171333 0.490000 0.125333 0.386667
91 74.302667 0.490000 0.157333 0.786667
470 74.413000 0.496667 0.076667 0.393333
304 74.473333 0.506667 0.057333 0.320000
348 74.561000 0.505000 0.131333 0.370000
381 74.683667 0.496667 0.131333 0.353333
407 74.796667 0.488333 0.109333 0.416667
238 74.948667 0.490000 0.213333 1.066667
79 75.178667 0.500000 0.262667 0.486667
674 75.363333 0.500000 0.121333 0.406667
667 75.472333 0.490000 0.110000 0.380000
339 75.563333 0.496667 0.089333 0.440000
47 75.645000 0.495000 0.087333 0.416667
293 75.726667 0.510000 0.096000 0.373333
531 75.860667 0.490000 0.189333 0.946667
602 76.018333 0.495000 0.146000 0.450000
772 76.184000 0.500000 0.200000 1.000000
44 76.324333 0.508333 0.096667 0.383333
528 76.430667 0.508333 0.134667 0.443333
539 76.533000 0.506667 0.083333 0.373333
770 76.630333 0.488333 0.126000 0.403333
658 76.719667 0.506667 0.068667 0.380000
944 76.764000 0.491667 0.040000 0.290000
491 76.821333 0.498333 0.088000 0.430000
421 76.972333 0.495000 0.227333 1.136667
49 77.174333 0.505000 0.196667 0.983333
210 77.311667 0.493333 0.098000 0.493333
187 77.414333 0.498333 0.122000 0.510000
556 77.520333 0.501667 0.108667 0.436667
964 77.585333 0.510000 0.034667 0.280000
35 77.655333 0.505000 0.122667 0.423333
455 77.742000 0.491667 0.068000 0.350000
356 77.840000 0.488333 0.146667 0.430000
342 77.940000 0.500000 0.069333 0.320000
949 77.985000 0.505000 0.035333 0.283333
800 78.048000 0.490000 0.110667 0.400000
514 78.163667 0.500000 0.139333 0.440000
846 78.270000 0.493333 0.086667 0.360000
386 78.379667 0.508333 0.151333 0.423333
683 78.506000 0.510000 0.120000 0.326667
633 78.673000 0.506667 0.230000 0.640000
100 78.901333 0.493333 0.240000 0.513333
307 79.042333 0.496667 0.062000 0.340000
132 79.115667 0.496667 0.098000 0.420000
81 79.204667 0.495000 0.100000 0.403333
237 79.283667 0.506667 0.072667 0.473333
1005 79.333333 0.500000 0.041333 0.326667
86 79.401333 0.496667 0.113333 0.526667
579 79.518000 0.501667 0.133333 0.363333
777 79.638333 0.505000 0.123333 0.516667
239 79.745667 0.500000 0.110000 0.666667
275 79.815333 0.503333 0.048000 0.306667
62 79.863667 0.506667 0.064667 0.313333
183 79.944000 0.495000 0.112000 0.450000
853 80.040000 0.490000 0.100000 0.473333
684 80.129667 0.510000 0.096667 0.333333
1018 80.188333 0.500000 0.035333 0.293333
493 80.242667 0.495000 0.088000 0.470000
825 80.323333 0.503333 0.088000 0.400000
294 80.454667 0.510000 0.192000 0.960000
120 80.645333 0.510000 0.205333 1.026667
873 80.787333 0.500000 0.093333 0.446667
90 80.919000 0.496667 0.190000 0.400000
978 81.023000 0.488333 0.038000 0.290000
73 81.106000 0.506667 0.146667 0.460000
306 81.210333 0.501667 0.075333 0.423333
830 81.292333 0.493333 0.108667 0.533333
254 81.416333 0.493333 0.155333 0.593333
895 81.564667 0.488333 0.156000 0.416667
312 81.687667 0.491667 0.110000 0.436667
477 81.775000 0.510000 0.079333 0.406667
372 81.864333 0.491667 0.112667 0.350000
852 81.951667 0.493333 0.080667 0.373333
814 82.040000 0.500000 0.112000 0.373333
1002 82.109333 0.510000 0.042667 0.306667
427 82.178333 0.503333 0.115333 0.546667
565 82.308000 0.503333 0.160000 0.333333
220 82.430000 0.503333 0.100000 0.406667
383 82.585667 0.495000 0.230000 1.150000
587 82.756000 0.493333 0.124000 0.386667
812 82.884000 0.510000 0.145333 0.400000
479 82.983000 0.498333 0.067333 0.356667
431 83.062000 0.495000 0.104000 0.383333
434 83.169000 0.505000 0.124667 0.430000
28 83.266667 0.506667 0.088000 0.286667
243 83.386000 0.496667 0.164000 0.560000
686 83.498000 0.501667 0.080000 0.390000
809 83.588000 0.490000 0.114667 0.626667
186 83.679667 0.496667 0.086000 0.360000
746 83.775667 0.510000 0.124667 0.426667
22 83.892667 0.508333 0.122667 0.410000
916 84.022333 0.490000 0.150000 0.326667
3 84.134667 0.510000 0.092000 0.386667
927 84.194000 0.501667 0.041333 0.296667
345 84.263333 0.490000 0.110667 0.306667
158 84.391000 0.491667 0.163333 0.816667
788 84.557000 0.506667 0.187333 0.540000
317 84.700333 0.498333 0.112667 0.416667
950 84.770000 0.501667 0.042667 0.323333
259 84.889333 0.496667 0.213333 1.066667
318 85.035000 0.490000 0.096667 0.413333
816 85.131333 0.498333 0.112000 0.290000
201 85.219333 0.493333 0.080000 0.406667
278 85.317667 0.493333 0.135333 0.406667
795 85.416667 0.501667 0.076000 0.463333
172 85.510000 0.506667 0.126667 0.446667
908 85.611667 0.490000 0.094000 0.346667
121 85.661000 0.510000 0.022000 0.393333
865 85.713667 0.498333 0.100667 0.336667
211 85.811333 0.508333 0.114667 0.463333
460 85.900667 0.505000 0.078667 0.430000
623 86.024333 0.496667 0.183333 0.606667
821 86.159333 0.495000 0.106667 0.670000
632 86.298667 0.510000 0.189333 0.606667
680 86.446333 0.493333 0.119333 0.406667
616 86.579333 0.508333 0.166667 0.430000
36 86.707333 0.490000 0.102667 0.360000
904 86.785667 0.500000 0.070000 0.326667
727 86.854333 0.491667 0.086000 0.390000
218 86.945333 0.508333 0.116000 0.463333
416 87.047000 0.505000 0.103333 0.503333
88 87.199667 0.501667 0.216667 1.083333
396 87.402667 0.500000 0.209333 1.046667
498 87.536000 0.490000 0.070667 0.426667
817 87.618667 0.506667 0.113333 0.266667
329 87.759667 0.490000 0.182000 0.593333
765 87.884000 0.510000 0.081333 0.433333
333 88.001667 0.505000 0.172667 0.376667
150 88.143333 0.488333 0.129333 0.510000
943 88.218000 0.488333 0.033333 0.276667
868 88.265333 0.496667 0.078667 0.446667
993 88.319667 0.488333 0.043333 0.316667
698 88.366333 0.501667 0.066000 0.343333
561 88.461000 0.500000 0.138000 0.320000
583 88.555667 0.510000 0.066000 0.413333
471 88.605000 0.506667 0.052667 0.300000
153 88.661667 0.493333 0.080667 0.366667
945 88.716667 0.505000 0.048000 0.350000
585 88.809333 0.498333 0.153333 0.456667
744 88.940667 0.508333 0.125333 0.510000
195 89.037000 0.500000 0.086000 0.433333
855 89.105000 0.508333 0.063333 0.163333
505 89.155667 0.505000 0.058000 0.243333
851 89.222000 0.501667 0.090667 0.423333
981 89.280333 0.506667 0.039333 0.306667
271 89.404000 0.510000 0.224000 1.120000
521 89.574667 0.508333 0.133333 0.343333
454 89.664333 0.500000 0.066000 0.393333
59 89.794667 0.490000 0.208000 0.553333
1011 89.910000 0.503333 0.041333 0.340000
199 89.965333 0.490000 0.086667 0.420000
578 90.060000 0.501667 0.116000 0.483333
967 90.131667 0.491667 0.046000 0.363333
331 90.233667 0.508333 0.174000 0.870000
742 90.400333 0.491667 0.172667 0.863333
469 90.511333 0.495000 0.062667 0.376667
718 90.616000 0.510000 0.161333 0.420000
636 90.737333 0.510000 0.096000 0.213333
443 90.811333 0.490000 0.065333 0.340000
609 90.871667 0.490000 0.071333 0.293333
55 90.964000 0.501667 0.130667 0.350000
148 91.094667 0.501667 0.148000 0.403333
122 91.207667 0.498333 0.092667 0.323333
65 91.296667 0.493333 0.104000 0.253333
801 91.396333 0.493333 0.115333 0.440000
605 91.507000 0.501667 0.126000 0.343333
156 91.664667 0.496667 0.206667 1.033333
394 91.840000 0.508333 0.158667 0.430000
395 91.974667 0.505000 0.128000 0.356667
858 92.087000 0.490000 0.111333 0.340000
295 92.186000 0.495000 0.104000 0.443333
793 92.278333 0.501667 0.098000 0.403333
690 92.369667 0.508333 0.103333 0.510000
898 92.469667 0.510000 0.114000 0.306667
321 92.565333 0.503333 0.097333 0.413333
751 92.661000 0.503333 0.108667 0.473333
903 92.785333 0.493333 0.156000 0.420000
527 92.929333 0.506667 0.149333 0.426667
924 93.016000 0.493333 0.037333 0.280000
204 93.075667 0.496667 0.098000 0.400000
89 93.205000 0.490000 0.178000 0.380000
261 93.343333 0.490000 0.116000 0.560000
212 93.453667 0.506667 0.119333 0.526667
888 93.581667 0.491667 0.155333 0.470000
537 93.782333 0.493333 0.266000 0.446667
75 93.977000 0.501667 0.138000 0.436667
18 94.081000 0.491667 0.090000 0.316667
962 94.140000 0.508333 0.041333 0.310000
226 94.204667 0.501667 0.102667 0.463333
842 94.301000 0.491667 0.106000 0.490000
572 94.393667 0.491667 0.096667 0.403333
509 94.485000 0.488333 0.102000 0.323333
64 94.561000 0.501667 0.066000 0.363333
207 94.639667 0.501667 0.111333 0.443333
48 94.835667 0.498333 0.296667 0.610000
338 95.038000 0.501667 0.121333 0.630000
130 95.169667 0.490000 0.160667 0.346667
980 95.260000 0.510000 0.038667 0.286667
154 95.315000 0.490000 0.084667 0.413333
502 95.391667 0.505000 0.087333 0.396667
281 95.497333 0.491667 0.137333 0.483333
563 95.640333 0.493333 0.163333 0.333333
127 95.825667 0.508333 0.227333 1.136667
1022 95.956333 0.491667 0.050000 0.376667
371 96.052333 0.500000 0.155333 0.406667
755 96.177333 0.495000 0.110667 0.376667
389 96.286667 0.506667 0.121333 0.380000
272 96.412000 0.491667 0.146667 0.430000
13 96.519667 0.501667 0.088667 0.283333
844 96.609667 0.508333 0.108667 0.450000
235 96.699333 0.506667 0.084000 0.426667
42 96.763000 0.505000 0.063333 0.356667
439 96.829333 0.508333 0.088000 0.343333
607 96.925000 0.493333 0.119333 0.360000
657 97.029333 0.510000 0.105333 0.426667
591 97.155667 0.498333 0.167333 0.476667
166 97.302667 0.501667 0.140000 0.496667
50 97.444333 0.491667 0.160667 0.490000
634 97.556667 0.500000 0.082667 0.360000
965 97.612000 0.506667 0.042667 0.346667
138 97.659000 0.503333 0.064667 0.360000
977 97.706000 0.510000 0.049333 0.360000
771 97.776000 0.505000 0.106667 0.516667
618 97.861000 0.490000 0.078000 0.446667
580 97.964667 0.495000 0.148000 0.356667
330 98.072000 0.505000 0.085333 0.330000
687 98.152000 0.503333 0.090667 0.440000
819 98.259667 0.495000 0.140667 0.496667
111 98.377000 0.498333 0.110000 0.476667
672 98.491000 0.508333 0.134000 0.470000
499 98.582667 0.490000 0.064000 0.393333
70 98.669000 0.498333 0.124667 0.430000
864 98.781667 0.510000 0.120667 0.466667
696 98.897333 0.490000 0.125333 0.286667
776 99.029000 0.501667 0.156667 0.390000
513 99.154667 0.506667 0.113333 0.360000
301 99.230333 0.493333 0.058000 0.326667
781 99.286333 0.503333 0.074000 0.380000
837 99.377667 0.491667 0.122000 0.496667
785 99.458333 0.508333 0.058000 0.243333
896 99.559333 0.503333 0.162667 0.440000
174 99.689333 0.500000 0.112000 0.433333
1004 99.756667 0.503333 0.036000 0.266667
452 99.804000 0.488333 0.072000 0.430000
887 99.890667 0.503333 0.121333 0.386667
640 99.984667 0.488333 0.080000 0.403333
833 100.062000 0.496667 0.088000 0.380000
598 100.165667 0.493333 0.135333 0.400000
848 100.282333 0.496667 0.112667 0.353333
779 100.351333 0.500000 0.044000 0.400000
794 100.402667 0.501667 0.072000 0.443333
880 100.482667 0.490000 0.105333 0.366667
1008 100.549667 0.490000 0.044667 0.353333
738 100.604333 0.506667 0.079333 0.353333
709 100.728333 0.491667 0.187333 0.936667
874 100.862333 0.488333 0.100667 0.443333
538 100.990000 0.490000 0.170667 0.853333
564 101.131333 0.508333 0.130667 0.270000
147 101.228333 0.501667 0.078000 0.330000
773 101.328000 0.495000 0.137333 0.376667
654 101.477000 0.496667 0.176667 0.400000
368 101.640000 0.503333 0.164000 0.466667
108 101.827000 0.501667 0.223333 1.116667
124 101.977667 0.496667 0.096667 0.373333
702 102.086000 0.505000 0.137333 0.430000
78 102.233333 0.500000 0.174667 0.433333
955 102.332000 0.491667 0.036000 0.270000
716 102.412667 0.510000 0.145333 0.453333
645 102.513333 0.506667 0.074667 0.340000
8 102.591667 0.510000 0.099333 0.380000
40 102.688333 0.510000 0.112667 0.360000
288 102.793000 0.490000 0.110000 0.420000
429 102.903333 0.510000 0.125333 0.420000
208 103.014000 0.490000 0.112000 0.560000
743 103.106333 0.493333 0.087333 0.373333
404 103.255667 0.495000 0.228667 1.143333
175 103.459333 0.496667 0.194667 0.973333
946 103.568333 0.488333 0.036667 0.303333
997 103.591667 0.490000 0.030000 0.253333
161 103.668000 0.508333 0.136000 0.510000
787 103.758000 0.508333 0.060000 0.370000
373 103.854667 0.506667 0.149333 0.460000
577 103.966333 0.493333 0.092667 0.366667
935 104.026333 0.490000 0.046000 0.333333
29 104.100333 0.505000 0.122000 0.330000
829 104.201667 0.490000 0.096667 0.420000
424 104.316667 0.501667 0.152000 0.483333
155 104.436000 0.508333 0.102667 0.576667
137 104.513000 0.501667 0.066000 0.390000
