164 0.059333 0.493333 0.112000 0.433333
868 0.149667 0.495000 0.083333 0.470000
62 0.224333 0.501667 0.086000 0.403333
983 0.275667 0.505000 0.032667 0.256667
871 0.312000 0.506667 0.057333 0.300000
416 0.374333 0.493333 0.083333 0.406667
953 0.429667 0.496667 0.040667 0.313333
550 0.482667 0.493333 0.080000 0.393333
986 0.531000 0.506667 0.035333 0.273333
786 0.576333 0.488333 0.072667 0.443333
944 0.624333 0.498333 0.038000 0.290000
719 0.731667 0.501667 0.195333 0.976667
29 0.891000 0.501667 0.136667 0.376667
966 0.970667 0.491667 0.036000 0.276667
864 1.030000 0.503333 0.097333 0.386667
228 1.113667 0.491667 0.088667 0.363333
893 1.217000 0.493333 0.135333 0.400000
516 1.334333 0.490000 0.115333 0.386667
301 1.424000 0.490000 0.082667 0.460000
252 1.527333 0.503333 0.137333 0.546667
521 1.643333 0.506667 0.113333 0.326667
311 1.743333 0.491667 0.101333 0.456667
618 1.822667 0.508333 0.070667 0.456667
215 1.916333 0.500000 0.130000 0.520000
365 2.046000 0.508333 0.149333 0.410000
329 2.204333 0.501667 0.180667 0.903333
934 2.304333 0.498333 0.038000 0.316667
243 2.397333 0.490000 0.161333 0.806667
190 2.529000 0.505000 0.116667 0.470000
958 2.602333 0.496667 0.043333 0.313333
478 2.652000 0.490000 0.069333 0.413333
133 2.726667 0.488333 0.094667 0.296667
993 2.780000 0.491667 0.032000 0.250000
49 2.862333 0.505000 0.147333 0.736667
784 2.951000 0.500000 0.046000 0.380000
158 3.071333 0.493333 0.208000 1.040000
915 3.213000 0.500000 0.094000 0.753333
388 3.358333 0.501667 0.216667 1.083333
48 3.566000 0.503333 0.216000 1.080000
701 3.747000 0.495000 0.164667 0.823333
954 3.842667 0.503333 0.045333 0.353333
16 3.919667 0.500000 0.123333 0.400000
875 4.057333 0.500000 0.170667 0.853333
582 4.191333 0.505000 0.116000 0.430000
999 4.257000 0.501667 0.032667 0.270000
297 4.296333 0.500000 0.066000 0.360000
227 4.370000 0.506667 0.094667 0.386667
211 4.461000 0.491667 0.100667 0.410000
281 4.573333 0.490000 0.140000 0.480000
290 4.698667 0.503333 0.128000 0.360000
198 4.795000 0.505000 0.083333 0.423333
920 4.887333 0.491667 0.114667 0.456667
782 4.988667 0.503333 0.108000 0.506667
424 5.111333 0.508333 0.152000 0.476667
468 5.209667 0.491667 0.064667 0.330000
460 5.264333 0.498333 0.063333 0.323333
757 5.365000 0.496667 0.158000 0.460000
355 5.492000 0.491667 0.110667 0.323333
160 5.581333 0.498333 0.082667 0.450000
637 5.648667 0.510000 0.070667 0.366667
709 5.732333 0.506667 0.115333 0.506667
303 5.818333 0.496667 0.071333 0.406667
562 5.933333 0.505000 0.172000 0.370000
971 6.025000 0.500000 0.028667 0.240000
843 6.074000 0.503333 0.088000 0.366667
261 6.198333 0.501667 0.179333 0.896667
884 6.342333 0.495000 0.123333 0.443333
408 6.438333 0.510000 0.083333 0.320000
404 6.524333 0.510000 0.106000 0.533333
11 6.634333 0.508333 0.128667 0.423333
998 6.710667 0.503333 0.037333 0.286667
721 6.834333 0.488333 0.226000 1.130000
752 6.971333 0.503333 0.068000 0.180000
638 7.040000 0.488333 0.086667 0.343333
882 7.127667 0.491667 0.103333 0.396667
72 7.219000 0.495000 0.099333 0.476667
495 7.294000 0.490000 0.064000 0.333333
607 7.372667 0.501667 0.113333 0.356667
350 7.490000 0.490000 0.141333 0.433333
258 7.607000 0.496667 0.112667 0.393333
872 7.726667 0.508333 0.144000 0.416667
263 7.865667 0.500000 0.154000 0.566667
904 7.965667 0.503333 0.060667 0.300000
645 8.026000 0.490000 0.077333 0.353333
960 8.078000 0.498333 0.045333 0.350000
159 8.110333 0.508333 0.032667 0.270000
80 8.165333 0.495000 0.097333 0.456667
758 8.279667 0.495000 0.150000 0.450000
499 8.380667 0.505000 0.066667 0.396667
517 8.473000 0.506667 0.135333 0.453333
591 8.588667 0.508333 0.116000 0.370000
185 8.702333 0.506667 0.126000 0.506667
235 8.812333 0.490000 0.114000 0.466667
765 8.898000 0.496667 0.070667 0.333333
839 8.965667 0.488333 0.080667 0.356667
406 9.051667 0.493333 0.104667 0.406667
593 9.195333 0.503333 0.200000 1.000000
447 9.316000 0.498333 0.054667 0.310000
967 9.359667 0.501667 0.051333 0.376667
423 9.443000 0.491667 0.134000 0.430000
209 9.546333 0.491667 0.088667 0.436667
134 9.640000 0.495000 0.116000 0.376667
126 9.759333 0.498333 0.141333 0.463333
35 9.879667 0.505000 0.118000 0.430000
484 9.984000 0.498333 0.104000 0.356667
643 10.087333 0.493333 0.116000 0.446667
110 10.205333 0.501667 0.134667 0.503333
244 10.354333 0.505000 0.176667 0.476667
510 10.484000 0.503333 0.101333 0.373333
328 10.623000 0.506667 0.191333 0.500000
319 10.751000 0.491667 0.080667 0.296667
711 10.886333 0.503333 0.206000 0.560000
293 11.020333 0.510000 0.082000 0.313333
831 11.096667 0.498333 0.089333 0.436667
386 11.190000 0.498333 0.117333 0.370000
321 11.293000 0.488333 0.102000 0.483333
639 11.375333 0.500000 0.076000 0.373333
309 11.434667 0.503333 0.061333 0.340000
85 11.497667 0.493333 0.084667 0.326667
664 11.588667 0.493333 0.112000 0.386667
236 11.692333 0.506667 0.112667 0.566667
1006 11.756000 0.501667 0.032000 0.270000
254 11.839667 0.510000 0.155333 0.600000
879 11.988667 0.491667 0.157333 0.436667
175 12.122000 0.491667 0.122667 0.436667
47 12.230333 0.490000 0.112667 0.533333
240 12.314667 0.506667 0.070667 0.373333
897 12.436000 0.506667 0.190667 0.953333
581 12.571333 0.508333 0.094667 0.403333
417 12.660333 0.506667 0.103333 0.493333
940 12.723333 0.496667 0.036000 0.266667
627 12.809333 0.501667 0.150667 0.503333
961 12.892667 0.490000 0.034667 0.286667
867 12.946000 0.496667 0.090667 0.286667
196 13.032667 0.506667 0.100000 0.433333
299 13.128333 0.500000 0.104667 0.406667
703 13.238333 0.501667 0.128667 0.416667
106 13.404667 0.506667 0.220000 1.100000
827 13.559667 0.505000 0.108667 0.443333
54 13.632667 0.493333 0.054667 0.313333
108 13.755000 0.488333 0.203333 0.430000
988 13.864667 0.508333 0.036000 0.256667
985 13.893667 0.493333 0.042000 0.326667
780 13.962333 0.500000 0.115333 0.360000
565 14.103333 0.503333 0.180000 0.406667
956 14.205000 0.495000 0.039333 0.303333
407 14.256000 0.495000 0.080000 0.303333
599 14.351667 0.495000 0.127333 0.383333
629 14.510000 0.506667 0.206667 1.033333
558 14.647000 0.490000 0.087333 0.420000
571 14.721333 0.490000 0.077333 0.333333
520 14.807667 0.495000 0.112667 0.383333
891 14.882333 0.498333 0.051333 0.290000
548 14.958667 0.506667 0.120000 0.426667
845 15.057333 0.488333 0.092000 0.403333
186 15.138000 0.496667 0.089333 0.366667
669 15.232667 0.500000 0.114667 0.380000
630 15.390667 0.496667 0.220000 1.100000
622 15.587667 0.491667 0.191333 0.956667
222 15.731333 0.501667 0.116000 0.510000
246 15.863667 0.500000 0.168667 0.580000
124 15.998667 0.510000 0.116000 0.413333
475 16.092333 0.496667 0.090000 0.460000
64 16.162667 0.505000 0.070667 0.356667
289 16.321333 0.491667 0.266667 0.516667
907 16.516667 0.491667 0.140000 0.483333
714 16.661667 0.508333 0.167333 0.503333
451 16.774000 0.495000 0.076000 0.396667
806 16.909000 0.501667 0.214000 1.070000
964 17.023000 0.500000 0.032667 0.253333
649 17.071000 0.493333 0.080667 0.426667
610 17.154333 0.508333 0.104667 0.323333
822 17.251333 0.503333 0.109333 0.380000
98 17.398667 0.500000 0.201333 1.006667
295 17.550667 0.488333 0.122667 0.523333
491 17.653333 0.496667 0.098667 0.486667
15 17.743333 0.503333 0.100000 0.340000
34 17.849333 0.506667 0.130667 0.433333
12 17.960667 0.490000 0.110667 0.360000
450 18.047667 0.490000 0.080667 0.420000
438 18.159000 0.508333 0.159333 0.470000
66 18.321667 0.508333 0.180667 0.903333
613 18.466667 0.493333 0.126667 0.340000
366 18.583667 0.490000 0.124667 0.340000
38 18.687000 0.495000 0.095333 0.356667
118 18.783333 0.488333 0.116000 0.443333
677 18.898333 0.491667 0.134000 0.443333
823 19.006667 0.488333 0.096000 0.476667
206 19.094000 0.510000 0.094667 0.480000
316 19.194667 0.505000 0.126667 0.436667
33 19.308333 0.493333 0.118000 0.373333
1009 19.378333 0.490000 0.038000 0.313333
623 19.460333 0.500000 0.146000 0.480000
144 19.582333 0.505000 0.115333 0.530000
979 19.651000 0.498333 0.040667 0.310000
608 19.713667 0.500000 0.103333 0.353333
280 19.825667 0.505000 0.139333 0.503333
829 19.947000 0.488333 0.123333 0.510000
146 20.037333 0.501667 0.074667 0.350000
850 20.116333 0.496667 0.100667 0.413333
564 20.248000 0.496667 0.176000 0.366667
10 20.374333 0.488333 0.094000 0.336667
696 20.488333 0.510000 0.154000 0.353333
731 20.591667 0.508333 0.072667 0.350000
203 20.672333 0.488333 0.107333 0.450000
470 20.750667 0.498333 0.068000 0.410000
50 20.834000 0.496667 0.118667 0.386667
812 20.943000 0.510000 0.116667 0.380000
652 21.077333 0.510000 0.168000 0.840000
793 21.203667 0.505000 0.103333 0.423333
574 21.284333 0.498333 0.075333 0.303333
189 21.365333 0.506667 0.105333 0.433333
76 21.482000 0.493333 0.142667 0.446667
302 21.583667 0.501667 0.080667 0.450000
816 21.690000 0.493333 0.146667 0.333333
902 21.808333 0.505000 0.107333 0.330000
767 21.924333 0.506667 0.142000 0.426667
796 22.069333 0.496667 0.165333 0.826667
504 22.207333 0.505000 0.128000 0.363333
801 22.305000 0.506667 0.083333 0.293333
708 22.388333 0.510000 0.100667 0.400000
587 22.505000 0.498333 0.148667 0.470000
125 22.625000 0.491667 0.104667 0.503333
502 22.704667 0.493333 0.073333 0.360000
753 22.795333 0.488333 0.125333 0.403333
1 22.893000 0.491667 0.087333 0.450000
918 22.975333 0.503333 0.096000 0.313333
275 23.042667 0.498333 0.052000 0.316667
524 23.121000 0.501667 0.118000 0.376667
273 23.203333 0.505000 0.065333 0.416667
946 23.249333 0.496667 0.042667 0.353333
963 23.282333 0.505000 0.043333 0.343333
814 23.361667 0.505000 0.135333 0.383333
945 23.443667 0.503333 0.046000 0.333333
103 23.558000 0.496667 0.197333 0.420000
740 23.715000 0.495000 0.131333 0.303333
212 23.814333 0.503333 0.080667 0.413333
352 23.931667 0.495000 0.170000 0.850000
984 24.028000 0.510000 0.036000 0.266667
735 24.090667 0.495000 0.108000 0.436667
345 24.211333 0.501667 0.146667 0.423333
464 24.311333 0.506667 0.066667 0.360000
694 24.373000 0.506667 0.070000 0.346667
137 24.430667 0.491667 0.061333 0.370000
886 24.521000 0.498333 0.136667 0.463333
575 24.631667 0.491667 0.098000 0.336667
322 24.720333 0.510000 0.098000 0.113333
555 24.780000 0.503333 0.041333 0.400000
422 24.842000 0.500000 0.102667 0.420000
746 24.948667 0.493333 0.124000 0.426667
634 25.048333 0.490000 0.092667 0.386667
193 25.146333 0.500000 0.116667 0.486667
488 25.226667 0.508333 0.062667 0.310000
937 25.270667 0.500000 0.041333 0.346667
253 25.309000 0.488333 0.055333 0.510000
1016 25.352333 0.496667 0.050000 0.366667
409 25.423333 0.491667 0.108000 0.550000
739 25.498000 0.510000 0.058667 0.466667
919 25.560667 0.490000 0.080000 0.366667
128 25.682333 0.491667 0.176667 0.523333
609 25.798000 0.500000 0.073333 0.300000
680 25.885333 0.505000 0.114667 0.423333
614 26.013000 0.498333 0.159333 0.450000
942 26.109333 0.503333 0.050667 0.366667
21 26.171667 0.505000 0.092667 0.303333
604 26.277000 0.510000 0.135333 0.406667
65 26.383000 0.503333 0.095333 0.240000
720 26.532000 0.503333 0.221333 1.106667
925 26.651667 0.491667 0.038000 0.296667
989 26.683000 0.490000 0.039333 0.313333
176 26.755000 0.493333 0.124667 0.433333
895 26.870667 0.496667 0.126667 0.346667
264 26.985667 0.506667 0.119333 0.453333
916 27.117000 0.505000 0.156667 0.783333
150 27.248667 0.500000 0.125333 0.493333
410 27.352667 0.498333 0.101333 0.450000
741 27.451667 0.493333 0.110000 0.386667
684 27.550000 0.488333 0.100000 0.343333
818 27.650000 0.506667 0.117333 0.280000
513 27.752667 0.510000 0.102667 0.320000
141 27.845333 0.496667 0.097333 0.413333
832 27.948333 0.508333 0.127333 0.510000
854 28.082667 0.510000 0.154667 0.506667
123 28.202000 0.506667 0.100000 0.593333
444 28.273333 0.493333 0.056000 0.293333
559 28.326000 0.508333 0.069333 0.336667
91 28.441667 0.508333 0.176667 0.376667
573 28.559667 0.510000 0.079333 0.306667
221 28.631333 0.490000 0.080000 0.406667
251 28.700333 0.510000 0.074000 0.413333
657 28.779000 0.495000 0.103333 0.423333
662 28.870000 0.503333 0.094667 0.306667
673 28.968000 0.498333 0.116000 0.390000
924 29.036667 0.491667 0.040000 0.316667
92 29.162667 0.505000 0.225333 0.476667
514 29.328333 0.506667 0.126000 0.400000
398 29.419000 0.491667 0.072667 0.390000
320 29.505667 0.488333 0.114000 0.376667
974 29.573333 0.501667 0.034667 0.256667
764 29.620333 0.488333 0.075333 0.343333
239 29.743000 0.491667 0.188667 0.943333
436 29.895667 0.505000 0.131333 0.383333
922 29.978667 0.501667 0.049333 0.376667
381 30.068000 0.488333 0.148000 0.423333
685 30.176667 0.495000 0.086667 0.350000
362 30.290667 0.505000 0.156000 0.436667
202 30.424667 0.490000 0.130667 0.566667
681 30.504000 0.488333 0.041333 0.350000
654 30.598333 0.488333 0.166000 0.830000
539 30.708667 0.490000 0.074667 0.353333
732 30.770667 0.488333 0.068000 0.356667
987 30.820333 0.493333 0.047333 0.346667
116 30.900667 0.506667 0.129333 0.406667
390 31.025667 0.510000 0.139333 0.393333
756 31.143667 0.495000 0.114000 0.343333
789 31.224000 0.498333 0.061333 0.376667
632 31.331333 0.506667 0.166667 0.833333
51 31.470000 0.490000 0.124000 0.420000
869 31.558667 0.491667 0.069333 0.403333
511 31.635000 0.510000 0.103333 0.333333
169 31.727000 0.496667 0.095333 0.340000
229 31.821333 0.503333 0.106667 0.540000
37 31.923000 0.488333 0.114000 0.430000
973 31.986667 0.498333 0.030667 0.256667
863 32.045000 0.510000 0.106000 0.513333
802 32.182333 0.508333 0.186000 0.396667
1012 32.283667 0.501667 0.035333 0.263333
648 32.327667 0.503333 0.072667 0.340000
333 32.440667 0.506667 0.170667 0.380000
13 32.579667 0.506667 0.124667 0.406667
283 32.683000 0.510000 0.099333 0.340000
803 32.809667 0.500000 0.174000 0.540000
120 32.991667 0.488333 0.207333 0.596667
191 33.141333 0.510000 0.106667 0.446667
715 33.262333 0.496667 0.148667 0.380000
331 33.460000 0.503333 0.264000 0.626667
824 33.636000 0.488333 0.105333 0.523333
503 33.741333 0.493333 0.121333 0.360000
688 33.838333 0.491667 0.092667 0.456667
675 33.926667 0.510000 0.101333 0.346667
1022 33.992667 0.510000 0.050667 0.373333
970 34.028333 0.510000 0.036667 0.286667
975 34.060667 0.506667 0.041333 0.340000
530 34.125333 0.505000 0.106667 0.510000
826 34.222000 0.510000 0.100000 0.413333
154 34.300000 0.496667 0.069333 0.320000
597 34.396333 0.495000 0.140667 0.436667
370 34.546333 0.488333 0.172667 0.863333
217 34.709333 0.510000 0.169333 0.846667
717 34.886667 0.496667 0.202667 1.013333
544 35.035333 0.510000 0.113333 0.406667
1020 35.107667 0.490000 0.044667 0.360000
569 35.168667 0.496667 0.094667 0.413333
690 35.249000 0.506667 0.083333 0.413333
678 35.344333 0.505000 0.127333 0.416667
926 35.421667 0.505000 0.046000 0.356667
692 35.471333 0.493333 0.073333 0.353333
401 35.538333 0.501667 0.075333 0.423333
518 35.617000 0.506667 0.100667 0.353333
707 35.704333 0.505000 0.087333 0.403333
931 35.764667 0.493333 0.046667 0.360000
413 35.891667 0.491667 0.220667 1.103333
465 36.025333 0.510000 0.060000 0.360000
1005 36.066667 0.488333 0.036000 0.270000
994 36.095667 0.490000 0.038000 0.273333
546 36.161333 0.505000 0.110667 0.450000
79 36.302000 0.510000 0.189333 0.946667
570 36.433667 0.501667 0.088667 0.383333
661 36.534333 0.500000 0.131333 0.433333
129 36.682333 0.498333 0.183333 0.916667
730 36.843000 0.505000 0.158000 0.576667
267 37.014667 0.510000 0.202667 1.013333
25 37.216667 0.506667 0.217333 1.086667
210 37.363667 0.495000 0.090000 0.363333
957 37.421667 0.508333 0.040667 0.323333
978 37.452667 0.496667 0.040000 0.306667
1019 37.480667 0.493333 0.033333 0.253333
851 37.532333 0.490000 0.083333 0.400000
369 37.643667 0.510000 0.154000 0.420000
788 37.826333 0.495000 0.224667 1.123333
42 37.964667 0.493333 0.066667 0.380000
567 38.041000 0.505000 0.106000 0.423333
689 38.127333 0.498333 0.086667 0.423333
659 38.209333 0.505000 0.094667 0.376667
900 38.330000 0.490000 0.164000 0.480000
1007 38.424333 0.510000 0.040667 0.320000
315 38.488333 0.500000 0.100667 0.393333
161 38.578000 0.505000 0.094667 0.350000
318 38.661667 0.498333 0.090000 0.383333
130 38.794000 0.510000 0.193333 0.426667
749 38.927333 0.493333 0.089333 0.360000
862 38.996333 0.496667 0.067333 0.346667
127 39.093667 0.495000 0.140667 0.476667
205 39.219333 0.506667 0.124000 0.506667
750 39.334333 0.496667 0.123333 0.460000
214 39.438000 0.496667 0.101333 0.506667
671 39.532333 0.488333 0.104667 0.350000
490 39.606333 0.506667 0.063333 0.380000
453 39.664667 0.498333 0.073333 0.370000
472 39.722000 0.505000 0.056000 0.296667
800 39.800667 0.501667 0.118667 0.443333
929 39.868667 0.496667 0.036000 0.286667
547 39.913000 0.508333 0.071333 0.410000
192 39.986333 0.488333 0.090000 0.410000
204 40.077667 0.490000 0.108667 0.546667
834 40.176667 0.488333 0.109333 0.536667
375 40.286000 0.500000 0.126667 0.353333
415 40.411333 0.510000 0.142667 0.473333
441 40.516333 0.496667 0.080667 0.413333
927 40.571333 0.496667 0.042667 0.333333
660 40.644667 0.500000 0.118667 0.400000
282 40.764000 0.496667 0.137333 0.473333
374 40.896333 0.491667 0.140667 0.403333
182 41.040333 0.488333 0.164667 0.823333
1023 41.131000 0.498333 0.034000 0.276667
104 41.241000 0.505000 0.199333 0.423333
572 41.388000 0.505000 0.110667 0.476667
296 41.482667 0.510000 0.098667 0.380000
1004 41.542000 0.498333 0.034667 0.276667
855 41.583333 0.493333 0.065333 0.173333
620 41.658000 0.498333 0.104000 0.450000
439 41.759333 0.495000 0.113333 0.443333
432 41.869333 0.501667 0.124000 0.243333
892 42.007333 0.496667 0.168000 0.480000
792 42.130000 0.506667 0.090667 0.373333
542 42.233667 0.495000 0.131333 0.496667
828 42.340667 0.510000 0.096000 0.400000
487 42.407667 0.491667 0.054000 0.296667
89 42.529667 0.495000 0.206000 1.030000
595 42.680667 0.493333 0.114667 0.346667
725 42.778667 0.493333 0.100000 0.420000
576 42.869667 0.500000 0.102000 0.393333
807 43.008000 0.488333 0.193333 0.463333
617 43.144333 0.493333 0.099333 0.420000
412 43.224333 0.493333 0.078000 0.406667
737 43.279333 0.491667 0.048000 0.330000
658 43.324333 0.510000 0.056667 0.333333
596 43.394000 0.506667 0.097333 0.286667
959 43.449000 0.496667 0.030000 0.253333
454 43.491667 0.508333 0.072667 0.410000
418 43.572333 0.493333 0.104667 0.513333
833 43.671000 0.498333 0.110000 0.550000
856 43.807667 0.506667 0.182000 0.446667
755 43.960333 0.510000 0.136667 0.393333
248 44.061333 0.506667 0.081333 0.413333
183 44.132333 0.491667 0.079333 0.396667
178 44.227667 0.506667 0.128667 0.466667
156 44.357333 0.501667 0.150667 0.370000
394 44.486333 0.503333 0.122000 0.346667
747 44.586333 0.496667 0.098000 0.413333
368 44.700000 0.510000 0.146667 0.413333
770 44.851333 0.503333 0.172000 0.860000
778 44.974333 0.496667 0.087333 0.580000
933 45.036333 0.488333 0.051333 0.376667
90 45.149333 0.503333 0.188000 0.400000
445 45.264000 0.496667 0.057333 0.300000
890 45.328667 0.506667 0.092000 0.460000
896 45.456000 0.510000 0.176000 0.880000
82 45.573000 0.498333 0.075333 0.510000
467 45.632000 0.496667 0.062667 0.333333
241 45.693667 0.501667 0.079333 0.443333
148 45.801333 0.510000 0.149333 0.433333
477 45.907000 0.496667 0.079333 0.400000
556 45.989333 0.490000 0.098667 0.413333
537 46.123000 0.495000 0.187333 0.936667
219 46.262333 0.500000 0.110000 0.546667
377 46.381667 0.501667 0.146000 0.456667
808 46.499000 0.491667 0.108667 0.430000
727 46.574667 0.491667 0.057333 0.323333
326 46.636667 0.508333 0.084000 0.376667
605 46.743000 0.491667 0.146000 0.383333
95 46.906667 0.493333 0.200000 1.000000
906 47.058667 0.500000 0.124000 0.333333
976 47.134000 0.500000 0.040000 0.306667
400 47.172333 0.491667 0.052667 0.463333
493 47.226667 0.491667 0.069333 0.330000
231 47.299667 0.500000 0.096667 0.466667
364 47.424667 0.510000 0.166667 0.366667
7 47.551000 0.488333 0.106000 0.370000
52 47.645667 0.500000 0.098000 0.353333
442 47.716000 0.491667 0.062667 0.336667
337 47.818333 0.488333 0.162000 0.810000
798 47.933000 0.488333 0.080667 0.290000
403 48.059000 0.508333 0.190000 0.950000
433 48.228667 0.496667 0.165333 0.340000
1018 48.324333 0.503333 0.046000 0.366667
265 48.395333 0.493333 0.116000 0.446667
633 48.544333 0.505000 0.196667 0.983333
382 48.690333 0.500000 0.108667 0.333333
294 48.832000 0.503333 0.190667 0.953333
700 49.007667 0.501667 0.178000 0.890000
393 49.146333 0.501667 0.115333 0.343333
885 49.229000 0.491667 0.068667 0.310000
373 49.314333 0.510000 0.118000 0.326667
723 49.429333 0.491667 0.126667 0.436667
344 49.547667 0.500000 0.126000 0.366667
1015 49.620667 0.505000 0.040000 0.310000
411 49.715000 0.493333 0.168667 0.346667
77 49.866333 0.501667 0.148667 0.370000
962 49.956333 0.496667 0.044667 0.340000
676 50.018333 0.501667 0.095333 0.316667
1021 50.074000 0.490000 0.029333 0.253333
145 50.126000 0.510000 0.094667 0.413333
232 50.215667 0.490000 0.103333 0.420000
515 50.321000 0.505000 0.123333 0.390000
734 50.476000 0.501667 0.205333 0.550000
528 50.621333 0.510000 0.100000 0.326667
554 50.742000 0.496667 0.156000 0.780000
848 50.871333 0.503333 0.120000 0.373333
819 50.982000 0.488333 0.118667 0.303333
745 51.080000 0.500000 0.097333 0.386667
167 51.170667 0.510000 0.101333 0.366667
284 51.282333 0.491667 0.138000 0.496667
149 51.442333 0.491667 0.200667 1.003333
334 51.607000 0.506667 0.147333 0.446667
395 51.782000 0.510000 0.221333 1.106667
115 51.918667 0.488333 0.066667 0.383333
615 52.033333 0.490000 0.181333 0.906667
269 52.189333 0.506667 0.146667 0.440000
790 52.288000 0.498333 0.070667 0.443333
990 52.330333 0.496667 0.032667 0.266667
809 52.398000 0.488333 0.117333 0.630000
849 52.507667 0.500000 0.118000 0.553333
184 52.613667 0.496667 0.107333 0.520000
512 52.724000 0.495000 0.133333 0.423333
45 52.819667 0.508333 0.078000 0.396667
939 52.873667 0.488333 0.047333 0.350000
348 52.948000 0.505000 0.116000 0.356667
371 53.070000 0.501667 0.144000 0.396667
695 53.207333 0.493333 0.150667 0.420000
969 53.291000 0.493333 0.036667 0.273333
650 53.388667 0.496667 0.177333 0.886667
535 53.557333 0.510000 0.173333 0.420000
435 53.663333 0.506667 0.058667 0.286667
968 53.704000 0.488333 0.041333 0.336667
525 53.762667 0.490000 0.096000 0.320000
588 53.857667 0.493333 0.114000 0.493333
0 53.926333 0.505000 0.042000 0.336667
655 53.985000 0.508333 0.094000 0.416667
247 54.060000 0.491667 0.074667 0.376667
446 54.120000 0.493333 0.058667 0.306667
794 54.173000 0.493333 0.060667 0.360000
230 54.252333 0.510000 0.112667 0.433333
216 54.365333 0.496667 0.126667 0.513333
1013 54.441333 0.500000 0.040000 0.313333
341 54.488000 0.493333 0.066667 0.280000
795 54.555000 0.491667 0.084667 0.516667
338 54.664667 0.510000 0.154667 0.800000
586 54.801000 0.490000 0.132667 0.406667
292 54.931667 0.503333 0.142000 0.560000
383 55.060667 0.491667 0.130667 0.410000
489 55.151000 0.500000 0.063333 0.320000
166 55.222667 0.498333 0.097333 0.343333
1000 55.281000 0.510000 0.036667 0.266667
152 55.329667 0.508333 0.078000 0.376667
584 55.435000 0.501667 0.151333 0.490000
774 55.536333 0.498333 0.068667 0.410000
787 55.597000 0.498333 0.067333 0.416667
6 55.675333 0.506667 0.106667 0.420000
119 55.759667 0.508333 0.080667 0.470000
402 55.863333 0.488333 0.144000 0.403333
39 55.992667 0.505000 0.129333 0.430000
245 56.077667 0.510000 0.060667 0.313333
726 56.141000 0.498333 0.084667 0.443333
498 56.207333 0.496667 0.064000 0.386667
733 56.266667 0.503333 0.070667 0.413333
557 56.341000 0.490000 0.096667 0.633333
93 56.489000 0.491667 0.215333 0.456667
913 56.643000 0.503333 0.106000 0.326667
349 56.758667 0.506667 0.142667 0.413333
138 56.862333 0.503333 0.084667 0.460000
769 56.950333 0.501667 0.108667 0.310000
378 57.097333 0.500000 0.201333 1.006667
147 57.244000 0.501667 0.106667 0.450000
785 57.319000 0.493333 0.062000 0.260000
9 57.381333 0.490000 0.081333 0.326667
860 57.506667 0.496667 0.188000 0.940000
458 57.627667 0.505000 0.070000 0.416667
270 57.729667 0.491667 0.154000 0.483333
213 57.860333 0.491667 0.123333 0.523333
598 57.979000 0.495000 0.127333 0.376667
360 58.105667 0.503333 0.142000 0.400000
991 58.189667 0.495000 0.044667 0.363333
41 58.272333 0.491667 0.138000 0.410000
340 58.393333 0.506667 0.117333 0.346667
529 58.506000 0.503333 0.122667 0.553333
914 58.627000 0.506667 0.136667 0.413333
930 58.703000 0.493333 0.035333 0.280000
492 58.758000 0.501667 0.088000 0.470000
457 58.832333 0.506667 0.076667 0.433333
83 58.899333 0.491667 0.074667 0.356667
791 58.968667 0.491667 0.084000 0.496667
736 59.035000 0.501667 0.066000 0.443333
783 59.095333 0.495000 0.074667 0.403333
461 59.167667 0.496667 0.083333 0.426667
943 59.217667 0.491667 0.036667 0.283333
357 59.303333 0.508333 0.148000 0.396667
443 59.404333 0.491667 0.071333 0.376667
187 59.474667 0.493333 0.084000 0.400000
636 59.568000 0.491667 0.117333 0.263333
996 59.640000 0.501667 0.040000 0.316667
821 59.700667 0.505000 0.101333 0.716667
697 59.819000 0.495000 0.155333 0.776667
628 59.981000 0.496667 0.187333 0.626667
469 60.097667 0.498333 0.063333 0.376667
421 60.189000 0.495000 0.134000 0.430000
603 60.323333 0.508333 0.153333 0.370000
602 60.456333 0.495000 0.126000 0.383333
298 60.555333 0.496667 0.092000 0.473333
414 60.699000 0.501667 0.215333 1.076667
505 60.827000 0.505000 0.059333 0.250000
391 60.925667 0.500000 0.152667 0.446667
32 61.056000 0.496667 0.121333 0.380000
96 61.219667 0.491667 0.223333 1.116667
938 61.340000 0.495000 0.034667 0.270000
207 61.398333 0.500000 0.096667 0.393333
18 61.482000 0.488333 0.085333 0.283333
67 61.613667 0.498333 0.194000 0.970000
107 61.815000 0.498333 0.227333 1.136667
429 61.972000 0.503333 0.105333 0.386667
583 62.041000 0.500000 0.046000 0.313333
143 62.096333 0.493333 0.079333 0.380000
687 62.165667 0.503333 0.079333 0.386667
771 62.234000 0.510000 0.073333 0.380000
857 62.345000 0.508333 0.163333 0.816667
631 62.528667 0.503333 0.220000 1.100000
8 62.681000 0.498333 0.104667 0.403333
59 62.815667 0.508333 0.182000 0.463333
921 62.935000 0.500000 0.072667 0.433333
911 63.011667 0.510000 0.099333 0.380000
312 63.105667 0.498333 0.108667 0.390000
877 63.200333 0.488333 0.099333 0.476667
540 63.320333 0.496667 0.155333 0.566667
713 63.474000 0.503333 0.168000 0.840000
702 63.614333 0.500000 0.131333 0.406667
995 63.692000 0.495000 0.042667 0.316667
777 63.755333 0.493333 0.098667 0.420000
880 63.849333 0.508333 0.106667 0.350000
640 63.933000 0.498333 0.076667 0.390000
61 64.001667 0.505000 0.078000 0.390000
616 64.105000 0.498333 0.143333 0.356667
358 64.237000 0.498333 0.134000 0.356667
766 64.361000 0.506667 0.128667 0.380000
274 64.475667 0.508333 0.114000 0.536667
813 64.581000 0.496667 0.110000 0.386667
941 64.644000 0.503333 0.030667 0.260000
177 64.708333 0.505000 0.118000 0.416667
291 64.828000 0.500000 0.137333 0.520000
507 64.925667 0.505000 0.074000 0.396667
456 64.992000 0.503333 0.078667 0.400000
728 65.054667 0.506667 0.066667 0.593333
619 65.128333 0.488333 0.094000 0.476667
459 65.192333 0.506667 0.054000 0.293333
121 65.221667 0.498333 0.018000 0.310000
69 65.264667 0.510000 0.086667 0.426667
200 65.344333 0.488333 0.088667 0.363333
536 65.453333 0.495000 0.145333 0.550000
497 65.586333 0.496667 0.140667 0.360000
132 65.689667 0.506667 0.084667 0.366667
363 65.778667 0.490000 0.109333 0.313333
527 65.898333 0.488333 0.143333 0.430000
473 66.000000 0.500000 0.073333 0.433333
257 66.087000 0.500000 0.120667 0.353333
972 66.158333 0.506667 0.035333 0.293333
179 66.264667 0.510000 0.193333 0.966667
585 66.423333 0.500000 0.137333 0.386667
621 66.509000 0.495000 0.054000 0.576667
88 66.644000 0.508333 0.230667 0.496667
543 66.829333 0.500000 0.160000 0.800000
878 66.940333 0.501667 0.078000 0.396667
276 66.996667 0.488333 0.052000 0.343333
56 67.057667 0.503333 0.083333 0.126667
693 67.133000 0.488333 0.083333 0.410000
779 67.185667 0.498333 0.038000 0.356667
36 67.249333 0.493333 0.108000 0.353333
426 67.322333 0.501667 0.056667 0.343333
313 67.394333 0.508333 0.100667 0.396667
463 67.467333 0.493333 0.061333 0.366667
881 67.553000 0.496667 0.124667 0.420000
57 67.637667 0.508333 0.063333 0.276667
601 67.726000 0.503333 0.126667 0.386667
397 67.831667 0.493333 0.100667 0.420000
14 67.933667 0.488333 0.118000 0.396667
841 68.036333 0.495000 0.106000 0.443333
181 68.144000 0.498333 0.129333 0.490000
748 68.250333 0.503333 0.096667 0.360000
482 68.325333 0.491667 0.066667 0.336667
666 68.405000 0.506667 0.111333 0.366667
151 68.497000 0.510000 0.086000 0.433333
255 68.588333 0.495000 0.115333 0.436667
865 68.688333 0.506667 0.100667 0.333333
738 68.776333 0.490000 0.094000 0.453333
815 68.877667 0.500000 0.126000 0.446667
471 68.969000 0.500000 0.071333 0.366667
278 69.064333 0.498333 0.138000 0.416667
271 69.222667 0.500000 0.198667 0.606667
43 69.370667 0.491667 0.114667 0.463333
760 69.485667 0.500000 0.128667 0.440000
389 69.613000 0.493333 0.140667 0.420000
351 69.753333 0.498333 0.156000 0.463333
279 69.872667 0.500000 0.097333 0.560000
805 70.008333 0.495000 0.190000 0.950000
4 70.150667 0.503333 0.108000 0.433333
531 70.283333 0.490000 0.177333 0.433333
367 70.434000 0.506667 0.141333 0.406667
704 70.549333 0.501667 0.106667 0.336667
224 70.640000 0.505000 0.092000 0.376667
71 70.714667 0.493333 0.070667 0.380000
153 70.788333 0.491667 0.090000 0.410000
852 70.881667 0.496667 0.116667 0.486667
820 70.979333 0.493333 0.096000 0.406667
136 71.125000 0.488333 0.210000 1.050000
811 71.279333 0.501667 0.118667 0.296667
305 71.371000 0.488333 0.078000 0.436667
682 71.453000 0.505000 0.103333 0.410000
1002 71.514333 0.498333 0.039333 0.336667
844 71.624333 0.508333 0.199333 0.996667
78 71.823000 0.491667 0.211333 0.470000
28 71.966000 0.498333 0.090667 0.303333
310 72.037333 0.503333 0.069333 0.386667
73 72.134000 0.498333 0.138667 0.450000
452 72.223333 0.506667 0.054667 0.326667
249 72.275333 0.506667 0.065333 0.446667
624 72.378333 0.500000 0.155333 0.526667
577 72.495667 0.496667 0.099333 0.386667
122 72.587667 0.493333 0.098000 0.366667
22 72.687000 0.490000 0.120667 0.400000
399 72.781667 0.510000 0.087333 0.320000
763 72.842333 0.501667 0.051333 0.416667
625 72.937333 0.496667 0.153333 0.520000
324 73.087000 0.508333 0.162000 0.790000
101 73.258333 0.510000 0.198000 0.426667
250 73.455667 0.491667 0.212667 1.063333
288 73.613000 0.493333 0.119333 0.446667
105 73.748667 0.495000 0.170667 0.363333
277 73.868000 0.490000 0.082667 0.373333
997 73.917667 0.496667 0.036667 0.313333
31 73.979667 0.496667 0.107333 0.306667
840 74.070000 0.490000 0.086667 0.360000
710 74.180667 0.510000 0.150667 0.453333
509 74.305667 0.510000 0.114000 0.360000
561 74.435667 0.501667 0.160667 0.390000
63 74.563333 0.510000 0.110667 0.400000
589 74.670000 0.495000 0.121333 0.476667
781 74.759000 0.500000 0.070000 0.360000
656 74.861667 0.495000 0.155333 0.776667
1001 74.952667 0.498333 0.046667 0.356667
579 75.045667 0.500000 0.156667 0.480000
606 75.189333 0.508333 0.145333 0.436667
870 75.278333 0.493333 0.048667 0.253333
642 75.350667 0.491667 0.110667 0.436667
923 75.423333 0.495000 0.052000 0.376667
234 75.503667 0.491667 0.127333 0.530000
5 75.592667 0.505000 0.066667 0.310000
600 75.678000 0.510000 0.118667 0.360000
500 75.779000 0.506667 0.098000 0.473333
225 75.876000 0.500000 0.110667 0.453333
948 75.945667 0.503333 0.044667 0.353333
950 75.982000 0.500000 0.044000 0.320000
300 76.022333 0.501667 0.056667 0.183333
84 76.110667 0.491667 0.133333 0.370000
287 76.219333 0.490000 0.098667 0.360000
332 76.373333 0.488333 0.228000 0.523333
354 76.555667 0.501667 0.150000 0.450000
594 76.692333 0.503333 0.139333 0.420000
522 76.817667 0.496667 0.130000 0.420000
553 76.934333 0.501667 0.123333 0.423333
131 77.074333 0.488333 0.172667 0.863333
419 77.199667 0.491667 0.098000 0.476667
772 77.316000 0.503333 0.152000 0.426667
670 77.446333 0.500000 0.126000 0.406667
306 77.536667 0.503333 0.070667 0.400000
428 77.596667 0.493333 0.066667 0.453333
545 77.668667 0.496667 0.094667 0.340000
644 77.755000 0.498333 0.095333 0.430000
858 77.854000 0.508333 0.116000 0.363333
762 77.945667 0.503333 0.083333 0.360000
804 78.075333 0.493333 0.190667 0.953333
679 78.201000 0.491667 0.076667 0.450000
474 78.258667 0.506667 0.053333 0.320000
712 78.372333 0.496667 0.194000 0.560000
742 78.555333 0.503333 0.186667 0.933333
430 78.690000 0.491667 0.102667 0.436667
218 78.789667 0.500000 0.115333 0.580000
837 78.886667 0.498333 0.096000 0.450000
343 78.987667 0.500000 0.123333 0.353333
560 79.117333 0.493333 0.152000 0.480000
396 79.253333 0.510000 0.133333 0.380000
58 79.340000 0.498333 0.054667 0.256667
889 79.461333 0.510000 0.206667 1.033333
899 79.619000 0.501667 0.127333 0.390000
866 79.736000 0.506667 0.120000 0.340000
380 79.851667 0.501667 0.127333 0.350000
759 79.985000 0.496667 0.152667 0.506667
981 80.068667 0.500000 0.032000 0.253333
440 80.105000 0.506667 0.055333 0.300000
44 80.173333 0.493333 0.098667 0.393333
53 80.276667 0.498333 0.121333 0.410000
139 80.362000 0.501667 0.064000 0.336667
580 80.475000 0.508333 0.178000 0.470000
3 80.604000 0.500000 0.093333 0.400000
935 80.664000 0.493333 0.045333 0.326667
372 80.744333 0.505000 0.135333 0.416667
479 80.831333 0.496667 0.056000 0.333333
30 80.922333 0.506667 0.146000 0.440000
501 81.025000 0.491667 0.076667 0.356667
97 81.138333 0.491667 0.166000 0.830000
17 81.258000 0.505000 0.090667 0.296667
162 81.379000 0.508333 0.170000 0.850000
672 81.504667 0.508333 0.097333 0.330000
194 81.603000 0.500000 0.114000 0.506667
847 81.706333 0.495000 0.112667 0.383333
102 81.854667 0.490000 0.201333 1.006667
683 82.008333 0.498333 0.124667 0.336667
262 82.142000 0.490000 0.156000 0.780000
549 82.261333 0.493333 0.101333 0.340000
26 82.368333 0.488333 0.132667 0.450000
653 82.509667 0.488333 0.168667 0.550000
304 82.622000 0.498333 0.069333 0.396667
977 82.672333 0.491667 0.046000 0.350000
651 82.776333 0.501667 0.179333 0.896667
384 82.923667 0.493333 0.128667 0.373333
936 82.993667 0.503333 0.030000 0.253333
506 83.016000 0.506667 0.032000 0.313333
1011 83.046333 0.498333 0.046000 0.350000
385 83.116333 0.501667 0.111333 0.296667
325 83.229667 0.495000 0.132667 0.456667
195 83.330333 0.505000 0.088667 0.370000
894 83.434000 0.510000 0.138667 0.360000
910 83.549000 0.493333 0.110000 0.386667
173 83.637333 0.510000 0.084000 0.380000
901 83.745667 0.493333 0.147333 0.440000
330 83.854667 0.506667 0.085333 0.320000
912 83.939000 0.493333 0.096667 0.386667
405 84.026000 0.490000 0.096000 0.366667
27 84.121000 0.510000 0.111333 0.373333
208 84.217333 0.503333 0.096000 0.480000
928 84.275333 0.490000 0.038667 0.286667
448 84.317333 0.500000 0.062667 0.326667
836 84.390000 0.506667 0.097333 0.400000
455 84.456333 0.510000 0.054000 0.320000
817 84.530000 0.501667 0.110667 0.376667
140 84.636000 0.510000 0.114667 0.586667
46 84.709667 0.500000 0.046000 0.406667
188 84.765333 0.506667 0.080000 0.393333
111 84.843333 0.491667 0.092000 0.396667
1010 84.906000 0.490000 0.052000 0.373333
2 84.955667 0.498333 0.066000 0.343333
462 85.012000 0.490000 0.064000 0.360000
722 85.111333 0.501667 0.154667 0.463333
566 85.244333 0.491667 0.130000 0.536667
81 85.357000 0.506667 0.108667 0.440000
272 85.490667 0.488333 0.177333 0.523333
949 85.594333 0.493333 0.043333 0.313333
668 85.656667 0.510000 0.100000 0.340000
466 85.730333 0.493333 0.060667 0.313333
635 85.791333 0.506667 0.074667 0.306667
233 85.873667 0.493333 0.110000 0.506667
238 85.982000 0.506667 0.124000 0.486667
992 86.055333 0.500000 0.041333 0.320000
437 86.114000 0.493333 0.093333 0.460000
842 86.209333 0.505000 0.114667 0.490000
691 86.308333 0.501667 0.100667 0.496667
1014 86.366667 0.500000 0.034667 0.293333
825 86.430000 0.488333 0.108000 0.443333
508 86.515667 0.508333 0.079333 0.416667
55 86.613000 0.498333 0.131333 0.370000
1017 86.687000 0.490000 0.031333 0.253333
568 86.743667 0.503333 0.095333 0.480000
361 86.877667 0.501667 0.191333 0.956667
220 87.007333 0.510000 0.085333 0.426667
157 87.120333 0.491667 0.158000 0.636667
223 87.236333 0.488333 0.090000 0.376667
846 87.316667 0.490000 0.084000 0.406667
286 87.406333 0.510000 0.110000 0.413333
172 87.547000 0.505000 0.191333 0.956667
168 87.724000 0.500000 0.180000 0.900000
626 87.901667 0.491667 0.194000 0.970000
40 88.032667 0.506667 0.088000 0.293333
754 88.132000 0.510000 0.124000 0.606667
776 88.260000 0.491667 0.146667 0.370000
932 88.344667 0.505000 0.037333 0.303333
485 88.394000 0.495000 0.074667 0.396667
686 88.474667 0.503333 0.100000 0.493333
99 88.599667 0.488333 0.163333 0.356667
226 88.724333 0.508333 0.099333 0.503333
716 88.861667 0.501667 0.192667 0.963333
592 89.031333 0.490000 0.166667 0.833333
170 89.176000 0.506667 0.136000 0.493333
641 89.268667 0.498333 0.064000 0.290000
60 89.325333 0.496667 0.065333 0.280000
883 89.450667 0.493333 0.205333 1.026667
706 89.574333 0.510000 0.058000 0.300000
861 89.617000 0.495000 0.043333 0.343333
724 89.680000 0.503333 0.096000 0.513333
70 89.787333 0.503333 0.132000 0.480000
887 89.918000 0.505000 0.144000 0.443333
431 90.040333 0.495000 0.118000 0.390000
197 90.149000 0.493333 0.112667 0.466667
541 90.290333 0.505000 0.190000 0.410000
379 90.454000 0.505000 0.156000 0.436667
775 90.556000 0.506667 0.068000 0.313333
494 90.614667 0.503333 0.065333 0.300000
905 90.714333 0.496667 0.147333 0.473333
266 90.868000 0.506667 0.180000 0.540000
112 91.018000 0.493333 0.134667 0.446667
551 91.130667 0.493333 0.110667 0.333333
859 91.227333 0.488333 0.101333 0.283333
744 91.363333 0.496667 0.185333 0.926667
314 91.511000 0.490000 0.130000 0.473333
874 91.602667 0.500000 0.066667 0.326667
947 91.654667 0.493333 0.050667 0.373333
699 91.731667 0.500000 0.120667 0.366667
980 91.808667 0.510000 0.046667 0.340000
533 91.889333 0.491667 0.133333 0.456667
538 92.049333 0.505000 0.204000 0.476667
663 92.195333 0.496667 0.105333 0.400000
476 92.268000 0.496667 0.054667 0.326667
773 92.345333 0.503333 0.116000 0.353333
260 92.482667 0.506667 0.172000 0.860000
705 92.631333 0.491667 0.141333 0.456667
519 92.743667 0.510000 0.096667 0.333333
68 92.838667 0.506667 0.108000 0.313333
237 92.931000 0.488333 0.091333 0.596667
87 93.083000 0.505000 0.231333 1.156667
552 93.213333 0.495000 0.048000 0.336667
327 93.283333 0.500000 0.110667 0.300000
353 93.402333 0.508333 0.147333 0.403333
307 93.500000 0.505000 0.066667 0.370000
339 93.574000 0.495000 0.094667 0.476667
163 93.679000 0.510000 0.132667 0.486667
853 93.780333 0.495000 0.090000 0.370000
876 93.919333 0.500000 0.208000 1.040000
729 94.025000 0.500000 0.022000 0.340000
830 94.072000 0.506667 0.092000 0.426667
480 94.144333 0.490000 0.066000 0.366667
496 94.216333 0.488333 0.098000 0.410000
665 94.300667 0.510000 0.088000 0.340000
590 94.408000 0.508333 0.146667 0.476667
483 94.501333 0.495000 0.054667 0.303333
982 94.538667 0.498333 0.033333 0.276667
799 94.599000 0.503333 0.106000 0.400000
376 94.708333 0.500000 0.126000 0.380000
908 94.822667 0.500000 0.120000 0.453333
917 94.894667 0.498333 0.040000 0.296667
903 94.969333 0.493333 0.122667 0.380000
481 95.063000 0.501667 0.080667 0.416667
523 95.151333 0.500000 0.112000 0.353333
201 95.262333 0.501667 0.128667 0.530000
199 95.368333 0.501667 0.100667 0.483333
392 95.495333 0.503333 0.169333 0.846667
486 95.606333 0.501667 0.067333 0.390000
611 95.681333 0.501667 0.101333 0.430000
24 95.780333 0.500000 0.115333 0.393333
317 95.874333 0.496667 0.091333 0.340000
323 96.020667 0.506667 0.216000 1.080000
114 96.161000 0.498333 0.079333 0.390000
420 96.239000 0.493333 0.091333 0.333333
285 96.348000 0.498333 0.142667 0.516667
449 96.455667 0.491667 0.087333 0.443333
532 96.551333 0.495000 0.118667 0.603333
751 96.666000 0.500000 0.125333 0.506667
335 96.800667 0.501667 0.160000 0.563333
434 96.925333 0.500000 0.102667 0.346667
259 97.012333 0.490000 0.090000 0.453333
113 97.085667 0.488333 0.071333 0.383333
256 97.164667 0.496667 0.106667 0.360000
268 97.287333 0.490000 0.156000 0.780000
347 97.444333 0.508333 0.172667 0.863333
838 97.574000 0.508333 0.102667 0.436667
336 97.677000 0.493333 0.122000 0.586667
387 97.805333 0.493333 0.149333 0.466667
612 97.956667 0.501667 0.172000 0.436667
873 98.088333 0.505000 0.108667 0.516667
308 98.170333 0.503333 0.068667 0.386667
810 98.259667 0.493333 0.123333 0.506667
242 98.367333 0.496667 0.106667 0.413333
74 98.469000 0.506667 0.114000 0.346667
117 98.580000 0.496667 0.128000 0.406667
534 98.686667 0.490000 0.100000 0.386667
835 98.777333 0.490000 0.094667 0.373333
342 98.854667 0.495000 0.078667 0.363333
94 98.981000 0.508333 0.192667 0.963333
667 99.125667 0.510000 0.114000 0.400000
20 99.226667 0.510000 0.105333 0.353333
1003 99.291000 0.490000 0.036667 0.273333
955 99.321667 0.506667 0.044667 0.360000
674 99.397667 0.495000 0.120667 0.396667
165 99.509667 0.510000 0.118000 0.440000
86 99.601000 0.510000 0.082000 0.366667
23 99.716667 0.493333 0.165333 0.826667
698 99.823667 0.503333 0.063333 0.333333
768 99.882000 0.500000 0.070667 0.193333
965 99.923333 0.493333 0.029333 0.246667
563 100.009333 0.500000 0.158667 0.326667
647 100.112667 0.503333 0.064000 0.320000
180 100.204333 0.503333 0.136667 0.500000
743 100.310000 0.495000 0.092000 0.396667
718 100.425667 0.493333 0.158000 0.480000
952 100.517333 0.505000 0.044000 0.350000
526 100.599667 0.493333 0.138000 0.360000
142 100.700667 0.510000 0.081333 0.346667
359 100.811667 0.495000 0.159333 0.423333
761 100.957000 0.510000 0.151333 0.440000
797 101.076667 0.493333 0.106667 0.400000
100 101.233000 0.488333 0.220667 1.103333
155 101.372333 0.506667 0.071333 0.413333
425 101.446667 0.510000 0.092000 0.513333
427 101.543000 0.505000 0.119333 0.563333
19 101.642333 0.490000 0.094000 0.326667
109 101.773667 0.505000 0.184667 0.923333
578 101.900000 0.495000 0.082667 0.323333
888 102.006000 0.510000 0.146667 0.446667
1008 102.089000 0.495000 0.034000 0.270000
356 102.157333 0.501667 0.116000 0.336667
898 102.283667 0.491667 0.151333 0.423333
646 102.386667 0.501667 0.070667 0.310000
909 102.452667 0.505000 0.076000 0.336667
346 102.555333 0.491667 0.142667 0.443333
135 102.684000 0.501667 0.128000 0.383333
174 102.807000 0.500000 0.138000 0.493333
171 102.920333 0.503333 0.106000 0.386667
951 102.983333 0.508333 0.033333 0.270000
75 103.061667 0.508333 0.136667 0.423333
