573 0.055000 0.491667 0.103333 0.456667
172 0.143333 0.490000 0.093333 0.340000
328 0.258333 0.495000 0.156667 0.416667
392 0.385000 0.498333 0.111333 0.343333
590 0.501333 0.501667 0.141333 0.603333
689 0.611333 0.488333 0.098667 0.490000
355 0.727667 0.510000 0.154000 0.400000
485 0.823667 0.506667 0.058000 0.346667
289 0.956333 0.508333 0.222000 1.110000
128 1.158000 0.506667 0.194667 0.560000
155 1.297000 0.505000 0.100667 0.516667
519 1.405667 0.505000 0.131333 0.430000
360 1.541667 0.500000 0.155333 0.446667
674 1.660000 0.493333 0.101333 0.380000
443 1.733333 0.506667 0.065333 0.386667
662 1.805333 0.490000 0.097333 0.313333
694 1.891333 0.495000 0.088000 0.430000
463 1.964667 0.501667 0.072000 0.376667
846 2.052667 0.490000 0.118667 0.493333
60 2.143333 0.496667 0.078667 0.340000
982 2.197333 0.500000 0.045333 0.326667
23 2.278333 0.508333 0.136667 0.390000
543 2.433000 0.495000 0.188667 0.943333
398 2.552333 0.488333 0.067333 0.356667
285 2.644333 0.498333 0.135333 0.436667
261 2.768333 0.491667 0.127333 0.576667
194 2.881333 0.510000 0.112000 0.480000
470 2.958000 0.495000 0.058667 0.310000
786 3.010333 0.506667 0.062000 0.380000
656 3.097667 0.500000 0.127333 0.306667
411 3.244333 0.495000 0.186000 0.390000
862 3.374333 0.491667 0.091333 0.403333
940 3.435667 0.495000 0.048667 0.350000
781 3.493000 0.506667 0.084667 0.440000
905 3.605333 0.501667 0.153333 0.496667
963 3.695333 0.498333 0.040000 0.296667
724 3.748000 0.498333 0.078667 0.450000
844 3.837667 0.496667 0.116667 0.500000
142 3.927333 0.505000 0.080000 0.423333
713 4.035333 0.495000 0.149333 0.403333
723 4.150333 0.501667 0.099333 0.343333
493 4.225667 0.501667 0.066000 0.356667
895 4.307667 0.500000 0.114000 0.320000
144 4.403333 0.503333 0.093333 0.393333
520 4.509667 0.500000 0.134000 0.426667
218 4.623000 0.496667 0.107333 0.546667
320 4.725667 0.493333 0.118000 0.360000
967 4.797000 0.498333 0.040667 0.316667
753 4.908333 0.501667 0.195333 0.976667
782 5.045000 0.500000 0.091333 0.433333
201 5.130667 0.506667 0.096000 0.473333
798 5.218667 0.496667 0.093333 0.353333
329 5.352333 0.495000 0.191333 0.956667
314 5.494667 0.496667 0.110667 0.393333
458 5.575333 0.496667 0.070667 0.366667
440 5.631333 0.495000 0.058667 0.303333
354 5.733667 0.495000 0.163333 0.816667
34 5.871333 0.496667 0.132000 0.446667
236 5.985333 0.496667 0.110667 0.560000
583 6.056667 0.491667 0.052000 0.310000
947 6.093667 0.496667 0.038000 0.300000
750 6.160333 0.490000 0.110000 0.406667
783 6.255667 0.498333 0.095333 0.516667
148 6.376000 0.495000 0.165333 0.456667
349 6.522333 0.495000 0.146000 0.416667
225 6.639000 0.498333 0.104667 0.496667
396 6.761667 0.498333 0.159333 0.796667
959 6.854333 0.496667 0.044667 0.353333
82 6.911333 0.493333 0.085333 0.600000
618 6.985000 0.510000 0.080667 0.493333
908 7.061667 0.510000 0.092667 0.333333
495 7.131667 0.496667 0.064667 0.346667
307 7.188333 0.505000 0.064667 0.356667
650 7.299333 0.505000 0.177333 0.590000
557 7.409000 0.488333 0.062000 0.430000
239 7.516333 0.495000 0.166000 0.830000
472 7.620000 0.496667 0.061333 0.360000
404 7.702333 0.501667 0.120667 0.596667
526 7.826667 0.506667 0.146667 0.400000
857 7.999667 0.495000 0.218000 0.490000
99 8.192000 0.488333 0.185333 0.390000
726 8.318667 0.498333 0.084000 0.443333
592 8.441333 0.496667 0.176000 0.540000
87 8.620667 0.493333 0.201333 1.006667
504 8.774333 0.501667 0.123333 0.363333
522 8.889000 0.505000 0.124667 0.416667
409 9.026000 0.506667 0.169333 0.846667
977 9.119333 0.493333 0.034667 0.280000
671 9.192667 0.505000 0.128000 0.416667
271 9.360000 0.493333 0.225333 1.126667
517 9.516667 0.493333 0.105333 0.346667
578 9.611000 0.501667 0.102000 0.396667
457 9.685667 0.498333 0.060667 0.310000
725 9.758333 0.490000 0.102000 0.426667
766 9.848667 0.508333 0.097333 0.283333
250 9.959333 0.488333 0.140000 0.663333
469 10.057333 0.508333 0.073333 0.416667
187 10.132000 0.503333 0.089333 0.366667
685 10.210000 0.490000 0.086667 0.346667
58 10.274000 0.495000 0.057333 0.336667
637 10.318667 0.510000 0.049333 0.253333
730 10.400333 0.506667 0.134000 0.580000
21 10.507000 0.508333 0.094000 0.303333
331 10.658000 0.496667 0.224000 1.120000
647 10.801667 0.498333 0.082000 0.410000
521 10.908667 0.510000 0.148000 0.393333
102 11.071333 0.503333 0.193333 0.966667
105 11.276667 0.498333 0.236000 0.496667
692 11.429333 0.508333 0.082667 0.410000
270 11.551000 0.500000 0.179333 0.546667
264 11.699667 0.500000 0.134000 0.513333
563 11.851000 0.498333 0.182000 0.383333
461 11.963667 0.496667 0.063333 0.320000
1018 12.010667 0.491667 0.048000 0.356667
343 12.089000 0.488333 0.124667 0.363333
911 12.197333 0.508333 0.109333 0.430000
811 12.317333 0.488333 0.150667 0.416667
513 12.433000 0.488333 0.095333 0.296667
780 12.532000 0.498333 0.116000 0.336667
813 12.655333 0.498333 0.150667 0.490000
116 12.796000 0.505000 0.146667 0.436667
265 12.922667 0.508333 0.120000 0.456667
606 13.035667 0.495000 0.122000 0.370000
970 13.108000 0.508333 0.036000 0.276667
63 13.170333 0.503333 0.104667 0.373333
191 13.266000 0.491667 0.105333 0.443333
551 13.373333 0.488333 0.122667 0.403333
847 13.477667 0.503333 0.099333 0.306667
509 13.583000 0.495000 0.130000 0.436667
831 13.693667 0.501667 0.111333 0.463333
669 13.804000 0.510000 0.124000 0.426667
729 13.869667 0.501667 0.026000 0.330000
823 13.922667 0.491667 0.096000 0.423333
778 14.015333 0.498333 0.104000 0.663333
16 14.121000 0.500000 0.124667 0.413333
873 14.212667 0.490000 0.073333 0.326667
153 14.280333 0.503333 0.075333 0.340000
256 14.371333 0.495000 0.120000 0.403333
544 14.462000 0.508333 0.081333 0.323333
791 14.537667 0.490000 0.084667 0.500000
835 14.633667 0.493333 0.123333 0.553333
249 14.719667 0.493333 0.066000 0.426667
910 14.817333 0.490000 0.142667 0.520000
948 14.899333 0.495000 0.040000 0.316667
30 14.984000 0.490000 0.146667 0.433333
365 15.118667 0.491667 0.137333 0.376667
141 15.218667 0.505000 0.077333 0.336667
542 15.303667 0.490000 0.107333 0.373333
212 15.409333 0.498333 0.117333 0.550000
806 15.538667 0.493333 0.158667 0.426667
272 15.678000 0.500000 0.134667 0.386667
979 15.756667 0.491667 0.038667 0.303333
395 15.845667 0.510000 0.156667 0.453333
253 15.938333 0.488333 0.048667 0.430000
203 16.013667 0.493333 0.122000 0.506667
33 16.121000 0.506667 0.106000 0.360000
533 16.233667 0.501667 0.134000 0.456667
90 16.390000 0.503333 0.194667 0.973333
843 16.528667 0.491667 0.096000 0.450000
65 16.617000 0.493333 0.096667 0.246667
106 16.743333 0.508333 0.169333 0.370000
842 16.875000 0.500000 0.110000 0.480000
176 17.018667 0.490000 0.193333 0.966667
274 17.169667 0.505000 0.122000 0.563333
818 17.282000 0.505000 0.120000 0.296667
456 17.367667 0.508333 0.071333 0.410000
382 17.473000 0.501667 0.152667 0.476667
917 17.566333 0.491667 0.051333 0.363333
826 17.630667 0.488333 0.096000 0.423333
222 17.729333 0.495000 0.114667 0.576667
849 17.822333 0.498333 0.090000 0.423333
617 17.905333 0.505000 0.092000 0.356667
385 18.019000 0.493333 0.151333 0.393333
417 18.129333 0.500000 0.086667 0.420000
241 18.203000 0.498333 0.076667 0.403333
597 18.289000 0.503333 0.108667 0.340000
845 18.392000 0.493333 0.110667 0.453333
771 18.483667 0.500000 0.088667 0.453333
799 18.567667 0.496667 0.092667 0.373333
572 18.658667 0.493333 0.108000 0.446667
684 18.756000 0.496667 0.106667 0.366667
83 18.838667 0.491667 0.078667 0.390000
159 18.896333 0.493333 0.050000 0.366667
954 18.936667 0.506667 0.045333 0.360000
237 18.987000 0.490000 0.070000 0.473333
77 19.078333 0.510000 0.127333 0.320000
990 19.159000 0.495000 0.048667 0.376667
316 19.221667 0.510000 0.090000 0.320000
72 19.305667 0.510000 0.094000 0.453333
50 19.400667 0.503333 0.110667 0.366667
596 19.521667 0.500000 0.144667 0.433333
1021 19.604000 0.490000 0.034667 0.286667
819 19.683667 0.505000 0.144667 0.356667
430 19.802000 0.488333 0.112000 0.476667
425 19.898333 0.503333 0.094000 0.520000
175 19.984000 0.501667 0.096000 0.336667
803 20.083667 0.500000 0.123333 0.360000
529 20.200667 0.496667 0.125333 0.480000
995 20.276667 0.490000 0.040000 0.326667
1009 20.313667 0.496667 0.048667 0.360000
315 20.377667 0.505000 0.096667 0.343333
317 20.473333 0.493333 0.113333 0.420000
589 20.580333 0.496667 0.118000 0.513333
506 20.648000 0.491667 0.033333 0.323333
156 20.743000 0.493333 0.172667 0.500000
1023 20.843000 0.491667 0.047333 0.370000
53 20.913333 0.501667 0.112000 0.383333
615 21.040000 0.510000 0.158667 0.793333
994 21.129667 0.493333 0.038000 0.300000
383 21.215667 0.501667 0.150000 0.410000
267 21.376667 0.490000 0.188000 0.940000
52 21.517667 0.491667 0.110000 0.383333
356 21.668000 0.506667 0.204000 1.020000
636 21.826333 0.505000 0.131333 0.330000
580 21.946333 0.493333 0.127333 0.320000
625 22.107000 0.508333 0.208667 1.043333
801 22.258333 0.488333 0.114000 0.423333
744 22.365000 0.501667 0.118000 0.496667
705 22.479000 0.503333 0.127333 0.433333
993 22.557667 0.490000 0.044667 0.340000
663 22.632667 0.503333 0.122667 0.420000
114 22.734667 0.488333 0.094667 0.470000
76 22.844333 0.495000 0.142000 0.436667
348 22.973333 0.488333 0.132000 0.403333
136 23.088000 0.505000 0.112000 0.370000
934 23.153333 0.498333 0.032000 0.256667
634 23.210000 0.493333 0.094667 0.393333
850 23.289333 0.508333 0.082667 0.390000
374 23.428333 0.508333 0.215333 1.076667
42 23.562667 0.490000 0.069333 0.393333
883 23.705333 0.490000 0.230667 1.153333
366 23.868000 0.500000 0.114667 0.333333
721 23.991667 0.510000 0.147333 0.413333
283 24.115333 0.490000 0.118667 0.413333
134 24.223000 0.491667 0.114000 0.410000
903 24.344000 0.506667 0.146667 0.393333
7 24.462667 0.510000 0.104000 0.346667
807 24.617667 0.493333 0.226000 0.540000
266 24.793333 0.498333 0.145333 0.436667
491 24.915000 0.495000 0.111333 0.543333
112 25.038667 0.503333 0.154667 0.773333
922 25.130667 0.508333 0.044000 0.330000
200 25.193333 0.505000 0.094667 0.463333
796 25.281667 0.490000 0.098000 0.406667
991 25.348333 0.495000 0.052667 0.383333
992 25.385333 0.503333 0.036000 0.300000
452 25.427667 0.505000 0.067333 0.383333
288 25.504000 0.506667 0.105333 0.393333
193 25.601000 0.493333 0.103333 0.520000
502 25.679667 0.500000 0.070000 0.313333
69 25.753667 0.488333 0.091333 0.476667
916 25.872000 0.510000 0.165333 0.826667
195 26.002000 0.500000 0.108000 0.500000
550 26.085667 0.491667 0.078000 0.390000
358 26.194000 0.510000 0.157333 0.446667
95 26.363333 0.493333 0.200000 1.000000
884 26.509000 0.491667 0.106000 0.356667
226 26.598000 0.501667 0.086667 0.423333
611 26.676333 0.503333 0.088667 0.373333
206 26.771000 0.491667 0.118000 0.490000
171 26.881333 0.496667 0.117333 0.440000
600 26.987000 0.498333 0.108667 0.336667
255 27.111333 0.498333 0.157333 0.596667
923 27.207667 0.500000 0.051333 0.380000
281 27.273667 0.491667 0.100667 0.356667
446 27.357333 0.496667 0.086667 0.440000
9 27.449000 0.500000 0.112667 0.500000
804 27.578000 0.501667 0.161333 0.476667
59 27.730333 0.488333 0.159333 0.423333
794 27.838000 0.505000 0.070667 0.423333
865 27.913667 0.495000 0.094000 0.310000
282 28.022667 0.491667 0.138667 0.510000
898 28.165667 0.503333 0.162000 0.480000
168 28.297000 0.506667 0.116667 0.426667
3 28.397000 0.488333 0.102000 0.463333
645 28.481000 0.500000 0.079333 0.366667
785 28.551333 0.508333 0.074667 0.323333
699 28.649000 0.510000 0.134000 0.366667
570 28.746000 0.496667 0.076000 0.320000
273 28.802333 0.493333 0.056667 0.353333
384 28.894000 0.495000 0.144000 0.423333
394 29.038000 0.508333 0.160000 0.470000
476 29.143667 0.510000 0.064667 0.326667
481 29.207000 0.491667 0.075333 0.383333
183 29.290667 0.498333 0.112000 0.470000
714 29.405667 0.501667 0.138000 0.430000
376 29.581333 0.503333 0.230667 1.153333
306 29.718333 0.500000 0.060667 0.346667
188 29.795333 0.493333 0.113333 0.560000
377 29.930000 0.490000 0.170667 0.853333
433 30.072667 0.508333 0.128000 0.330000
181 30.241667 0.505000 0.223333 1.116667
471 30.380000 0.503333 0.066667 0.346667
227 30.456333 0.503333 0.106000 0.426667
921 30.530000 0.495000 0.054667 0.323333
308 30.577000 0.488333 0.054000 0.310000
675 30.659667 0.491667 0.127333 0.416667
962 30.738333 0.505000 0.047333 0.363333
983 30.775333 0.498333 0.042667 0.316667
851 30.846333 0.498333 0.119333 0.496667
913 30.952667 0.488333 0.112000 0.336667
292 31.073333 0.493333 0.142667 0.553333
764 31.172667 0.491667 0.076000 0.383333
539 31.237667 0.488333 0.074000 0.350000
958 31.285333 0.500000 0.040000 0.333333
198 31.348333 0.503333 0.103333 0.413333
259 31.471000 0.491667 0.162000 0.810000
966 31.560000 0.491667 0.033333 0.263333
477 31.611667 0.490000 0.084667 0.433333
93 31.730000 0.498333 0.166667 0.350000
644 31.844000 0.488333 0.078667 0.390000
323 31.988667 0.496667 0.229333 1.146667
44 32.141000 0.508333 0.094000 0.363333
235 32.226667 0.490000 0.094667 0.386667
92 32.378000 0.496667 0.225333 0.480000
864 32.525333 0.508333 0.089333 0.350000
661 32.609333 0.493333 0.093333 0.346667
276 32.678000 0.488333 0.064000 0.376667
340 32.751333 0.493333 0.102667 0.300000
939 32.816000 0.510000 0.044000 0.353333
800 32.884667 0.498333 0.113333 0.416667
774 32.967000 0.491667 0.070000 0.356667
486 33.031333 0.503333 0.076000 0.446667
162 33.118000 0.493333 0.113333 0.393333
808 33.209667 0.498333 0.083333 0.356667
290 33.320667 0.488333 0.154667 0.436667
117 33.447000 0.510000 0.118000 0.373333
186 33.546000 0.493333 0.094667 0.426667
673 33.650667 0.496667 0.128000 0.486667
595 33.778333 0.496667 0.142000 0.420000
221 33.898333 0.506667 0.115333 0.586667
48 34.039000 0.501667 0.182000 0.910000
737 34.148667 0.505000 0.053333 0.376667
973 34.185000 0.500000 0.036667 0.293333
620 34.250333 0.490000 0.111333 0.473333
996 34.313667 0.493333 0.035333 0.273333
775 34.364000 0.501667 0.084000 0.396667
720 34.493000 0.508333 0.190000 0.583333
528 34.641667 0.488333 0.124667 0.410000
43 34.757000 0.491667 0.126000 0.503333
258 34.859000 0.503333 0.098000 0.366667
556 34.958667 0.496667 0.114667 0.466667
912 35.051333 0.500000 0.088000 0.346667
202 35.142000 0.493333 0.109333 0.440000
190 35.251000 0.501667 0.127333 0.616667
853 35.367667 0.490000 0.126000 0.520000
497 35.501333 0.506667 0.156000 0.400000
410 35.616333 0.500000 0.088667 0.420000
140 35.739000 0.491667 0.170000 0.850000
555 35.835667 0.500000 0.042000 0.406667
559 35.883667 0.508333 0.067333 0.330000
333 36.001333 0.510000 0.185333 0.433333
454 36.110333 0.503333 0.051333 0.306667
978 36.146333 0.505000 0.039333 0.303333
257 36.206667 0.500000 0.101333 0.326667
263 36.329667 0.498333 0.163333 0.556667
260 36.467667 0.503333 0.128667 0.360000
45 36.559667 0.488333 0.071333 0.356667
952 36.609667 0.500000 0.047333 0.340000
747 36.675000 0.501667 0.100667 0.430000
512 36.778333 0.488333 0.124667 0.443333
626 36.946667 0.510000 0.225333 1.126667
423 37.118667 0.498333 0.136000 0.470000
132 37.218667 0.505000 0.080000 0.363333
450 37.281667 0.493333 0.060667 0.313333
19 37.352667 0.495000 0.100000 0.356667
672 37.453667 0.496667 0.119333 0.406667
961 37.522333 0.503333 0.038000 0.313333
594 37.601000 0.496667 0.138000 0.420000
280 37.732333 0.505000 0.140667 0.496667
12 37.844333 0.508333 0.102000 0.356667
591 37.972333 0.501667 0.172667 0.503333
364 38.150000 0.493333 0.197333 0.520000
424 38.304667 0.495000 0.132000 0.416667
558 38.403000 0.496667 0.079333 0.380000
1005 38.455000 0.495000 0.040667 0.323333
765 38.511000 0.508333 0.087333 0.403333
960 38.566667 0.488333 0.037333 0.310000
530 38.623333 0.488333 0.096000 0.443333
68 38.719667 0.510000 0.116667 0.333333
242 38.816667 0.503333 0.094667 0.366667
179 38.904667 0.491667 0.098667 0.376667
499 38.980000 0.490000 0.069333 0.426667
330 39.045000 0.503333 0.079333 0.300000
101 39.186000 0.500000 0.221333 1.106667
1008 39.309333 0.498333 0.044000 0.350000
133 39.380667 0.496667 0.114667 0.366667
1000 39.449667 0.488333 0.042000 0.336667
25 39.535333 0.500000 0.149333 0.546667
369 39.660667 0.501667 0.116000 0.303333
4 39.750333 0.510000 0.078000 0.300000
523 39.843333 0.493333 0.126667 0.400000
459 39.930000 0.488333 0.060000 0.316667
484 40.004667 0.490000 0.106667 0.406667
185 40.109667 0.496667 0.116667 0.513333
508 40.191000 0.503333 0.063333 0.373333
129 40.284667 0.506667 0.140000 0.540000
881 40.422667 0.500000 0.150667 0.506667
686 40.539333 0.506667 0.100000 0.486667
525 40.627667 0.488333 0.092667 0.310000
462 40.700667 0.488333 0.072000 0.430000
482 40.758000 0.490000 0.061333 0.306667
98 40.877000 0.500000 0.190000 0.400000
380 41.019667 0.501667 0.114000 0.316667
122 41.113667 0.508333 0.088667 0.310000
931 41.168000 0.490000 0.038667 0.293333
779 41.197333 0.490000 0.037333 0.333333
109 41.317667 0.498333 0.218000 1.090000
957 41.436333 0.491667 0.036667 0.283333
577 41.504667 0.493333 0.118667 0.473333
536 41.634667 0.490000 0.154667 0.773333
166 41.762000 0.500000 0.114667 0.406667
852 41.867667 0.498333 0.111333 0.476667
466 41.956333 0.495000 0.079333 0.416667
66 42.046000 0.506667 0.113333 0.540000
731 42.136000 0.495000 0.085333 0.423333
754 42.242000 0.496667 0.144000 0.700000
507 42.340667 0.490000 0.069333 0.353333
277 42.400333 0.493333 0.068667 0.313333
390 42.514667 0.503333 0.177333 0.886667
943 42.609000 0.493333 0.031333 0.260000
880 42.679000 0.503333 0.122000 0.413333
540 42.827667 0.501667 0.190000 0.950000
391 43.006333 0.505000 0.184667 0.923333
287 43.138000 0.488333 0.096000 0.350000
362 43.242667 0.490000 0.126667 0.360000
115 43.323000 0.493333 0.054000 0.313333
61 43.380333 0.500000 0.076667 0.380000
228 43.463667 0.501667 0.104667 0.443333
180 43.572000 0.493333 0.126667 0.453333
987 43.653333 0.491667 0.053333 0.383333
57 43.703000 0.495000 0.063333 0.336667
716 43.800333 0.500000 0.150000 0.380000
1020 43.891333 0.503333 0.049333 0.373333
1007 43.929667 0.488333 0.044667 0.350000
501 43.988667 0.488333 0.093333 0.410000
1017 44.046333 0.508333 0.040667 0.310000
351 44.117000 0.490000 0.114000 0.360000
633 44.254667 0.510000 0.178667 0.493333
421 44.411000 0.496667 0.147333 0.466667
341 44.524667 0.510000 0.094667 0.380000
145 44.606000 0.498333 0.081333 0.430000
900 44.697667 0.501667 0.115333 0.336667
640 44.789333 0.488333 0.086667 0.436667
121 44.836667 0.500000 0.024000 0.373333
216 44.888667 0.488333 0.093333 0.476667
604 44.977667 0.510000 0.103333 0.313333
278 45.100667 0.495000 0.157333 0.476667
878 45.220667 0.508333 0.101333 0.516667
334 45.339667 0.498333 0.156667 0.536667
700 45.510667 0.500000 0.204000 1.020000
1015 45.624000 0.505000 0.038667 0.296667
36 45.701333 0.501667 0.132000 0.416667
110 45.831333 0.495000 0.145333 0.523333
660 45.955667 0.505000 0.123333 0.423333
789 46.050000 0.510000 0.082667 0.493333
335 46.146667 0.506667 0.128000 0.406667
856 46.278667 0.501667 0.154667 0.383333
891 46.384667 0.505000 0.073333 0.290000
344 46.469333 0.498333 0.112000 0.336667
137 46.551333 0.500000 0.066667 0.373333
822 46.624000 0.498333 0.092000 0.296667
108 46.774667 0.498333 0.222667 0.483333
703 46.932333 0.503333 0.111333 0.360000
861 47.000667 0.510000 0.038667 0.306667
37 47.068667 0.495000 0.116000 0.430000
984 47.137333 0.493333 0.038667 0.286667
736 47.184000 0.493333 0.069333 0.446667
518 47.270000 0.503333 0.116000 0.380000
78 47.405667 0.508333 0.172667 0.863333
609 47.517333 0.508333 0.064000 0.263333
797 47.602333 0.488333 0.122000 0.456667
824 47.711667 0.498333 0.115333 0.476667
178 47.826000 0.503333 0.129333 0.486667
951 47.903333 0.496667 0.040000 0.286667
229 47.977000 0.500000 0.120667 0.486667
368 48.100000 0.491667 0.144000 0.396667
989 48.190333 0.503333 0.050000 0.380000
718 48.308667 0.508333 0.200000 0.570000
695 48.481667 0.491667 0.162000 0.476667
677 48.608667 0.488333 0.106667 0.350000
788 48.740333 0.488333 0.170000 0.850000
745 48.867333 0.498333 0.097333 0.370000
974 48.922667 0.488333 0.032000 0.250000
829 48.991000 0.495000 0.124667 0.516667
29 49.110333 0.488333 0.128667 0.363333
370 49.233000 0.496667 0.134000 0.373333
586 49.349333 0.505000 0.112000 0.323333
240 49.432667 0.501667 0.073333 0.390000
0 49.486333 0.490000 0.048667 0.386667
739 49.533000 0.505000 0.064667 0.563333
887 49.630333 0.501667 0.147333 0.496667
483 49.727000 0.493333 0.059333 0.306667
464 49.785333 0.506667 0.073333 0.440000
107 49.930000 0.496667 0.233333 0.493333
305 50.070333 0.503333 0.063333 0.353333
120 50.182333 0.501667 0.176667 0.523333
879 50.330667 0.495000 0.134667 0.376667
75 50.462333 0.503333 0.147333 0.473333
96 50.625000 0.488333 0.192667 0.963333
930 50.737333 0.503333 0.048000 0.373333
527 50.823667 0.503333 0.139333 0.446667
588 50.937000 0.508333 0.107333 0.483333
693 51.035333 0.493333 0.104000 0.513333
610 51.151667 0.505000 0.148667 0.463333
944 51.240000 0.488333 0.044000 0.330000
690 51.300667 0.491667 0.094667 0.463333
1010 51.359333 0.493333 0.042667 0.320000
173 51.422333 0.500000 0.102000 0.460000
616 51.547333 0.503333 0.162667 0.420000
1011 51.639667 0.510000 0.039333 0.286667
953 51.668667 0.493333 0.038667 0.306667
80 51.723667 0.488333 0.088667 0.450000
955 51.780000 0.498333 0.042667 0.310000
802 51.895667 0.493333 0.204667 0.420000
73 52.069333 0.491667 0.162667 0.516667
442 52.184667 0.500000 0.082667 0.420000
361 52.288333 0.491667 0.138000 0.423333
761 52.425333 0.490000 0.153333 0.446667
613 52.576000 0.488333 0.161333 0.403333
893 52.723333 0.500000 0.150667 0.440000
704 52.852667 0.495000 0.125333 0.403333
215 52.965667 0.508333 0.119333 0.490000
375 53.081333 0.503333 0.126667 0.380000
146 53.177333 0.501667 0.080000 0.370000
666 53.277667 0.501667 0.135333 0.470000
1013 53.356333 0.505000 0.038000 0.270000
165 53.413333 0.501667 0.092000 0.356667
681 53.474667 0.495000 0.048000 0.416667
130 53.596000 0.510000 0.212000 1.060000
5 53.725667 0.496667 0.067333 0.300000
566 53.812333 0.498333 0.120667 0.503333
758 53.931000 0.508333 0.130000 0.443333
357 54.055333 0.508333 0.136000 0.383333
427 54.181333 0.501667 0.130667 0.616667
817 54.315333 0.506667 0.154667 0.353333
342 54.420333 0.506667 0.070000 0.306667
152 54.492000 0.500000 0.092000 0.446667
210 54.574667 0.500000 0.086667 0.426667
639 54.639667 0.501667 0.063333 0.316667
104 54.770000 0.510000 0.210667 1.053333
933 54.887667 0.500000 0.038000 0.293333
85 54.947667 0.495000 0.096667 0.396667
465 55.028000 0.496667 0.081333 0.413333
388 55.118000 0.498333 0.117333 0.336667
184 55.214667 0.488333 0.094667 0.416667
942 55.272667 0.500000 0.041333 0.300000
655 55.325667 0.490000 0.083333 0.340000
549 55.412000 0.491667 0.108000 0.356667
224 55.508333 0.493333 0.099333 0.400000
332 55.647000 0.496667 0.196667 0.446667
892 55.828333 0.493333 0.186000 0.540000
740 55.981667 0.501667 0.138000 0.316667
97 56.126000 0.506667 0.168000 0.840000
372 56.270333 0.495000 0.139333 0.376667
488 56.364000 0.510000 0.068000 0.353333
295 56.432667 0.505000 0.085333 0.363333
757 56.521667 0.488333 0.108667 0.316667
300 56.598333 0.495000 0.060667 0.190000
727 56.649667 0.495000 0.056667 0.303333
935 56.684333 0.501667 0.032667 0.263333
574 56.743000 0.508333 0.099333 0.396667
793 56.831333 0.506667 0.094667 0.380000
118 56.914000 0.498333 0.089333 0.356667
196 56.998667 0.508333 0.094667 0.383333
406 57.096333 0.491667 0.115333 0.443333
668 57.201000 0.493333 0.107333 0.353333
899 57.324333 0.496667 0.155333 0.413333
582 57.466000 0.500000 0.142667 0.533333
790 57.561667 0.488333 0.062000 0.376667
94 57.669000 0.491667 0.172667 0.863333
498 57.773667 0.498333 0.050000 0.310000
318 57.827333 0.491667 0.077333 0.390000
124 57.909667 0.490000 0.107333 0.406667
746 58.015333 0.506667 0.122667 0.380000
679 58.105667 0.500000 0.078000 0.480000
219 58.223000 0.495000 0.171333 0.856667
837 58.352333 0.510000 0.102000 0.466667
971 58.416333 0.506667 0.042000 0.313333
828 58.469000 0.495000 0.078000 0.370000
907 58.551000 0.501667 0.102000 0.336667
768 58.623667 0.490000 0.063333 0.140000
81 58.707333 0.498333 0.117333 0.470000
74 58.821000 0.501667 0.128667 0.396667
248 58.916667 0.503333 0.080000 0.420000
545 58.992333 0.508333 0.090000 0.323333
269 59.104000 0.508333 0.153333 0.490000
571 59.214000 0.503333 0.085333 0.353333
510 59.316333 0.490000 0.138000 0.520000
15 59.420000 0.495000 0.085333 0.303333
601 59.528667 0.506667 0.145333 0.426667
119 59.646333 0.490000 0.104667 0.606667
805 59.776333 0.500000 0.171333 0.486667
561 59.947333 0.505000 0.185333 0.403333
386 60.140667 0.490000 0.216000 1.080000
189 60.299333 0.491667 0.117333 0.483333
64 60.386000 0.488333 0.076000 0.410000
397 60.463333 0.498333 0.092000 0.376667
478 60.536333 0.495000 0.071333 0.430000
876 60.657000 0.505000 0.183333 0.916667
760 60.795000 0.496667 0.111333 0.333333
657 60.892000 0.501667 0.097333 0.383333
968 60.960333 0.496667 0.052667 0.373333
897 61.042667 0.501667 0.125333 0.343333
10 61.154667 0.498333 0.114667 0.370000
624 61.318333 0.508333 0.231333 1.156667
405 61.477000 0.488333 0.103333 0.396667
435 61.555333 0.505000 0.069333 0.316667
827 61.637333 0.496667 0.108000 0.473333
653 61.790333 0.508333 0.215333 1.076667
599 61.954000 0.495000 0.129333 0.383333
432 62.074667 0.493333 0.130667 0.260000
534 62.184000 0.495000 0.105333 0.423333
291 62.292000 0.506667 0.130667 0.500000
326 62.392333 0.498333 0.083333 0.383333
84 62.485667 0.493333 0.118000 0.326667
503 62.599000 0.501667 0.123333 0.336667
792 62.713333 0.491667 0.125333 0.510000
399 62.830333 0.506667 0.123333 0.413333
487 62.912000 0.510000 0.060000 0.320000
379 63.002000 0.503333 0.138667 0.380000
1022 63.085000 0.510000 0.042000 0.346667
8 63.157333 0.495000 0.121333 0.490000
986 63.230000 0.510000 0.040000 0.326667
455 63.272000 0.498333 0.062667 0.316667
702 63.373000 0.505000 0.159333 0.496667
322 63.490000 0.493333 0.090667 0.186667
548 63.600667 0.495000 0.145333 0.456667
871 63.700667 0.510000 0.070667 0.326667
929 63.745667 0.498333 0.034000 0.283333
885 63.798667 0.501667 0.086667 0.376667
453 63.859667 0.498333 0.055333 0.336667
338 63.945667 0.493333 0.136667 0.706667
711 64.095000 0.508333 0.182000 0.910000
54 64.211667 0.488333 0.064667 0.370000
445 64.267000 0.505000 0.066000 0.390000
537 64.400333 0.505000 0.220667 1.103333
1019 64.524667 0.508333 0.041333 0.310000
480 64.563667 0.500000 0.054000 0.320000
38 64.634667 0.505000 0.102667 0.323333
602 64.738333 0.503333 0.122000 0.360000
214 64.837667 0.488333 0.096667 0.416667
18 64.921667 0.496667 0.087333 0.306667
928 64.974667 0.490000 0.037333 0.286667
231 65.038667 0.505000 0.110667 0.456667
163 65.144333 0.490000 0.116667 0.433333
14 65.238333 0.506667 0.090000 0.313333
665 65.326000 0.510000 0.098667 0.366667
938 65.388000 0.490000 0.038667 0.280000
708 65.445333 0.505000 0.094667 0.436667
547 65.519667 0.488333 0.072667 0.410000
123 65.597333 0.490000 0.097333 0.633333
567 65.736667 0.493333 0.197333 0.986667
438 65.886667 0.506667 0.116000 0.353333
197 65.999000 0.490000 0.123333 0.493333
204 66.115667 0.493333 0.128667 0.513333
321 66.215000 0.496667 0.083333 0.360000
866 66.310667 0.500000 0.126667 0.393333
437 66.402667 0.488333 0.070667 0.350000
623 66.526667 0.500000 0.197333 0.986667
914 66.679000 0.501667 0.124667 0.370000
500 66.766333 0.490000 0.070000 0.313333
26 66.847333 0.498333 0.112000 0.376667
773 66.951000 0.490000 0.114000 0.360000
262 67.109667 0.508333 0.220667 1.103333
751 67.262000 0.500000 0.098667 0.413333
251 67.336333 0.491667 0.063333 0.363333
569 67.406667 0.488333 0.090667 0.363333
776 67.517333 0.491667 0.148000 0.383333
667 67.639000 0.500000 0.111333 0.373333
742 67.768000 0.510000 0.162667 0.813333
832 67.891333 0.498333 0.101333 0.410000
46 67.958000 0.503333 0.049333 0.426667
475 68.012333 0.505000 0.074000 0.443333
872 68.107333 0.503333 0.129333 0.360000
642 68.213667 0.505000 0.096667 0.383333
568 68.300667 0.508333 0.092000 0.463333
490 68.370000 0.488333 0.065333 0.336667
310 68.424667 0.503333 0.058667 0.326667
154 68.480667 0.510000 0.068000 0.306667
717 68.597333 0.500000 0.180000 0.453333
467 68.707667 0.501667 0.059333 0.336667
524 68.784000 0.495000 0.112000 0.363333
860 68.920000 0.503333 0.173333 0.440000
303 69.040000 0.488333 0.080000 0.450000
138 69.111667 0.505000 0.080667 0.476667
619 69.189667 0.503333 0.090000 0.500000
1006 69.244000 0.490000 0.038667 0.320000
88 69.375333 0.491667 0.238667 0.510000
643 69.528000 0.496667 0.084000 0.313333
294 69.648000 0.496667 0.173333 0.866667
902 69.799667 0.491667 0.143333 0.410000
762 69.899000 0.498333 0.070000 0.310000
367 69.981667 0.496667 0.112667 0.346667
449 70.070000 0.505000 0.078667 0.410000
474 70.133667 0.506667 0.062000 0.326667
741 70.203000 0.500000 0.091333 0.320000
564 70.305333 0.493333 0.133333 0.273333
220 70.406667 0.488333 0.088000 0.443333
217 70.497333 0.491667 0.108000 0.550000
841 70.592000 0.503333 0.096000 0.393333
514 70.691667 0.500000 0.122000 0.380000
40 70.788333 0.495000 0.091333 0.303333
628 70.904000 0.510000 0.156000 0.780000
336 71.022667 0.493333 0.098667 0.466667
769 71.122333 0.505000 0.120667 0.403333
755 71.248000 0.496667 0.146667 0.446667
79 71.430333 0.500000 0.236667 0.460000
426 71.579333 0.490000 0.076000 0.433333
309 71.636333 0.496667 0.056667 0.313333
981 71.679667 0.505000 0.044667 0.350000
863 71.751000 0.508333 0.112667 0.543333
177 71.850667 0.503333 0.106667 0.380000
254 71.950000 0.501667 0.109333 0.416667
208 72.087667 0.501667 0.182000 0.910000
562 72.236333 0.496667 0.132667 0.273333
13 72.340000 0.498333 0.094667 0.303333
972 72.400333 0.501667 0.040667 0.336667
638 72.455000 0.503333 0.088667 0.346667
815 72.563333 0.505000 0.148000 0.490000
584 72.696333 0.501667 0.134000 0.416667
670 72.825333 0.501667 0.137333 0.476667
838 72.940000 0.501667 0.110667 0.450000
664 73.045000 0.495000 0.112667 0.390000
71 73.123667 0.493333 0.058000 0.320000
988 73.166000 0.510000 0.046667 0.333333
416 73.218000 0.490000 0.076000 0.373333
565 73.321333 0.493333 0.150667 0.326667
418 73.442333 0.508333 0.104667 0.503333
147 73.532333 0.501667 0.090000 0.383333
207 73.625000 0.493333 0.110000 0.553333
27 73.743000 0.501667 0.143333 0.490000
896 73.881333 0.498333 0.152000 0.436667
969 73.965333 0.506667 0.036000 0.266667
324 74.039667 0.490000 0.128667 0.633333
492 74.133667 0.510000 0.072667 0.386667
103 74.272667 0.490000 0.220000 1.100000
431 74.415000 0.491667 0.084667 0.290000
91 74.549000 0.491667 0.200667 1.003333
494 74.682667 0.491667 0.084000 0.416667
950 74.739333 0.495000 0.045333 0.336667
882 74.814333 0.490000 0.119333 0.460000
346 74.927667 0.493333 0.122000 0.360000
347 75.057333 0.508333 0.152000 0.463333
345 75.188333 0.501667 0.128667 0.383333
752 75.273000 0.491667 0.059333 0.163333
381 75.362667 0.498333 0.140000 0.410000
373 75.500000 0.503333 0.152000 0.446667
697 75.605333 0.500000 0.072000 0.360000
232 75.690667 0.501667 0.112000 0.543333
607 75.792333 0.503333 0.111333 0.333333
999 75.858000 0.493333 0.036000 0.266667
553 75.951667 0.508333 0.170000 0.850000
641 76.071333 0.491667 0.089333 0.423333
787 76.138000 0.498333 0.064000 0.396667
448 76.201000 0.498333 0.076667 0.463333
552 76.257667 0.510000 0.054000 0.373333
763 76.304000 0.491667 0.056000 0.430000
531 76.429333 0.496667 0.214667 1.073333
691 76.579667 0.501667 0.104667 0.510000
31 76.732667 0.496667 0.220000 1.100000
247 76.879667 0.508333 0.091333 0.463333
748 76.976667 0.495000 0.120000 0.410000
855 77.066333 0.501667 0.074000 0.190000
1014 77.114000 0.493333 0.038667 0.300000
441 77.162000 0.505000 0.070667 0.363333
413 77.271333 0.510000 0.161333 0.806667
246 77.427000 0.491667 0.168667 0.576667
205 77.557333 0.490000 0.110667 0.546667
924 77.620333 0.495000 0.030000 0.243333
683 77.688000 0.506667 0.124000 0.340000
587 77.799000 0.488333 0.112667 0.350000
24 77.916000 0.493333 0.140000 0.473333
627 78.043333 0.503333 0.133333 0.446667
434 78.151000 0.495000 0.100667 0.343333
743 78.235333 0.501667 0.081333 0.343333
284 78.337667 0.501667 0.136667 0.483333
135 78.449667 0.498333 0.100667 0.303333
111 78.544000 0.510000 0.108000 0.480000
473 78.615000 0.501667 0.054000 0.316667
816 78.688333 0.503333 0.111333 0.406667
605 78.792333 0.493333 0.111333 0.306667
870 78.873333 0.488333 0.069333 0.316667
858 78.946333 0.488333 0.090000 0.290000
997 79.007000 0.506667 0.044667 0.346667
17 79.077667 0.506667 0.115333 0.380000
868 79.166667 0.495000 0.082667 0.470000
296 79.256333 0.496667 0.114000 0.413333
648 79.348000 0.503333 0.084000 0.380000
313 79.435333 0.498333 0.109333 0.410000
749 79.533000 0.496667 0.100667 0.420000
632 79.661000 0.505000 0.174000 0.870000
297 79.765667 0.488333 0.055333 0.296667
447 79.812667 0.510000 0.058667 0.353333
311 79.882000 0.493333 0.100000 0.426667
301 79.957000 0.488333 0.067333 0.383333
812 80.035000 0.490000 0.103333 0.353333
319 80.120667 0.508333 0.088000 0.316667
890 80.203333 0.510000 0.090667 0.460000
302 80.279667 0.496667 0.079333 0.446667
709 80.372667 0.510000 0.124000 0.506667
279 80.485667 0.505000 0.119333 0.663333
869 80.572667 0.508333 0.072000 0.436667
1012 80.620667 0.500000 0.040000 0.326667
965 80.652667 0.495000 0.041333 0.323333
925 80.688667 0.491667 0.050667 0.370000
728 80.741000 0.503333 0.067333 0.600000
772 80.835667 0.505000 0.135333 0.370000
722 80.960333 0.506667 0.132667 0.400000
479 81.053667 0.493333 0.070000 0.360000
909 81.127333 0.496667 0.096000 0.453333
230 81.215000 0.496667 0.096667 0.433333
516 81.302667 0.488333 0.094667 0.316667
854 81.429333 0.495000 0.172000 0.603333
444 81.540000 0.496667 0.069333 0.420000
407 81.624000 0.491667 0.114667 0.463333
182 81.739000 0.491667 0.131333 0.436667
734 81.884667 0.500000 0.180000 0.466667
821 82.083667 0.498333 0.231333 1.156667
770 82.261667 0.506667 0.142000 0.453333
834 82.377000 0.506667 0.104667 0.513333
149 82.507667 0.496667 0.171333 0.433333
814 82.645333 0.488333 0.124000 0.330000
756 82.777333 0.498333 0.153333 0.443333
706 82.889333 0.508333 0.084000 0.423333
575 82.975333 0.490000 0.101333 0.346667
408 83.067333 0.498333 0.100000 0.383333
169 83.207667 0.508333 0.199333 0.996667
603 83.378000 0.496667 0.161333 0.806667
593 83.527333 0.488333 0.152000 0.430000
49 83.685667 0.501667 0.183333 0.916667
32 83.832333 0.493333 0.126000 0.400000
809 83.936667 0.508333 0.098667 0.516667
696 84.052000 0.498333 0.146667 0.336667
157 84.192333 0.495000 0.147333 0.610000
936 84.277333 0.505000 0.038667 0.290000
1002 84.313000 0.501667 0.046000 0.356667
658 84.357333 0.506667 0.061333 0.360000
964 84.402333 0.488333 0.047333 0.370000
875 84.492000 0.508333 0.146667 0.383333
339 84.605667 0.508333 0.096667 0.523333
353 84.700667 0.501667 0.113333 0.330000
651 84.840000 0.510000 0.184000 0.920000
688 84.973667 0.496667 0.100667 0.493333
11 85.062667 0.493333 0.097333 0.340000
352 85.173667 0.493333 0.142000 0.386667
733 85.273000 0.501667 0.072667 0.436667
719 85.381333 0.488333 0.162667 0.416667
579 85.538667 0.510000 0.165333 0.493333
635 85.652000 0.500000 0.080000 0.353333
41 85.745333 0.503333 0.124000 0.353333
810 85.854333 0.498333 0.110000 0.503333
710 86.001333 0.506667 0.201333 0.506667
998 86.110333 0.503333 0.034000 0.253333
325 86.233667 0.495000 0.230000 1.150000
209 86.385000 0.510000 0.092667 0.466667
293 86.474000 0.491667 0.102667 0.396667
712 86.590000 0.491667 0.144000 0.430000
630 86.752667 0.488333 0.194667 0.643333
941 86.862000 0.493333 0.041333 0.313333
67 86.955000 0.491667 0.162000 0.810000
859 87.083333 0.510000 0.110667 0.320000
327 87.184000 0.496667 0.110667 0.326667
975 87.248000 0.495000 0.033333 0.276667
460 87.297000 0.496667 0.084667 0.426667
252 87.388333 0.500000 0.112667 0.446667
920 87.484333 0.493333 0.096667 0.360000
614 87.609667 0.501667 0.174000 0.443333
918 87.745333 0.490000 0.116000 0.433333
422 87.836333 0.503333 0.082000 0.340000
419 87.916667 0.488333 0.093333 0.456667
877 88.005667 0.503333 0.103333 0.500000
28 88.098667 0.490000 0.096000 0.326667
401 88.180000 0.500000 0.084000 0.433333
299 88.258000 0.501667 0.090667 0.356667
980 88.317667 0.500000 0.046000 0.353333
451 88.362000 0.503333 0.061333 0.313333
39 88.428667 0.510000 0.089333 0.293333
350 88.539000 0.508333 0.144667 0.450000
268 88.696333 0.508333 0.190000 0.950000
415 88.847000 0.490000 0.128667 0.446667
576 88.946667 0.498333 0.086667 0.336667
420 89.031333 0.505000 0.096000 0.350000
211 89.174333 0.488333 0.208667 1.043333
820 89.309333 0.503333 0.078667 0.320000
167 89.398667 0.498333 0.118667 0.423333
400 89.471667 0.495000 0.047333 0.436667
143 89.526333 0.498333 0.082000 0.390000
363 89.639667 0.496667 0.160667 0.480000
55 89.765667 0.500000 0.104667 0.280000
629 89.907667 0.490000 0.192667 0.640000
735 90.067000 0.491667 0.146000 0.603333
100 90.213000 0.488333 0.159333 0.796667
759 90.342000 0.501667 0.113333 0.330000
275 90.416000 0.506667 0.050667 0.320000
945 90.456333 0.505000 0.043333 0.356667
125 90.521667 0.508333 0.107333 0.516667
192 90.620333 0.503333 0.104667 0.420000
904 90.697333 0.506667 0.062667 0.293333
1003 90.743000 0.510000 0.042000 0.333333
199 90.814667 0.490000 0.116000 0.586667
678 90.917000 0.505000 0.107333 0.390000
496 91.014000 0.490000 0.100000 0.413333
439 91.115333 0.490000 0.120000 0.473333
403 91.246333 0.495000 0.156667 0.783333
359 91.412333 0.491667 0.191333 0.956667
985 91.516667 0.503333 0.036000 0.293333
546 91.577667 0.508333 0.103333 0.370000
6 91.667000 0.493333 0.090000 0.346667
833 91.754667 0.510000 0.105333 0.433333
581 91.850667 0.500000 0.106667 0.460000
631 91.967000 0.488333 0.144667 0.476667
378 92.104333 0.510000 0.144667 0.426667
830 92.227667 0.506667 0.120667 0.553333
511 92.344333 0.495000 0.132667 0.416667
738 92.449667 0.496667 0.091333 0.413333
312 92.538667 0.505000 0.102667 0.350000
612 92.660333 0.505000 0.158000 0.790000
767 92.783667 0.505000 0.106000 0.330000
238 92.896333 0.491667 0.132667 0.510000
848 93.009000 0.491667 0.110000 0.350000
777 93.100667 0.491667 0.088000 0.383333
598 93.211000 0.495000 0.146000 0.456667
784 93.299667 0.503333 0.048667 0.400000
393 93.382667 0.508333 0.130667 0.370000
646 93.490000 0.496667 0.101333 0.460000
515 93.590000 0.506667 0.117333 0.393333
223 93.690333 0.501667 0.100667 0.416667
554 93.811333 0.506667 0.156000 0.780000
131 93.939333 0.491667 0.120000 0.470000
680 94.055667 0.506667 0.127333 0.446667
949 94.131667 0.490000 0.040667 0.300000
541 94.250667 0.506667 0.212000 1.060000
622 94.462333 0.498333 0.227333 1.136667
839 94.612000 0.491667 0.089333 0.463333
698 94.677333 0.505000 0.060000 0.316667
874 94.737667 0.495000 0.076667 0.350000
701 94.837667 0.505000 0.138000 0.456667
22 94.968000 0.501667 0.142667 0.476667
836 95.081667 0.505000 0.104667 0.450000
956 95.143667 0.495000 0.034000 0.290000
560 95.255667 0.495000 0.207333 0.663333
2 95.383333 0.500000 0.068000 0.353333
412 95.452667 0.491667 0.085333 0.443333
906 95.563333 0.498333 0.153333 0.423333
139 95.668333 0.506667 0.071333 0.420000
371 95.769667 0.510000 0.144667 0.453333
244 95.916000 0.488333 0.168000 0.456667
428 96.027000 0.488333 0.072667 0.490000
927 96.075667 0.490000 0.042000 0.333333
489 96.123333 0.488333 0.072000 0.430000
56 96.187000 0.501667 0.072667 0.103333
402 96.282000 0.495000 0.130667 0.370000
160 96.373000 0.491667 0.071333 0.370000
158 96.491000 0.508333 0.182000 0.910000
161 96.626000 0.495000 0.105333 0.370000
840 96.719000 0.503333 0.094000 0.420000
436 96.826000 0.501667 0.133333 0.390000
1001 96.904333 0.508333 0.039333 0.316667
888 97.024000 0.510000 0.214667 1.073333
687 97.165667 0.505000 0.088667 0.436667
915 97.234667 0.508333 0.065333 0.536667
676 97.305000 0.493333 0.092667 0.326667
468 97.371333 0.493333 0.054667 0.326667
429 97.445667 0.510000 0.112667 0.406667
234 97.549000 0.503333 0.107333 0.446667
825 97.639000 0.505000 0.088667 0.363333
654 97.772667 0.503333 0.192000 0.960000
150 97.909667 0.506667 0.095333 0.380000
732 97.982667 0.498333 0.066667 0.343333
932 98.023000 0.498333 0.034000 0.276667
795 98.063667 0.498333 0.060667 0.370000
682 98.145667 0.498333 0.122000 0.450000
174 98.259000 0.508333 0.122000 0.443333
414 98.418667 0.500000 0.212000 1.060000
535 98.588333 0.490000 0.140667 0.300000
1004 98.671667 0.495000 0.039333 0.290000
35 98.752333 0.490000 0.136667 0.433333
919 98.846333 0.506667 0.070000 0.340000
946 98.887333 0.491667 0.030667 0.256667
659 98.928333 0.510000 0.070000 0.286667
113 99.004000 0.503333 0.100000 0.540000
867 99.086667 0.506667 0.085333 0.266667
47 99.182333 0.488333 0.120667 0.583333
901 99.295667 0.505000 0.124667 0.376667
51 99.396333 0.488333 0.096667 0.336667
707 99.494000 0.510000 0.117333 0.473333
20 99.602667 0.503333 0.117333 0.400000
337 99.788000 0.506667 0.269333 0.626667
213 99.960333 0.503333 0.092667 0.393333
389 100.076667 0.490000 0.160000 0.453333
937 100.174000 0.488333 0.049333 0.363333
532 100.249667 0.493333 0.119333 0.613333
889 100.358667 0.495000 0.117333 0.463333
538 100.525000 0.488333 0.228667 1.143333
976 100.648333 0.498333 0.034000 0.256667
243 100.739333 0.506667 0.161333 0.806667
621 100.846000 0.506667 0.066667 0.613333
151 100.919333 0.491667 0.097333 0.436667
585 101.023667 0.510000 0.131333 0.413333
1 101.113000 0.488333 0.063333 0.303333
1016 101.158000 0.491667 0.044000 0.363333
245 101.203667 0.505000 0.060667 0.236667
70 101.300333 0.498333 0.146000 0.490000
286 101.405667 0.505000 0.084667 0.316667
164 101.492667 0.501667 0.105333 0.403333
298 101.575000 0.506667 0.076667 0.386667
387 101.673000 0.508333 0.138000 0.396667
926 101.753000 0.496667 0.036667 0.293333
886 101.868333 0.495000 0.208667 1.043333
127 102.027667 0.495000 0.127333 0.423333
170 102.148333 0.510000 0.131333 0.506667
505 102.234333 0.501667 0.055333 0.230000
126 102.358667 0.500000 0.213333 1.066667
62 102.500333 0.506667 0.088667 0.413333
652 102.598667 0.498333 0.128000 0.436667
89 102.752000 0.490000 0.196000 0.980000
86 102.895333 0.498333 0.104000 0.450000
233 103.000333 0.501667 0.120667 0.483333
649 103.107000 0.498333 0.108667 0.570000
715 103.243667 0.501667 0.180667 0.543333
894 103.426333 0.508333 0.200667 1.003333
304 103.548000 0.491667 0.062667 0.350000
608 103.626333 0.501667 0.107333 0.383333
