424 0.072000 0.495000 0.137333 0.430000
624 0.241333 0.496667 0.214667 1.073333
40 0.411000 0.503333 0.138000 0.460000
550 0.499667 0.488333 0.059333 0.296667
154 0.560667 0.508333 0.077333 0.390000
102 0.681000 0.506667 0.178000 0.386667
545 0.814333 0.490000 0.108667 0.433333
333 0.956000 0.488333 0.192000 0.476667
556 1.099333 0.495000 0.109333 0.450000
890 1.244000 0.490000 0.198667 0.993333
368 1.390333 0.488333 0.107333 0.336667
969 1.457667 0.491667 0.043333 0.350000
458 1.504667 0.506667 0.064000 0.380000
246 1.593000 0.506667 0.127333 0.446667
878 1.699000 0.508333 0.099333 0.503333
404 1.787667 0.491667 0.092667 0.470000
206 1.913667 0.488333 0.178000 0.890000
22 2.045333 0.503333 0.104000 0.346667
613 2.199000 0.488333 0.218000 1.090000
262 2.396333 0.508333 0.194000 0.970000
593 2.543000 0.490000 0.119333 0.353333
958 2.616000 0.501667 0.042667 0.350000
147 2.675667 0.505000 0.092667 0.390000
861 2.738000 0.495000 0.048000 0.376667
926 2.770667 0.510000 0.037333 0.280000
339 2.829667 0.490000 0.099333 0.533333
995 2.897667 0.495000 0.051333 0.376667
547 2.946333 0.505000 0.064667 0.370000
5 3.008000 0.503333 0.077333 0.340000
843 3.080667 0.493333 0.084000 0.413333
590 3.190333 0.501667 0.148667 0.550000
1012 3.271667 0.490000 0.034000 0.280000
171 3.346000 0.500000 0.132000 0.500000
323 3.488667 0.500000 0.166667 0.326667
419 3.616667 0.488333 0.102667 0.503333
235 3.712667 0.506667 0.102667 0.413333
699 3.835333 0.491667 0.158667 0.456667
488 3.941000 0.498333 0.070000 0.350000
450 3.995333 0.490000 0.058667 0.313333
918 4.062667 0.508333 0.090667 0.316667
81 4.149000 0.500000 0.098000 0.400000
690 4.236667 0.493333 0.092000 0.453333
714 4.361667 0.491667 0.174000 0.870000
1010 4.463333 0.500000 0.045333 0.353333
824 4.532333 0.493333 0.106000 0.473333
865 4.638000 0.493333 0.124000 0.440000
831 4.753333 0.505000 0.121333 0.510000
443 4.842667 0.491667 0.076000 0.463333
14 4.933000 0.491667 0.124667 0.403333
799 5.038667 0.496667 0.106667 0.406667
787 5.121000 0.503333 0.074000 0.446667
947 5.170667 0.506667 0.038667 0.286667
87 5.287667 0.488333 0.211333 0.463333
209 5.437667 0.498333 0.106000 0.536667
107 5.567667 0.496667 0.170000 0.366667
668 5.709667 0.496667 0.130000 0.420000
271 5.856667 0.510000 0.182667 0.913333
376 6.020000 0.503333 0.158667 0.446667
685 6.137333 0.493333 0.092000 0.373333
101 6.291667 0.503333 0.234000 0.506667
84 6.449000 0.506667 0.099333 0.280000
132 6.541000 0.501667 0.098000 0.410000
266 6.662667 0.500000 0.165333 0.520000
923 6.752333 0.488333 0.032667 0.270000
695 6.837333 0.500000 0.156000 0.780000
2 6.945667 0.493333 0.078000 0.386667
1005 6.992333 0.496667 0.031333 0.260000
672 7.050000 0.498333 0.097333 0.323333
647 7.131000 0.490000 0.083333 0.413333
840 7.222667 0.498333 0.114667 0.476667
782 7.320667 0.493333 0.094667 0.440000
524 7.423333 0.503333 0.126667 0.453333
616 7.547667 0.498333 0.140667 0.343333
988 7.636000 0.506667 0.052000 0.373333
591 7.739333 0.495000 0.168000 0.536667
713 7.904333 0.488333 0.176667 0.483333
570 8.037667 0.490000 0.107333 0.453333
630 8.195000 0.495000 0.224667 1.123333
38 8.345333 0.491667 0.094667 0.316667
400 8.412667 0.508333 0.058667 0.496667
85 8.489000 0.493333 0.107333 0.413333
198 8.583000 0.490000 0.099333 0.500000
747 8.667000 0.498333 0.086000 0.363333
502 8.750333 0.490000 0.095333 0.426667
95 8.883333 0.503333 0.190667 0.413333
494 9.012000 0.498333 0.080000 0.410000
189 9.091333 0.498333 0.092000 0.370000
231 9.188000 0.495000 0.116000 0.483333
753 9.314667 0.503333 0.153333 0.500000
356 9.448000 0.496667 0.133333 0.386667
905 9.589333 0.510000 0.165333 0.526667
732 9.704333 0.496667 0.079333 0.386667
795 9.771333 0.510000 0.070667 0.426667
864 9.855000 0.508333 0.110000 0.436667
44 9.954000 0.500000 0.105333 0.413333
506 10.016000 0.490000 0.033333 0.373333
1000 10.046000 0.495000 0.045333 0.363333
565 10.142000 0.496667 0.165333 0.340000
1013 10.233000 0.506667 0.031333 0.253333
444 10.265667 0.493333 0.054000 0.286667
833 10.339000 0.498333 0.112667 0.536667
571 10.434000 0.491667 0.094667 0.390000
651 10.535000 0.496667 0.124667 0.406667
960 10.612333 0.500000 0.050000 0.386667
13 10.678333 0.508333 0.102000 0.330000
434 10.773000 0.510000 0.106000 0.360000
321 10.874667 0.500000 0.112000 0.446667
586 11.000333 0.503333 0.154000 0.440000
99 11.153000 0.508333 0.164667 0.823333
335 11.301333 0.496667 0.150667 0.480000
203 11.426333 0.490000 0.112667 0.460000
130 11.576667 0.500000 0.202667 1.013333
436 11.736000 0.498333 0.134667 0.370000
106 11.880667 0.496667 0.170667 0.853333
54 11.988333 0.496667 0.058000 0.333333
907 12.069667 0.503333 0.120667 0.393333
876 12.219333 0.503333 0.197333 0.986667
16 12.366000 0.491667 0.112000 0.403333
324 12.486333 0.495000 0.148667 0.730000
657 12.597667 0.500000 0.091333 0.380000
382 12.745667 0.491667 0.220667 1.103333
838 12.902000 0.508333 0.108000 0.483333
751 12.986333 0.498333 0.078000 0.336667
975 13.033333 0.501667 0.032000 0.250000
846 13.100667 0.506667 0.117333 0.580000
140 13.245333 0.493333 0.186667 0.933333
673 13.382333 0.490000 0.102000 0.353333
489 13.461667 0.498333 0.070000 0.370000
581 13.527000 0.510000 0.078000 0.333333
829 13.618667 0.491667 0.124000 0.516667
916 13.766667 0.500000 0.190667 0.393333
421 13.939000 0.498333 0.172667 0.863333
408 14.067333 0.501667 0.100000 0.376667
644 14.155000 0.503333 0.088667 0.406667
703 14.245333 0.496667 0.108000 0.380000
533 14.357667 0.506667 0.132667 0.453333
418 14.453667 0.501667 0.078000 0.376667
680 14.528667 0.506667 0.092000 0.320000
281 14.636333 0.506667 0.140667 0.480000
956 14.719000 0.501667 0.044667 0.343333
236 14.793667 0.503333 0.122000 0.493333
1019 14.867000 0.491667 0.038000 0.270000
1015 14.893333 0.496667 0.034667 0.273333
752 14.939667 0.500000 0.076667 0.200000
172 15.061333 0.510000 0.186667 0.933333
301 15.179667 0.488333 0.070000 0.390000
420 15.258667 0.488333 0.101333 0.376667
329 15.391333 0.493333 0.182667 0.640000
369 15.538000 0.488333 0.129333 0.363333
834 15.657333 0.491667 0.126667 0.523333
990 15.728333 0.508333 0.034000 0.270000
894 15.792667 0.506667 0.114667 0.300000
601 15.901667 0.491667 0.116667 0.363333
68 16.023333 0.503333 0.141333 0.413333
25 16.157333 0.491667 0.141333 0.490000
759 16.284667 0.495000 0.129333 0.430000
821 16.389000 0.498333 0.099333 0.643333
222 16.479000 0.488333 0.095333 0.396667
888 16.631333 0.490000 0.229333 1.146667
728 16.766667 0.495000 0.060000 0.523333
318 16.829000 0.491667 0.083333 0.390000
936 16.881667 0.508333 0.035333 0.283333
748 16.940667 0.496667 0.102667 0.353333
422 17.029333 0.490000 0.094667 0.373333
779 17.090333 0.505000 0.047333 0.416667
992 17.130000 0.500000 0.046667 0.353333
692 17.180000 0.505000 0.073333 0.363333
467 17.250667 0.501667 0.084000 0.416667
493 17.326667 0.503333 0.086667 0.433333
534 17.409333 0.498333 0.098667 0.390000
166 17.514000 0.490000 0.130667 0.486667
384 17.641000 0.488333 0.136667 0.376667
452 17.744000 0.495000 0.088000 0.450000
359 17.841333 0.505000 0.122667 0.343333
392 17.973000 0.496667 0.155333 0.420000
32 18.092000 0.490000 0.101333 0.333333
606 18.187667 0.496667 0.108667 0.326667
360 18.299000 0.508333 0.127333 0.403333
83 18.392333 0.505000 0.078000 0.383333
177 18.487333 0.503333 0.128000 0.466667
1006 18.563333 0.510000 0.041333 0.313333
999 18.598333 0.493333 0.043333 0.340000
919 18.652000 0.510000 0.084000 0.380000
1021 18.702000 0.491667 0.036000 0.283333
922 18.735000 0.490000 0.044667 0.353333
648 18.796667 0.488333 0.094667 0.423333
849 18.890333 0.491667 0.111333 0.523333
792 18.981667 0.506667 0.091333 0.373333
503 19.076667 0.501667 0.118667 0.296667
983 19.144000 0.508333 0.034667 0.263333
627 19.232333 0.491667 0.159333 0.536667
67 19.393000 0.495000 0.176667 0.883333
574 19.520667 0.505000 0.094667 0.383333
566 19.621667 0.495000 0.120667 0.490000
485 19.708000 0.493333 0.072000 0.406667
405 19.783000 0.506667 0.092667 0.360000
1009 19.842000 0.488333 0.040000 0.303333
363 19.931333 0.506667 0.152000 0.466667
375 20.074333 0.490000 0.154000 0.473333
20 20.200667 0.505000 0.118667 0.383333
903 20.333667 0.505000 0.162000 0.436667
63 20.454667 0.495000 0.100000 0.363333
633 20.599667 0.493333 0.210000 0.626667
600 20.761667 0.498333 0.134000 0.403333
59 20.918333 0.505000 0.194000 0.970000
789 21.049333 0.505000 0.084000 0.503333
588 21.131667 0.510000 0.094000 0.426667
60 21.212667 0.493333 0.085333 0.353333
631 21.337667 0.495000 0.183333 0.616667
841 21.480333 0.508333 0.115333 0.550000
1 21.559333 0.493333 0.061333 0.306667
576 21.624000 0.496667 0.086667 0.340000
340 21.721667 0.505000 0.122000 0.363333
720 21.873333 0.503333 0.200000 1.000000
510 22.016333 0.491667 0.106000 0.396667
756 22.124000 0.500000 0.124000 0.366667
920 22.220667 0.506667 0.086667 0.333333
1023 22.279000 0.496667 0.044667 0.346667
733 22.334667 0.493333 0.080000 0.466667
278 22.442000 0.498333 0.153333 0.470000
836 22.567333 0.508333 0.113333 0.470000
149 22.717333 0.503333 0.204000 1.020000
492 22.847333 0.490000 0.069333 0.313333
972 22.898333 0.490000 0.046000 0.346667
486 22.939667 0.493333 0.054000 0.306667
837 23.004000 0.495000 0.090667 0.403333
519 23.097333 0.496667 0.110667 0.366667
507 23.174667 0.490000 0.062667 0.326667
260 23.258000 0.510000 0.124000 0.340000
263 23.376000 0.501667 0.128000 0.443333
817 23.495667 0.490000 0.131333 0.413333
344 23.642000 0.503333 0.178667 0.893333
310 23.760333 0.490000 0.075333 0.426667
216 23.835000 0.498333 0.087333 0.370000
516 23.918333 0.505000 0.096667 0.323333
780 24.011667 0.496667 0.110000 0.313333
455 24.083333 0.510000 0.053333 0.320000
974 24.119000 0.496667 0.036667 0.306667
766 24.189667 0.493333 0.120667 0.353333
182 24.328000 0.493333 0.169333 0.846667
18 24.455667 0.506667 0.104667 0.360000
610 24.562333 0.503333 0.124667 0.386667
852 24.656333 0.500000 0.083333 0.393333
200 24.735333 0.510000 0.092000 0.380000
86 24.811333 0.510000 0.080000 0.340000
212 24.901000 0.490000 0.116667 0.586667
113 24.987000 0.490000 0.074000 0.333333
233 25.069333 0.490000 0.109333 0.446667
569 25.162000 0.498333 0.089333 0.343333
729 25.212333 0.510000 0.026000 0.346667
539 25.251000 0.491667 0.070000 0.310000
649 25.322000 0.508333 0.085333 0.470000
929 25.374667 0.506667 0.038667 0.313333
316 25.435000 0.505000 0.095333 0.336667
927 25.492000 0.491667 0.038667 0.323333
924 25.519667 0.503333 0.032667 0.253333
428 25.563667 0.496667 0.075333 0.513333
454 25.621333 0.491667 0.057333 0.336667
33 25.696333 0.500000 0.106000 0.346667
851 25.789000 0.498333 0.096667 0.396667
872 25.893333 0.495000 0.129333 0.363333
79 26.028667 0.500000 0.158667 0.793333
272 26.170667 0.510000 0.140000 0.406667
765 26.278000 0.498333 0.092000 0.443333
402 26.379333 0.510000 0.125333 0.326667
536 26.517000 0.508333 0.164667 0.663333
261 26.649667 0.501667 0.114000 0.550000
629 26.805667 0.508333 0.215333 1.076667
897 26.969000 0.501667 0.128667 0.343333
623 27.109333 0.510000 0.169333 0.846667
75 27.267667 0.498333 0.162000 0.510000
540 27.419667 0.501667 0.159333 0.630000
77 27.551667 0.493333 0.123333 0.306667
594 27.660333 0.495000 0.112667 0.343333
24 27.768667 0.503333 0.118667 0.400000
998 27.841667 0.508333 0.043333 0.316667
577 27.909333 0.506667 0.109333 0.426667
386 28.058667 0.490000 0.202667 1.013333
605 28.218000 0.490000 0.132000 0.366667
863 28.334667 0.510000 0.120000 0.580000
911 28.439667 0.493333 0.110000 0.406667
98 28.576667 0.500000 0.182667 0.400000
726 28.696000 0.503333 0.074667 0.400000
828 28.768667 0.500000 0.088000 0.433333
357 28.879667 0.491667 0.151333 0.423333
303 28.985333 0.501667 0.077333 0.430000
314 29.062333 0.495000 0.092667 0.323333
986 29.122667 0.506667 0.048000 0.360000
284 29.202000 0.501667 0.124000 0.450000
110 29.318000 0.493333 0.121333 0.426667
882 29.428667 0.495000 0.113333 0.443333
43 29.540000 0.508333 0.125333 0.490000
521 29.679000 0.488333 0.168667 0.470000
498 29.786333 0.501667 0.059333 0.356667
294 29.942667 0.500000 0.270667 0.426667
854 30.156000 0.496667 0.172000 0.560000
708 30.285000 0.500000 0.102000 0.406667
122 30.385000 0.488333 0.115333 0.416667
973 30.457667 0.503333 0.046000 0.353333
295 30.533000 0.508333 0.123333 0.523333
953 30.611000 0.506667 0.047333 0.353333
709 30.673000 0.505000 0.094000 0.383333
885 30.748667 0.510000 0.073333 0.326667
522 30.830000 0.491667 0.109333 0.370000
70 30.945667 0.505000 0.135333 0.470000
688 31.045000 0.498333 0.079333 0.390000
312 31.129667 0.493333 0.103333 0.380000
362 31.246000 0.488333 0.148000 0.436667
582 31.393333 0.490000 0.162667 0.813333
551 31.534333 0.501667 0.139333 0.423333
584 31.696333 0.505000 0.204667 1.023333
866 31.861000 0.498333 0.139333 0.376667
739 31.962667 0.505000 0.077333 0.556667
300 32.022667 0.501667 0.057333 0.183333
944 32.060000 0.506667 0.034667 0.266667
337 32.175333 0.510000 0.212000 1.060000
93 32.372667 0.503333 0.198667 0.420000
959 32.483333 0.510000 0.042667 0.306667
621 32.525000 0.510000 0.059333 0.573333
762 32.583667 0.506667 0.072667 0.320000
153 32.660333 0.493333 0.094000 0.426667
721 32.771667 0.491667 0.147333 0.423333
504 32.908667 0.500000 0.141333 0.413333
513 33.041667 0.495000 0.139333 0.470000
763 33.130000 0.506667 0.056000 0.433333
373 33.234000 0.493333 0.169333 0.846667
396 33.372667 0.496667 0.122667 0.380000
717 33.518000 0.490000 0.188000 0.940000
895 33.665000 0.490000 0.122000 0.360000
315 33.761667 0.490000 0.088667 0.333333
348 33.862667 0.488333 0.128000 0.403333
289 34.011333 0.500000 0.185333 0.926667
655 34.131667 0.501667 0.070000 0.316667
227 34.202667 0.488333 0.090667 0.376667
460 34.280000 0.501667 0.082667 0.456667
715 34.407333 0.508333 0.189333 0.496667
451 34.528333 0.506667 0.067333 0.360000
526 34.630333 0.506667 0.150000 0.386667
558 34.731333 0.490000 0.072000 0.353333
104 34.837333 0.493333 0.160000 0.346667
794 34.948000 0.496667 0.080000 0.493333
938 34.999000 0.493333 0.036667 0.286667
596 35.079667 0.501667 0.138000 0.436667
967 35.156333 0.506667 0.030000 0.253333
661 35.216333 0.505000 0.108667 0.356667
904 35.303667 0.490000 0.083333 0.393333
665 35.396667 0.491667 0.120000 0.403333
163 35.498667 0.491667 0.100000 0.350000
273 35.569333 0.506667 0.054667 0.320000
546 35.629667 0.496667 0.082000 0.300000
719 35.752667 0.500000 0.180000 0.900000
56 35.874333 0.508333 0.076667 0.103333
962 35.928333 0.505000 0.046000 0.330000
327 36.007333 0.506667 0.126667 0.386667
82 36.092333 0.510000 0.062000 0.453333
151 36.146333 0.491667 0.066000 0.330000
275 36.197000 0.503333 0.050000 0.313333
156 36.299000 0.501667 0.168667 0.443333
656 36.451333 0.506667 0.156000 0.393333
345 36.603667 0.488333 0.163333 0.463333
1001 36.701333 0.488333 0.049333 0.370000
499 36.746333 0.500000 0.060667 0.366667
430 36.818667 0.510000 0.097333 0.413333
429 36.920000 0.506667 0.118667 0.393333
642 37.014000 0.503333 0.088000 0.340000
276 37.075667 0.503333 0.052667 0.306667
693 37.131667 0.496667 0.079333 0.386667
150 37.228333 0.505000 0.130000 0.503333
935 37.308333 0.493333 0.046000 0.346667
548 37.397000 0.491667 0.146000 0.476667
1020 37.480667 0.495000 0.036000 0.283333
933 37.509000 0.501667 0.039333 0.296667
144 37.624667 0.500000 0.212000 1.060000
626 37.803000 0.505000 0.162000 0.536667
116 37.949000 0.491667 0.144667 0.443333
64 38.040333 0.505000 0.054000 0.283333
971 38.077000 0.506667 0.039333 0.313333
573 38.126333 0.501667 0.079333 0.336667
740 38.220667 0.503333 0.126667 0.286667
997 38.294667 0.510000 0.040000 0.333333
541 38.409333 0.488333 0.205333 0.436667
724 38.539333 0.490000 0.068000 0.333333
968 38.584000 0.501667 0.041333 0.316667
385 38.703000 0.501667 0.215333 1.076667
860 38.883667 0.491667 0.163333 0.816667
496 39.008000 0.506667 0.102667 0.426667
119 39.097667 0.505000 0.094000 0.556667
237 39.173333 0.498333 0.076000 0.563333
599 39.273333 0.496667 0.142667 0.433333
115 39.374000 0.496667 0.078667 0.380000
825 39.450000 0.495000 0.090667 0.376667
745 39.527333 0.510000 0.078667 0.293333
134 39.608667 0.495000 0.098667 0.310000
781 39.681333 0.508333 0.065333 0.336667
804 39.815333 0.503333 0.217333 1.086667
244 39.997667 0.495000 0.163333 0.436667
801 40.120000 0.508333 0.096000 0.356667
951 40.182000 0.506667 0.044000 0.320000
791 40.228333 0.495000 0.063333 0.390000
406 40.306667 0.500000 0.110667 0.433333
341 40.394667 0.505000 0.078667 0.356667
267 40.513667 0.501667 0.172667 0.863333
192 40.638333 0.505000 0.092667 0.430000
537 40.794000 0.510000 0.234667 0.413333
671 40.969000 0.490000 0.128667 0.446667
809 41.073333 0.493333 0.096000 0.500000
121 41.123333 0.488333 0.022667 0.410000
181 41.179333 0.493333 0.106667 0.353333
242 41.272000 0.496667 0.098667 0.380000
394 41.381667 0.503333 0.140667 0.380000
249 41.473333 0.488333 0.062667 0.410000
670 41.547667 0.491667 0.106000 0.403333
598 41.663333 0.491667 0.142667 0.430000
742 41.781667 0.505000 0.114000 0.476667
622 41.899667 0.495000 0.142000 0.496667
1022 41.978333 0.490000 0.031333 0.253333
491 42.046000 0.491667 0.124000 0.603333
416 42.137000 0.493333 0.075333 0.366667
823 42.218333 0.490000 0.100667 0.500000
482 42.291667 0.495000 0.066000 0.396667
80 42.368333 0.498333 0.104667 0.496667
4 42.458000 0.498333 0.090667 0.356667
174 42.553667 0.506667 0.114000 0.413333
957 42.623000 0.495000 0.043333 0.356667
913 42.696333 0.488333 0.123333 0.370000
127 42.808333 0.495000 0.118000 0.390000
734 42.938333 0.496667 0.158000 0.420000
511 43.076000 0.498333 0.133333 0.436667
736 43.170000 0.501667 0.070667 0.470000
338 43.267667 0.500000 0.140667 0.726667
848 43.391667 0.510000 0.122000 0.366667
750 43.497667 0.490000 0.108667 0.406667
908 43.583667 0.491667 0.080667 0.290000
684 43.661333 0.500000 0.090667 0.306667
683 43.789000 0.495000 0.180667 0.903333
446 43.908333 0.495000 0.075333 0.450000
632 44.030333 0.503333 0.184667 0.600000
401 44.168333 0.506667 0.104667 0.546667
544 44.266000 0.510000 0.105333 0.393333
772 44.375667 0.491667 0.127333 0.350000
413 44.534333 0.498333 0.207333 1.036667
694 44.671667 0.501667 0.080667 0.396667
942 44.725333 0.501667 0.042667 0.316667
773 44.807667 0.500000 0.138000 0.366667
52 44.920333 0.505000 0.106000 0.356667
803 45.046667 0.508333 0.160000 0.463333
949 45.135333 0.510000 0.034667 0.280000
531 45.251000 0.505000 0.211333 0.576667
466 45.393333 0.500000 0.088000 0.446667
69 45.470667 0.506667 0.084000 0.453333
437 45.549333 0.510000 0.093333 0.473333
867 45.650667 0.500000 0.122667 0.426667
514 45.763333 0.510000 0.118667 0.373333
191 45.852333 0.493333 0.079333 0.393333
562 45.948000 0.500000 0.129333 0.266667
97 46.100000 0.506667 0.194667 0.973333
372 46.260667 0.501667 0.140000 0.383333
268 46.418333 0.505000 0.192667 0.963333
994 46.525667 0.496667 0.040667 0.320000
220 46.595000 0.508333 0.115333 0.550000
723 46.702667 0.498333 0.113333 0.390000
808 46.811333 0.493333 0.120000 0.446667
549 46.920333 0.506667 0.115333 0.393333
204 47.018333 0.498333 0.094000 0.443333
256 47.103333 0.490000 0.096000 0.320000
228 47.199000 0.505000 0.115333 0.483333
702 47.332000 0.503333 0.168000 0.840000
291 47.465000 0.503333 0.111333 0.420000
76 47.588333 0.505000 0.152667 0.483333
117 47.717000 0.506667 0.122000 0.360000
769 47.824333 0.503333 0.110000 0.320000
793 47.933667 0.498333 0.124667 0.503333
931 48.008667 0.503333 0.041333 0.293333
199 48.076000 0.506667 0.106667 0.433333
950 48.137000 0.505000 0.031333 0.250000
461 48.174667 0.491667 0.060000 0.310000
987 48.217000 0.508333 0.039333 0.296667
353 48.283000 0.490000 0.106000 0.333333
118 48.380667 0.488333 0.109333 0.423333
168 48.476333 0.493333 0.100667 0.353333
364 48.603333 0.490000 0.168000 0.840000
965 48.699000 0.495000 0.039333 0.296667
180 48.771667 0.488333 0.123333 0.456667
431 48.884667 0.496667 0.118667 0.393333
158 49.038667 0.493333 0.202667 1.013333
857 49.234000 0.498333 0.202667 0.450000
322 49.384000 0.500000 0.117333 0.153333
902 49.496333 0.498333 0.124667 0.330000
250 49.628000 0.496667 0.156000 0.780000
572 49.750333 0.508333 0.102000 0.396667
520 49.847000 0.496667 0.111333 0.353333
128 49.988333 0.501667 0.190000 0.583333
170 50.137667 0.490000 0.128667 0.500000
389 50.270000 0.501667 0.149333 0.410000
92 50.426667 0.503333 0.184000 0.386667
165 50.560000 0.491667 0.097333 0.376667
398 50.634667 0.501667 0.068000 0.350000
148 50.722000 0.508333 0.126667 0.350000
173 50.834000 0.488333 0.112000 0.510000
542 50.954333 0.510000 0.143333 0.500000
705 51.081333 0.493333 0.130667 0.420000
465 51.174333 0.510000 0.071333 0.433333
940 51.220000 0.498333 0.040000 0.323333
296 51.283000 0.503333 0.099333 0.360000
379 51.402667 0.488333 0.160000 0.443333
814 51.531667 0.496667 0.114000 0.406667
874 51.627000 0.495000 0.092667 0.443333
963 51.690333 0.491667 0.047333 0.350000
302 51.740667 0.493333 0.073333 0.413333
928 51.788333 0.505000 0.040667 0.316667
868 51.839000 0.496667 0.075333 0.420000
326 51.898667 0.503333 0.062667 0.286667
12 51.975000 0.493333 0.104667 0.373333
538 52.100000 0.496667 0.160000 0.373333
126 52.236000 0.508333 0.126667 0.450000
583 52.326667 0.501667 0.074667 0.416667
691 52.406667 0.498333 0.104000 0.503333
527 52.521333 0.500000 0.141333 0.406667
328 52.687333 0.500000 0.205333 0.506667
239 52.842000 0.501667 0.121333 0.750000
557 52.932000 0.493333 0.078667 0.533333
757 53.032000 0.505000 0.134667 0.383333
652 53.163000 0.503333 0.147333 0.506667
73 53.304667 0.495000 0.152000 0.470000
873 53.423667 0.495000 0.099333 0.436667
910 53.524667 0.501667 0.121333 0.390000
567 53.648667 0.490000 0.146667 0.613333
862 53.756667 0.491667 0.085333 0.410000
35 53.838333 0.505000 0.096667 0.316667
255 53.932000 0.506667 0.108000 0.420000
643 54.028000 0.508333 0.097333 0.356667
528 54.114333 0.505000 0.095333 0.310000
330 54.205000 0.493333 0.100667 0.380000
309 54.284000 0.505000 0.074667 0.416667
270 54.395000 0.498333 0.166000 0.830000
238 54.524333 0.500000 0.106000 0.413333
881 54.643333 0.496667 0.149333 0.500000
169 54.776667 0.500000 0.136000 0.500000
187 54.880667 0.508333 0.085333 0.430000
914 54.968667 0.496667 0.110667 0.326667
746 55.072667 0.506667 0.116000 0.353333
815 55.176667 0.493333 0.112000 0.366667
490 55.251333 0.496667 0.054667 0.326667
473 55.308667 0.490000 0.077333 0.393333
559 55.379667 0.503333 0.078000 0.380000
346 55.469667 0.506667 0.119333 0.366667
243 55.602333 0.498333 0.160667 0.803333
636 55.736333 0.503333 0.123333 0.306667
830 55.847667 0.503333 0.119333 0.533333
764 55.931000 0.498333 0.064667 0.350000
560 56.045333 0.498333 0.182667 0.563333
334 56.185333 0.510000 0.112000 0.380000
196 56.279333 0.506667 0.094667 0.480000
842 56.376667 0.496667 0.117333 0.480000
487 56.458333 0.496667 0.066000 0.340000
495 56.516667 0.503333 0.065333 0.346667
319 56.582333 0.505000 0.079333 0.296667
391 56.678000 0.493333 0.132000 0.373333
891 56.763333 0.488333 0.054667 0.336667
1002 56.800000 0.495000 0.034667 0.270000
208 56.863000 0.498333 0.111333 0.563333
66 57.023333 0.506667 0.224000 1.120000
901 57.229000 0.501667 0.200667 1.003333
280 57.376333 0.501667 0.114000 0.410000
785 57.455000 0.500000 0.063333 0.273333
706 57.512000 0.495000 0.070667 0.356667
615 57.603333 0.505000 0.130667 0.603333
285 57.733000 0.501667 0.144667 0.476667
34 57.852333 0.498333 0.107333 0.390000
981 57.917667 0.498333 0.042000 0.316667
915 57.964000 0.498333 0.066667 0.536667
770 58.077667 0.505000 0.178000 0.890000
859 58.226333 0.510000 0.135333 0.420000
103 58.386667 0.503333 0.205333 0.440000
247 58.528667 0.500000 0.097333 0.433333
441 58.606333 0.491667 0.074000 0.423333
448 58.676000 0.495000 0.078667 0.410000
563 58.798000 0.495000 0.178667 0.370000
410 58.933667 0.493333 0.106000 0.513333
679 59.010000 0.495000 0.064000 0.390000
383 59.086667 0.488333 0.109333 0.323333
896 59.207000 0.495000 0.146000 0.396667
464 59.309667 0.510000 0.076667 0.393333
689 59.376000 0.501667 0.070667 0.350000
325 59.478667 0.508333 0.153333 0.596667
178 59.597667 0.490000 0.102000 0.366667
347 59.699667 0.488333 0.116667 0.336667
215 59.804667 0.503333 0.112000 0.493333
1003 59.872333 0.498333 0.043333 0.363333
543 59.990333 0.496667 0.207333 0.693333
469 60.117000 0.488333 0.062000 0.316667
42 60.172667 0.510000 0.062667 0.353333
771 60.235333 0.505000 0.080000 0.416667
827 60.318000 0.491667 0.098667 0.410000
479 60.384667 0.491667 0.053333 0.310000
978 60.423667 0.501667 0.043333 0.323333
234 60.491667 0.501667 0.106000 0.503333
152 60.570000 0.500000 0.064000 0.306667
798 60.640333 0.505000 0.092667 0.350000
463 60.714000 0.493333 0.068000 0.406667
186 60.792333 0.501667 0.106000 0.436667
898 60.911000 0.506667 0.147333 0.433333
474 61.011333 0.491667 0.068000 0.350000
311 61.094000 0.503333 0.113333 0.493333
393 61.210667 0.506667 0.136000 0.380000
224 61.318000 0.495000 0.096000 0.456667
352 61.426333 0.496667 0.136667 0.433333
105 61.571000 0.505000 0.167333 0.836667
71 61.681000 0.500000 0.066000 0.346667
635 61.750333 0.488333 0.086000 0.356667
634 61.823000 0.510000 0.075333 0.313333
188 61.907667 0.498333 0.111333 0.563333
637 61.981333 0.503333 0.049333 0.260000
638 62.047667 0.488333 0.103333 0.403333
653 62.179000 0.501667 0.175333 0.576667
749 62.314000 0.488333 0.110667 0.470000
645 62.392333 0.510000 0.064667 0.300000
50 62.478667 0.505000 0.125333 0.356667
704 62.604333 0.488333 0.142000 0.523333
155 62.715333 0.501667 0.096000 0.530000
663 62.801000 0.508333 0.092667 0.323333
681 62.860333 0.498333 0.040667 0.363333
727 62.907333 0.510000 0.069333 0.446667
46 62.957333 0.508333 0.046667 0.403333
358 63.059667 0.498333 0.172667 0.863333
886 63.208333 0.510000 0.143333 0.500000
497 63.338333 0.503333 0.135333 0.346667
241 63.445333 0.503333 0.092000 0.506667
377 63.548000 0.508333 0.128000 0.350000
30 63.679000 0.506667 0.152667 0.446667
800 63.807667 0.501667 0.123333 0.463333
53 63.922333 0.495000 0.123333 0.456667
90 64.083333 0.508333 0.218667 0.476667
530 64.228000 0.500000 0.086667 0.413333
459 64.295000 0.498333 0.066000 0.350000
125 64.361000 0.508333 0.082000 0.363333
937 64.409000 0.506667 0.031333 0.246667
27 64.490667 0.495000 0.145333 0.490000
100 64.636000 0.506667 0.162667 0.813333
788 64.809000 0.508333 0.199333 0.996667
585 64.954667 0.505000 0.106667 0.303333
707 65.046667 0.510000 0.090667 0.393333
737 65.115000 0.496667 0.063333 0.393333
185 65.252000 0.503333 0.228000 1.140000
982 65.374667 0.491667 0.037333 0.296667
283 65.442000 0.493333 0.117333 0.420000
136 65.546000 0.503333 0.110667 0.433333
374 65.688667 0.496667 0.190667 0.953333
639 65.820000 0.490000 0.086667 0.433333
365 65.910000 0.500000 0.112000 0.313333
230 66.036667 0.490000 0.156000 0.780000
0 66.127333 0.503333 0.040000 0.320000
293 66.177000 0.508333 0.072667 0.296667
532 66.265667 0.495000 0.123333 0.630000
259 66.365667 0.508333 0.096667 0.483333
654 66.533000 0.500000 0.251333 0.533333
844 66.696667 0.501667 0.096000 0.390000
985 66.753667 0.496667 0.034000 0.253333
500 66.805667 0.505000 0.084667 0.403333
145 66.882667 0.491667 0.085333 0.383333
58 66.948333 0.493333 0.059333 0.246667
205 67.012000 0.498333 0.082667 0.356667
696 67.111000 0.498333 0.128667 0.290000
17 67.219667 0.505000 0.107333 0.350000
945 67.286667 0.506667 0.040000 0.300000
879 67.367667 0.495000 0.142000 0.423333
435 67.455333 0.508333 0.049333 0.236667
109 67.575667 0.508333 0.210000 0.456667
517 67.723667 0.506667 0.102000 0.320000
313 67.813667 0.500000 0.096667 0.333333
138 67.889667 0.490000 0.074000 0.426667
26 67.980000 0.496667 0.122667 0.413333
7 68.092667 0.490000 0.117333 0.386667
343 68.205333 0.495000 0.128000 0.383333
78 68.341000 0.501667 0.163333 0.363333
471 68.453000 0.506667 0.078000 0.400000
991 68.506000 0.493333 0.044000 0.340000
395 68.625667 0.505000 0.215333 1.076667
387 68.788333 0.495000 0.130000 0.363333
114 68.883000 0.488333 0.072667 0.356667
979 68.931000 0.498333 0.036667 0.296667
741 68.988000 0.495000 0.090667 0.303333
257 69.099000 0.506667 0.148667 0.473333
961 69.187667 0.498333 0.042000 0.310000
48 69.342333 0.495000 0.286000 0.503333
23 69.552333 0.488333 0.154000 0.436667
476 69.650333 0.506667 0.059333 0.346667
164 69.774000 0.493333 0.202667 1.013333
481 69.904000 0.496667 0.074667 0.406667
667 69.993333 0.493333 0.117333 0.420000
810 70.108333 0.510000 0.126000 0.513333
614 70.248000 0.508333 0.172000 0.443333
966 70.342000 0.506667 0.034667 0.260000
439 70.404000 0.493333 0.106667 0.420000
813 70.511333 0.503333 0.124000 0.286667
411 70.670667 0.496667 0.208000 0.466667
45 70.797333 0.510000 0.060000 0.300000
57 70.839333 0.505000 0.042667 0.263333
555 70.871333 0.500000 0.037333 0.373333
51 70.931333 0.490000 0.102667 0.373333
162 71.021000 0.503333 0.096667 0.366667
855 71.099667 0.500000 0.080667 0.206667
432 71.213333 0.495000 0.161333 0.323333
628 71.379333 0.508333 0.188000 0.623333
658 71.499000 0.488333 0.070000 0.416667
194 71.578333 0.506667 0.104667 0.526667
832 71.673667 0.503333 0.100667 0.446667
744 71.780000 0.510000 0.128000 0.520000
423 71.893000 0.495000 0.115333 0.370000
786 71.972333 0.500000 0.059333 0.366667
802 72.093000 0.501667 0.202000 0.450000
286 72.238667 0.488333 0.105333 0.390000
917 72.308000 0.500000 0.046667 0.326667
589 72.374333 0.510000 0.102000 0.486667
214 72.479667 0.503333 0.124667 0.506667
157 72.600000 0.496667 0.132000 0.546667
399 72.707667 0.500000 0.100667 0.360000
595 72.807667 0.488333 0.118000 0.350000
426 72.889667 0.495000 0.062000 0.383333
822 72.975333 0.493333 0.122667 0.366667
579 73.099667 0.500000 0.144667 0.426667
884 73.222667 0.488333 0.118667 0.410000
619 73.332667 0.510000 0.114667 0.600000
731 73.425333 0.488333 0.086667 0.416667
686 73.496000 0.496667 0.074667 0.366667
1011 73.545000 0.508333 0.038000 0.283333
980 73.573333 0.496667 0.032000 0.266667
806 73.679333 0.506667 0.194667 0.973333
457 73.796333 0.500000 0.058000 0.320000
970 73.837333 0.503333 0.040000 0.320000
877 73.889667 0.488333 0.084667 0.443333
856 73.997000 0.508333 0.144667 0.356667
137 74.097667 0.491667 0.076667 0.370000
9 74.182667 0.490000 0.109333 0.446667
240 74.264667 0.491667 0.070667 0.356667
730 74.369667 0.491667 0.156667 0.570000
775 74.470667 0.501667 0.064000 0.303333
211 74.548333 0.510000 0.111333 0.560000
336 74.651667 0.496667 0.108667 0.520000
29 74.760333 0.508333 0.126000 0.343333
193 74.880667 0.508333 0.130667 0.523333
602 74.997000 0.501667 0.118000 0.363333
304 75.087333 0.501667 0.077333 0.436667
397 75.174000 0.498333 0.109333 0.450000
129 75.333667 0.508333 0.226000 1.130000
871 75.468667 0.500000 0.058667 0.300000
378 75.563667 0.500000 0.150000 0.446667
1018 75.647667 0.488333 0.035333 0.263333
887 75.731333 0.498333 0.148000 0.463333
774 75.833000 0.491667 0.075333 0.456667
403 75.925667 0.493333 0.124667 0.380000
89 76.072333 0.490000 0.187333 0.406667
1014 76.180333 0.493333 0.042000 0.326667
252 76.263333 0.503333 0.142667 0.573333
932 76.346667 0.495000 0.040000 0.290000
355 76.414000 0.490000 0.112000 0.313333
37 76.506000 0.498333 0.092000 0.356667
984 76.559667 0.506667 0.032667 0.260000
515 76.631000 0.501667 0.128667 0.430000
553 76.748000 0.505000 0.122667 0.456667
223 76.868000 0.503333 0.132000 0.526667
229 76.988333 0.491667 0.124667 0.536667
380 77.118667 0.495000 0.152000 0.403333
320 77.245333 0.493333 0.116000 0.380000
219 77.353333 0.490000 0.120000 0.480000
1017 77.424333 0.493333 0.042000 0.346667
412 77.479667 0.505000 0.084667 0.423333
725 77.575000 0.510000 0.120667 0.513333
580 77.691333 0.491667 0.128000 0.316667
611 77.798333 0.498333 0.104667 0.390000
892 77.916667 0.490000 0.145333 0.420000
711 78.062333 0.498333 0.162000 0.810000
288 78.204667 0.503333 0.141333 0.540000
660 78.323000 0.488333 0.115333 0.376667
716 78.446667 0.506667 0.148000 0.373333
462 78.540667 0.501667 0.056000 0.336667
251 78.587667 0.488333 0.058000 0.336667
282 78.682333 0.501667 0.146000 0.523333
609 78.780667 0.500000 0.065333 0.266667
575 78.865000 0.505000 0.122000 0.396667
900 78.997000 0.493333 0.162000 0.460000
308 79.099667 0.491667 0.056667 0.316667
425 79.160667 0.500000 0.081333 0.453333
290 79.249667 0.508333 0.111333 0.310000
906 79.357000 0.505000 0.122000 0.370000
776 79.482667 0.495000 0.144000 0.330000
141 79.591667 0.501667 0.091333 0.443333
31 79.705333 0.488333 0.154667 0.450000
248 79.824667 0.503333 0.097333 0.513333
869 79.896000 0.491667 0.060000 0.376667
501 79.958667 0.500000 0.078667 0.353333
554 80.064667 0.506667 0.152000 0.433333
47 80.186667 0.508333 0.110667 0.530000
254 80.303667 0.500000 0.138000 0.526667
912 80.416000 0.506667 0.102667 0.440000
146 80.510667 0.495000 0.106667 0.476667
221 80.599333 0.491667 0.084000 0.363333
529 80.689667 0.495000 0.114000 0.503333
597 80.800000 0.506667 0.124000 0.386667
274 80.916000 0.491667 0.121333 0.563333
133 81.020000 0.501667 0.101333 0.316667
39 81.115667 0.501667 0.108667 0.343333
592 81.233333 0.493333 0.146667 0.473333
700 81.369000 0.510000 0.143333 0.606667
381 81.510333 0.491667 0.154000 0.476667
505 81.609333 0.510000 0.061333 0.253333
409 81.736000 0.490000 0.210667 1.053333
909 81.873000 0.510000 0.080667 0.380000
755 81.978667 0.505000 0.144000 0.483333
438 82.101667 0.506667 0.120667 0.360000
265 82.268667 0.506667 0.228000 1.140000
472 82.414333 0.498333 0.076667 0.403333
49 82.523333 0.500000 0.160000 0.800000
299 82.648333 0.501667 0.107333 0.416667
449 82.725000 0.495000 0.062000 0.330000
662 82.796667 0.503333 0.097333 0.333333
477 82.873333 0.510000 0.070667 0.366667
160 82.942000 0.500000 0.086667 0.466667
41 83.038333 0.503333 0.124667 0.346667
124 83.153000 0.495000 0.124667 0.450000
925 83.228333 0.496667 0.046000 0.333333
678 83.291333 0.506667 0.096000 0.320000
1004 83.354333 0.501667 0.044667 0.323333
253 83.397000 0.498333 0.055333 0.543333
415 83.513667 0.501667 0.196667 0.983333
202 83.649000 0.506667 0.092667 0.366667
19 83.733000 0.505000 0.092667 0.316667
484 83.836333 0.510000 0.130000 0.486667
777 83.942667 0.498333 0.101333 0.416667
143 84.026000 0.506667 0.080000 0.340000
676 84.113333 0.496667 0.112000 0.413333
768 84.197667 0.500000 0.071333 0.180000
307 84.254000 0.493333 0.058667 0.326667
232 84.322000 0.508333 0.097333 0.403333
698 84.393667 0.506667 0.066000 0.353333
55 84.489667 0.500000 0.142000 0.373333
123 84.607333 0.496667 0.110667 0.720000
826 84.717000 0.503333 0.126000 0.520000
835 84.834333 0.491667 0.128667 0.556667
349 84.951333 0.488333 0.125333 0.350000
523 85.059667 0.505000 0.110000 0.363333
297 85.140000 0.500000 0.068000 0.373333
735 85.220000 0.496667 0.110667 0.446667
617 85.310333 0.493333 0.087333 0.360000
1007 85.362667 0.491667 0.037333 0.290000
518 85.422000 0.495000 0.101333 0.350000
796 85.524667 0.506667 0.118667 0.480000
217 85.636667 0.495000 0.120000 0.496667
305 85.730333 0.488333 0.080667 0.456667
88 85.878667 0.508333 0.234667 0.503333
258 86.040333 0.496667 0.103333 0.346667
317 86.133000 0.505000 0.100667 0.403333
989 86.192000 0.491667 0.037333 0.283333
483 86.232000 0.493333 0.056000 0.313333
433 86.331333 0.488333 0.160000 0.310000
390 86.495333 0.496667 0.184000 0.920000
797 86.620667 0.505000 0.082667 0.310000
61 86.707333 0.500000 0.108000 0.533333
677 86.805333 0.508333 0.104000 0.356667
812 86.904000 0.505000 0.108000 0.256667
210 87.003667 0.488333 0.110000 0.450000
939 87.070667 0.500000 0.044000 0.346667
475 87.127000 0.503333 0.088667 0.453333
760 87.234667 0.491667 0.144000 0.470000
74 87.367667 0.510000 0.135333 0.420000
342 87.467000 0.510000 0.076667 0.333333
783 87.540000 0.508333 0.082667 0.450000
620 87.626667 0.488333 0.104000 0.450000
453 87.710333 0.490000 0.078000 0.400000
331 87.821333 0.500000 0.157333 0.786667
264 87.954333 0.488333 0.124667 0.476667
96 88.122000 0.493333 0.230667 1.153333
934 88.247667 0.496667 0.039333 0.326667
754 88.338667 0.490000 0.157333 0.766667
820 88.455333 0.500000 0.092000 0.380000
839 88.539000 0.496667 0.088667 0.380000
306 88.609000 0.501667 0.068667 0.383333
183 88.695333 0.501667 0.122667 0.496667
407 88.802667 0.505000 0.109333 0.410000
350 88.952333 0.498333 0.204667 1.023333
480 89.075333 0.510000 0.060000 0.346667
456 89.141333 0.510000 0.089333 0.453333
512 89.233000 0.498333 0.108667 0.343333
976 89.305000 0.501667 0.050000 0.356667
977 89.340667 0.510000 0.037333 0.273333
761 89.434000 0.495000 0.162667 0.470000
899 89.565000 0.491667 0.114000 0.343333
367 89.672667 0.496667 0.117333 0.333333
366 89.791000 0.488333 0.138000 0.383333
361 89.951667 0.488333 0.196667 0.983333
618 90.084000 0.508333 0.082667 0.523333
805 90.223333 0.493333 0.210667 1.053333
287 90.367333 0.505000 0.096000 0.343333
535 90.496333 0.488333 0.175333 0.403333
142 90.614000 0.495000 0.078667 0.330000
552 90.668333 0.491667 0.046000 0.316667
738 90.729667 0.496667 0.090000 0.420000
427 90.843333 0.500000 0.156000 0.780000
646 90.964667 0.508333 0.100000 0.470000
159 91.024333 0.501667 0.032667 0.263333
201 91.078667 0.503333 0.094667 0.386667
292 91.170333 0.501667 0.102000 0.403333
10 91.271000 0.505000 0.118000 0.410000
1016 91.337667 0.493333 0.035333 0.286667
561 91.436667 0.495000 0.180000 0.390000
847 91.566667 0.498333 0.098667 0.296667
743 91.654667 0.505000 0.090667 0.383333
996 91.714667 0.498333 0.044000 0.336667
845 91.784667 0.503333 0.116000 0.526667
674 91.891333 0.506667 0.110667 0.413333
625 92.035667 0.498333 0.194000 0.650000
603 92.205000 0.506667 0.158000 0.333333
508 92.311000 0.510000 0.067333 0.380000
279 92.391000 0.488333 0.106000 0.596667
930 92.454667 0.501667 0.034667 0.270000
650 92.540667 0.503333 0.154667 0.773333
784 92.642667 0.510000 0.062667 0.486667
277 92.699000 0.505000 0.066000 0.296667
213 92.779333 0.498333 0.112000 0.503333
131 92.896667 0.498333 0.140000 0.543333
332 93.035000 0.488333 0.156667 0.783333
3 93.142667 0.508333 0.074667 0.336667
440 93.205000 0.510000 0.064667 0.333333
778 93.273667 0.493333 0.088667 0.586667
28 93.356000 0.501667 0.089333 0.310000
218 93.454667 0.495000 0.121333 0.516667
819 93.563333 0.496667 0.112000 0.293333
468 93.643667 0.496667 0.062000 0.333333
445 93.699333 0.510000 0.062667 0.320000
880 93.788000 0.501667 0.128000 0.416667
207 93.904333 0.493333 0.123333 0.493333
175 94.019000 0.500000 0.120667 0.433333
564 94.142000 0.495000 0.145333 0.343333
870 94.237333 0.488333 0.065333 0.323333
587 94.346667 0.496667 0.173333 0.866667
225 94.465667 0.500000 0.079333 0.386667
65 94.549000 0.510000 0.102000 0.266667
946 94.609000 0.490000 0.034000 0.266667
858 94.678667 0.488333 0.122667 0.396667
197 94.788333 0.488333 0.114000 0.570000
111 94.886333 0.498333 0.099333 0.423333
607 94.987333 0.488333 0.121333 0.370000
850 95.083333 0.498333 0.090667 0.370000
816 95.192333 0.506667 0.143333 0.446667
893 95.337000 0.488333 0.159333 0.456667
11 95.464333 0.503333 0.108667 0.360000
190 95.562333 0.505000 0.107333 0.430000
112 95.680000 0.508333 0.144000 0.496667
948 95.768667 0.505000 0.049333 0.356667
226 95.836333 0.498333 0.103333 0.416667
139 95.912000 0.501667 0.066667 0.363333
818 96.016667 0.498333 0.158667 0.396667
578 96.143333 0.488333 0.108000 0.430000
179 96.253667 0.496667 0.127333 0.453333
36 96.367000 0.493333 0.118000 0.446667
722 96.483667 0.506667 0.128667 0.373333
701 96.611667 0.493333 0.146000 0.486667
135 96.728333 0.495000 0.107333 0.310000
525 96.825667 0.498333 0.102000 0.343333
687 96.915667 0.488333 0.096667 0.470000
298 96.997000 0.490000 0.084667 0.433333
875 97.105000 0.496667 0.150000 0.393333
388 97.248667 0.493333 0.150667 0.413333
184 97.378333 0.498333 0.128667 0.516667
941 97.454000 0.490000 0.040000 0.326667
120 97.579000 0.505000 0.224667 0.490000
964 97.704000 0.493333 0.045333 0.353333
6 97.760333 0.503333 0.087333 0.360000
351 97.865333 0.496667 0.141333 0.413333
640 97.959667 0.501667 0.067333 0.343333
604 98.036000 0.495000 0.105333 0.316667
72 98.127667 0.505000 0.096667 0.463333
417 98.209667 0.488333 0.082000 0.396667
1008 98.263333 0.496667 0.045333 0.366667
659 98.329000 0.510000 0.102000 0.420000
853 98.428667 0.490000 0.114667 0.533333
167 98.562667 0.493333 0.169333 0.846667
478 98.673000 0.498333 0.070000 0.410000
8 98.753000 0.491667 0.106000 0.376667
955 98.814333 0.501667 0.036667 0.283333
442 98.865667 0.488333 0.083333 0.423333
712 98.974000 0.508333 0.150667 0.450000
943 99.064000 0.501667 0.042667 0.303333
269 99.181667 0.501667 0.210000 1.050000
568 99.341333 0.508333 0.126667 0.636667
767 99.447000 0.498333 0.102000 0.290000
15 99.541000 0.496667 0.099333 0.346667
91 99.690333 0.491667 0.218000 0.470000
21 99.835667 0.490000 0.086000 0.320000
414 99.921667 0.506667 0.103333 0.526667
952 99.986667 0.488333 0.040000 0.290000
509 100.064667 0.503333 0.132000 0.420000
161 100.190667 0.510000 0.136000 0.500000
354 100.314333 0.510000 0.124667 0.346667
470 100.408333 0.503333 0.076667 0.433333
195 100.490667 0.510000 0.104000 0.433333
669 100.584667 0.501667 0.100000 0.336667
883 100.737000 0.508333 0.219333 0.476667
954 100.856000 0.508333 0.033333 0.276667
675 100.907667 0.510000 0.090000 0.293333
245 100.978667 0.501667 0.069333 0.330000
608 101.048667 0.490000 0.089333 0.306667
94 101.185667 0.495000 0.203333 1.016667
921 101.311667 0.500000 0.067333 0.400000
718 101.428000 0.508333 0.178667 0.536667
176 101.573333 0.498333 0.128000 0.490000
371 101.714000 0.510000 0.166667 0.833333
62 101.826667 0.491667 0.076000 0.370000
807 101.931000 0.505000 0.152667 0.370000
697 102.033667 0.501667 0.066000 0.330000
666 102.125000 0.498333 0.132667 0.470000
710 102.256333 0.503333 0.144667 0.366667
758 102.395000 0.510000 0.148667 0.486667
889 102.522000 0.505000 0.122667 0.450000
612 102.662667 0.491667 0.176000 0.490000
993 102.761667 0.510000 0.042000 0.326667
641 102.811667 0.503333 0.076667 0.360000
811 102.899333 0.510000 0.116000 0.306667
664 103.002667 0.508333 0.109333 0.363333
370 103.150333 0.501667 0.202000 1.010000
108 103.339333 0.493333 0.196000 0.980000
682 103.481333 0.495000 0.102667 0.410000
447 103.555667 0.493333 0.059333 0.320000
790 103.614667 0.505000 0.077333 0.463333
