149 0.108000 0.496667 0.209333 1.046667
784 0.229000 0.496667 0.051333 0.426667
760 0.325667 0.498333 0.155333 0.530000
607 0.445667 0.498333 0.100667 0.296667
217 0.541000 0.505000 0.108667 0.536667
302 0.613333 0.508333 0.056000 0.316667
518 0.694333 0.488333 0.119333 0.396667
904 0.787333 0.491667 0.086667 0.403333
158 0.925000 0.508333 0.208667 1.043333
976 1.044667 0.495000 0.046667 0.356667
808 1.126000 0.488333 0.129333 0.470000
1023 1.198000 0.488333 0.028000 0.236667
364 1.294667 0.508333 0.185333 0.436667
624 1.460000 0.510000 0.164000 0.540000
408 1.590333 0.498333 0.114000 0.436667
128 1.738667 0.503333 0.198667 0.993333
175 1.923667 0.505000 0.190000 0.950000
99 2.120667 0.503333 0.218667 1.093333
961 2.248333 0.491667 0.052667 0.383333
145 2.317333 0.496667 0.101333 0.453333
386 2.435667 0.506667 0.151333 0.433333
626 2.571000 0.505000 0.134000 0.456667
866 2.737333 0.490000 0.212000 1.060000
713 2.919000 0.501667 0.164667 0.403333
462 3.037333 0.495000 0.090667 0.456667
239 3.126333 0.498333 0.106000 0.650000
66 3.236667 0.493333 0.132000 0.600000
50 3.363333 0.508333 0.137333 0.390000
794 3.461000 0.496667 0.078000 0.473333
791 3.519000 0.490000 0.056667 0.346667
22 3.590333 0.501667 0.102000 0.343333
771 3.725333 0.510000 0.186667 0.933333
568 3.872000 0.498333 0.126667 0.636667
988 3.948667 0.501667 0.040000 0.290000
745 4.009333 0.491667 0.094667 0.376667
769 4.103000 0.495000 0.107333 0.303333
527 4.242667 0.493333 0.189333 0.946667
38 4.384000 0.495000 0.109333 0.376667
593 4.510000 0.503333 0.157333 0.453333
909 4.622333 0.506667 0.086000 0.393333
603 4.771333 0.506667 0.225333 1.126667
254 4.936000 0.495000 0.120000 0.456667
469 5.026667 0.500000 0.076000 0.446667
449 5.090000 0.491667 0.066667 0.370000
26 5.175333 0.498333 0.120000 0.403333
84 5.296333 0.505000 0.135333 0.390000
391 5.428333 0.488333 0.142000 0.416667
76 5.566667 0.490000 0.150667 0.473333
805 5.703333 0.490000 0.137333 0.400000
587 5.836667 0.490000 0.142667 0.433333
821 5.945667 0.501667 0.090000 0.650000
109 6.088333 0.501667 0.211333 1.056667
187 6.231667 0.491667 0.091333 0.370000
622 6.338333 0.493333 0.135333 0.460000
115 6.429000 0.495000 0.063333 0.363333
298 6.495333 0.505000 0.088000 0.450000
433 6.613000 0.496667 0.163333 0.346667
245 6.718000 0.493333 0.066667 0.273333
190 6.790667 0.505000 0.096000 0.463333
464 6.859000 0.500000 0.058000 0.300000
912 6.930667 0.508333 0.102667 0.403333
724 7.016000 0.488333 0.084000 0.376667
846 7.101333 0.510000 0.105333 0.480000
564 7.226000 0.508333 0.162667 0.376667
375 7.367667 0.496667 0.138000 0.386667
517 7.486333 0.495000 0.116667 0.370000
858 7.600000 0.510000 0.129333 0.413333
659 7.697333 0.500000 0.080000 0.320000
598 7.798000 0.508333 0.136000 0.430000
965 7.877667 0.495000 0.043333 0.356667
992 7.918000 0.508333 0.053333 0.383333
287 7.985000 0.501667 0.100667 0.363333
793 8.085000 0.488333 0.114000 0.463333
785 8.177667 0.505000 0.084667 0.363333
332 8.302333 0.495000 0.178000 0.890000
133 8.432000 0.496667 0.100000 0.346667
847 8.521667 0.498333 0.099333 0.296667
135 8.634667 0.503333 0.141333 0.420000
957 8.713000 0.510000 0.034000 0.260000
333 8.814667 0.496667 0.184000 0.920000
51 8.957000 0.496667 0.114000 0.393333
562 9.093000 0.501667 0.171333 0.350000
140 9.272000 0.496667 0.206667 1.033333
342 9.405667 0.500000 0.074000 0.333333
914 9.505667 0.508333 0.142000 0.430000
12 9.613333 0.495000 0.088000 0.283333
511 9.699667 0.493333 0.100667 0.320000
108 9.836333 0.490000 0.187333 0.406667
8 9.965667 0.490000 0.086000 0.313333
709 10.055333 0.498333 0.110667 0.450000
482 10.137667 0.491667 0.068667 0.390000
501 10.210667 0.508333 0.094667 0.456667
56 10.288667 0.506667 0.077333 0.113333
752 10.350667 0.505000 0.066667 0.176667
627 10.443667 0.490000 0.136667 0.460000
795 10.536000 0.495000 0.068000 0.410000
702 10.628667 0.501667 0.136000 0.423333
376 10.769667 0.510000 0.159333 0.466667
27 10.908667 0.501667 0.134667 0.456667
373 11.027000 0.490000 0.122000 0.340000
463 11.111667 0.506667 0.060667 0.346667
575 11.179667 0.501667 0.095333 0.310000
876 11.285000 0.505000 0.131333 0.330000
272 11.410667 0.495000 0.137333 0.396667
447 11.507667 0.501667 0.074000 0.423333
459 11.564000 0.503333 0.056000 0.320000
48 11.678667 0.503333 0.189333 0.946667
934 11.782667 0.503333 0.036000 0.286667
42 11.832000 0.488333 0.081333 0.456667
529 11.926000 0.503333 0.120000 0.453333
812 12.036333 0.491667 0.116667 0.396667
596 12.150000 0.506667 0.124000 0.386667
395 12.297000 0.501667 0.184667 0.923333
234 12.430667 0.506667 0.098667 0.400000
123 12.570333 0.501667 0.194000 0.970000
831 12.717333 0.488333 0.116000 0.523333
608 12.830000 0.503333 0.122667 0.420000
721 12.954000 0.506667 0.144000 0.366667
248 13.055667 0.501667 0.074000 0.383333
350 13.157667 0.501667 0.146000 0.436667
465 13.266333 0.508333 0.087333 0.450000
488 13.334000 0.493333 0.064000 0.300000
456 13.395333 0.500000 0.074667 0.386667
444 13.453000 0.506667 0.054000 0.286667
502 13.520000 0.501667 0.097333 0.450000
567 13.618000 0.508333 0.117333 0.483333
954 13.694000 0.510000 0.053333 0.386667
351 13.782667 0.505000 0.137333 0.376667
991 13.864000 0.498333 0.041333 0.350000
156 13.963667 0.510000 0.176667 0.460000
142 14.084333 0.496667 0.080667 0.340000
1018 14.141333 0.496667 0.046667 0.353333
636 14.211333 0.493333 0.106667 0.273333
15 14.304333 0.508333 0.096667 0.350000
700 14.400000 0.505000 0.109333 0.456667
787 14.489000 0.505000 0.082000 0.490000
574 14.563667 0.495000 0.082000 0.330000
712 14.679333 0.490000 0.168000 0.840000
864 14.802667 0.493333 0.094667 0.373333
195 14.904000 0.490000 0.124000 0.513333
304 14.994667 0.506667 0.077333 0.433333
693 15.063000 0.508333 0.076667 0.383333
927 15.115667 0.506667 0.044667 0.340000
355 15.231000 0.505000 0.206000 1.030000
968 15.346333 0.495000 0.040667 0.343333
857 15.458333 0.503333 0.202000 0.440000
885 15.591667 0.498333 0.080667 0.370000
526 15.681000 0.506667 0.114000 0.286667
993 15.754667 0.505000 0.048000 0.356667
303 15.801333 0.503333 0.060000 0.340000
467 15.857667 0.496667 0.067333 0.340000
491 15.926000 0.503333 0.086667 0.420000
495 16.002333 0.490000 0.080667 0.433333
703 16.116667 0.493333 0.162667 0.813333
273 16.221333 0.498333 0.060000 0.396667
243 16.326333 0.503333 0.168667 0.560000
646 16.438333 0.493333 0.070000 0.313333
132 16.516000 0.495000 0.098667 0.443333
945 16.577667 0.488333 0.040667 0.290000
908 16.641333 0.496667 0.101333 0.360000
246 16.761333 0.503333 0.156000 0.780000
336 16.890333 0.506667 0.115333 0.546667
879 17.011333 0.510000 0.146667 0.406667
473 17.114000 0.506667 0.077333 0.406667
493 17.177333 0.506667 0.069333 0.340000
696 17.273333 0.496667 0.141333 0.320000
743 17.381000 0.496667 0.087333 0.366667
789 17.458333 0.488333 0.084667 0.503333
442 17.533333 0.488333 0.082667 0.430000
601 17.636667 0.501667 0.140000 0.423333
250 17.788000 0.500000 0.178667 0.893333
317 17.930333 0.508333 0.124667 0.470000
640 18.014000 0.493333 0.057333 0.293333
676 18.098000 0.496667 0.125333 0.420000
749 18.206667 0.500000 0.110667 0.473333
565 18.331000 0.500000 0.156667 0.353333
124 18.450667 0.510000 0.097333 0.340000
592 18.574333 0.508333 0.166000 0.470000
154 18.689333 0.488333 0.084000 0.430000
173 18.762333 0.491667 0.079333 0.356667
380 18.903000 0.488333 0.218000 1.090000
726 19.040333 0.495000 0.071333 0.376667
179 19.184667 0.503333 0.230667 1.153333
338 19.357000 0.488333 0.132667 0.690000
926 19.434000 0.510000 0.034667 0.286667
105 19.521000 0.491667 0.159333 0.796667
950 19.615333 0.495000 0.046667 0.370000
479 19.661333 0.493333 0.058667 0.300000
939 19.704333 0.510000 0.042000 0.340000
933 19.734333 0.488333 0.035333 0.303333
151 19.775667 0.500000 0.064667 0.326667
809 19.847000 0.501667 0.095333 0.516667
9 19.930333 0.491667 0.087333 0.390000
360 20.044667 0.503333 0.158667 0.793333
439 20.160667 0.505000 0.089333 0.363333
257 20.249667 0.490000 0.108667 0.326667
883 20.389000 0.501667 0.184667 0.923333
290 20.539000 0.505000 0.130000 0.350000
113 20.679667 0.491667 0.164667 0.823333
882 20.801000 0.508333 0.094000 0.370000
150 20.907667 0.501667 0.135333 0.536667
570 21.020667 0.500000 0.110667 0.486667
346 21.141667 0.505000 0.150000 0.436667
486 21.241000 0.491667 0.063333 0.376667
1009 21.286000 0.506667 0.046667 0.346667
348 21.370000 0.493333 0.141333 0.420000
429 21.495000 0.503333 0.126000 0.420000
887 21.615333 0.500000 0.130667 0.446667
862 21.715000 0.510000 0.088667 0.433333
716 21.861000 0.508333 0.223333 1.116667
896 22.033667 0.506667 0.142000 0.406667
660 22.158667 0.508333 0.124000 0.430000
863 22.266000 0.488333 0.110667 0.530000
643 22.358667 0.490000 0.089333 0.313333
213 22.450333 0.506667 0.111333 0.453333
252 22.587333 0.503333 0.180000 0.900000
160 22.698667 0.506667 0.056000 0.346667
388 22.775667 0.503333 0.114000 0.306667
361 22.910333 0.491667 0.170000 0.850000
161 23.039000 0.498333 0.106000 0.370000
889 23.161667 0.496667 0.152667 0.473333
848 23.297333 0.490000 0.134667 0.400000
200 23.404333 0.491667 0.092667 0.370000
619 23.484333 0.493333 0.080667 0.400000
1003 23.539333 0.500000 0.045333 0.346667
822 23.608333 0.508333 0.107333 0.323333
437 23.705667 0.505000 0.102000 0.483333
402 23.813667 0.508333 0.127333 0.383333
629 23.947000 0.495000 0.158000 0.536667
829 24.078000 0.508333 0.120000 0.503333
39 24.192000 0.503333 0.125333 0.413333
222 24.304333 0.510000 0.112667 0.460000
586 24.433333 0.510000 0.165333 0.826667
871 24.541667 0.510000 0.067333 0.333333
751 24.616333 0.496667 0.096667 0.400000
739 24.691000 0.505000 0.066000 0.463333
639 24.756000 0.506667 0.078667 0.400000
267 24.854333 0.495000 0.135333 0.403333
57 24.933667 0.498333 0.042000 0.263333
614 25.016667 0.490000 0.137333 0.353333
647 25.114333 0.503333 0.071333 0.360000
295 25.187000 0.510000 0.094000 0.400000
432 25.291000 0.495000 0.134000 0.256667
757 25.423333 0.496667 0.146667 0.420000
925 25.505000 0.493333 0.034000 0.266667
843 25.570000 0.488333 0.112000 0.463333
523 25.668667 0.495000 0.104000 0.343333
226 25.769333 0.503333 0.114667 0.466667
434 25.882333 0.501667 0.126000 0.430000
542 26.007667 0.501667 0.138000 0.476667
69 26.121333 0.488333 0.104000 0.536667
913 26.222000 0.500000 0.110667 0.340000
534 26.306000 0.510000 0.076000 0.300000
251 26.360333 0.500000 0.050000 0.286667
44 26.434667 0.491667 0.114667 0.450000
83 26.516333 0.493333 0.067333 0.326667
551 26.595000 0.503333 0.110000 0.360000
443 26.672000 0.506667 0.057333 0.313333
98 26.782667 0.490000 0.180000 0.900000
642 26.916667 0.510000 0.104000 0.400000
60 26.999333 0.496667 0.074667 0.300000
677 27.080333 0.493333 0.100667 0.320000
93 27.238333 0.505000 0.228667 0.483333
868 27.378333 0.495000 0.067333 0.383333
423 27.483000 0.508333 0.158000 0.490000
407 27.613000 0.508333 0.116667 0.443333
209 27.718333 0.510000 0.114000 0.580000
454 27.797667 0.496667 0.064667 0.360000
628 27.910667 0.490000 0.178667 0.893333
589 28.045667 0.508333 0.106000 0.430000
130 28.198333 0.498333 0.218000 1.090000
892 28.370667 0.493333 0.146667 0.420000
420 28.488000 0.491667 0.104000 0.383333
289 28.622000 0.506667 0.184000 0.353333
681 28.723000 0.493333 0.035333 0.306667
770 28.836000 0.493333 0.205333 1.026667
155 28.974333 0.500000 0.084667 0.426667
52 29.069667 0.490000 0.123333 0.413333
471 29.166333 0.503333 0.087333 0.453333
170 29.257000 0.493333 0.110000 0.393333
701 29.388333 0.503333 0.172667 0.546667
729 29.479000 0.495000 0.024667 0.376667
166 29.544667 0.496667 0.122667 0.426667
224 29.641000 0.505000 0.088667 0.376667
86 29.729000 0.503333 0.103333 0.440000
620 29.849667 0.491667 0.156667 0.783333
316 29.972333 0.498333 0.107333 0.370000
28 30.075667 0.491667 0.112667 0.383333
935 30.150000 0.493333 0.049333 0.366667
171 30.224333 0.503333 0.112667 0.420000
792 30.317667 0.496667 0.094000 0.373333
238 30.411000 0.496667 0.111333 0.440000
895 30.536333 0.498333 0.155333 0.416667
979 30.624333 0.493333 0.038000 0.280000
372 30.705000 0.503333 0.143333 0.420000
381 30.848000 0.505000 0.157333 0.436667
513 30.977000 0.503333 0.118000 0.393333
996 31.043000 0.506667 0.031333 0.260000
674 31.104000 0.501667 0.110667 0.410000
496 31.211333 0.491667 0.122667 0.503333
138 31.303667 0.508333 0.076667 0.423333
720 31.449333 0.506667 0.228000 1.140000
509 31.610333 0.498333 0.107333 0.336667
297 31.697333 0.493333 0.080000 0.440000
1010 31.748667 0.495000 0.037333 0.290000
310 31.792333 0.503333 0.063333 0.360000
746 31.888000 0.505000 0.142667 0.416667
70 32.014000 0.495000 0.124000 0.423333
911 32.126667 0.508333 0.114667 0.423333
196 32.229333 0.508333 0.106667 0.436667
480 32.312000 0.495000 0.076000 0.396667
786 32.373667 0.493333 0.062000 0.386667
97 32.479000 0.490000 0.162000 0.346667
58 32.576333 0.496667 0.047333 0.260000
765 32.629333 0.508333 0.077333 0.416667
20 32.711667 0.506667 0.102000 0.346667
307 32.788333 0.495000 0.067333 0.370000
446 32.847000 0.488333 0.066000 0.390000
699 32.938667 0.498333 0.133333 0.370000
820 33.042667 0.498333 0.093333 0.390000
0 33.102333 0.510000 0.042000 0.340000
127 33.177667 0.503333 0.126000 0.420000
948 33.248000 0.488333 0.032000 0.263333
590 33.317333 0.500000 0.122667 0.506667
999 33.391667 0.501667 0.039333 0.323333
494 33.440000 0.510000 0.070667 0.320000
541 33.547667 0.488333 0.162000 0.343333
484 33.668333 0.493333 0.095333 0.360000
975 33.731333 0.498333 0.046667 0.350000
888 33.836333 0.491667 0.180667 0.903333
398 33.961333 0.510000 0.085333 0.460000
710 34.092000 0.510000 0.196000 0.553333
733 34.219000 0.496667 0.075333 0.453333
763 34.273667 0.496667 0.052667 0.433333
944 34.312667 0.510000 0.044000 0.333333
621 34.359333 0.488333 0.065333 0.603333
296 34.430333 0.488333 0.094000 0.356667
594 34.532333 0.505000 0.126000 0.383333
455 34.624000 0.498333 0.074667 0.383333
411 34.762667 0.496667 0.220000 1.100000
963 34.884667 0.495000 0.037333 0.283333
409 34.942333 0.491667 0.096667 0.490000
382 35.038333 0.503333 0.108667 0.306667
804 35.161667 0.510000 0.155333 0.473333
600 35.288667 0.490000 0.112000 0.333333
191 35.395000 0.493333 0.120667 0.493333
535 35.530000 0.508333 0.162667 0.390000
725 35.657333 0.510000 0.106667 0.446667
652 35.762333 0.498333 0.123333 0.410000
104 35.903000 0.508333 0.171333 0.370000
633 36.076000 0.496667 0.192000 0.960000
293 36.205667 0.495000 0.086000 0.356667
670 36.297000 0.498333 0.114000 0.416667
146 36.385333 0.510000 0.081333 0.353333
730 36.487667 0.498333 0.140667 0.516667
34 36.596000 0.503333 0.092000 0.293333
806 36.716333 0.488333 0.163333 0.816667
1016 36.807333 0.500000 0.038667 0.320000
918 36.884333 0.495000 0.128667 0.410000
679 36.976667 0.493333 0.072000 0.433333
453 37.042333 0.493333 0.076667 0.413333
962 37.089333 0.498333 0.033333 0.256667
655 37.150000 0.505000 0.104000 0.443333
898 37.256000 0.496667 0.128000 0.373333
684 37.363333 0.506667 0.106667 0.406667
689 37.445333 0.493333 0.073333 0.360000
418 37.523667 0.490000 0.102000 0.493333
378 37.668000 0.500000 0.206667 1.033333
325 37.843333 0.501667 0.161333 0.636667
265 37.973667 0.493333 0.114000 0.440000
559 38.058667 0.498333 0.073333 0.356667
811 38.146667 0.508333 0.116000 0.390000
1002 38.220000 0.496667 0.044000 0.346667
118 38.288000 0.496667 0.108000 0.433333
431 38.398667 0.493333 0.126667 0.420000
231 38.506333 0.491667 0.108667 0.450000
268 38.652000 0.490000 0.198667 0.993333
379 38.819667 0.498333 0.155333 0.776667
554 38.978000 0.506667 0.176000 0.880000
240 39.097000 0.506667 0.082000 0.400000
708 39.214333 0.488333 0.166000 0.830000
842 39.345667 0.490000 0.115333 0.553333
503 39.474333 0.503333 0.162000 0.426667
341 39.593000 0.508333 0.091333 0.370000
212 39.669667 0.501667 0.080667 0.403333
796 39.797000 0.505000 0.194000 0.970000
33 39.942333 0.496667 0.116667 0.380000
157 40.085000 0.500000 0.184667 0.753333
952 40.195333 0.490000 0.049333 0.373333
615 40.300000 0.493333 0.174667 0.873333
426 40.401667 0.493333 0.044667 0.306667
356 40.490333 0.495000 0.151333 0.476667
982 40.575667 0.503333 0.039333 0.286667
354 40.681667 0.501667 0.190000 0.950000
366 40.866333 0.501667 0.195333 0.976667
890 41.008000 0.493333 0.102667 0.486667
641 41.083667 0.501667 0.067333 0.330000
498 41.135667 0.503333 0.052667 0.313333
211 41.210667 0.495000 0.113333 0.463333
106 41.341667 0.498333 0.162000 0.810000
956 41.429667 0.500000 0.030000 0.246667
199 41.493333 0.505000 0.110667 0.476667
698 41.568667 0.491667 0.054667 0.283333
719 41.695333 0.503333 0.217333 1.086667
983 41.816333 0.488333 0.039333 0.283333
637 41.855000 0.501667 0.055333 0.290000
815 41.943667 0.488333 0.139333 0.330000
987 42.025000 0.490000 0.043333 0.320000
427 42.084333 0.493333 0.094000 0.466667
611 42.164333 0.495000 0.079333 0.316667
335 42.271667 0.505000 0.150000 0.483333
14 42.397333 0.510000 0.117333 0.406667
139 42.477333 0.498333 0.056000 0.323333
24 42.569333 0.495000 0.142667 0.483333
572 42.686333 0.503333 0.106000 0.433333
228 42.781667 0.506667 0.100667 0.413333
176 42.881667 0.491667 0.118000 0.450000
10 42.975333 0.488333 0.084000 0.296667
851 43.067000 0.488333 0.114000 0.516667
37 43.165333 0.498333 0.101333 0.376667
47 43.261333 0.488333 0.108000 0.503333
137 43.337333 0.501667 0.061333 0.303333
202 43.408667 0.490000 0.098667 0.406667
353 43.522333 0.488333 0.147333 0.456667
278 43.663667 0.508333 0.151333 0.463333
497 43.793667 0.503333 0.122000 0.320000
152 43.896333 0.503333 0.099333 0.453333
320 44.003333 0.498333 0.132000 0.390000
322 44.102667 0.506667 0.086667 0.120000
545 44.182667 0.506667 0.092000 0.373333
77 44.287000 0.490000 0.135333 0.340000
55 44.397667 0.503333 0.100667 0.246667
396 44.519667 0.505000 0.163333 0.816667
64 44.635000 0.490000 0.080667 0.413333
458 44.699000 0.490000 0.064667 0.380000
229 44.778667 0.496667 0.114667 0.540000
147 44.863333 0.503333 0.069333 0.366667
223 44.943000 0.493333 0.106000 0.500000
188 45.035000 0.510000 0.095333 0.393333
675 45.132333 0.498333 0.118000 0.423333
506 45.203000 0.501667 0.038000 0.436667
514 45.270667 0.495000 0.114667 0.383333
869 45.350667 0.505000 0.065333 0.376667
995 45.400667 0.498333 0.048000 0.356667
872 45.487667 0.491667 0.146000 0.410000
802 45.621667 0.501667 0.142000 0.290000
215 45.728000 0.490000 0.089333 0.393333
487 45.805667 0.496667 0.083333 0.426667
73 45.904333 0.508333 0.132667 0.403333
500 46.002667 0.490000 0.077333 0.353333
207 46.082333 0.508333 0.098000 0.450000
774 46.161667 0.488333 0.078000 0.403333
63 46.237667 0.498333 0.094000 0.336667
185 46.333000 0.506667 0.116667 0.566667
1008 46.410000 0.488333 0.050667 0.376667
369 46.491000 0.495000 0.128667 0.343333
801 46.596333 0.498333 0.102000 0.370000
741 46.701667 0.488333 0.122000 0.416667
990 46.773667 0.505000 0.035333 0.263333
561 46.888000 0.491667 0.208000 0.450000
79 47.122667 0.510000 0.281333 0.553333
80 47.296333 0.498333 0.080667 0.410000
654 47.413000 0.488333 0.166000 0.830000
235 47.536333 0.496667 0.095333 0.480000
807 47.660000 0.490000 0.169333 0.846667
894 47.822000 0.510000 0.168000 0.480000
40 47.953333 0.491667 0.108000 0.370000
470 48.034333 0.490000 0.071333 0.366667
5 48.099667 0.506667 0.076667 0.353333
981 48.147667 0.493333 0.039333 0.286667
387 48.219000 0.506667 0.123333 0.366667
504 48.345333 0.495000 0.146667 0.423333
838 48.461667 0.491667 0.104667 0.436667
94 48.605333 0.490000 0.200000 0.433333
367 48.763667 0.490000 0.134000 0.373333
826 48.882667 0.496667 0.117333 0.540000
1022 48.956333 0.501667 0.050000 0.363333
546 49.011667 0.508333 0.079333 0.290000
839 49.092333 0.488333 0.100667 0.476667
210 49.193000 0.488333 0.115333 0.476667
634 49.277667 0.495000 0.074000 0.310000
669 49.354667 0.505000 0.100000 0.350000
68 49.457333 0.501667 0.118667 0.336667
428 49.557667 0.496667 0.095333 0.666667
198 49.650000 0.493333 0.108000 0.500000
349 49.770000 0.488333 0.150667 0.423333
107 49.919333 0.500000 0.162667 0.346667
162 50.061333 0.510000 0.136000 0.480000
767 50.188000 0.493333 0.137333 0.400000
189 50.303667 0.488333 0.114000 0.470000
167 50.398667 0.501667 0.093333 0.356667
291 50.503333 0.506667 0.129333 0.520000
324 50.631333 0.490000 0.140000 0.686667
2 50.728333 0.493333 0.071333 0.360000
305 50.791000 0.506667 0.072667 0.413333
206 50.872667 0.503333 0.109333 0.466667
394 50.975333 0.500000 0.110667 0.313333
174 51.089667 0.490000 0.132667 0.493333
978 51.171000 0.498333 0.047333 0.356667
72 51.231000 0.503333 0.091333 0.440000
779 51.290667 0.493333 0.042667 0.393333
352 51.376667 0.496667 0.148000 0.433333
773 51.541000 0.508333 0.200667 1.003333
181 51.722333 0.508333 0.179333 0.896667
276 51.834000 0.505000 0.062667 0.410000
530 51.913000 0.490000 0.110000 0.520000
164 52.021333 0.508333 0.121333 0.450000
644 52.122000 0.505000 0.094667 0.436667
313 52.218667 0.496667 0.112000 0.393333
244 52.347000 0.501667 0.160667 0.436667
393 52.491000 0.490000 0.147333 0.413333
711 52.650667 0.498333 0.192000 0.483333
299 52.793000 0.493333 0.108667 0.420000
110 52.888667 0.500000 0.102667 0.386667
489 52.968333 0.493333 0.076667 0.400000
340 53.058000 0.493333 0.116000 0.346667
580 53.176667 0.505000 0.134667 0.330000
617 53.283667 0.500000 0.098000 0.426667
136 53.378333 0.498333 0.106000 0.456667
772 53.489333 0.505000 0.136000 0.376667
813 53.600333 0.501667 0.102000 0.363333
827 53.686333 0.495000 0.088667 0.363333
932 53.742000 0.495000 0.036000 0.270000
520 53.814000 0.503333 0.125333 0.406667
81 53.916667 0.506667 0.098667 0.393333
853 54.004000 0.505000 0.089333 0.403333
116 54.117667 0.488333 0.156667 0.490000
78 54.276000 0.500000 0.176000 0.880000
921 54.393000 0.506667 0.076667 0.440000
225 54.485667 0.495000 0.124667 0.523333
347 54.599333 0.491667 0.118667 0.356667
522 54.703667 0.488333 0.106000 0.356667
605 54.831667 0.493333 0.166000 0.433333
865 54.956000 0.498333 0.101333 0.383333
732 55.030667 0.498333 0.062667 0.323333
834 55.107000 0.505000 0.108667 0.483333
833 55.197333 0.505000 0.085333 0.383333
475 55.261333 0.505000 0.060000 0.310000
942 55.302667 0.495000 0.038667 0.310000
120 55.407667 0.488333 0.188667 0.943333
262 55.553333 0.488333 0.122667 0.636667
1017 55.630000 0.490000 0.045333 0.346667
365 55.704000 0.510000 0.118667 0.353333
715 55.842333 0.508333 0.178000 0.890000
1005 55.941333 0.498333 0.037333 0.303333
697 55.986333 0.510000 0.066000 0.333333
452 56.045000 0.493333 0.067333 0.386667
706 56.104333 0.488333 0.064667 0.330000
936 56.142000 0.506667 0.030667 0.260000
984 56.171000 0.491667 0.046000 0.356667
969 56.207333 0.510000 0.042667 0.340000
177 56.287333 0.498333 0.133333 0.503333
424 56.411333 0.508333 0.130667 0.416667
884 56.523333 0.490000 0.109333 0.393333
65 56.620333 0.488333 0.103333 0.263333
41 56.721667 0.498333 0.118000 0.343333
1011 56.793333 0.496667 0.038667 0.313333
445 56.833333 0.500000 0.056000 0.293333
233 56.901333 0.495000 0.093333 0.370000
861 56.960000 0.506667 0.044000 0.346667
416 57.012000 0.508333 0.077333 0.376667
16 57.094000 0.495000 0.101333 0.330000
35 57.183000 0.510000 0.096667 0.320000
668 57.273333 0.491667 0.101333 0.336667
204 57.368000 0.508333 0.104000 0.516667
392 57.477333 0.501667 0.134667 0.390000
748 57.593333 0.505000 0.117333 0.396667
759 57.720333 0.488333 0.151333 0.483333
397 57.835667 0.510000 0.099333 0.420000
632 57.975000 0.488333 0.195333 0.636667
707 58.111333 0.490000 0.093333 0.433333
318 58.204333 0.491667 0.106000 0.523333
314 58.300000 0.491667 0.098667 0.343333
400 58.367000 0.488333 0.051333 0.483333
762 58.424000 0.508333 0.081333 0.350000
915 58.497667 0.510000 0.082000 0.660000
536 58.608000 0.505000 0.153333 0.576667
275 58.701000 0.498333 0.046000 0.296667
59 58.818000 0.491667 0.205333 0.516667
661 58.962000 0.506667 0.100000 0.326667
662 59.057000 0.506667 0.108667 0.406667
974 59.123667 0.500000 0.038000 0.306667
153 59.181667 0.496667 0.096667 0.433333
878 59.257333 0.491667 0.074667 0.383333
937 59.310000 0.505000 0.046667 0.370000
840 59.380333 0.510000 0.114000 0.540000
967 59.447667 0.503333 0.038000 0.293333
588 59.509333 0.505000 0.102667 0.463333
377 59.610333 0.488333 0.115333 0.356667
359 59.756000 0.493333 0.193333 0.966667
121 59.858000 0.498333 0.025333 0.376667
102 59.972333 0.508333 0.220667 1.103333
780 60.152667 0.490000 0.156000 0.453333
122 60.282333 0.503333 0.116667 0.406667
344 60.442333 0.505000 0.216667 1.083333
438 60.615000 0.495000 0.144667 0.436667
221 60.736333 0.493333 0.116667 0.566667
131 60.846667 0.501667 0.124000 0.490000
288 60.960333 0.488333 0.119333 0.456667
657 61.055000 0.488333 0.086000 0.350000
294 61.226000 0.503333 0.270667 0.446667
980 61.369333 0.508333 0.034667 0.256667
758 61.435333 0.510000 0.116000 0.360000
595 61.551667 0.500000 0.135333 0.406667
247 61.656000 0.493333 0.088000 0.426667
512 61.758000 0.501667 0.133333 0.430000
678 61.866000 0.510000 0.097333 0.360000
667 61.970333 0.503333 0.131333 0.460000
560 62.122667 0.490000 0.193333 0.966667
227 62.271667 0.506667 0.120667 0.493333
515 62.388667 0.503333 0.126667 0.393333
319 62.480667 0.498333 0.076000 0.283333
645 62.543333 0.510000 0.068000 0.306667
576 62.625333 0.495000 0.110667 0.430000
477 62.710000 0.505000 0.073333 0.376667
345 62.809667 0.490000 0.142000 0.420000
819 62.945333 0.496667 0.149333 0.453333
315 63.073333 0.491667 0.126667 0.470000
404 63.180667 0.501667 0.101333 0.510000
938 63.244333 0.500000 0.042000 0.306667
29 63.315667 0.493333 0.114000 0.340000
973 63.385000 0.496667 0.040667 0.346667
368 63.470667 0.491667 0.146667 0.463333
327 63.607667 0.510000 0.147333 0.406667
31 63.745667 0.505000 0.144667 0.416667
717 63.879000 0.505000 0.140667 0.390000
665 63.987667 0.498333 0.090000 0.303333
781 64.060000 0.503333 0.069333 0.360000
75 64.152333 0.501667 0.130000 0.403333
606 64.280667 0.490000 0.141333 0.440000
867 64.389333 0.506667 0.089333 0.306667
524 64.494333 0.501667 0.136667 0.430000
790 64.590333 0.491667 0.074000 0.456667
312 64.669000 0.503333 0.099333 0.373333
112 64.783000 0.503333 0.146000 0.486667
747 64.890667 0.500000 0.088000 0.373333
960 64.943000 0.495000 0.031333 0.263333
618 64.989333 0.498333 0.076000 0.490000
910 65.085333 0.500000 0.133333 0.420000
905 65.210000 0.490000 0.130667 0.420000
103 65.350667 0.493333 0.170667 0.853333
192 65.537667 0.498333 0.219333 1.096667
1007 65.658333 0.500000 0.035333 0.273333
134 65.712667 0.491667 0.093333 0.403333
399 65.818000 0.508333 0.133333 0.470000
714 65.962667 0.506667 0.169333 0.846667
649 66.089000 0.493333 0.098000 0.540000
337 66.213333 0.510000 0.168000 0.840000
256 66.337333 0.510000 0.098667 0.333333
533 66.437667 0.500000 0.119333 0.406667
403 66.572333 0.491667 0.170000 0.470000
850 66.694333 0.508333 0.092667 0.383333
946 66.756333 0.490000 0.047333 0.360000
119 66.816000 0.508333 0.085333 0.503333
854 66.938667 0.506667 0.174667 0.520000
577 67.059667 0.495000 0.084667 0.330000
255 67.151333 0.510000 0.117333 0.453333
330 67.240000 0.496667 0.074667 0.286667
835 67.334000 0.496667 0.128000 0.500000
810 67.435333 0.491667 0.089333 0.370000
828 67.525000 0.493333 0.104667 0.433333
604 67.620333 0.491667 0.103333 0.310000
929 67.686667 0.495000 0.044000 0.336667
182 67.767333 0.501667 0.130667 0.443333
582 67.932000 0.500000 0.216000 1.080000
525 68.083333 0.505000 0.105333 0.356667
673 68.180667 0.505000 0.104000 0.330000
972 68.244667 0.508333 0.042667 0.343333
977 68.278333 0.493333 0.040667 0.340000
163 68.336667 0.491667 0.090667 0.350000
543 68.477333 0.493333 0.210667 1.053333
694 68.626667 0.510000 0.101333 0.493333
54 68.701000 0.488333 0.064667 0.356667
891 68.757000 0.495000 0.067333 0.336667
788 68.899667 0.501667 0.231333 1.156667
461 69.046000 0.503333 0.081333 0.453333
653 69.144000 0.508333 0.132000 0.430000
690 69.250000 0.488333 0.093333 0.456667
165 69.339667 0.498333 0.103333 0.370000
519 69.447667 0.493333 0.126000 0.400000
922 69.521667 0.493333 0.035333 0.273333
558 69.571333 0.496667 0.081333 0.400000
331 69.708333 0.488333 0.208667 1.043333
270 69.893000 0.491667 0.174000 0.870000
1021 69.994000 0.506667 0.041333 0.326667
672 70.052667 0.503333 0.090667 0.313333
691 70.134333 0.498333 0.091333 0.450000
507 70.204333 0.488333 0.062000 0.356667
100 70.341667 0.506667 0.226000 0.486667
656 70.518000 0.496667 0.145333 0.333333
148 70.652000 0.508333 0.137333 0.376667
873 70.749000 0.496667 0.075333 0.346667
663 70.842667 0.490000 0.126667 0.426667
62 70.935000 0.508333 0.078000 0.356667
635 71.002333 0.501667 0.074000 0.303333
220 71.083333 0.496667 0.104000 0.533333
931 71.149333 0.508333 0.042667 0.310000
186 71.220000 0.493333 0.112000 0.466667
798 71.317000 0.508333 0.098000 0.383333
688 71.396000 0.503333 0.078667 0.386667
841 71.483667 0.488333 0.110000 0.450000
955 71.555667 0.506667 0.051333 0.366667
25 71.644667 0.495000 0.144000 0.503333
705 71.781333 0.506667 0.149333 0.460000
544 71.888000 0.501667 0.081333 0.303333
971 71.939333 0.506667 0.036000 0.273333
563 72.013667 0.503333 0.127333 0.266667
1004 72.087000 0.503333 0.039333 0.293333
23 72.174333 0.508333 0.150000 0.430000
998 72.254333 0.490000 0.028667 0.240000
114 72.296000 0.493333 0.070667 0.353333
923 72.340333 0.495000 0.038000 0.283333
32 72.408667 0.500000 0.112000 0.366667
422 72.512333 0.490000 0.108667 0.413333
540 72.647667 0.498333 0.175333 0.876667
343 72.801333 0.490000 0.150667 0.433333
3 72.918333 0.505000 0.098000 0.430000
849 72.999000 0.488333 0.083333 0.343333
687 73.083667 0.498333 0.100667 0.496667
89 73.235667 0.505000 0.223333 1.116667
277 73.371667 0.508333 0.067333 0.303333
682 73.446667 0.510000 0.096000 0.380000
441 73.517667 0.508333 0.063333 0.356667
585 73.613000 0.491667 0.147333 0.476667
271 73.768000 0.503333 0.181333 0.906667
783 73.897667 0.506667 0.095333 0.520000
680 73.982667 0.491667 0.094667 0.316667
958 74.040333 0.501667 0.034000 0.263333
1020 74.072000 0.496667 0.046667 0.366667
510 74.150667 0.493333 0.130667 0.406667
766 74.270667 0.491667 0.129333 0.376667
704 74.375667 0.490000 0.099333 0.300000
180 74.475333 0.501667 0.116000 0.443333
309 74.558333 0.506667 0.067333 0.380000
613 74.657667 0.495000 0.146000 0.390000
476 74.763667 0.510000 0.083333 0.420000
101 74.885000 0.491667 0.172667 0.863333
880 75.010000 0.505000 0.093333 0.296667
285 75.097000 0.493333 0.098000 0.320000
13 75.189333 0.506667 0.106667 0.373333
7 75.293333 0.500000 0.120000 0.386667
658 75.372333 0.510000 0.058000 0.320000
683 75.484000 0.506667 0.185333 0.926667
625 75.649667 0.506667 0.160667 0.546667
144 75.759667 0.493333 0.079333 0.340000
650 75.862000 0.495000 0.138667 0.456667
263 76.026000 0.500000 0.204000 1.020000
485 76.156000 0.490000 0.070667 0.380000
870 76.211667 0.491667 0.058000 0.310000
126 76.288667 0.493333 0.114667 0.380000
685 76.384000 0.505000 0.090667 0.343333
737 76.450333 0.503333 0.056667 0.386667
193 76.527000 0.505000 0.110000 0.450000
383 76.633667 0.498333 0.122000 0.350000
930 76.701667 0.501667 0.032667 0.270000
468 76.741333 0.493333 0.060000 0.326667
803 76.847667 0.491667 0.171333 0.496667
859 76.986333 0.508333 0.126000 0.403333
556 77.086333 0.501667 0.088667 0.363333
284 77.193000 0.500000 0.144667 0.520000
390 77.333667 0.508333 0.156667 0.496667
334 77.456000 0.506667 0.108000 0.373333
731 77.537000 0.488333 0.067333 0.323333
412 77.613000 0.503333 0.104667 0.520000
384 77.729667 0.501667 0.143333 0.416667
183 77.850333 0.505000 0.116667 0.483333
764 77.945667 0.501667 0.090000 0.436667
754 78.042000 0.503333 0.121333 0.593333
844 78.142667 0.498333 0.096000 0.403333
363 78.235333 0.498333 0.106667 0.336667
734 78.352667 0.505000 0.145333 0.383333
19 78.472000 0.508333 0.106667 0.376667
573 78.566000 0.495000 0.098667 0.410000
159 78.624333 0.490000 0.036667 0.293333
727 78.667667 0.491667 0.066000 0.370000
260 78.748667 0.488333 0.116000 0.316667
1001 78.819333 0.491667 0.038667 0.316667
648 78.870667 0.488333 0.080000 0.350000
852 78.954333 0.505000 0.100667 0.470000
886 79.064333 0.496667 0.139333 0.486667
184 79.173667 0.505000 0.094000 0.376667
616 79.284333 0.498333 0.147333 0.423333
782 79.398333 0.488333 0.100667 0.463333
74 79.517000 0.488333 0.154000 0.483333
492 79.623000 0.500000 0.074000 0.400000
274 79.705667 0.498333 0.106000 0.523333
799 79.801000 0.493333 0.100667 0.373333
419 79.882333 0.505000 0.078000 0.376667
308 79.952667 0.491667 0.077333 0.436667
230 80.046000 0.503333 0.126667 0.580000
417 80.143667 0.510000 0.086000 0.413333
537 80.291333 0.506667 0.229333 0.506667
214 80.450667 0.488333 0.104000 0.503333
521 80.563333 0.500000 0.138667 0.373333
907 80.679333 0.500000 0.108000 0.373333
845 80.779000 0.488333 0.110000 0.510000
430 80.923333 0.496667 0.197333 0.986667
1 81.053000 0.506667 0.080667 0.393333
736 81.115000 0.488333 0.060667 0.403333
610 81.196000 0.501667 0.116000 0.356667
282 81.314667 0.498333 0.141333 0.483333
178 81.424667 0.498333 0.093333 0.336667
451 81.492667 0.506667 0.061333 0.326667
323 81.613333 0.510000 0.200000 1.000000
928 81.728333 0.503333 0.046000 0.346667
92 81.845667 0.491667 0.206000 1.030000
584 82.017000 0.491667 0.154000 0.436667
45 82.126667 0.496667 0.080000 0.400000
4 82.210667 0.491667 0.105333 0.450000
339 82.301667 0.490000 0.092667 0.500000
264 82.405333 0.508333 0.129333 0.490000
279 82.502333 0.490000 0.082000 0.460000
232 82.586000 0.495000 0.098667 0.496667
775 82.660333 0.493333 0.070000 0.326667
756 82.745000 0.510000 0.114000 0.326667
550 82.831333 0.500000 0.078667 0.393333
216 82.903000 0.498333 0.084667 0.430000
947 82.960667 0.495000 0.044000 0.343333
531 83.053667 0.506667 0.162000 0.333333
599 83.188000 0.501667 0.121333 0.363333
597 83.296667 0.496667 0.114667 0.346667
481 83.376667 0.505000 0.060000 0.356667
817 83.456000 0.500000 0.116000 0.260000
528 83.572000 0.498333 0.132000 0.423333
46 83.653333 0.503333 0.048000 0.446667
953 83.689667 0.498333 0.040667 0.303333
830 83.760667 0.488333 0.116000 0.476667
266 83.924667 0.500000 0.228000 1.140000
478 84.062333 0.505000 0.066000 0.343333
457 84.119000 0.490000 0.066000 0.373333
686 84.190333 0.503333 0.094000 0.460000
994 84.254000 0.490000 0.046667 0.353333
91 84.383000 0.508333 0.230000 1.150000
917 84.516000 0.488333 0.049333 0.356667
201 84.576333 0.501667 0.090000 0.443333
18 84.672333 0.496667 0.119333 0.400000
508 84.753333 0.493333 0.061333 0.326667
924 84.797000 0.506667 0.040667 0.326667
902 84.879333 0.498333 0.142667 0.390000
740 85.001333 0.496667 0.121333 0.280000
949 85.075000 0.488333 0.042000 0.343333
695 85.178000 0.490000 0.178667 0.893333
326 85.301333 0.500000 0.088000 0.406667
728 85.370000 0.506667 0.066667 0.600000
43 85.449667 0.490000 0.111333 0.446667
472 85.526333 0.503333 0.059333 0.360000
253 85.568000 0.510000 0.040000 0.386667
920 85.625333 0.496667 0.092000 0.346667
566 85.723000 0.500000 0.122000 0.493333
940 85.798000 0.500000 0.041333 0.326667
1012 85.829000 0.505000 0.039333 0.290000
943 85.863000 0.490000 0.044667 0.320000
836 85.936333 0.490000 0.116667 0.586667
205 86.030333 0.501667 0.088667 0.450000
631 86.148667 0.491667 0.164000 0.550000
778 86.280333 0.503333 0.114000 0.720000
671 86.396000 0.493333 0.134667 0.473333
959 86.480667 0.488333 0.048000 0.343333
966 86.518000 0.491667 0.042667 0.316667
856 86.621000 0.500000 0.180667 0.453333
539 86.734333 0.508333 0.066000 0.303333
143 86.815000 0.495000 0.114000 0.476667
837 86.916333 0.498333 0.107333 0.476667
421 87.058667 0.506667 0.193333 0.966667
581 87.196000 0.498333 0.100000 0.423333
800 87.294667 0.506667 0.116000 0.433333
125 87.404667 0.490000 0.117333 0.500000
71 87.495333 0.496667 0.078667 0.433333
241 87.568333 0.503333 0.083333 0.433333
664 87.652000 0.490000 0.097333 0.333333
129 87.755667 0.493333 0.128667 0.500000
735 87.877667 0.498333 0.128667 0.523333
249 87.966667 0.493333 0.069333 0.540000
281 88.058667 0.490000 0.128000 0.433333
357 88.187667 0.501667 0.147333 0.450000
899 88.312000 0.505000 0.118667 0.316667
1006 88.383000 0.501667 0.036667 0.276667
261 88.489000 0.501667 0.188667 0.943333
571 88.631667 0.505000 0.110000 0.443333
755 88.737000 0.496667 0.116667 0.333333
30 88.858333 0.505000 0.144667 0.423333
321 88.966333 0.493333 0.087333 0.400000
405 89.041667 0.491667 0.083333 0.323333
95 89.182333 0.493333 0.214000 0.466667
579 89.378333 0.498333 0.195333 0.443333
286 89.515000 0.491667 0.091333 0.336667
414 89.604667 0.503333 0.101333 0.480000
53 89.700000 0.496667 0.104000 0.373333
450 89.771000 0.495000 0.055333 0.310000
986 89.812333 0.490000 0.040667 0.340000
483 89.862333 0.496667 0.078000 0.460000
623 89.989000 0.503333 0.190000 0.626667
557 90.115667 0.488333 0.078000 0.516667
722 90.207667 0.488333 0.123333 0.363333
919 90.303333 0.491667 0.085333 0.410000
237 90.373000 0.498333 0.071333 0.510000
638 90.452667 0.496667 0.106667 0.426667
824 90.538333 0.503333 0.082000 0.393333
415 90.653333 0.496667 0.162667 0.813333
583 90.762333 0.506667 0.070000 0.400000
578 90.836667 0.506667 0.096000 0.373333
329 90.984000 0.500000 0.213333 1.066667
194 91.139333 0.503333 0.116000 0.546667
1014 91.208667 0.503333 0.036000 0.266667
88 91.324667 0.510000 0.209333 0.446667
490 91.452667 0.510000 0.062667 0.326667
753 91.573000 0.488333 0.194000 0.970000
280 91.716333 0.501667 0.112667 0.410000
1000 91.786000 0.491667 0.041333 0.330000
499 91.823000 0.508333 0.048667 0.290000
306 91.876667 0.491667 0.078667 0.443333
141 91.954333 0.495000 0.090000 0.390000
630 92.058333 0.510000 0.138000 0.466667
738 92.162667 0.488333 0.085333 0.376667
818 92.278000 0.503333 0.160000 0.393333
916 92.464667 0.493333 0.226667 1.133333
425 92.623667 0.501667 0.110000 0.636667
547 92.700667 0.498333 0.061333 0.363333
436 92.793333 0.510000 0.137333 0.400000
21 92.911667 0.488333 0.116667 0.396667
997 92.978667 0.498333 0.034667 0.270000
612 93.067000 0.505000 0.155333 0.776667
168 93.183333 0.498333 0.093333 0.330000
723 93.287667 0.491667 0.131333 0.456667
906 93.421000 0.501667 0.148667 0.443333
67 93.591000 0.488333 0.208667 1.043333
301 93.723333 0.495000 0.070667 0.396667
651 93.825333 0.508333 0.146667 0.483333
219 93.940667 0.505000 0.104000 0.503333
549 94.035667 0.493333 0.106000 0.353333
460 94.123667 0.495000 0.084667 0.430000
825 94.206333 0.490000 0.094000 0.466667
406 94.302000 0.491667 0.116000 0.436667
474 94.388667 0.495000 0.073333 0.443333
435 94.447667 0.496667 0.063333 0.293333
6 94.528333 0.500000 0.112667 0.413333
591 94.635000 0.496667 0.119333 0.373333
692 94.727667 0.495000 0.083333 0.410000
236 94.820333 0.508333 0.120667 0.490000
87 94.989000 0.491667 0.236667 0.516667
970 95.120000 0.510000 0.040000 0.333333
385 95.205000 0.500000 0.150000 0.420000
448 95.304333 0.510000 0.064667 0.333333
1019 95.345333 0.498333 0.033333 0.276667
768 95.393333 0.500000 0.077333 0.180000
985 95.442333 0.493333 0.038000 0.300000
410 95.512667 0.510000 0.116000 0.473333
374 95.671333 0.500000 0.217333 1.086667
951 95.790333 0.501667 0.035333 0.283333
548 95.860000 0.490000 0.120000 0.406667
36 95.969000 0.493333 0.112667 0.360000
718 96.097000 0.495000 0.156667 0.783333
328 96.256667 0.501667 0.182667 0.476667
292 96.410667 0.491667 0.140000 0.523333
941 96.491000 0.493333 0.038000 0.280000
96 96.614667 0.506667 0.226667 1.133333
776 96.788000 0.505000 0.138667 0.383333
797 96.906667 0.508333 0.114667 0.416667
989 96.975000 0.498333 0.038000 0.283333
860 97.066333 0.491667 0.164667 0.823333
82 97.182333 0.491667 0.086000 0.636667
897 97.299333 0.510000 0.162667 0.460000
208 97.421000 0.505000 0.094000 0.423333
553 97.519000 0.490000 0.115333 0.406667
761 97.625333 0.501667 0.113333 0.370000
61 97.712667 0.503333 0.081333 0.413333
875 97.855000 0.508333 0.222000 1.110000
311 97.992000 0.496667 0.070667 0.306667
258 98.075000 0.491667 0.111333 0.396667
532 98.174667 0.498333 0.102667 0.523333
49 98.291667 0.505000 0.150000 0.750000
169 98.421333 0.501667 0.124000 0.456667
218 98.559000 0.498333 0.171333 0.856667
389 98.693333 0.488333 0.112000 0.316667
259 98.854667 0.493333 0.224000 1.120000
516 99.023000 0.503333 0.126000 0.420000
555 99.092333 0.491667 0.031333 0.303333
900 99.177333 0.493333 0.152000 0.480000
750 99.307667 0.505000 0.127333 0.470000
832 99.419000 0.503333 0.112667 0.453333
370 99.571667 0.505000 0.208667 1.043333
440 99.698333 0.510000 0.064667 0.333333
602 99.796667 0.503333 0.148000 0.453333
552 99.891333 0.510000 0.061333 0.426667
371 99.976000 0.510000 0.124000 0.333333
358 100.110000 0.493333 0.160000 0.800000
17 100.221667 0.505000 0.083333 0.283333
1013 100.276000 0.493333 0.041333 0.313333
466 100.328333 0.508333 0.080667 0.416667
203 100.405667 0.503333 0.090000 0.453333
117 100.514667 0.510000 0.145333 0.466667
569 100.625000 0.506667 0.088667 0.340000
814 100.733000 0.496667 0.140667 0.340000
823 100.835000 0.496667 0.083333 0.420000
666 100.917333 0.505000 0.098667 0.363333
901 101.018667 0.506667 0.118667 0.346667
742 101.152000 0.510000 0.165333 0.826667
413 101.295000 0.490000 0.139333 0.586667
609 101.389333 0.508333 0.066667 0.276667
11 101.472667 0.508333 0.114667 0.390000
362 101.626333 0.498333 0.206000 1.030000
300 101.748000 0.498333 0.057333 0.183333
172 101.836667 0.506667 0.134667 0.473333
816 101.953667 0.490000 0.115333 0.380000
111 102.051333 0.498333 0.098667 0.463333
855 102.129333 0.496667 0.076000 0.193333
242 102.211667 0.506667 0.102000 0.400000
85 102.311333 0.496667 0.110667 0.446667
269 102.472667 0.503333 0.225333 1.126667
505 102.611667 0.505000 0.071333 0.296667
538 102.735333 0.488333 0.192000 0.483333
90 102.927667 0.491667 0.208667 1.043333
893 103.097667 0.493333 0.144667 0.420000
401 103.209667 0.493333 0.092667 0.493333
1015 103.264333 0.496667 0.032667 0.273333
197 103.335667 0.490000 0.124667 0.513333
777 103.437333 0.510000 0.098667 0.426667
874 103.521667 0.495000 0.083333 0.396667
881 103.613667 0.491667 0.114000 0.383333
903 103.743333 0.508333 0.162667 0.443333
877 103.854333 0.503333 0.078000 0.400000
744 103.989000 0.498333 0.204667 1.023333
964 104.098333 0.490000 0.032667 0.273333
283 104.174000 0.496667 0.132000 0.446667
