40 0.064333 0.501667 0.122000 0.410000
150 0.168333 0.493333 0.104667 0.433333
326 0.243333 0.508333 0.064000 0.290000
565 0.359000 0.488333 0.182000 0.376667
502 0.476667 0.490000 0.069333 0.313333
313 0.565000 0.500000 0.122000 0.440000
702 0.728333 0.505000 0.219333 1.096667
906 0.905000 0.501667 0.150000 0.450000
933 0.993667 0.508333 0.044667 0.316667
877 1.041333 0.510000 0.070667 0.366667
696 1.143000 0.488333 0.146000 0.330000
108 1.302000 0.495000 0.189333 0.410000
878 1.440000 0.505000 0.102667 0.523333
291 1.544000 0.493333 0.122667 0.473333
496 1.643667 0.500000 0.095333 0.393333
164 1.742000 0.501667 0.117333 0.443333
492 1.838000 0.490000 0.088000 0.446667
810 1.919667 0.490000 0.095333 0.420000
58 1.988667 0.490000 0.056000 0.346667
78 2.106333 0.505000 0.198000 0.483333
920 2.235667 0.490000 0.080667 0.313333
374 2.346000 0.498333 0.158667 0.496667
413 2.474000 0.508333 0.114667 0.483333
251 2.557667 0.488333 0.067333 0.383333
453 2.613333 0.490000 0.060000 0.326667
732 2.682667 0.510000 0.092000 0.466667
655 2.768333 0.498333 0.094000 0.390000
658 2.840667 0.493333 0.069333 0.406667
743 2.904000 0.495000 0.074667 0.316667
367 3.007000 0.493333 0.146000 0.460000
113 3.106333 0.508333 0.068667 0.356667
514 3.198000 0.488333 0.133333 0.436667
444 3.286333 0.503333 0.062000 0.320000
991 3.323667 0.501667 0.031333 0.256667
570 3.378000 0.493333 0.092000 0.393333
556 3.473333 0.505000 0.113333 0.476667
132 3.565333 0.506667 0.086667 0.373333
277 3.646333 0.488333 0.095333 0.430000
1011 3.707000 0.493333 0.039333 0.333333
404 3.819667 0.495000 0.204667 1.023333
226 3.958667 0.500000 0.088000 0.373333
377 4.063000 0.506667 0.134000 0.406667
916 4.199000 0.501667 0.156667 0.783333
790 4.309333 0.495000 0.081333 0.490000
1000 4.357667 0.488333 0.031333 0.263333
390 4.438333 0.490000 0.146000 0.386667
584 4.558000 0.501667 0.108000 0.336667
829 4.662000 0.505000 0.116000 0.536667
208 4.757000 0.505000 0.094000 0.383333
781 4.833333 0.495000 0.077333 0.396667
650 4.929667 0.508333 0.134000 0.436667
185 5.047667 0.505000 0.120667 0.610000
871 5.128333 0.491667 0.054000 0.263333
806 5.263000 0.508333 0.228667 1.143333
350 5.436667 0.503333 0.137333 0.393333
305 5.527333 0.495000 0.060000 0.336667
532 5.598000 0.498333 0.101333 0.516667
572 5.683333 0.491667 0.082667 0.343333
237 5.758333 0.491667 0.083333 0.570000
700 5.848000 0.501667 0.114667 0.490000
605 5.974333 0.491667 0.154000 0.423333
831 6.099667 0.498333 0.116667 0.516667
60 6.193000 0.505000 0.088667 0.370000
774 6.260667 0.491667 0.065333 0.343333
802 6.357333 0.510000 0.144000 0.293333
44 6.468000 0.493333 0.094667 0.373333
841 6.547667 0.503333 0.083333 0.360000
1010 6.601333 0.488333 0.040000 0.336667
440 6.639333 0.503333 0.054667 0.326667
348 6.730333 0.500000 0.143333 0.400000
47 6.836667 0.488333 0.088000 0.430000
517 6.938333 0.498333 0.132667 0.416667
631 7.089000 0.493333 0.183333 0.620000
296 7.219667 0.501667 0.096667 0.350000
804 7.332667 0.503333 0.146667 0.426667
61 7.439667 0.503333 0.084667 0.433333
506 7.497667 0.496667 0.044667 0.446667
898 7.588000 0.488333 0.153333 0.430000
246 7.773000 0.501667 0.231333 1.156667
454 7.922000 0.495000 0.081333 0.416667
491 8.003667 0.491667 0.096667 0.476667
795 8.084667 0.508333 0.084000 0.510000
954 8.144333 0.488333 0.054000 0.383333
50 8.223667 0.498333 0.122000 0.383333
618 8.307333 0.498333 0.060000 0.390000
368 8.427000 0.501667 0.198000 0.990000
948 8.535667 0.498333 0.038000 0.276667
709 8.596000 0.506667 0.096000 0.413333
701 8.708333 0.498333 0.147333 0.436667
127 8.882333 0.505000 0.216667 1.083333
540 9.076333 0.491667 0.188667 0.683333
259 9.249667 0.505000 0.178000 0.890000
699 9.405667 0.500000 0.150000 0.413333
667 9.522667 0.510000 0.101333 0.340000
539 9.610000 0.490000 0.086667 0.380000
85 9.695667 0.501667 0.103333 0.423333
302 9.767333 0.495000 0.060000 0.336667
553 9.844667 0.508333 0.109333 0.390000
983 9.914333 0.491667 0.046000 0.350000
855 9.970000 0.508333 0.078667 0.196667
71 10.033000 0.498333 0.060667 0.323333
627 10.123333 0.488333 0.140000 0.476667
787 10.220000 0.493333 0.066667 0.406667
952 10.268333 0.510000 0.047333 0.346667
695 10.395333 0.493333 0.220000 1.100000
421 10.581667 0.493333 0.171333 0.500000
494 10.705333 0.495000 0.089333 0.403333
373 10.801333 0.500000 0.122667 0.360000
310 10.894667 0.498333 0.078667 0.450000
766 10.982667 0.500000 0.114667 0.333333
805 11.130333 0.508333 0.199333 0.996667
77 11.285667 0.493333 0.126000 0.313333
951 11.363000 0.506667 0.043333 0.333333
361 11.472000 0.503333 0.192000 0.960000
606 11.622333 0.506667 0.122000 0.360000
297 11.704333 0.491667 0.058000 0.303333
457 11.752000 0.503333 0.054667 0.313333
176 11.822667 0.503333 0.104000 0.400000
354 11.937333 0.491667 0.140000 0.370000
425 12.047667 0.505000 0.095333 0.543333
801 12.143667 0.501667 0.116667 0.456667
704 12.245333 0.495000 0.104000 0.316667
157 12.355667 0.495000 0.131333 0.556667
341 12.455000 0.503333 0.080667 0.340000
883 12.602667 0.488333 0.232000 0.503333
423 12.774000 0.491667 0.128000 0.456667
429 12.880667 0.503333 0.100000 0.346667
490 12.957000 0.508333 0.070000 0.410000
239 13.034000 0.500000 0.101333 0.620000
811 13.145333 0.505000 0.140000 0.423333
16 13.250667 0.490000 0.089333 0.306667
320 13.341000 0.491667 0.104667 0.303333
332 13.497667 0.491667 0.226000 1.130000
397 13.647000 0.510000 0.087333 0.400000
909 13.722000 0.490000 0.078667 0.353333
191 13.795000 0.498333 0.084667 0.403333
847 13.894333 0.491667 0.134000 0.436667
656 14.040333 0.508333 0.171333 0.430000
25 14.173667 0.490000 0.111333 0.393333
770 14.313333 0.503333 0.185333 0.926667
560 14.484667 0.490000 0.173333 0.866667
283 14.633000 0.495000 0.142000 0.483333
137 14.728333 0.498333 0.064667 0.330000
203 14.801667 0.491667 0.100667 0.510000
992 14.863000 0.510000 0.035333 0.266667
586 14.979667 0.501667 0.218000 1.090000
190 15.133000 0.506667 0.107333 0.453333
943 15.199667 0.495000 0.039333 0.283333
98 15.323000 0.500000 0.220667 0.473333
337 15.561667 0.493333 0.270000 0.726667
808 15.738333 0.508333 0.098000 0.350000
629 15.863667 0.491667 0.167333 0.836667
545 15.979667 0.498333 0.083333 0.303333
682 16.071667 0.491667 0.120667 0.443333
32 16.183000 0.488333 0.116667 0.430000
147 16.275333 0.505000 0.085333 0.356667
835 16.374000 0.503333 0.130667 0.533333
370 16.488000 0.510000 0.112000 0.340000
600 16.586333 0.495000 0.103333 0.316667
925 16.650000 0.501667 0.037333 0.310000
170 16.722333 0.506667 0.127333 0.446667
255 16.832333 0.496667 0.111333 0.420000
980 16.900667 0.496667 0.041333 0.306667
188 16.959333 0.510000 0.094667 0.466667
735 17.052667 0.510000 0.110667 0.446667
151 17.139333 0.500000 0.077333 0.380000
274 17.222000 0.488333 0.101333 0.490000
233 17.310000 0.501667 0.093333 0.376667
768 17.380333 0.505000 0.062000 0.136667
276 17.428667 0.505000 0.049333 0.310000
443 17.476333 0.495000 0.066000 0.376667
901 17.577667 0.491667 0.152667 0.463333
763 17.675000 0.510000 0.058000 0.406667
1016 17.719333 0.501667 0.049333 0.363333
28 17.786000 0.495000 0.102667 0.363333
272 17.924333 0.503333 0.187333 0.540000
197 18.053333 0.500000 0.086667 0.366667
568 18.133667 0.505000 0.094000 0.470000
334 18.256333 0.496667 0.164667 0.506667
785 18.361333 0.508333 0.061333 0.263333
488 18.417667 0.505000 0.071333 0.343333
437 18.480667 0.510000 0.074667 0.373333
1013 18.531000 0.503333 0.044667 0.326667
747 18.584667 0.493333 0.082667 0.346667
752 18.652667 0.495000 0.066667 0.176667
683 18.779667 0.495000 0.204667 1.023333
4 18.920667 0.503333 0.092000 0.366667
76 19.034000 0.501667 0.149333 0.470000
697 19.134333 0.490000 0.070000 0.346667
896 19.216333 0.498333 0.111333 0.323333
500 19.308000 0.508333 0.085333 0.383333
445 19.370667 0.505000 0.060000 0.356667
349 19.448667 0.506667 0.116000 0.353333
585 19.553667 0.498333 0.111333 0.343333
102 19.709000 0.505000 0.214000 0.450000
73 19.872333 0.503333 0.127333 0.393333
634 19.969667 0.490000 0.086000 0.353333
35 20.053000 0.505000 0.099333 0.343333
739 20.123333 0.510000 0.061333 0.546667
416 20.196667 0.505000 0.100000 0.483333
39 20.298667 0.496667 0.118667 0.400000
633 20.437333 0.503333 0.173333 0.486667
715 20.597000 0.500000 0.164667 0.486667
578 20.719000 0.500000 0.096667 0.380000
282 20.812667 0.500000 0.109333 0.380000
679 20.892000 0.510000 0.068000 0.413333
142 21.026667 0.500000 0.218667 1.093333
922 21.150333 0.510000 0.046000 0.340000
392 21.253333 0.506667 0.180000 0.900000
238 21.382333 0.508333 0.096667 0.376667
681 21.445333 0.501667 0.045333 0.410000
17 21.517667 0.495000 0.114000 0.403333
945 21.588333 0.503333 0.042000 0.340000
210 21.645667 0.493333 0.091333 0.433333
575 21.736667 0.495000 0.104000 0.343333
830 21.838000 0.491667 0.113333 0.470000
866 21.985000 0.488333 0.198000 0.990000
409 22.122000 0.488333 0.089333 0.450000
592 22.248333 0.495000 0.176667 0.516667
907 22.393000 0.503333 0.127333 0.426667
303 22.479667 0.493333 0.066000 0.366667
929 22.524667 0.495000 0.041333 0.310000
252 22.595667 0.491667 0.119333 0.470000
597 22.708333 0.490000 0.126000 0.400000
937 22.784000 0.490000 0.041333 0.340000
12 22.841000 0.508333 0.090000 0.323333
591 22.939000 0.501667 0.120667 0.356667
706 23.023333 0.496667 0.061333 0.313333
842 23.107333 0.493333 0.124000 0.513333
652 23.224000 0.503333 0.128000 0.420000
433 23.354000 0.505000 0.150667 0.416667
155 23.461000 0.508333 0.079333 0.410000
742 23.560667 0.493333 0.137333 0.573333
460 23.651000 0.498333 0.059333 0.330000
998 23.693667 0.500000 0.042000 0.340000
209 23.804000 0.500000 0.192000 0.960000
105 24.008000 0.491667 0.234667 0.496667
497 24.177000 0.490000 0.123333 0.313333
944 24.250000 0.496667 0.041333 0.340000
955 24.281333 0.490000 0.040000 0.326667
705 24.344667 0.503333 0.106667 0.360000
611 24.434000 0.510000 0.090667 0.346667
908 24.511667 0.491667 0.079333 0.290000
862 24.573333 0.508333 0.061333 0.283333
986 24.623000 0.500000 0.051333 0.373333
112 24.745333 0.493333 0.213333 1.066667
280 24.906333 0.501667 0.126000 0.456667
602 25.021333 0.491667 0.118667 0.356667
834 25.127333 0.508333 0.108000 0.523333
317 25.228000 0.488333 0.108000 0.410000
438 25.354000 0.503333 0.160000 0.493333
644 25.467333 0.498333 0.080000 0.376667
306 25.527333 0.490000 0.056000 0.313333
594 25.618000 0.490000 0.144000 0.453333
376 25.764333 0.500000 0.163333 0.486667
219 25.917667 0.505000 0.162000 0.810000
939 26.013000 0.498333 0.043333 0.316667
270 26.135333 0.503333 0.220000 1.100000
396 26.308000 0.501667 0.145333 0.430000
45 26.406000 0.510000 0.066667 0.333333
193 26.492333 0.501667 0.126000 0.503333
372 26.615667 0.498333 0.139333 0.390000
324 26.731333 0.493333 0.108000 0.533333
666 26.838000 0.510000 0.124000 0.420000
884 26.941333 0.503333 0.102667 0.366667
67 27.093333 0.493333 0.214667 1.073333
158 27.305000 0.508333 0.227333 1.136667
515 27.465667 0.490000 0.107333 0.340000
530 27.568333 0.493333 0.111333 0.553333
245 27.642333 0.510000 0.056667 0.300000
738 27.701000 0.500000 0.074000 0.366667
407 27.784333 0.495000 0.110000 0.430000
623 27.920333 0.498333 0.178000 0.576667
807 28.090333 0.508333 0.178000 0.890000
89 28.280667 0.496667 0.220000 1.100000
80 28.433333 0.500000 0.104000 0.526667
116 28.555667 0.500000 0.154000 0.500000
86 28.663000 0.500000 0.078000 0.346667
394 28.779333 0.493333 0.170667 0.853333
220 28.921333 0.490000 0.128000 0.513333
982 28.995667 0.501667 0.035333 0.256667
727 29.046667 0.508333 0.085333 0.403333
685 29.129000 0.500000 0.098000 0.400000
534 29.205667 0.500000 0.072667 0.293333
363 29.301667 0.500000 0.136667 0.406667
646 29.411000 0.496667 0.098000 0.440000
832 29.513333 0.501667 0.124000 0.570000
599 29.638000 0.490000 0.141333 0.426667
799 29.749667 0.491667 0.098000 0.356667
547 29.825667 0.510000 0.067333 0.380000
31 29.914333 0.488333 0.127333 0.376667
378 30.078000 0.490000 0.220000 1.100000
664 30.248000 0.500000 0.134667 0.453333
379 30.381333 0.498333 0.148000 0.403333
504 30.530333 0.493333 0.163333 0.466667
287 30.646333 0.505000 0.086000 0.310000
965 30.700333 0.496667 0.040667 0.300000
344 30.789333 0.510000 0.154667 0.486667
550 30.899667 0.495000 0.083333 0.410000
850 30.985333 0.488333 0.102667 0.423333
95 31.136333 0.488333 0.212667 1.063333
479 31.274667 0.506667 0.077333 0.406667
478 31.343333 0.500000 0.080000 0.420000
873 31.425000 0.508333 0.098000 0.463333
632 31.547000 0.501667 0.160667 0.523333
484 31.658333 0.505000 0.082000 0.296667
684 31.739000 0.490000 0.096667 0.340000
994 31.805667 0.505000 0.052667 0.383333
612 31.903333 0.508333 0.156000 0.416667
653 32.039333 0.490000 0.133333 0.433333
136 32.173333 0.488333 0.149333 0.503333
654 32.317333 0.506667 0.154667 0.773333
214 32.444333 0.493333 0.118000 0.486667
964 32.512667 0.506667 0.038667 0.293333
499 32.555333 0.506667 0.060000 0.360000
607 32.642333 0.496667 0.128667 0.393333
860 32.811000 0.488333 0.227333 1.136667
393 32.990000 0.506667 0.145333 0.386667
858 33.102000 0.510000 0.096000 0.313333
228 33.195333 0.510000 0.106667 0.446667
177 33.332667 0.496667 0.186667 0.933333
403 33.510667 0.496667 0.185333 0.926667
97 33.695667 0.510000 0.203333 0.433333
949 33.804000 0.506667 0.028000 0.240000
196 33.863667 0.503333 0.104667 0.526667
405 33.950000 0.493333 0.085333 0.326667
398 34.030667 0.495000 0.092000 0.463333
703 34.123000 0.506667 0.112667 0.366667
981 34.186667 0.496667 0.033333 0.260000
616 34.281000 0.491667 0.175333 0.876667
342 34.403333 0.488333 0.086667 0.403333
719 34.533333 0.506667 0.190667 0.506667
330 34.674667 0.500000 0.106667 0.406667
286 34.778000 0.510000 0.113333 0.420000
827 34.873000 0.510000 0.092667 0.466667
773 34.988333 0.500000 0.155333 0.420000
977 35.074667 0.496667 0.034667 0.266667
567 35.133000 0.501667 0.099333 0.410000
985 35.196000 0.503333 0.041333 0.340000
402 35.289333 0.495000 0.160000 0.416667
583 35.392667 0.488333 0.060000 0.410000
849 35.461333 0.496667 0.093333 0.400000
339 35.552000 0.505000 0.102667 0.563333
442 35.627667 0.501667 0.063333 0.376667
206 35.708667 0.503333 0.116000 0.466667
577 35.813333 0.488333 0.113333 0.450000
582 35.915333 0.495000 0.108000 0.416667
172 36.048000 0.510000 0.173333 0.866667
1014 36.144333 0.508333 0.036667 0.290000
36 36.219667 0.506667 0.130000 0.433333
119 36.312333 0.496667 0.070000 0.420000
493 36.381000 0.488333 0.087333 0.463333
212 36.463333 0.498333 0.090667 0.450000
262 36.562667 0.490000 0.128000 0.646667
557 36.653667 0.493333 0.070000 0.460000
897 36.751333 0.505000 0.142667 0.383333
857 36.921667 0.488333 0.211333 0.476667
677 37.063667 0.490000 0.092667 0.320000
501 37.135333 0.493333 0.068000 0.300000
406 37.210667 0.490000 0.100000 0.393333
816 37.305000 0.491667 0.102000 0.356667
972 37.363333 0.505000 0.034667 0.283333
340 37.437000 0.501667 0.127333 0.363333
674 37.543000 0.496667 0.103333 0.373333
689 37.624000 0.488333 0.073333 0.363333
737 37.674667 0.491667 0.042667 0.296667
321 37.741667 0.506667 0.107333 0.533333
401 37.825333 0.490000 0.080000 0.446667
356 37.923667 0.495000 0.132667 0.370000
868 38.023667 0.488333 0.087333 0.503333
526 38.134333 0.503333 0.148667 0.393333
521 38.282000 0.510000 0.166667 0.480000
131 38.422667 0.493333 0.132000 0.513333
1022 38.503333 0.500000 0.049333 0.360000
381 38.580000 0.491667 0.124000 0.336667
7 38.691333 0.501667 0.117333 0.430000
472 38.768667 0.506667 0.056000 0.286667
298 38.826333 0.506667 0.074000 0.366667
9 38.896000 0.508333 0.081333 0.323333
21 38.989333 0.503333 0.120000 0.406667
798 39.087000 0.496667 0.095333 0.346667
947 39.142000 0.501667 0.034667 0.283333
1002 39.175333 0.491667 0.046667 0.363333
609 39.225333 0.500000 0.072000 0.293333
1003 39.274667 0.501667 0.044000 0.330000
315 39.349333 0.501667 0.122667 0.423333
833 39.462000 0.510000 0.122667 0.540000
264 39.585333 0.506667 0.144000 0.553333
771 39.743000 0.488333 0.186000 0.930000
22 39.884667 0.510000 0.114667 0.380000
724 39.977333 0.505000 0.089333 0.390000
115 40.042667 0.500000 0.054667 0.320000
734 40.149667 0.500000 0.176667 0.473333
345 40.302000 0.490000 0.146667 0.446667
213 40.419333 0.506667 0.105333 0.420000
905 40.541667 0.493333 0.159333 0.506667
838 40.673667 0.495000 0.122000 0.516667
289 40.802667 0.510000 0.156000 0.780000
1 40.907667 0.498333 0.067333 0.343333
307 40.961333 0.510000 0.060000 0.333333
775 41.026333 0.491667 0.088667 0.423333
926 41.084667 0.491667 0.044000 0.323333
15 41.151333 0.500000 0.109333 0.360000
596 41.247667 0.490000 0.102000 0.306667
574 41.341333 0.506667 0.101333 0.406667
941 41.402000 0.510000 0.040000 0.300000
782 41.459000 0.495000 0.087333 0.416667
777 41.538333 0.500000 0.090000 0.366667
49 41.681667 0.501667 0.211333 1.056667
481 41.817333 0.500000 0.076000 0.460000
414 41.912000 0.506667 0.126667 0.653333
694 42.002667 0.488333 0.073333 0.363333
395 42.117333 0.493333 0.173333 0.866667
139 42.229667 0.506667 0.070000 0.413333
284 42.309333 0.506667 0.104000 0.373333
823 42.398333 0.498333 0.087333 0.376667
893 42.506000 0.510000 0.145333 0.426667
114 42.612000 0.505000 0.080000 0.403333
357 42.709667 0.510000 0.130000 0.346667
23 42.849667 0.510000 0.163333 0.466667
818 42.996000 0.491667 0.148000 0.383333
892 43.143333 0.503333 0.161333 0.466667
469 43.240333 0.491667 0.051333 0.303333
195 43.306667 0.496667 0.101333 0.513333
441 43.381333 0.491667 0.068000 0.356667
755 43.479000 0.495000 0.146000 0.496667
447 43.574667 0.505000 0.060000 0.343333
853 43.654333 0.496667 0.114000 0.473333
130 43.808333 0.500000 0.208667 0.460000
201 43.963667 0.508333 0.116667 0.476667
198 44.068000 0.496667 0.108000 0.446667
890 44.175333 0.508333 0.120000 0.503333
26 44.296667 0.490000 0.141333 0.480000
876 44.445667 0.495000 0.176667 0.883333
817 44.601333 0.496667 0.148000 0.526667
477 44.705000 0.490000 0.074000 0.386667
601 44.797667 0.503333 0.126000 0.380000
758 44.906667 0.496667 0.109333 0.333333
524 45.002667 0.508333 0.097333 0.343333
161 45.090333 0.498333 0.095333 0.356667
740 45.206333 0.493333 0.154000 0.353333
167 45.330667 0.495000 0.109333 0.383333
271 45.458333 0.495000 0.160667 0.803333
919 45.564000 0.488333 0.070667 0.296667
915 45.622667 0.506667 0.066667 0.546667
218 45.706000 0.503333 0.118667 0.480000
680 45.820000 0.488333 0.125333 0.423333
744 45.940000 0.498333 0.134667 0.550000
721 46.106667 0.493333 0.212000 1.060000
615 46.269000 0.490000 0.126000 0.586667
483 46.361667 0.490000 0.075333 0.406667
288 46.448000 0.491667 0.112000 0.430000
156 46.582000 0.493333 0.170667 0.473333
389 46.719000 0.495000 0.119333 0.343333
386 46.835333 0.506667 0.130667 0.353333
651 46.966667 0.508333 0.146667 0.470000
412 47.077667 0.500000 0.094000 0.473333
708 47.168333 0.488333 0.102000 0.476667
365 47.263667 0.491667 0.106000 0.323333
243 47.395667 0.491667 0.176667 0.596667
154 47.513000 0.505000 0.076667 0.370000
764 47.589333 0.496667 0.089333 0.433333
576 47.671000 0.493333 0.094000 0.366667
451 47.746000 0.488333 0.070667 0.396667
57 47.806667 0.490000 0.066667 0.300000
779 47.847333 0.496667 0.029333 0.286667
754 47.915000 0.491667 0.126000 0.616667
20 48.019667 0.491667 0.103333 0.383333
928 48.083000 0.495000 0.038000 0.296667
448 48.128333 0.496667 0.068667 0.413333
189 48.201000 0.506667 0.094000 0.386667
566 48.302000 0.498333 0.122667 0.496667
3 48.407000 0.496667 0.103333 0.433333
458 48.481667 0.493333 0.066000 0.346667
863 48.564667 0.500000 0.116000 0.553333
1012 48.631333 0.498333 0.034667 0.270000
512 48.691667 0.495000 0.103333 0.323333
821 48.851000 0.501667 0.231333 1.156667
691 49.008667 0.495000 0.098667 0.476667
874 49.093000 0.508333 0.086000 0.403333
482 49.165667 0.495000 0.078000 0.410000
223 49.240000 0.491667 0.088000 0.436667
767 49.323667 0.510000 0.099333 0.286667
355 49.442000 0.508333 0.152000 0.396667
300 49.545333 0.498333 0.069333 0.230000
257 49.631000 0.495000 0.122000 0.403333
542 49.764000 0.490000 0.164000 0.820000
604 49.901333 0.488333 0.125333 0.383333
503 50.015000 0.495000 0.115333 0.336667
608 50.127000 0.488333 0.123333 0.456667
663 50.234667 0.506667 0.110667 0.373333
725 50.349333 0.505000 0.133333 0.563333
595 50.475000 0.496667 0.131333 0.386667
527 50.592667 0.488333 0.124000 0.383333
642 50.697667 0.500000 0.099333 0.380000
879 50.805333 0.498333 0.129333 0.376667
921 50.894000 0.506667 0.068000 0.406667
510 50.979667 0.508333 0.118000 0.370000
200 51.123000 0.495000 0.187333 0.936667
455 51.244333 0.498333 0.075333 0.383333
880 51.318333 0.500000 0.088667 0.306667
690 51.401000 0.510000 0.096667 0.480000
794 51.480333 0.506667 0.076667 0.466667
14 51.575667 0.508333 0.128667 0.416667
253 51.656333 0.510000 0.047333 0.433333
59 51.782000 0.503333 0.221333 1.106667
580 51.975667 0.490000 0.183333 0.446667
480 52.098000 0.501667 0.074667 0.383333
692 52.166333 0.498333 0.076667 0.376667
335 52.266000 0.506667 0.142667 0.453333
581 52.381667 0.501667 0.106000 0.510000
687 52.466333 0.500000 0.083333 0.406667
449 52.534667 0.503333 0.066667 0.400000
934 52.580667 0.498333 0.042667 0.330000
673 52.641000 0.500000 0.096667 0.346667
902 52.760333 0.491667 0.155333 0.423333
360 52.932667 0.490000 0.205333 1.026667
839 53.076333 0.491667 0.102000 0.436667
362 53.190333 0.490000 0.143333 0.380000
452 53.297333 0.501667 0.089333 0.456667
471 53.370000 0.508333 0.074667 0.423333
936 53.421333 0.503333 0.048000 0.373333
159 53.458667 0.493333 0.041333 0.306667
1021 53.490000 0.506667 0.041333 0.300000
749 53.560000 0.500000 0.117333 0.473333
974 53.632000 0.506667 0.040000 0.293333
875 53.755000 0.495000 0.222000 1.110000
82 53.899667 0.500000 0.083333 0.566667
24 54.005000 0.506667 0.142000 0.480000
19 54.118333 0.488333 0.104667 0.343333
522 54.212667 0.510000 0.102667 0.320000
256 54.322000 0.498333 0.129333 0.443333
1023 54.396000 0.488333 0.036000 0.303333
759 54.486000 0.495000 0.161333 0.463333
1019 54.576000 0.498333 0.033333 0.250000
899 54.641333 0.505000 0.117333 0.316667
861 54.714667 0.495000 0.045333 0.356667
900 54.788000 0.488333 0.121333 0.336667
459 54.877667 0.508333 0.078000 0.416667
722 54.967667 0.508333 0.119333 0.350000
129 55.093000 0.496667 0.147333 0.566667
231 55.224000 0.493333 0.134667 0.546667
234 55.328667 0.488333 0.094667 0.403333
911 55.410333 0.493333 0.082000 0.306667
166 55.488667 0.490000 0.093333 0.340000
118 55.572000 0.496667 0.090667 0.353333
106 55.703333 0.501667 0.185333 0.396667
422 55.826000 0.506667 0.078667 0.306667
41 55.945667 0.488333 0.178000 0.890000
865 56.083000 0.506667 0.115333 0.386667
796 56.197333 0.495000 0.128000 0.436667
8 56.299667 0.490000 0.094000 0.340000
205 56.436000 0.500000 0.196000 0.980000
261 56.589667 0.500000 0.128667 0.620000
485 56.685667 0.501667 0.078000 0.430000
358 56.814667 0.500000 0.200000 1.000000
914 56.963000 0.508333 0.111333 0.343333
66 57.064333 0.508333 0.110000 0.643333
420 57.155333 0.501667 0.092000 0.370000
881 57.248667 0.491667 0.108000 0.363333
428 57.333333 0.500000 0.080000 0.553333
56 57.398333 0.506667 0.067333 0.106667
194 57.473667 0.493333 0.102000 0.446667
279 57.574667 0.510000 0.114667 0.640000
258 57.677667 0.506667 0.106000 0.353333
419 57.762667 0.501667 0.082667 0.403333
780 57.854667 0.503333 0.120000 0.353333
962 57.925667 0.488333 0.036667 0.290000
182 58.008000 0.495000 0.144000 0.510000
1008 58.098667 0.491667 0.050667 0.383333
187 58.162333 0.501667 0.092667 0.463333
27 58.255333 0.488333 0.106667 0.363333
733 58.337333 0.488333 0.072000 0.436667
351 58.438000 0.510000 0.144000 0.426667
371 58.585333 0.496667 0.168000 0.840000
554 58.723333 0.488333 0.121333 0.350000
110 58.849667 0.505000 0.144667 0.510000
235 58.970000 0.496667 0.114667 0.453333
761 59.079667 0.500000 0.122000 0.353333
678 59.178667 0.500000 0.094667 0.306667
910 59.266333 0.508333 0.099333 0.336667
292 59.378000 0.500000 0.137333 0.553333
718 59.537667 0.495000 0.202000 1.010000
462 59.662667 0.496667 0.068000 0.413333
894 59.752000 0.508333 0.125333 0.363333
467 59.844333 0.506667 0.072667 0.400000
165 59.933333 0.508333 0.122667 0.436667
757 60.043000 0.488333 0.116667 0.336667
791 60.125000 0.508333 0.067333 0.396667
800 60.196000 0.498333 0.092000 0.330000
336 60.291667 0.493333 0.118000 0.560000
415 60.431667 0.501667 0.175333 0.876667
844 60.557000 0.510000 0.091333 0.380000
859 60.649000 0.508333 0.106000 0.316667
989 60.711000 0.510000 0.035333 0.286667
993 60.736333 0.503333 0.035333 0.260000
756 60.809000 0.493333 0.128667 0.420000
997 60.888667 0.495000 0.048000 0.370000
619 60.958000 0.496667 0.106667 0.566667
236 61.055333 0.491667 0.104000 0.510000
474 61.135667 0.508333 0.071333 0.430000
966 61.184000 0.503333 0.040000 0.320000
760 61.249667 0.503333 0.110000 0.320000
174 61.349333 0.490000 0.105333 0.380000
316 61.445000 0.506667 0.102000 0.386667
0 61.513333 0.490000 0.050667 0.406667
657 61.570667 0.490000 0.080000 0.326667
498 61.634333 0.490000 0.064667 0.380000
54 61.692333 0.495000 0.070000 0.356667
843 61.831667 0.508333 0.224667 1.123333
643 61.993667 0.493333 0.118000 0.406667
714 62.122667 0.496667 0.160000 0.513333
736 62.226667 0.510000 0.068000 0.400000
590 62.322333 0.488333 0.136667 0.530000
731 62.426000 0.505000 0.090667 0.450000
886 62.564333 0.505000 0.204667 1.023333
815 62.735000 0.488333 0.152667 0.410000
34 62.872000 0.496667 0.134667 0.433333
470 62.958333 0.500000 0.052667 0.320000
229 63.021667 0.505000 0.088667 0.370000
120 63.160333 0.488333 0.206000 0.596667
661 63.297333 0.500000 0.088000 0.293333
410 63.388333 0.491667 0.107333 0.490000
426 63.464667 0.508333 0.058667 0.330000
1018 63.505000 0.505000 0.042000 0.343333
942 63.537333 0.490000 0.036000 0.273333
573 63.597667 0.488333 0.103333 0.416667
72 63.740333 0.495000 0.195333 0.976667
528 63.881333 0.490000 0.101333 0.340000
630 64.003667 0.501667 0.158000 0.790000
963 64.097000 0.498333 0.042000 0.350000
507 64.142000 0.500000 0.062667 0.326667
820 64.219333 0.496667 0.106667 0.440000
489 64.294333 0.488333 0.060667 0.316667
726 64.356000 0.505000 0.076000 0.410000
826 64.424333 0.508333 0.080667 0.376667
675 64.517333 0.501667 0.118667 0.436667
468 64.605333 0.500000 0.073333 0.373333
202 64.682333 0.510000 0.095333 0.366667
126 64.796667 0.505000 0.152000 0.496667
65 64.908333 0.488333 0.087333 0.223333
331 65.025333 0.493333 0.161333 0.806667
931 65.116000 0.493333 0.034667 0.260000
325 65.224000 0.510000 0.197333 0.986667
1004 65.328333 0.506667 0.031333 0.246667
240 65.372667 0.493333 0.074667 0.386667
171 65.459667 0.496667 0.115333 0.446667
745 65.565667 0.508333 0.110000 0.416667
716 65.708667 0.498333 0.192000 0.530000
516 65.857333 0.490000 0.124000 0.406667
976 65.935667 0.510000 0.050000 0.366667
53 65.995667 0.495000 0.084667 0.296667
927 66.052333 0.503333 0.048667 0.353333
549 66.119333 0.508333 0.100000 0.336667
558 66.198667 0.506667 0.074667 0.366667
225 66.328333 0.491667 0.199333 0.996667
610 66.479333 0.505000 0.117333 0.356667
104 66.623333 0.493333 0.185333 0.926667
487 66.751000 0.488333 0.088667 0.450000
670 66.844333 0.500000 0.116667 0.433333
668 66.960000 0.491667 0.130667 0.430000
746 67.074333 0.503333 0.118000 0.346667
803 67.191333 0.508333 0.129333 0.376667
199 67.300000 0.503333 0.102667 0.420000
162 67.389667 0.496667 0.094000 0.353333
824 67.480667 0.508333 0.101333 0.423333
122 67.564667 0.501667 0.081333 0.310000
48 67.712667 0.506667 0.234667 0.400000
265 67.893667 0.510000 0.147333 0.573333
260 68.023667 0.488333 0.128667 0.343333
513 68.141333 0.493333 0.121333 0.386667
505 68.229667 0.510000 0.071333 0.293333
184 68.314000 0.498333 0.116000 0.583333
511 68.413000 0.500000 0.095333 0.306667
319 68.494333 0.496667 0.084667 0.320000
249 68.562333 0.506667 0.071333 0.446667
717 68.674333 0.501667 0.172667 0.863333
784 68.784667 0.493333 0.061333 0.500000
1001 68.826000 0.510000 0.038667 0.286667
979 68.855667 0.493333 0.038000 0.306667
173 68.921667 0.496667 0.108667 0.493333
338 69.023667 0.500000 0.115333 0.600000
295 69.119667 0.510000 0.094000 0.400000
669 69.222000 0.510000 0.130667 0.446667
537 69.384667 0.493333 0.210667 1.053333
293 69.532000 0.488333 0.100000 0.383333
848 69.640000 0.505000 0.130667 0.396667
215 69.752667 0.488333 0.112000 0.510000
917 69.819000 0.505000 0.036667 0.263333
543 69.908667 0.488333 0.156000 0.490000
380 70.038667 0.508333 0.121333 0.363333
508 70.128333 0.505000 0.076667 0.403333
411 70.266000 0.490000 0.218667 0.446667
579 70.441667 0.498333 0.150000 0.416667
314 70.566000 0.506667 0.116000 0.406667
301 70.648000 0.501667 0.066667 0.376667
446 70.706667 0.510000 0.070667 0.366667
476 70.763333 0.498333 0.056000 0.330000
819 70.851000 0.510000 0.135333 0.480000
90 70.991667 0.495000 0.166000 0.363333
346 71.130667 0.493333 0.130667 0.406667
930 71.210667 0.495000 0.046667 0.336667
450 71.261667 0.496667 0.070000 0.373333
434 71.353000 0.510000 0.128667 0.440000
628 71.487000 0.488333 0.155333 0.776667
96 71.656667 0.510000 0.200000 1.000000
788 71.819000 0.508333 0.142000 0.390000
793 71.926000 0.510000 0.085333 0.353333
68 72.013333 0.505000 0.102667 0.296667
620 72.155000 0.491667 0.195333 0.976667
74 72.327000 0.491667 0.163333 0.510000
430 72.460667 0.506667 0.118667 0.506667
83 72.546333 0.498333 0.067333 0.323333
144 72.621000 0.498333 0.098000 0.463333
959 72.677000 0.501667 0.028667 0.243333
710 72.783333 0.505000 0.202667 0.503333
636 72.926667 0.493333 0.104000 0.260000
431 73.018333 0.496667 0.092667 0.340000
676 73.101333 0.488333 0.093333 0.330000
686 73.186333 0.505000 0.091333 0.450000
1020 73.243667 0.493333 0.038000 0.280000
121 73.265000 0.491667 0.023333 0.416667
753 73.325000 0.510000 0.114000 0.366667
987 73.393667 0.506667 0.039333 0.320000
614 73.489667 0.498333 0.167333 0.456667
854 73.641000 0.488333 0.154000 0.510000
465 73.739667 0.498333 0.058000 0.343333
42 73.798667 0.488333 0.076000 0.430000
728 73.864667 0.498333 0.069333 0.603333
923 73.908667 0.488333 0.036000 0.296667
123 73.970333 0.495000 0.100667 0.650000
593 74.084667 0.496667 0.146667 0.460000
889 74.227000 0.500000 0.156667 0.586667
809 74.357333 0.510000 0.124000 0.680000
69 74.465333 0.493333 0.109333 0.580000
399 74.563667 0.503333 0.106000 0.360000
133 74.662667 0.488333 0.112000 0.376667
836 74.760333 0.506667 0.098000 0.406667
109 74.910000 0.510000 0.220000 0.466667
247 75.055000 0.506667 0.088667 0.366667
152 75.130667 0.495000 0.081333 0.396667
435 75.188333 0.500000 0.047333 0.226667
552 75.234667 0.493333 0.060000 0.400000
18 75.315333 0.493333 0.117333 0.433333
75 75.442667 0.490000 0.150667 0.466667
70 75.581333 0.500000 0.141333 0.493333
456 75.680667 0.498333 0.076000 0.390000
382 75.778667 0.508333 0.138667 0.396667
375 75.916333 0.510000 0.156667 0.433333
224 76.030667 0.503333 0.086667 0.406667
290 76.130000 0.500000 0.129333 0.340000
638 76.244667 0.496667 0.114667 0.446667
571 76.341333 0.488333 0.092000 0.376667
988 76.395000 0.501667 0.034000 0.263333
551 76.466667 0.500000 0.125333 0.400000
84 76.581667 0.490000 0.124667 0.346667
463 76.675667 0.488333 0.080667 0.423333
523 76.771000 0.495000 0.123333 0.410000
984 76.842333 0.503333 0.039333 0.286667
662 76.921667 0.495000 0.132667 0.430000
904 77.020333 0.510000 0.082000 0.386667
135 77.101333 0.505000 0.100000 0.343333
707 77.196000 0.505000 0.102667 0.423333
134 77.300000 0.496667 0.118667 0.486667
250 77.413667 0.490000 0.127333 0.620000
268 77.552333 0.508333 0.166000 0.543333
364 77.706000 0.503333 0.158667 0.793333
999 77.793667 0.500000 0.036667 0.313333
924 77.823333 0.508333 0.037333 0.290000
751 77.897000 0.510000 0.123333 0.500000
912 78.000667 0.496667 0.097333 0.380000
895 78.114667 0.496667 0.149333 0.446667
391 78.289333 0.490000 0.213333 1.066667
659 78.437000 0.498333 0.096667 0.396667
518 78.522333 0.496667 0.092667 0.293333
432 78.637333 0.503333 0.150667 0.313333
278 78.761000 0.490000 0.115333 0.346667
138 78.842667 0.506667 0.062667 0.360000
647 78.903667 0.500000 0.079333 0.413333
776 79.010667 0.506667 0.149333 0.360000
519 79.129667 0.488333 0.102000 0.336667
311 79.217333 0.506667 0.089333 0.400000
427 79.313333 0.506667 0.116000 0.573333
625 79.444000 0.503333 0.158667 0.793333
294 79.598333 0.498333 0.166000 0.830000
1017 79.690667 0.505000 0.038667 0.276667
635 79.745667 0.495000 0.086000 0.396667
555 79.795000 0.495000 0.030000 0.290000
713 79.874667 0.501667 0.149333 0.396667
160 79.978667 0.500000 0.074667 0.420000
723 80.054333 0.506667 0.095333 0.326667
711 80.208000 0.500000 0.230667 1.153333
111 80.360000 0.490000 0.088000 0.413333
230 80.447667 0.493333 0.107333 0.420000
671 80.556000 0.506667 0.125333 0.413333
10 80.660333 0.493333 0.100667 0.340000
693 80.744667 0.488333 0.082667 0.403333
665 80.822333 0.491667 0.087333 0.323333
640 80.898000 0.493333 0.084000 0.426667
840 80.980000 0.488333 0.100000 0.456667
81 81.066333 0.488333 0.092667 0.370000
814 81.159333 0.506667 0.110667 0.273333
143 81.244333 0.500000 0.072667 0.353333
561 81.349667 0.510000 0.155333 0.420000
538 81.514000 0.503333 0.193333 0.440000
439 81.660000 0.506667 0.113333 0.460000
778 81.749667 0.491667 0.080667 0.510000
103 81.868333 0.490000 0.175333 0.373333
5 81.995000 0.493333 0.094000 0.420000
204 82.084000 0.501667 0.097333 0.490000
851 82.186000 0.498333 0.121333 0.503333
1015 82.256333 0.496667 0.034000 0.286667
995 82.284667 0.498333 0.038667 0.316667
509 82.354667 0.490000 0.114667 0.360000
117 82.470333 0.506667 0.134000 0.400000
227 82.588667 0.506667 0.120000 0.486667
564 82.707333 0.495000 0.134667 0.296667
961 82.784333 0.506667 0.038000 0.293333
645 82.833667 0.503333 0.080667 0.373333
533 82.933000 0.490000 0.136667 0.466667
641 83.027333 0.495000 0.065333 0.296667
385 83.123000 0.508333 0.139333 0.436667
263 83.254000 0.505000 0.137333 0.436667
100 83.423333 0.506667 0.216000 1.080000
869 83.550000 0.501667 0.053333 0.336667
473 83.600333 0.496667 0.067333 0.340000
64 83.657333 0.498333 0.061333 0.316667
180 83.744333 0.498333 0.126000 0.443333
712 83.911333 0.506667 0.226667 1.133333
461 84.054000 0.490000 0.074667 0.373333
624 84.159000 0.506667 0.148667 0.500000
267 84.315000 0.501667 0.180667 0.903333
852 84.450667 0.495000 0.105333 0.443333
178 84.545667 0.501667 0.100667 0.383333
424 84.651000 0.501667 0.126000 0.403333
918 84.766667 0.503333 0.118667 0.453333
750 84.871667 0.490000 0.110000 0.413333
383 84.993333 0.501667 0.146667 0.403333
179 85.121333 0.493333 0.125333 0.446667
308 85.213333 0.506667 0.077333 0.433333
729 85.255000 0.493333 0.023333 0.333333
660 85.321667 0.498333 0.126000 0.443333
885 85.419667 0.488333 0.087333 0.410000
192 85.506667 0.498333 0.106667 0.536667
466 85.588000 0.490000 0.069333 0.353333
856 85.704333 0.500000 0.178000 0.440000
299 85.831667 0.508333 0.094000 0.363333
621 85.900000 0.510000 0.056000 0.586667
598 85.986333 0.505000 0.132667 0.390000
312 86.109000 0.501667 0.126000 0.463333
529 86.210333 0.496667 0.096667 0.386667
29 86.309667 0.490000 0.119333 0.320000
864 86.419333 0.490000 0.118667 0.466667
762 86.508333 0.490000 0.076667 0.326667
541 86.625333 0.510000 0.170667 0.360000
603 86.796667 0.508333 0.189333 0.423333
544 86.922667 0.505000 0.078667 0.296667
825 87.003333 0.510000 0.102667 0.460000
222 87.088000 0.506667 0.085333 0.393333
269 87.188333 0.496667 0.135333 0.413333
563 87.339000 0.498333 0.183333 0.403333
845 87.483333 0.496667 0.122667 0.506667
207 87.644000 0.493333 0.213333 1.066667
38 87.791333 0.496667 0.097333 0.373333
304 87.866333 0.498333 0.070000 0.390000
932 87.909667 0.510000 0.035333 0.280000
107 88.000333 0.501667 0.166000 0.830000
343 88.128000 0.510000 0.106667 0.293333
11 88.225667 0.508333 0.103333 0.356667
765 88.314000 0.508333 0.093333 0.470000
822 88.414333 0.508333 0.127333 0.396667
953 88.486333 0.495000 0.036667 0.296667
589 88.552333 0.495000 0.110000 0.443333
169 88.661000 0.496667 0.126000 0.453333
6 88.755000 0.490000 0.080667 0.306667
867 88.845667 0.493333 0.119333 0.406667
30 88.978667 0.501667 0.160000 0.476667
971 89.074333 0.490000 0.050000 0.366667
366 89.162000 0.488333 0.138667 0.416667
217 89.287333 0.498333 0.126667 0.516667
559 89.386333 0.496667 0.087333 0.426667
720 89.518333 0.500000 0.196667 0.600000
569 89.659333 0.510000 0.098667 0.393333
353 89.763000 0.490000 0.123333 0.353333
792 89.862000 0.505000 0.093333 0.383333
872 89.995000 0.488333 0.186000 0.930000
387 90.137333 0.496667 0.112000 0.340000
322 90.223333 0.506667 0.078667 0.106667
588 90.297667 0.501667 0.088667 0.383333
140 90.402667 0.505000 0.134667 0.716667
812 90.525000 0.493333 0.124667 0.353333
124 90.618000 0.500000 0.081333 0.326667
125 90.703000 0.493333 0.106000 0.453333
323 90.861000 0.495000 0.223333 1.116667
969 90.983667 0.495000 0.042000 0.350000
887 91.049667 0.505000 0.110000 0.336667
535 91.172000 0.493333 0.154667 0.773333
520 91.287000 0.503333 0.095333 0.313333
281 91.391000 0.498333 0.126000 0.436667
846 91.490667 0.493333 0.090667 0.440000
913 91.586667 0.501667 0.114667 0.343333
149 91.708000 0.510000 0.145333 0.386667
973 91.794333 0.490000 0.046000 0.340000
384 91.892667 0.490000 0.165333 0.493333
99 92.076667 0.496667 0.221333 1.106667
648 92.217333 0.500000 0.073333 0.340000
525 92.307667 0.498333 0.122000 0.383333
772 92.445000 0.508333 0.166000 0.463333
464 92.546667 0.495000 0.057333 0.323333
87 92.647000 0.498333 0.160667 0.803333
996 92.738000 0.503333 0.041333 0.326667
967 92.768667 0.505000 0.040000 0.303333
978 92.799000 0.500000 0.038000 0.293333
418 92.848000 0.503333 0.077333 0.373333
769 92.948667 0.500000 0.140000 0.400000
37 93.061333 0.495000 0.100000 0.343333
329 93.193333 0.498333 0.184000 0.616667
828 93.328000 0.491667 0.102667 0.510000
946 93.386000 0.506667 0.033333 0.253333
587 93.465000 0.488333 0.140667 0.436667
870 93.557000 0.493333 0.063333 0.313333
248 93.630667 0.493333 0.098667 0.526667
1005 93.693000 0.508333 0.043333 0.336667
938 93.731333 0.490000 0.050667 0.366667
43 93.792667 0.508333 0.086667 0.343333
241 93.870667 0.503333 0.085333 0.473333
168 93.972667 0.500000 0.132000 0.466667
55 94.081667 0.503333 0.099333 0.273333
33 94.180333 0.498333 0.111333 0.363333
546 94.279333 0.506667 0.101333 0.406667
333 94.401667 0.510000 0.156667 0.420000
13 94.521000 0.505000 0.096667 0.310000
141 94.608000 0.503333 0.097333 0.420000
698 94.674000 0.498333 0.052000 0.270000
1009 94.709333 0.505000 0.036000 0.263333
837 94.762000 0.498333 0.089333 0.443333
637 94.832333 0.498333 0.068667 0.350000
275 94.891667 0.508333 0.063333 0.376667
101 95.022667 0.495000 0.216000 0.456667
79 95.229000 0.506667 0.212667 0.433333
266 95.395667 0.491667 0.134000 0.430000
62 95.502333 0.506667 0.096667 0.446667
940 95.562667 0.510000 0.040000 0.313333
186 95.629667 0.508333 0.112667 0.550000
153 95.715000 0.503333 0.075333 0.346667
741 95.792667 0.490000 0.100000 0.353333
327 95.890000 0.510000 0.109333 0.333333
968 95.952667 0.500000 0.034667 0.253333
888 96.061333 0.493333 0.197333 0.986667
475 96.192333 0.496667 0.078000 0.400000
639 96.262667 0.490000 0.080000 0.400000
318 96.345333 0.488333 0.102667 0.416667
242 96.444667 0.498333 0.110667 0.430000
958 96.515000 0.496667 0.046000 0.346667
970 96.555667 0.491667 0.048667 0.350000
52 96.623333 0.501667 0.105333 0.390000
388 96.746333 0.491667 0.156667 0.783333
613 96.907667 0.490000 0.179333 0.480000
748 97.045333 0.501667 0.109333 0.376667
789 97.119333 0.493333 0.058667 0.360000
882 97.190667 0.498333 0.101333 0.396667
495 97.274333 0.510000 0.079333 0.380000
181 97.417333 0.490000 0.225333 1.126667
352 97.579000 0.491667 0.112667 0.310000
400 97.653667 0.501667 0.055333 0.516667
359 97.736333 0.508333 0.128667 0.350000
183 97.848333 0.503333 0.112667 0.466667
2 97.939000 0.498333 0.087333 0.443333
347 98.080667 0.490000 0.212000 1.060000
285 98.248667 0.488333 0.144000 0.523333
92 98.415667 0.495000 0.208667 1.043333
369 98.579667 0.498333 0.136667 0.390000
956 98.662333 0.510000 0.044667 0.366667
309 98.712000 0.501667 0.070667 0.396667
786 98.773667 0.503333 0.071333 0.446667
145 98.845333 0.495000 0.085333 0.370000
328 98.960667 0.505000 0.161333 0.396667
211 99.076333 0.505000 0.083333 0.416667
221 99.208333 0.501667 0.198000 0.990000
957 99.321667 0.501667 0.043333 0.316667
531 99.444333 0.495000 0.218000 0.516667
417 99.588667 0.503333 0.088000 0.426667
146 99.665667 0.500000 0.084667 0.366667
626 99.784667 0.506667 0.173333 0.866667
960 99.888333 0.493333 0.050000 0.360000
813 99.956667 0.506667 0.102667 0.293333
975 100.019000 0.491667 0.039333 0.310000
273 100.053333 0.493333 0.045333 0.306667
548 100.147333 0.508333 0.160000 0.496667
797 100.264333 0.510000 0.092667 0.366667
950 100.327667 0.505000 0.051333 0.376667
562 100.415000 0.493333 0.136667 0.286667
990 100.496000 0.493333 0.041333 0.306667
94 100.623000 0.495000 0.226000 0.490000
730 100.793333 0.506667 0.132000 0.480000
408 100.897000 0.506667 0.095333 0.366667
436 100.985000 0.503333 0.100667 0.293333
91 101.110000 0.506667 0.165333 0.826667
617 101.227333 0.505000 0.088000 0.343333
536 101.339667 0.498333 0.152667 0.610000
128 101.494667 0.508333 0.177333 0.510000
1006 101.594667 0.506667 0.040000 0.293333
51 101.659000 0.491667 0.106000 0.356667
254 101.780000 0.505000 0.156000 0.603333
672 101.907667 0.501667 0.114000 0.376667
63 102.005333 0.506667 0.098667 0.360000
649 102.090000 0.498333 0.089333 0.483333
903 102.197000 0.491667 0.142000 0.396667
688 102.298667 0.506667 0.080000 0.393333
486 102.363667 0.500000 0.068667 0.360000
622 102.463667 0.491667 0.144667 0.503333
216 102.585667 0.493333 0.114000 0.540000
148 102.708667 0.503333 0.149333 0.413333
783 102.829667 0.495000 0.106000 0.590000
46 102.906667 0.508333 0.061333 0.503333
175 103.008667 0.503333 0.162667 0.813333
1007 103.103333 0.501667 0.042667 0.330000
88 103.227333 0.501667 0.224000 0.483333
232 103.387667 0.488333 0.111333 0.470000
935 103.459000 0.506667 0.048667 0.360000
163 103.533333 0.506667 0.114667 0.420000
891 103.608333 0.501667 0.052667 0.276667
93 103.738333 0.495000 0.220667 0.463333
244 103.907667 0.488333 0.134000 0.363333
