76 0.061000 0.498333 0.115333 0.356667
546 0.152000 0.510000 0.085333 0.346667
179 0.238333 0.503333 0.100667 0.373333
490 0.313000 0.491667 0.066000 0.336667
581 0.375667 0.495000 0.079333 0.383333
11 0.458333 0.496667 0.103333 0.366667
378 0.560667 0.506667 0.114667 0.320000
545 0.665333 0.510000 0.110667 0.400000
747 0.758667 0.503333 0.090667 0.386667
718 0.887667 0.488333 0.182000 0.576667
914 1.036667 0.491667 0.130667 0.396667
220 1.136667 0.508333 0.089333 0.383333
1021 1.199333 0.510000 0.049333 0.366667
770 1.287333 0.510000 0.146667 0.433333
507 1.382667 0.488333 0.060000 0.350000
362 1.507667 0.501667 0.206000 1.030000
257 1.656667 0.491667 0.110667 0.363333
280 1.755333 0.498333 0.100000 0.336667
178 1.844333 0.498333 0.094000 0.343333
81 1.926333 0.490000 0.088667 0.353333
955 1.979333 0.503333 0.030667 0.246667
211 2.033000 0.491667 0.094000 0.390000
332 2.165667 0.501667 0.187333 0.936667
390 2.317333 0.498333 0.130667 0.396667
977 2.400333 0.503333 0.048667 0.353333
335 2.479333 0.501667 0.124000 0.416667
910 2.599000 0.500000 0.130000 0.480000
661 2.705000 0.510000 0.095333 0.333333
271 2.811000 0.495000 0.134000 0.436667
10 2.927000 0.510000 0.118000 0.380000
130 3.068333 0.488333 0.178000 0.376667
775 3.189333 0.496667 0.077333 0.373333
791 3.257000 0.490000 0.072667 0.433333
70 3.342667 0.498333 0.113333 0.403333
43 3.439333 0.488333 0.100000 0.396667
58 3.511000 0.493333 0.058000 0.260000
252 3.608667 0.496667 0.154667 0.773333
61 3.723000 0.491667 0.092667 0.476667
909 3.812000 0.496667 0.102667 0.486667
895 3.948000 0.506667 0.186667 0.933333
817 4.084667 0.506667 0.102667 0.333333
129 4.179333 0.496667 0.105333 0.400000
776 4.303000 0.505000 0.159333 0.430000
693 4.420000 0.496667 0.088000 0.433333
846 4.502000 0.501667 0.090667 0.396667
927 4.560667 0.496667 0.042667 0.326667
461 4.608333 0.510000 0.066000 0.340000
1005 4.653000 0.506667 0.036667 0.286667
569 4.709333 0.500000 0.090667 0.353333
916 4.827000 0.491667 0.163333 0.363333
869 4.929667 0.496667 0.060667 0.373333
502 4.998000 0.503333 0.092000 0.446667
821 5.149333 0.490000 0.229333 1.146667
678 5.311333 0.505000 0.114667 0.370000
701 5.437000 0.498333 0.155333 0.496667
429 5.558667 0.490000 0.105333 0.360000
312 5.659333 0.491667 0.110667 0.403333
480 5.735667 0.506667 0.059333 0.313333
410 5.807333 0.493333 0.098667 0.453333
137 5.882667 0.498333 0.070667 0.343333
155 5.963000 0.500000 0.107333 0.526667
576 6.049000 0.505000 0.083333 0.330000
483 6.123333 0.505000 0.085333 0.430000
136 6.220667 0.503333 0.122667 0.426667
4 6.320333 0.498333 0.091333 0.370000
902 6.459333 0.510000 0.200000 1.000000
579 6.637000 0.493333 0.172667 0.446667
72 6.815667 0.508333 0.204667 1.023333
169 6.965333 0.500000 0.109333 0.413333
237 7.052333 0.506667 0.083333 0.540000
547 7.118333 0.503333 0.063333 0.373333
538 7.241333 0.496667 0.202667 0.466667
960 7.356000 0.501667 0.042667 0.310000
622 7.464667 0.493333 0.192000 0.960000
21 7.600333 0.500000 0.096667 0.353333
798 7.681000 0.505000 0.082000 0.303333
947 7.737667 0.505000 0.044667 0.363333
597 7.808667 0.498333 0.112000 0.336667
350 7.913333 0.505000 0.114667 0.330000
125 8.016000 0.508333 0.109333 0.530000
60 8.101667 0.490000 0.076667 0.333333
379 8.225000 0.501667 0.187333 0.936667
369 8.383333 0.488333 0.146667 0.383333
674 8.498667 0.488333 0.104000 0.363333
970 8.562667 0.510000 0.040000 0.300000
272 8.658333 0.501667 0.170000 0.490000
51 8.796000 0.503333 0.120000 0.400000
423 8.901000 0.493333 0.107333 0.373333
114 8.995000 0.495000 0.094000 0.456667
229 9.090667 0.498333 0.113333 0.576667
181 9.198333 0.488333 0.122000 0.423333
946 9.271000 0.496667 0.039333 0.313333
278 9.339667 0.506667 0.118000 0.360000
881 9.445333 0.508333 0.110667 0.376667
855 9.523000 0.506667 0.062000 0.160000
917 9.573000 0.505000 0.051333 0.356667
411 9.676000 0.488333 0.172000 0.350000
929 9.771667 0.503333 0.034000 0.266667
408 9.826333 0.503333 0.092667 0.346667
212 9.929333 0.490000 0.129333 0.526667
728 10.021000 0.490000 0.068667 0.580000
475 10.086667 0.505000 0.077333 0.436667
197 10.171000 0.488333 0.110000 0.556667
428 10.262000 0.488333 0.089333 0.610000
240 10.337667 0.501667 0.075333 0.390000
108 10.471667 0.498333 0.208667 0.456667
383 10.639333 0.506667 0.142667 0.393333
1010 10.722667 0.501667 0.038667 0.316667
767 10.791667 0.495000 0.114000 0.330000
585 10.916333 0.505000 0.148667 0.430000
302 11.022000 0.506667 0.078667 0.446667
241 11.103667 0.493333 0.102000 0.546667
543 11.251000 0.501667 0.211333 1.056667
793 11.394000 0.495000 0.090667 0.363333
714 11.525667 0.496667 0.190000 0.520000
5 11.661000 0.510000 0.095333 0.440000
736 11.729333 0.488333 0.061333 0.336667
416 11.790000 0.506667 0.076000 0.360000
205 11.865667 0.495000 0.091333 0.416667
486 11.942667 0.490000 0.077333 0.393333
890 12.026333 0.498333 0.108667 0.496667
628 12.155000 0.500000 0.167333 0.560000
165 12.277333 0.500000 0.097333 0.360000
807 12.408667 0.510000 0.181333 0.906667
30 12.569333 0.498333 0.157333 0.456667
926 12.657333 0.490000 0.037333 0.306667
86 12.709333 0.505000 0.085333 0.376667
514 12.807667 0.488333 0.131333 0.443333
217 12.911667 0.508333 0.096667 0.396667
517 13.008667 0.493333 0.117333 0.366667
787 13.091000 0.495000 0.060667 0.363333
394 13.199000 0.508333 0.175333 0.876667
761 13.358667 0.490000 0.160000 0.460000
839 13.474667 0.510000 0.089333 0.440000
455 13.543667 0.510000 0.066000 0.346667
888 13.627667 0.506667 0.120667 0.373333
778 13.721000 0.500000 0.079333 0.506667
246 13.846000 0.491667 0.189333 0.650000
13 13.991333 0.496667 0.114667 0.373333
580 14.130667 0.491667 0.178667 0.456667
485 14.256000 0.493333 0.089333 0.453333
1011 14.311333 0.496667 0.037333 0.306667
172 14.375333 0.501667 0.109333 0.396667
558 14.454667 0.490000 0.066667 0.326667
697 14.575000 0.508333 0.188667 0.943333
414 14.710333 0.495000 0.102000 0.510000
931 14.772000 0.488333 0.037333 0.283333
389 14.857667 0.506667 0.154000 0.413333
267 15.006667 0.490000 0.161333 0.806667
837 15.126667 0.493333 0.097333 0.400000
418 15.208667 0.496667 0.084000 0.413333
85 15.300333 0.500000 0.112667 0.440000
920 15.389667 0.493333 0.083333 0.300000
48 15.544667 0.495000 0.241333 0.423333
900 15.737333 0.503333 0.158667 0.446667
941 15.829667 0.498333 0.040667 0.310000
892 15.933667 0.488333 0.187333 0.936667
439 16.066333 0.500000 0.098000 0.400000
858 16.161000 0.500000 0.110000 0.380000
800 16.252000 0.493333 0.085333 0.340000
233 16.350333 0.500000 0.130000 0.526667
354 16.486333 0.493333 0.162000 0.453333
208 16.653667 0.495000 0.186000 0.930000
552 16.766333 0.488333 0.056667 0.370000
445 16.822667 0.503333 0.074667 0.380000
696 16.909667 0.503333 0.115333 0.266667
879 17.031667 0.500000 0.142000 0.386667
753 17.162000 0.488333 0.132000 0.430000
442 17.251333 0.506667 0.064000 0.380000
499 17.307000 0.503333 0.063333 0.380000
641 17.375000 0.491667 0.087333 0.410000
782 17.463000 0.493333 0.106000 0.493333
541 17.590333 0.488333 0.163333 0.350000
870 17.698333 0.500000 0.072667 0.333333
933 17.749667 0.495000 0.044667 0.343333
590 17.828667 0.488333 0.129333 0.430000
829 17.929000 0.508333 0.088667 0.363333
615 18.078000 0.493333 0.224000 1.120000
832 18.237667 0.503333 0.111333 0.520000
59 18.352667 0.508333 0.138667 0.350000
151 18.451333 0.491667 0.076000 0.376667
849 18.527333 0.493333 0.092000 0.400000
932 18.590667 0.506667 0.048000 0.366667
163 18.652333 0.505000 0.088667 0.343333
820 18.736667 0.496667 0.094667 0.393333
720 18.848333 0.498333 0.148667 0.416667
786 18.954333 0.498333 0.076667 0.470000
559 19.021667 0.490000 0.074000 0.360000
368 19.108000 0.498333 0.117333 0.363333
730 19.224000 0.510000 0.132000 0.473333
669 19.331333 0.493333 0.101333 0.360000
391 19.454333 0.490000 0.158000 0.426667
380 19.618000 0.490000 0.184000 0.920000
578 19.743000 0.495000 0.082000 0.316667
399 19.830000 0.498333 0.110667 0.376667
54 19.911667 0.503333 0.071333 0.373333
226 19.981667 0.508333 0.086000 0.430000
840 20.060000 0.498333 0.085333 0.370000
919 20.139333 0.500000 0.086667 0.400000
556 20.220667 0.510000 0.089333 0.360000
656 20.317667 0.496667 0.124667 0.300000
743 20.423667 0.495000 0.100667 0.430000
554 20.523667 0.510000 0.114000 0.313333
642 20.615667 0.490000 0.087333 0.353333
860 20.762333 0.491667 0.220667 1.103333
945 20.880667 0.493333 0.036000 0.293333
413 20.962000 0.500000 0.144000 0.613333
466 21.068000 0.488333 0.086667 0.443333
495 21.146667 0.500000 0.089333 0.480000
647 21.214000 0.488333 0.065333 0.336667
716 21.352333 0.508333 0.231333 1.156667
506 21.475000 0.505000 0.034000 0.390000
301 21.523667 0.500000 0.079333 0.453333
253 21.586667 0.491667 0.064000 0.550000
1023 21.636000 0.505000 0.048000 0.370000
149 21.722333 0.490000 0.144667 0.373333
327 21.842333 0.505000 0.110000 0.316667
37 21.941667 0.500000 0.106000 0.340000
417 22.034667 0.501667 0.097333 0.470000
83 22.116000 0.490000 0.082667 0.400000
703 22.201667 0.495000 0.107333 0.383333
992 22.267667 0.505000 0.042000 0.303333
682 22.320333 0.493333 0.083333 0.333333
732 22.390333 0.493333 0.072667 0.373333
347 22.484333 0.501667 0.132667 0.390000
599 22.593000 0.505000 0.104667 0.316667
713 22.731333 0.496667 0.186667 0.933333
876 22.917333 0.493333 0.202667 1.013333
664 23.065000 0.500000 0.110000 0.406667
402 23.194000 0.495000 0.168000 0.516667
652 23.334333 0.498333 0.131333 0.436667
510 23.444000 0.508333 0.108000 0.363333
698 23.527667 0.490000 0.074000 0.380000
363 23.639333 0.503333 0.168000 0.840000
649 23.755333 0.496667 0.081333 0.460000
609 23.821333 0.505000 0.069333 0.290000
844 23.893667 0.503333 0.092667 0.440000
195 23.984333 0.493333 0.102000 0.413333
885 24.066667 0.506667 0.082667 0.360000
795 24.135333 0.500000 0.074667 0.453333
645 24.207333 0.505000 0.086667 0.390000
198 24.335667 0.501667 0.188667 0.943333
221 24.471333 0.495000 0.096000 0.396667
988 24.527667 0.490000 0.034000 0.280000
898 24.648333 0.488333 0.226000 1.130000
269 24.838667 0.498333 0.170667 0.516667
639 24.949000 0.491667 0.063333 0.316667
862 25.016333 0.491667 0.087333 0.423333
319 25.100333 0.490000 0.100667 0.366667
655 25.188667 0.505000 0.092000 0.370000
265 25.296000 0.508333 0.137333 0.530000
166 25.419333 0.493333 0.126667 0.480000
458 25.506000 0.488333 0.065333 0.396667
31 25.601000 0.510000 0.139333 0.400000
103 25.761000 0.506667 0.195333 0.426667
901 25.928667 0.500000 0.160000 0.486667
450 26.038333 0.491667 0.076667 0.416667
584 26.134000 0.496667 0.130667 0.380000
544 26.242333 0.488333 0.100667 0.363333
157 26.371667 0.495000 0.171333 0.696667
723 26.498333 0.488333 0.102000 0.350000
501 26.574333 0.501667 0.067333 0.303333
606 26.654667 0.503333 0.106667 0.326667
297 26.739000 0.493333 0.078000 0.400000
167 26.818000 0.491667 0.094667 0.336667
19 26.903333 0.496667 0.094667 0.320000
75 27.016667 0.506667 0.152000 0.466667
653 27.161000 0.493333 0.155333 0.506667
1012 27.248333 0.495000 0.036667 0.310000
983 27.278667 0.498333 0.044000 0.323333
40 27.339333 0.506667 0.092000 0.293333
371 27.443667 0.498333 0.130000 0.350000
923 27.521667 0.505000 0.039333 0.290000
542 27.602667 0.510000 0.140000 0.566667
26 27.735667 0.506667 0.146000 0.493333
797 27.842000 0.500000 0.084000 0.320000
164 27.922333 0.490000 0.092667 0.353333
887 28.026667 0.510000 0.136000 0.426667
521 28.149333 0.491667 0.128000 0.363333
329 28.311667 0.501667 0.210000 0.683333
498 28.441667 0.500000 0.068667 0.413333
435 28.497000 0.503333 0.058000 0.266667
595 28.587333 0.508333 0.138667 0.416667
355 28.705667 0.510000 0.118000 0.313333
147 28.798667 0.503333 0.082667 0.346667
588 28.889333 0.496667 0.114667 0.493333
23 29.020333 0.496667 0.160667 0.460000
810 29.159667 0.491667 0.134000 0.556667
339 29.261667 0.501667 0.088667 0.476667
864 29.348667 0.495000 0.104000 0.410000
784 29.422333 0.493333 0.063333 0.526667
100 29.541333 0.496667 0.192000 0.960000
896 29.699000 0.491667 0.140667 0.383333
853 29.825000 0.503333 0.127333 0.526667
131 29.928000 0.488333 0.097333 0.376667
262 30.073333 0.500000 0.213333 1.066667
474 30.204000 0.503333 0.061333 0.366667
1009 30.244000 0.503333 0.036000 0.266667
1004 30.272667 0.495000 0.041333 0.330000
708 30.336000 0.500000 0.105333 0.493333
94 30.463333 0.490000 0.164000 0.820000
448 30.573000 0.506667 0.070000 0.360000
745 30.648333 0.500000 0.094000 0.353333
843 30.729333 0.493333 0.082667 0.353333
177 30.821000 0.490000 0.119333 0.460000
308 30.909333 0.493333 0.073333 0.420000
361 31.039667 0.508333 0.206000 1.030000
295 31.184000 0.488333 0.096000 0.403333
223 31.281000 0.508333 0.111333 0.530000
352 31.395333 0.493333 0.132000 0.373333
152 31.488333 0.493333 0.067333 0.313333
636 31.569000 0.500000 0.111333 0.253333
365 31.683667 0.493333 0.135333 0.400000
571 31.781000 0.488333 0.079333 0.343333
1013 31.832333 0.501667 0.040667 0.316667
385 31.900667 0.508333 0.114667 0.316667
665 32.011333 0.503333 0.125333 0.406667
617 32.110000 0.498333 0.089333 0.356667
462 32.184000 0.498333 0.072000 0.383333
993 32.236000 0.500000 0.045333 0.333333
377 32.357333 0.510000 0.216000 1.080000
263 32.565000 0.491667 0.215333 1.076667
342 32.697333 0.491667 0.065333 0.290000
153 32.766000 0.501667 0.092000 0.423333
127 32.889000 0.501667 0.171333 0.856667
405 33.023333 0.500000 0.110667 0.433333
762 33.105000 0.501667 0.071333 0.296667
935 33.151000 0.505000 0.039333 0.310000
366 33.214000 0.498333 0.105333 0.323333
88 33.364667 0.500000 0.214667 0.460000
79 33.552000 0.500000 0.176000 0.880000
894 33.694333 0.505000 0.123333 0.350000
256 33.790333 0.488333 0.087333 0.310000
224 33.871000 0.501667 0.091333 0.416667
974 33.930333 0.496667 0.046000 0.333333
206 34.006667 0.496667 0.126667 0.506667
553 34.127000 0.488333 0.132667 0.450000
346 34.266667 0.506667 0.160000 0.460000
433 34.405667 0.503333 0.135333 0.280000
772 34.544333 0.501667 0.156667 0.783333
877 34.652000 0.488333 0.072000 0.370000
731 34.715333 0.490000 0.068000 0.333333
835 34.791333 0.501667 0.104000 0.470000
805 34.919000 0.505000 0.164667 0.470000
176 35.059333 0.510000 0.130667 0.480000
478 35.149000 0.488333 0.063333 0.376667
282 35.237667 0.505000 0.130000 0.456667
978 35.315667 0.495000 0.042000 0.323333
203 35.381667 0.493333 0.110000 0.540000
373 35.505333 0.500000 0.150667 0.406667
353 35.644333 0.503333 0.147333 0.426667
673 35.762000 0.500000 0.105333 0.346667
449 35.849000 0.495000 0.086000 0.443333
781 35.926667 0.495000 0.082667 0.430000
982 35.982333 0.495000 0.042000 0.356667
304 36.032667 0.488333 0.072000 0.403333
437 36.100333 0.498333 0.080667 0.396667
87 36.212333 0.491667 0.156667 0.783333
254 36.344333 0.490000 0.127333 0.486667
856 36.487000 0.506667 0.172667 0.433333
493 36.602333 0.498333 0.074000 0.376667
259 36.720667 0.496667 0.180000 0.900000
12 36.858000 0.501667 0.109333 0.363333
540 37.019000 0.508333 0.231333 1.156667
626 37.221667 0.491667 0.191333 0.630000
616 37.397333 0.501667 0.174667 0.476667
326 37.520333 0.495000 0.088667 0.403333
539 37.593000 0.501667 0.072667 0.336667
296 37.670333 0.498333 0.102000 0.383333
702 37.788667 0.510000 0.150667 0.466667
963 37.869333 0.493333 0.030667 0.253333
97 37.966333 0.501667 0.180667 0.383333
600 38.108000 0.505000 0.116000 0.350000
118 38.211667 0.490000 0.106000 0.420000
8 38.318000 0.503333 0.122667 0.486667
39 38.437667 0.503333 0.135333 0.453333
749 38.557667 0.493333 0.122000 0.493333
555 38.626333 0.491667 0.032667 0.323333
47 38.695333 0.506667 0.122667 0.580000
586 38.835000 0.491667 0.176667 0.883333
827 38.973667 0.510000 0.114000 0.506667
92 39.135667 0.491667 0.228667 0.490000
936 39.265333 0.505000 0.048000 0.363333
828 39.327333 0.495000 0.090667 0.376667
921 39.399667 0.490000 0.071333 0.426667
57 39.454333 0.506667 0.051333 0.200000
964 39.489333 0.506667 0.032000 0.246667
949 39.512667 0.496667 0.034667 0.266667
376 39.596667 0.510000 0.148000 0.453333
216 39.731667 0.508333 0.135333 0.543333
822 39.844667 0.501667 0.108000 0.363333
563 39.963667 0.508333 0.144667 0.296667
65 40.075667 0.493333 0.098000 0.246667
101 40.223667 0.496667 0.212667 0.446667
746 40.396000 0.498333 0.146667 0.523333
562 40.536000 0.510000 0.153333 0.320000
264 40.676667 0.498333 0.145333 0.556667
360 40.817333 0.498333 0.149333 0.430000
560 40.992667 0.493333 0.218667 1.093333
456 41.123667 0.496667 0.058000 0.306667
1020 41.162333 0.491667 0.034000 0.276667
82 41.204667 0.493333 0.068000 0.460000
969 41.251000 0.496667 0.043333 0.320000
276 41.297000 0.493333 0.068667 0.400000
957 41.342000 0.491667 0.034667 0.256667
1001 41.371333 0.493333 0.037333 0.280000
629 41.466667 0.493333 0.169333 0.566667
572 41.598000 0.495000 0.106667 0.450000
535 41.747000 0.490000 0.208667 0.473333
874 41.894667 0.501667 0.102667 0.463333
239 41.997333 0.505000 0.122667 0.763333
512 42.102000 0.488333 0.102667 0.323333
630 42.258667 0.506667 0.226667 1.133333
875 42.440000 0.496667 0.150667 0.406667
370 42.591667 0.488333 0.171333 0.856667
830 42.711000 0.493333 0.086000 0.373333
325 42.823333 0.503333 0.158667 0.573333
515 42.953333 0.508333 0.117333 0.376667
768 43.036333 0.498333 0.064667 0.156667
596 43.118333 0.500000 0.118000 0.366667
222 43.225000 0.508333 0.114000 0.576667
187 43.315000 0.508333 0.086000 0.363333
56 43.383333 0.498333 0.064000 0.090000
140 43.455667 0.506667 0.095333 0.513333
526 43.557667 0.493333 0.123333 0.333333
939 43.630000 0.493333 0.041333 0.326667
182 43.709333 0.506667 0.132000 0.480000
497 43.836000 0.498333 0.140000 0.363333
93 43.982333 0.490000 0.170000 0.360000
320 44.114333 0.498333 0.112667 0.396667
190 44.208667 0.488333 0.094667 0.383333
209 44.299667 0.508333 0.107333 0.463333
285 44.401000 0.506667 0.115333 0.406667
724 44.489333 0.508333 0.081333 0.443333
537 44.617667 0.501667 0.188667 0.943333
161 44.770667 0.505000 0.136000 0.483333
994 44.850333 0.495000 0.036667 0.303333
160 44.892000 0.500000 0.065333 0.400000
1008 44.936000 0.500000 0.037333 0.293333
675 44.996667 0.495000 0.098667 0.336667
90 45.137000 0.498333 0.198000 0.990000
432 45.293667 0.510000 0.128667 0.273333
444 45.381000 0.495000 0.062000 0.330000
953 45.424000 0.508333 0.037333 0.283333
605 45.517667 0.491667 0.163333 0.456667
503 45.687667 0.488333 0.190000 0.950000
287 45.822000 0.490000 0.092000 0.346667
681 45.879333 0.506667 0.037333 0.320000
842 45.950333 0.500000 0.119333 0.533333
261 46.066333 0.490000 0.128667 0.626667
244 46.197333 0.500000 0.152000 0.400000
648 46.297667 0.498333 0.067333 0.303333
565 46.414000 0.491667 0.185333 0.403333
589 46.548333 0.495000 0.102000 0.430000
756 46.662000 0.498333 0.141333 0.416667
311 46.774667 0.493333 0.101333 0.440000
134 46.859000 0.495000 0.087333 0.383333
536 46.993000 0.488333 0.200667 1.003333
915 47.119000 0.508333 0.070000 0.563333
825 47.205000 0.496667 0.119333 0.580000
707 47.309333 0.500000 0.102667 0.446667
80 47.390667 0.500000 0.078667 0.400000
603 47.509333 0.491667 0.173333 0.363333
937 47.605333 0.498333 0.034667 0.290000
883 47.696667 0.493333 0.161333 0.806667
71 47.809333 0.498333 0.078667 0.423333
968 47.859000 0.493333 0.035333 0.280000
348 47.924667 0.488333 0.113333 0.323333
632 48.080000 0.510000 0.213333 1.066667
878 48.223333 0.488333 0.088000 0.450000
331 48.385333 0.491667 0.254667 0.603333
679 48.536667 0.490000 0.065333 0.393333
22 48.624667 0.505000 0.128000 0.430000
484 48.719667 0.490000 0.082000 0.346667
436 48.814333 0.510000 0.126000 0.346667
298 48.904333 0.508333 0.074000 0.370000
482 48.963333 0.498333 0.061333 0.350000
98 49.070667 0.506667 0.169333 0.360000
738 49.198667 0.503333 0.102667 0.473333
0 49.263667 0.488333 0.047333 0.370000
193 49.318667 0.491667 0.078667 0.396667
465 49.388667 0.510000 0.081333 0.433333
987 49.440000 0.496667 0.041333 0.313333
231 49.519667 0.491667 0.132667 0.543333
141 49.621333 0.498333 0.085333 0.390000
748 49.705333 0.505000 0.100000 0.343333
567 49.808333 0.488333 0.120667 0.496667
111 49.903000 0.508333 0.087333 0.396667
218 49.987000 0.495000 0.099333 0.396667
219 50.081667 0.503333 0.103333 0.420000
420 50.181333 0.506667 0.110667 0.426667
524 50.285000 0.510000 0.114000 0.360000
3 50.372333 0.493333 0.079333 0.326667
763 50.437000 0.510000 0.066000 0.453333
867 50.506000 0.505000 0.088000 0.303333
66 50.597333 0.508333 0.109333 0.656667
903 50.714667 0.488333 0.141333 0.383333
468 50.807667 0.500000 0.058000 0.346667
834 50.889333 0.506667 0.121333 0.520000
359 51.049333 0.496667 0.213333 1.066667
117 51.220667 0.495000 0.149333 0.476667
815 51.354667 0.510000 0.133333 0.326667
292 51.481333 0.505000 0.137333 0.556667
315 51.596667 0.498333 0.110667 0.383333
574 51.691667 0.501667 0.098000 0.396667
45 51.759333 0.488333 0.057333 0.283333
238 51.836333 0.491667 0.115333 0.443333
494 51.919000 0.496667 0.066000 0.300000
620 51.989667 0.495000 0.095333 0.410000
508 52.056667 0.505000 0.053333 0.303333
381 52.139333 0.503333 0.132000 0.380000
737 52.228667 0.498333 0.066667 0.430000
398 52.292000 0.508333 0.077333 0.396667
407 52.370667 0.488333 0.097333 0.370000
20 52.464000 0.505000 0.104000 0.343333
105 52.616667 0.490000 0.214667 1.073333
324 52.778000 0.488333 0.126667 0.623333
32 52.879667 0.508333 0.090000 0.290000
283 52.970667 0.498333 0.112000 0.396667
1 53.060000 0.498333 0.085333 0.443333
592 53.173000 0.498333 0.155333 0.470000
872 53.311000 0.500000 0.136667 0.380000
587 53.438000 0.506667 0.132000 0.420000
608 53.560000 0.495000 0.126667 0.436667
154 53.662000 0.495000 0.094667 0.436667
958 53.725667 0.495000 0.047333 0.356667
294 53.860333 0.510000 0.235333 0.426667
150 54.026333 0.490000 0.110000 0.453333
861 54.097000 0.505000 0.047333 0.376667
808 54.173333 0.491667 0.122667 0.463333
476 54.259667 0.488333 0.068667 0.370000
204 54.328000 0.493333 0.088000 0.440000
107 54.472667 0.500000 0.217333 1.086667
16 54.616333 0.508333 0.086000 0.316667
1014 54.670333 0.496667 0.038000 0.300000
658 54.715333 0.496667 0.072000 0.393333
660 54.812667 0.508333 0.136000 0.476667
392 54.935333 0.501667 0.129333 0.350000
726 55.037333 0.498333 0.088000 0.476667
469 55.109000 0.488333 0.074000 0.443333
116 55.195333 0.495000 0.112000 0.363333
470 55.275333 0.506667 0.068000 0.346667
944 55.318667 0.505000 0.038667 0.290000
396 55.394333 0.491667 0.130000 0.350000
77 55.526333 0.505000 0.147333 0.363333
459 55.617333 0.490000 0.054667 0.326667
330 55.675667 0.495000 0.082000 0.316667
132 55.757000 0.503333 0.095333 0.406667
685 55.840333 0.495000 0.087333 0.330000
826 55.938333 0.498333 0.122000 0.523333
146 56.034000 0.496667 0.088000 0.460000
307 56.104000 0.491667 0.068000 0.383333
258 56.193000 0.496667 0.126000 0.426667
913 56.303000 0.493333 0.112667 0.340000
356 56.420333 0.500000 0.136667 0.406667
643 56.521667 0.493333 0.086000 0.313333
774 56.591000 0.506667 0.066000 0.393333
666 56.663000 0.506667 0.098000 0.333333
431 56.752333 0.508333 0.094000 0.323333
148 56.897000 0.501667 0.210000 1.050000
143 57.047000 0.500000 0.103333 0.513333
513 57.139667 0.495000 0.098000 0.330000
250 57.276667 0.510000 0.192000 0.960000
158 57.446667 0.510000 0.165333 0.540000
364 57.613333 0.505000 0.185333 0.496667
303 57.731667 0.510000 0.064667 0.360000
404 57.809000 0.508333 0.104667 0.523333
806 57.965000 0.510000 0.224667 0.593333
847 58.128333 0.508333 0.122000 0.376667
96 58.269000 0.498333 0.178000 0.383333
672 58.393333 0.498333 0.089333 0.296667
191 58.479667 0.508333 0.103333 0.516667
145 58.570333 0.491667 0.096667 0.510000
979 58.629667 0.501667 0.035333 0.263333
670 58.693000 0.496667 0.106000 0.353333
337 58.835000 0.496667 0.195333 0.446667
387 58.986333 0.488333 0.122000 0.383333
794 59.073333 0.495000 0.069333 0.410000
729 59.113667 0.501667 0.031333 0.363333
310 59.161333 0.495000 0.082667 0.463333
323 59.288333 0.491667 0.191333 0.423333
548 59.451000 0.488333 0.150000 0.470000
690 59.560333 0.496667 0.088667 0.433333
650 59.677333 0.491667 0.164000 0.536667
607 59.816667 0.496667 0.130667 0.400000
871 59.906000 0.505000 0.064000 0.336667
740 59.987667 0.493333 0.112667 0.260000
406 60.091667 0.495000 0.111333 0.430000
286 60.184333 0.500000 0.094000 0.346667
33 60.270000 0.506667 0.097333 0.333333
523 60.359000 0.498333 0.098000 0.303333
122 60.449000 0.505000 0.096667 0.390000
102 60.600667 0.510000 0.224000 1.120000
819 60.779000 0.496667 0.151333 0.546667
809 60.896667 0.498333 0.098667 0.510000
1006 60.958333 0.498333 0.043333 0.356667
998 60.998667 0.491667 0.050667 0.376667
985 61.033667 0.505000 0.038000 0.310000
268 61.138000 0.506667 0.186667 0.560000
801 61.277000 0.508333 0.111333 0.410000
421 61.404333 0.508333 0.160667 0.516667
625 61.573333 0.491667 0.196000 0.650000
884 61.722000 0.498333 0.120000 0.416667
430 61.817000 0.500000 0.088667 0.380000
980 61.870000 0.498333 0.033333 0.276667
334 61.931667 0.495000 0.108667 0.383333
1003 61.999000 0.505000 0.040667 0.330000
816 62.074333 0.488333 0.127333 0.336667
255 62.204000 0.501667 0.152000 0.576667
343 62.345000 0.501667 0.148667 0.463333
1016 62.432333 0.491667 0.044667 0.350000
812 62.515333 0.491667 0.140000 0.370000
91 62.675000 0.491667 0.198000 0.990000
662 62.819000 0.505000 0.103333 0.363333
78 62.938333 0.506667 0.155333 0.380000
184 63.054000 0.508333 0.096000 0.456667
235 63.152000 0.501667 0.117333 0.536667
44 63.257667 0.498333 0.110000 0.430000
245 63.336000 0.503333 0.064000 0.273333
386 63.447333 0.503333 0.176000 0.880000
28 63.570000 0.503333 0.089333 0.286667
803 63.678667 0.506667 0.144000 0.420000
119 63.788333 0.500000 0.092667 0.540000
683 63.901000 0.505000 0.147333 0.410000
384 64.041667 0.493333 0.148667 0.406667
112 64.180000 0.498333 0.146667 0.496667
36 64.296000 0.491667 0.101333 0.336667
906 64.416000 0.490000 0.156000 0.433333
104 64.596333 0.503333 0.224667 0.480000
765 64.746333 0.500000 0.090000 0.466667
403 64.864333 0.506667 0.159333 0.440000
144 65.048000 0.503333 0.226667 1.133333
293 65.208000 0.488333 0.106667 0.410000
637 65.285667 0.488333 0.068667 0.350000
349 65.375333 0.501667 0.126667 0.356667
41 65.486000 0.503333 0.108000 0.300000
46 65.554333 0.508333 0.046000 0.430000
236 65.612667 0.501667 0.089333 0.363333
17 65.697667 0.491667 0.095333 0.323333
995 65.757333 0.490000 0.038667 0.286667
899 65.826667 0.488333 0.118667 0.363333
214 65.923333 0.501667 0.094667 0.396667
583 65.994667 0.501667 0.068000 0.403333
186 66.085000 0.510000 0.126000 0.513333
426 66.163333 0.498333 0.044000 0.296667
52 66.231667 0.495000 0.111333 0.390000
823 66.320333 0.496667 0.086000 0.453333
213 66.397000 0.491667 0.086000 0.436667
230 66.492667 0.493333 0.118667 0.473333
446 66.573667 0.493333 0.063333 0.380000
299 66.649667 0.508333 0.108667 0.416667
692 66.745000 0.503333 0.098000 0.480000
457 66.816667 0.488333 0.064000 0.330000
110 66.910000 0.495000 0.142667 0.530000
733 67.021667 0.505000 0.095333 0.556667
443 67.099333 0.491667 0.080000 0.403333
689 67.178000 0.490000 0.096000 0.473333
779 67.239000 0.503333 0.046000 0.426667
634 67.303000 0.498333 0.095333 0.410000
395 67.405333 0.501667 0.122667 0.390000
717 67.567000 0.495000 0.216667 1.083333
124 67.722333 0.495000 0.112667 0.403333
695 67.846667 0.508333 0.152000 0.396667
344 68.023667 0.495000 0.218000 1.090000
706 68.159667 0.488333 0.071333 0.356667
688 68.227000 0.495000 0.076667 0.376667
479 68.291667 0.510000 0.072667 0.433333
53 68.367667 0.503333 0.092667 0.320000
249 68.441333 0.488333 0.073333 0.583333
951 68.492000 0.510000 0.042667 0.340000
624 68.601000 0.500000 0.194000 0.660000
199 68.743000 0.505000 0.107333 0.436667
918 68.843667 0.493333 0.112667 0.426667
613 68.971667 0.498333 0.160667 0.410000
799 69.094667 0.488333 0.105333 0.396667
63 69.190667 0.508333 0.104000 0.370000
314 69.290333 0.500000 0.111333 0.406667
1007 69.357333 0.498333 0.042667 0.336667
266 69.450667 0.503333 0.164000 0.526667
496 69.575333 0.508333 0.101333 0.416667
345 69.693000 0.495000 0.147333 0.443333
451 69.794000 0.496667 0.072000 0.433333
863 69.879333 0.506667 0.113333 0.546667
228 69.981333 0.491667 0.108000 0.450000
924 70.048667 0.505000 0.044000 0.356667
142 70.107333 0.503333 0.088000 0.380000
1019 70.160333 0.508333 0.031333 0.256667
525 70.221000 0.498333 0.106000 0.336667
248 70.308333 0.506667 0.088667 0.466667
841 70.385667 0.490000 0.084667 0.400000
680 70.470667 0.493333 0.101333 0.333333
908 70.572333 0.495000 0.122000 0.470000
84 70.685333 0.498333 0.124000 0.356667
780 70.812000 0.488333 0.144000 0.416667
139 70.907000 0.491667 0.059333 0.350000
760 70.983667 0.498333 0.111333 0.316667
771 71.075333 0.498333 0.085333 0.443333
409 71.206000 0.510000 0.192000 0.960000
201 71.337667 0.491667 0.084667 0.403333
561 71.439000 0.496667 0.135333 0.333333
967 71.514333 0.500000 0.035333 0.273333
289 71.618667 0.503333 0.186667 0.366667
522 71.760000 0.491667 0.116000 0.363333
284 71.857667 0.495000 0.099333 0.356667
477 71.936333 0.491667 0.078000 0.416667
488 72.005667 0.491667 0.078000 0.376667
715 72.140000 0.496667 0.210667 1.053333
382 72.310000 0.491667 0.146667 0.423333
519 72.428333 0.498333 0.107333 0.376667
646 72.508000 0.508333 0.069333 0.296667
742 72.613667 0.496667 0.155333 0.633333
905 72.753333 0.503333 0.140000 0.440000
215 72.910000 0.490000 0.189333 0.946667
192 73.047000 0.500000 0.104667 0.453333
788 73.173333 0.506667 0.164000 0.820000
651 73.341667 0.505000 0.188667 0.943333
351 73.530333 0.491667 0.203333 1.016667
564 73.691667 0.491667 0.138000 0.296667
74 73.816000 0.503333 0.128000 0.400000
668 73.931667 0.498333 0.118000 0.376667
618 74.019667 0.490000 0.076667 0.480000
401 74.103667 0.488333 0.107333 0.556667
185 74.195667 0.503333 0.095333 0.480000
113 74.276000 0.488333 0.082667 0.430000
971 74.328667 0.490000 0.042667 0.313333
635 74.392333 0.501667 0.098000 0.403333
991 74.451667 0.495000 0.038000 0.276667
534 74.498333 0.503333 0.074000 0.313333
128 74.612000 0.506667 0.170667 0.853333
719 74.786333 0.488333 0.192667 0.963333
491 74.926333 0.496667 0.102000 0.500000
880 75.026333 0.501667 0.118000 0.383333
785 75.114000 0.496667 0.072000 0.306667
623 75.218333 0.491667 0.154000 0.503333
940 75.311000 0.498333 0.050000 0.376667
677 75.375333 0.491667 0.098667 0.336667
659 75.452667 0.505000 0.073333 0.290000
99 75.582333 0.508333 0.199333 0.996667
766 75.725000 0.488333 0.104667 0.310000
796 75.817000 0.505000 0.099333 0.403333
290 75.929667 0.488333 0.139333 0.416667
938 76.012667 0.506667 0.044000 0.333333
95 76.138000 0.490000 0.225333 0.486667
120 76.348667 0.496667 0.210667 1.053333
62 76.489000 0.488333 0.086000 0.403333
989 76.544333 0.490000 0.040667 0.326667
790 76.598000 0.495000 0.084000 0.510000
950 76.647333 0.498333 0.028000 0.236667
633 76.743333 0.493333 0.182667 0.913333
69 76.877000 0.503333 0.103333 0.560000
300 76.956333 0.488333 0.070000 0.223333
962 77.005667 0.495000 0.046000 0.356667
126 77.096333 0.508333 0.151333 0.496667
897 77.232667 0.496667 0.141333 0.380000
170 77.399667 0.501667 0.210000 1.050000
925 77.515333 0.506667 0.041333 0.326667
986 77.548333 0.508333 0.038000 0.290000
709 77.615333 0.503333 0.112000 0.486667
976 77.688000 0.493333 0.046667 0.366667
481 77.739000 0.508333 0.072667 0.376667
516 77.818333 0.501667 0.104667 0.356667
288 77.912667 0.501667 0.101333 0.383333
922 77.975667 0.490000 0.040667 0.300000
49 78.066667 0.496667 0.156000 0.780000
577 78.183000 0.506667 0.094000 0.373333
425 78.270667 0.490000 0.094667 0.520000
710 78.404667 0.503333 0.193333 0.573333
400 78.521333 0.505000 0.054667 0.436667
530 78.580333 0.490000 0.083333 0.386667
15 78.676000 0.496667 0.121333 0.433333
610 78.790667 0.498333 0.121333 0.370000
981 78.864000 0.493333 0.042667 0.313333
961 78.892667 0.496667 0.030667 0.246667
619 78.956333 0.506667 0.115333 0.593333
814 79.064333 0.493333 0.120667 0.393333
511 79.175333 0.506667 0.116000 0.380000
68 79.294333 0.508333 0.139333 0.403333
741 79.411667 0.493333 0.115333 0.400000
281 79.522667 0.503333 0.125333 0.433333
602 79.635333 0.500000 0.116000 0.346667
467 79.713333 0.490000 0.060000 0.293333
1015 79.751000 0.510000 0.034000 0.266667
89 79.860000 0.508333 0.202667 0.430000
528 80.002333 0.495000 0.100667 0.336667
691 80.080667 0.491667 0.074667 0.363333
260 80.177333 0.488333 0.134667 0.376667
611 80.282667 0.496667 0.093333 0.360000
928 80.345333 0.496667 0.050667 0.386667
173 80.402000 0.490000 0.078667 0.353333
138 80.470667 0.496667 0.073333 0.426667
397 80.552333 0.510000 0.106000 0.440000
973 80.615333 0.500000 0.038667 0.293333
882 80.679000 0.498333 0.107333 0.423333
721 80.803000 0.488333 0.156667 0.783333
851 80.919333 0.491667 0.092000 0.376667
133 81.012333 0.510000 0.111333 0.440000
35 81.126667 0.503333 0.132000 0.413333
341 81.230000 0.508333 0.093333 0.403333
175 81.326333 0.500000 0.114000 0.426667
9 81.429000 0.493333 0.110000 0.433333
509 81.538333 0.491667 0.124667 0.403333
168 81.698333 0.488333 0.208667 1.043333
930 81.810333 0.488333 0.034000 0.276667
657 81.868333 0.501667 0.098000 0.410000
568 81.955333 0.493333 0.094667 0.473333
159 82.016667 0.498333 0.042667 0.336667
676 82.089333 0.505000 0.117333 0.376667
156 82.255667 0.498333 0.228667 1.143333
42 82.394667 0.505000 0.062667 0.350000
18 82.468000 0.493333 0.100000 0.360000
755 82.575000 0.490000 0.127333 0.373333
889 82.699000 0.505000 0.136667 0.543333
227 82.816333 0.500000 0.114000 0.506667
412 82.912333 0.503333 0.094000 0.486667
686 83.001000 0.496667 0.099333 0.480000
802 83.147000 0.490000 0.206000 0.460000
55 83.303000 0.488333 0.119333 0.310000
454 83.390333 0.488333 0.074000 0.376667
948 83.441667 0.488333 0.047333 0.343333
804 83.536333 0.496667 0.162000 0.473333
2 83.643000 0.488333 0.067333 0.343333
372 83.740333 0.493333 0.142000 0.406667
601 83.852000 0.503333 0.098667 0.293333
180 83.954333 0.506667 0.124667 0.486667
575 84.063667 0.491667 0.111333 0.356667
582 84.183333 0.493333 0.145333 0.533333
64 84.284000 0.503333 0.069333 0.380000
25 84.372667 0.493333 0.122667 0.440000
1017 84.441000 0.500000 0.034000 0.266667
573 84.490000 0.503333 0.084000 0.346667
789 84.553333 0.490000 0.062667 0.373333
492 84.608000 0.503333 0.066667 0.346667
997 84.652667 0.496667 0.036000 0.293333
7 84.721667 0.508333 0.119333 0.416667
818 84.840667 0.495000 0.137333 0.316667
966 84.924667 0.495000 0.045333 0.356667
374 85.011333 0.491667 0.148000 0.423333
464 85.110333 0.510000 0.068667 0.380000
891 85.166000 0.498333 0.062667 0.330000
866 85.269000 0.493333 0.162000 0.433333
704 85.401333 0.503333 0.116000 0.360000
904 85.493667 0.505000 0.087333 0.423333
734 85.621333 0.503333 0.184000 0.486667
358 85.771000 0.490000 0.130000 0.386667
984 85.847333 0.498333 0.038667 0.303333
367 85.914333 0.491667 0.108667 0.343333
712 86.060000 0.500000 0.196000 0.980000
447 86.177000 0.490000 0.058000 0.320000
123 86.242000 0.503333 0.090667 0.586667
725 86.348333 0.510000 0.139333 0.586667
441 86.438667 0.506667 0.057333 0.306667
162 86.561667 0.498333 0.206000 1.030000
306 86.693000 0.491667 0.070000 0.390000
207 86.780000 0.506667 0.120000 0.480000
452 86.867000 0.493333 0.072667 0.386667
317 86.942667 0.503333 0.094667 0.340000
106 87.095333 0.493333 0.224000 1.120000
956 87.221667 0.498333 0.042000 0.343333
640 87.269667 0.490000 0.068667 0.353333
739 87.320000 0.496667 0.048000 0.426667
752 87.366000 0.506667 0.060000 0.160000
836 87.431333 0.500000 0.086667 0.360000
520 87.522667 0.488333 0.110667 0.356667
644 87.608667 0.503333 0.076000 0.340000
518 87.698667 0.493333 0.117333 0.373333
952 87.768000 0.490000 0.040000 0.293333
531 87.873333 0.510000 0.184000 0.920000
273 87.978667 0.508333 0.046667 0.296667
764 88.029000 0.491667 0.068667 0.356667
471 88.084333 0.506667 0.059333 0.346667
667 88.174000 0.501667 0.133333 0.450000
388 88.305667 0.490000 0.143333 0.426667
375 88.429333 0.501667 0.122667 0.323333
566 88.529667 0.508333 0.096667 0.403333
504 88.637000 0.506667 0.136667 0.406667
243 88.795333 0.500000 0.200000 1.000000
848 88.946000 0.508333 0.121333 0.383333
194 89.047667 0.500000 0.099333 0.500000
472 89.121333 0.493333 0.061333 0.313333
340 89.199333 0.503333 0.112000 0.326667
270 89.341000 0.505000 0.187333 0.570000
638 89.478667 0.508333 0.108000 0.423333
529 89.566333 0.490000 0.086000 0.366667
972 89.617000 0.496667 0.035333 0.273333
357 89.694667 0.488333 0.138667 0.403333
189 89.799333 0.510000 0.090667 0.373333
489 89.876667 0.506667 0.078667 0.426667
750 89.964667 0.503333 0.117333 0.440000
34 90.060000 0.505000 0.088000 0.323333
336 90.155667 0.510000 0.116667 0.553333
309 90.232667 0.493333 0.054667 0.306667
29 90.309667 0.505000 0.115333 0.343333
247 90.398667 0.500000 0.077333 0.340000
570 90.469333 0.498333 0.082667 0.356667
831 90.565333 0.500000 0.126667 0.520000
1000 90.640333 0.501667 0.042000 0.350000
305 90.692000 0.508333 0.081333 0.456667
550 90.753667 0.491667 0.062000 0.310000
279 90.828333 0.488333 0.107333 0.603333
959 90.899000 0.510000 0.047333 0.360000
975 90.929667 0.510000 0.031333 0.246667
242 91.005000 0.488333 0.134000 0.516667
532 91.122333 0.505000 0.120667 0.616667
631 91.260667 0.500000 0.174667 0.873333
663 91.396000 0.503333 0.113333 0.366667
735 91.517000 0.503333 0.146000 0.586667
783 91.623333 0.498333 0.081333 0.443333
188 91.706333 0.500000 0.099333 0.500000
333 91.827000 0.501667 0.162000 0.356667
434 91.947333 0.508333 0.093333 0.316667
557 92.026667 0.496667 0.080000 0.546667
473 92.088667 0.493333 0.064000 0.326667
73 92.193667 0.493333 0.162000 0.506667
727 92.312000 0.493333 0.090667 0.406667
759 92.429000 0.506667 0.163333 0.473333
277 92.537000 0.503333 0.070000 0.326667
773 92.621667 0.501667 0.116667 0.330000
700 92.743000 0.505000 0.140667 0.563333
833 92.860000 0.505000 0.110667 0.463333
845 92.962333 0.508333 0.108667 0.483333
912 93.048667 0.496667 0.081333 0.320000
594 93.137333 0.500000 0.112000 0.340000
427 93.236667 0.493333 0.100000 0.473333
14 93.329667 0.495000 0.104667 0.343333
824 93.415333 0.498333 0.086667 0.363333
109 93.541000 0.501667 0.182000 0.910000
38 93.681667 0.510000 0.112667 0.373333
463 93.767000 0.500000 0.074000 0.440000
598 93.862667 0.505000 0.133333 0.403333
487 93.947000 0.495000 0.055333 0.330000
813 94.038000 0.496667 0.145333 0.413333
291 94.169667 0.500000 0.135333 0.526667
990 94.244333 0.498333 0.031333 0.256667
777 94.304333 0.496667 0.103333 0.420000
769 94.408667 0.496667 0.118667 0.406667
838 94.512667 0.510000 0.109333 0.453333
857 94.645333 0.503333 0.176000 0.880000
551 94.779000 0.505000 0.104667 0.323333
907 94.883000 0.508333 0.120667 0.396667
886 95.047333 0.506667 0.224000 1.120000
202 95.212667 0.493333 0.120000 0.526667
505 95.303333 0.508333 0.076000 0.316667
171 95.401000 0.505000 0.132667 0.483333
415 95.543000 0.498333 0.168667 0.843333
438 95.704000 0.498333 0.170667 0.523333
711 95.885667 0.498333 0.212667 1.063333
1018 96.008333 0.490000 0.050000 0.360000
232 96.068333 0.488333 0.086000 0.416667
135 96.159333 0.496667 0.116000 0.340000
24 96.262333 0.505000 0.106000 0.356667
527 96.366667 0.508333 0.122667 0.370000
954 96.444000 0.498333 0.045333 0.350000
316 96.519667 0.510000 0.123333 0.426667
811 96.638333 0.488333 0.131333 0.456667
758 96.750000 0.488333 0.105333 0.343333
67 96.935000 0.490000 0.284667 0.593333
591 97.142667 0.490000 0.146667 0.426667
854 97.308667 0.493333 0.202667 1.013333
274 97.445667 0.490000 0.090000 0.420000
1002 97.504000 0.510000 0.040000 0.333333
722 97.572667 0.503333 0.112000 0.340000
321 97.670333 0.490000 0.100667 0.406667
328 97.805667 0.505000 0.187333 0.490000
893 97.973667 0.495000 0.164667 0.516667
852 98.092667 0.510000 0.089333 0.366667
671 98.186667 0.505000 0.116000 0.410000
684 98.280667 0.488333 0.092000 0.330000
422 98.367667 0.506667 0.095333 0.353333
943 98.428667 0.498333 0.040000 0.290000
549 98.481333 0.491667 0.085333 0.290000
911 98.557000 0.495000 0.082000 0.296667
313 98.639667 0.496667 0.096667 0.360000
1022 98.701667 0.491667 0.046000 0.356667
593 98.803667 0.496667 0.174000 0.500000
453 98.911000 0.505000 0.056667 0.323333
627 99.043333 0.506667 0.225333 1.126667
612 99.237667 0.508333 0.178000 0.890000
614 99.411000 0.488333 0.183333 0.916667
174 99.545333 0.495000 0.100000 0.356667
621 99.619333 0.498333 0.066667 0.636667
868 99.691000 0.493333 0.090000 0.506667
338 99.801667 0.491667 0.151333 0.783333
850 99.916667 0.510000 0.097333 0.426667
251 99.989667 0.493333 0.064667 0.366667
865 100.067333 0.505000 0.104000 0.350000
210 100.156333 0.508333 0.091333 0.390000
694 100.231000 0.495000 0.078000 0.390000
873 100.299333 0.508333 0.074667 0.350000
50 100.429667 0.491667 0.202000 1.010000
744 100.582667 0.510000 0.120000 0.486667
699 100.711000 0.498333 0.152667 0.463333
424 100.849667 0.501667 0.140667 0.443333
275 100.941000 0.501667 0.062000 0.396667
27 101.028000 0.488333 0.132000 0.443333
318 101.130667 0.498333 0.093333 0.403333
654 101.276000 0.500000 0.213333 1.066667
996 101.391000 0.493333 0.035333 0.260000
6 101.450333 0.491667 0.102000 0.390000
115 101.531333 0.510000 0.077333 0.373333
183 101.605667 0.508333 0.086000 0.403333
859 101.689333 0.506667 0.098667 0.320000
200 101.787333 0.491667 0.114667 0.550000
196 101.891000 0.490000 0.110000 0.466667
942 101.958667 0.501667 0.042667 0.343333
754 102.033667 0.488333 0.126000 0.610000
225 102.146000 0.510000 0.118667 0.486667
419 102.244333 0.500000 0.098000 0.473333
999 102.304667 0.493333 0.038667 0.313333
322 102.368333 0.505000 0.102000 0.203333
934 102.433000 0.498333 0.043333 0.323333
500 102.490000 0.510000 0.085333 0.400000
687 102.576333 0.493333 0.103333 0.506667
393 102.675667 0.505000 0.114000 0.316667
751 102.769667 0.506667 0.087333 0.353333
440 102.839000 0.490000 0.064667 0.366667
757 102.944333 0.503333 0.160667 0.466667
792 103.064333 0.506667 0.092667 0.380000
705 103.213000 0.505000 0.222000 1.110000
533 103.367667 0.491667 0.106000 0.363333
234 103.472667 0.496667 0.118667 0.593333
965 103.543333 0.495000 0.038667 0.290000
604 103.626333 0.500000 0.143333 0.440000
460 103.722667 0.495000 0.064000 0.323333
121 103.756333 0.491667 0.022000 0.390000
