507 0.040333 0.491667 0.074000 0.396667
295 0.122000 0.500000 0.108000 0.460000
26 0.237333 0.491667 0.142667 0.476667
253 0.324333 0.490000 0.050000 0.466667
492 0.386333 0.510000 0.088667 0.400000
474 0.452333 0.490000 0.063333 0.333333
780 0.535333 0.498333 0.121333 0.343333
671 0.634000 0.491667 0.092000 0.316667
740 0.738667 0.500000 0.134667 0.306667
645 0.843000 0.491667 0.087333 0.390000
682 0.923000 0.510000 0.091333 0.380000
860 1.058667 0.501667 0.198667 0.476667
965 1.172333 0.490000 0.046000 0.353333
55 1.246000 0.508333 0.116000 0.276667
371 1.369333 0.496667 0.150667 0.446667
899 1.525333 0.496667 0.181333 0.906667
688 1.646000 0.505000 0.078667 0.383333
159 1.699333 0.503333 0.042667 0.326667
712 1.815667 0.501667 0.210000 1.050000
311 1.950000 0.508333 0.077333 0.336667
265 2.042333 0.510000 0.120667 0.460000
478 2.127333 0.500000 0.068000 0.346667
867 2.204667 0.508333 0.105333 0.330000
282 2.321333 0.495000 0.144000 0.503333
861 2.410000 0.495000 0.053333 0.416667
151 2.460667 0.488333 0.064000 0.310000
120 2.579000 0.503333 0.191333 0.480000
876 2.756000 0.503333 0.177333 0.886667
217 2.883000 0.495000 0.092667 0.470000
451 2.950667 0.493333 0.062667 0.326667
909 3.021000 0.488333 0.094000 0.410000
537 3.208667 0.493333 0.301333 0.606667
66 3.408667 0.490000 0.112000 0.660000
519 3.512667 0.490000 0.109333 0.360000
942 3.581333 0.500000 0.045333 0.353333
0 3.621667 0.500000 0.055333 0.426667
27 3.692667 0.503333 0.104000 0.353333
609 3.776667 0.498333 0.078667 0.323333
847 3.862333 0.488333 0.108667 0.330000
634 3.956333 0.500000 0.095333 0.406667
179 4.080000 0.500000 0.170667 0.853333
480 4.198333 0.491667 0.084667 0.430000
719 4.344000 0.493333 0.225333 1.126667
700 4.501000 0.510000 0.107333 0.426667
256 4.612333 0.505000 0.128667 0.436667
483 4.704667 0.501667 0.076000 0.383333
329 4.815000 0.506667 0.163333 0.546667
544 4.935000 0.488333 0.092667 0.370000
38 5.032667 0.491667 0.122667 0.456667
540 5.176333 0.501667 0.184667 0.923333
353 5.335667 0.496667 0.150000 0.426667
455 5.430000 0.493333 0.058667 0.333333
925 5.471333 0.506667 0.041333 0.326667
87 5.582333 0.488333 0.200667 1.003333
105 5.784333 0.491667 0.216667 1.083333
885 5.928000 0.505000 0.088000 0.376667
347 6.063000 0.505000 0.198000 0.990000
657 6.200667 0.506667 0.097333 0.380000
263 6.331000 0.501667 0.178000 0.890000
765 6.456000 0.496667 0.086667 0.420000
467 6.528000 0.490000 0.076000 0.380000
39 6.612333 0.488333 0.111333 0.356667
194 6.721333 0.508333 0.122667 0.510000
333 6.843000 0.506667 0.136667 0.340000
373 6.972333 0.491667 0.135333 0.376667
815 7.085000 0.501667 0.104667 0.270000
123 7.180667 0.491667 0.106667 0.623333
152 7.261667 0.506667 0.072667 0.333333
454 7.323000 0.493333 0.063333 0.340000
635 7.385000 0.495000 0.076667 0.323333
446 7.447667 0.498333 0.068667 0.396667
590 7.538000 0.491667 0.128000 0.430000
306 7.631667 0.506667 0.075333 0.420000
727 7.688667 0.501667 0.053333 0.316667
28 7.755667 0.495000 0.098000 0.316667
136 7.861000 0.491667 0.126000 0.543333
518 7.970000 0.490000 0.110667 0.373333
118 8.072333 0.510000 0.112667 0.420000
567 8.178000 0.505000 0.114667 0.483333
367 8.291667 0.488333 0.127333 0.350000
433 8.419000 0.498333 0.140667 0.323333
177 8.558667 0.506667 0.154667 0.773333
303 8.663667 0.501667 0.072667 0.410000
752 8.728000 0.496667 0.073333 0.193333
498 8.779333 0.500000 0.049333 0.293333
571 8.841000 0.503333 0.087333 0.360000
240 8.908667 0.506667 0.064000 0.333333
957 8.952667 0.505000 0.042667 0.350000
17 9.013667 0.491667 0.094000 0.330000
119 9.091333 0.501667 0.080000 0.470000
908 9.169000 0.505000 0.091333 0.343333
274 9.258000 0.501667 0.105333 0.490000
487 9.334333 0.505000 0.067333 0.350000
725 9.426333 0.506667 0.130000 0.553333
802 9.555000 0.506667 0.142000 0.320000
447 9.650667 0.490000 0.064000 0.360000
995 9.700333 0.506667 0.048667 0.353333
937 9.735667 0.495000 0.042000 0.303333
56 9.782667 0.505000 0.065333 0.090000
616 9.878000 0.493333 0.141333 0.393333
994 9.955667 0.490000 0.030000 0.260000
962 9.982667 0.490000 0.037333 0.313333
510 10.055000 0.496667 0.124667 0.406667
988 10.129000 0.510000 0.038000 0.273333
785 10.177000 0.506667 0.071333 0.306667
261 10.313667 0.501667 0.218000 1.090000
763 10.438333 0.490000 0.044667 0.333333
496 10.511000 0.493333 0.119333 0.453333
772 10.657000 0.505000 0.186000 0.930000
204 10.794333 0.508333 0.103333 0.416667
919 10.868000 0.493333 0.060000 0.293333
597 10.949333 0.498333 0.121333 0.356667
102 11.120333 0.506667 0.236667 0.500000
918 11.278667 0.503333 0.098667 0.320000
797 11.369667 0.495000 0.096667 0.363333
804 11.480667 0.495000 0.138667 0.410000
219 11.597000 0.495000 0.111333 0.550000
722 11.712333 0.493333 0.138000 0.406667
582 11.851000 0.505000 0.156667 0.783333
594 11.981000 0.505000 0.118000 0.356667
579 12.113000 0.490000 0.166000 0.360000
271 12.287667 0.488333 0.203333 1.016667
857 12.464333 0.500000 0.163333 0.366667
287 12.582667 0.495000 0.089333 0.330000
751 12.679667 0.508333 0.119333 0.483333
252 12.785333 0.506667 0.106667 0.420000
673 12.888000 0.500000 0.116000 0.380000
753 13.041000 0.498333 0.206000 1.030000
678 13.188667 0.495000 0.102667 0.383333
132 13.269000 0.506667 0.074000 0.300000
106 13.391667 0.491667 0.191333 0.956667
471 13.515667 0.500000 0.075333 0.393333
817 13.618333 0.501667 0.150000 0.350000
243 13.771000 0.498333 0.171333 0.856667
16 13.895667 0.506667 0.092667 0.300000
126 13.996667 0.495000 0.126667 0.430000
929 14.070000 0.501667 0.034667 0.270000
137 14.121333 0.505000 0.082667 0.403333
237 14.185667 0.490000 0.062000 0.453333
879 14.267333 0.508333 0.120000 0.336667
145 14.364000 0.501667 0.086667 0.450000
62 14.444000 0.506667 0.089333 0.413333
37 14.537000 0.498333 0.114000 0.416667
776 14.667000 0.506667 0.162000 0.373333
363 14.791333 0.510000 0.106667 0.300000
668 14.886667 0.503333 0.097333 0.346667
276 14.958667 0.501667 0.065333 0.383333
171 15.043333 0.493333 0.120000 0.426667
1006 15.116000 0.496667 0.042667 0.346667
410 15.174333 0.496667 0.092667 0.446667
125 15.263333 0.498333 0.104000 0.470000
308 15.338333 0.503333 0.059333 0.333333
823 15.412667 0.508333 0.104000 0.476667
293 15.498667 0.500000 0.081333 0.340000
778 15.585667 0.496667 0.106000 0.666667
891 15.663667 0.498333 0.064667 0.290000
595 15.754667 0.496667 0.133333 0.413333
63 15.863333 0.493333 0.102667 0.360000
746 15.963000 0.510000 0.115333 0.386667
707 16.066000 0.501667 0.105333 0.496667
307 16.146333 0.491667 0.074000 0.416667
70 16.242667 0.498333 0.134667 0.470000
65 16.355000 0.508333 0.110000 0.270000
810 16.452000 0.493333 0.104000 0.433333
150 16.556667 0.506667 0.118667 0.473333
434 16.674000 0.510000 0.129333 0.440000
1010 16.752000 0.498333 0.041333 0.296667
424 16.825667 0.508333 0.123333 0.383333
880 16.929333 0.491667 0.100000 0.336667
316 17.031667 0.498333 0.123333 0.436667
419 17.122333 0.493333 0.071333 0.346667
773 17.220333 0.495000 0.143333 0.383333
500 17.321000 0.510000 0.074000 0.333333
342 17.385333 0.503333 0.074667 0.333333
103 17.502000 0.506667 0.172000 0.366667
517 17.646667 0.508333 0.130667 0.423333
499 17.736333 0.510000 0.063333 0.380000
216 17.808667 0.495000 0.096000 0.416667
365 17.919000 0.500000 0.139333 0.386667
191 18.029667 0.491667 0.099333 0.470000
825 18.122667 0.503333 0.100000 0.420000
89 18.268333 0.488333 0.206000 1.030000
188 18.410000 0.488333 0.093333 0.463333
379 18.525333 0.498333 0.156000 0.430000
914 18.655000 0.496667 0.122000 0.380000
479 18.743333 0.498333 0.068000 0.363333
626 18.842667 0.498333 0.146667 0.490000
2 18.940000 0.496667 0.068000 0.340000
862 19.011667 0.500000 0.088667 0.433333
30 19.122667 0.506667 0.148000 0.433333
46 19.216000 0.495000 0.056000 0.450000
100 19.312667 0.493333 0.154667 0.773333
260 19.460000 0.493333 0.154667 0.773333
997 19.547000 0.488333 0.038000 0.296667
435 19.590333 0.498333 0.066000 0.316667
23 19.691667 0.488333 0.156667 0.443333
416 19.809000 0.490000 0.091333 0.446667
690 19.894667 0.510000 0.093333 0.460000
894 20.000333 0.501667 0.134000 0.410000
1002 20.082000 0.495000 0.049333 0.363333
1 20.130667 0.500000 0.066667 0.346667
448 20.192333 0.505000 0.074000 0.383333
31 20.280000 0.501667 0.120000 0.356667
174 20.445667 0.505000 0.224667 1.123333
770 20.608667 0.506667 0.118667 0.340000
947 20.677000 0.501667 0.035333 0.276667
874 20.737333 0.488333 0.101333 0.450000
784 20.812667 0.496667 0.064000 0.506667
651 20.909000 0.500000 0.146000 0.473333
477 21.014667 0.496667 0.081333 0.453333
138 21.086667 0.498333 0.080000 0.416667
984 21.138333 0.496667 0.038000 0.313333
182 21.212667 0.510000 0.124000 0.473333
250 21.369333 0.506667 0.202667 1.013333
146 21.505333 0.510000 0.089333 0.460000
560 21.643667 0.505000 0.202000 0.616667
184 21.789667 0.498333 0.107333 0.490000
628 21.909000 0.496667 0.144667 0.486667
659 22.013667 0.493333 0.078000 0.313333
871 22.070667 0.495000 0.052000 0.236667
300 22.121000 0.501667 0.062000 0.196667
214 22.194000 0.491667 0.104000 0.436667
613 22.308333 0.503333 0.139333 0.380000
457 22.412333 0.498333 0.082000 0.416667
706 22.478000 0.505000 0.068000 0.350000
41 22.561333 0.508333 0.114667 0.330000
739 22.636667 0.493333 0.054667 0.480000
418 22.696000 0.510000 0.084000 0.406667
222 22.785333 0.508333 0.114667 0.496667
391 22.888667 0.501667 0.112000 0.310000
69 22.996667 0.493333 0.121333 0.633333
122 23.107667 0.491667 0.114000 0.450000
1003 23.179000 0.488333 0.043333 0.323333
238 23.245333 0.498333 0.102667 0.403333
806 23.368000 0.501667 0.157333 0.403333
298 23.478667 0.503333 0.084000 0.426667
338 23.573667 0.503333 0.126000 0.653333
828 23.670000 0.508333 0.080000 0.396667
944 23.719333 0.491667 0.037333 0.290000
917 23.754000 0.500000 0.048000 0.353333
426 23.803000 0.506667 0.066000 0.406667
11 23.872000 0.496667 0.086667 0.306667
348 23.964333 0.506667 0.114000 0.353333
288 24.066000 0.506667 0.106667 0.406667
458 24.140333 0.498333 0.060667 0.363333
941 24.185000 0.506667 0.042000 0.300000
681 24.214667 0.508333 0.037333 0.316667
79 24.311000 0.488333 0.168667 0.843333
999 24.408667 0.501667 0.041333 0.343333
1001 24.443333 0.496667 0.041333 0.300000
322 24.493000 0.510000 0.078000 0.160000
902 24.581000 0.491667 0.112667 0.303333
539 24.660333 0.508333 0.060667 0.290000
83 24.723000 0.488333 0.078000 0.376667
141 24.795333 0.498333 0.081333 0.390000
745 24.866000 0.500000 0.078667 0.293333
124 24.945333 0.498333 0.094667 0.330000
449 25.018000 0.491667 0.064000 0.323333
521 25.103667 0.508333 0.120667 0.316667
907 25.206333 0.500000 0.103333 0.373333
205 25.311667 0.508333 0.120667 0.490000
702 25.444000 0.500000 0.157333 0.486667
555 25.536333 0.491667 0.042000 0.416667
777 25.600667 0.488333 0.102667 0.443333
352 25.721333 0.510000 0.153333 0.406667
903 25.842667 0.510000 0.109333 0.306667
242 25.948000 0.501667 0.114667 0.450000
724 26.037000 0.488333 0.080667 0.330000
928 26.085333 0.496667 0.034667 0.266667
450 26.133333 0.500000 0.074667 0.446667
390 26.242333 0.501667 0.158000 0.476667
921 26.339333 0.495000 0.050667 0.303333
4 26.406667 0.498333 0.098667 0.410000
581 26.490667 0.493333 0.089333 0.426667
855 26.567333 0.491667 0.081333 0.210000
630 26.673333 0.488333 0.150667 0.503333
566 26.799333 0.491667 0.116000 0.476667
257 26.897000 0.498333 0.096667 0.336667
48 27.020000 0.493333 0.166667 0.833333
309 27.130333 0.498333 0.067333 0.376667
339 27.194333 0.491667 0.075333 0.383333
527 27.294000 0.500000 0.142667 0.406667
591 27.439000 0.496667 0.166000 0.486667
14 27.576000 0.501667 0.121333 0.383333
680 27.674000 0.501667 0.094667 0.323333
131 27.802333 0.488333 0.180667 0.903333
71 27.920333 0.505000 0.072667 0.390000
197 28.007667 0.490000 0.122000 0.493333
922 28.078333 0.505000 0.036667 0.296667
701 28.204000 0.500000 0.228000 1.140000
950 28.329333 0.503333 0.038667 0.286667
1009 28.354667 0.488333 0.030667 0.250000
618 28.402000 0.498333 0.080000 0.510000
803 28.517667 0.493333 0.166000 0.473333
705 28.648333 0.500000 0.114000 0.360000
574 28.733333 0.505000 0.072000 0.290000
791 28.790333 0.491667 0.056667 0.350000
760 28.885000 0.493333 0.152667 0.446667
262 29.006000 0.498333 0.109333 0.563333
749 29.094000 0.500000 0.081333 0.353333
769 29.238667 0.510000 0.225333 1.126667
632 29.458333 0.488333 0.231333 1.156667
133 29.629333 0.508333 0.128000 0.410000
687 29.738000 0.488333 0.105333 0.510000
115 29.813333 0.496667 0.060000 0.333333
157 29.920667 0.506667 0.172000 0.686667
234 30.055667 0.505000 0.118000 0.556667
5 30.149333 0.501667 0.085333 0.410000
169 30.237333 0.490000 0.109333 0.406667
476 30.314000 0.500000 0.064000 0.333333
713 30.428000 0.493333 0.180000 0.900000
12 30.562000 0.503333 0.101333 0.346667
1011 30.622667 0.500000 0.036000 0.293333
305 30.663667 0.503333 0.063333 0.353333
996 30.704000 0.510000 0.034667 0.273333
72 30.760667 0.508333 0.092000 0.443333
236 30.847000 0.500000 0.094000 0.386667
286 30.934667 0.495000 0.101333 0.363333
704 31.045667 0.500000 0.135333 0.493333
470 31.130000 0.495000 0.053333 0.303333
839 31.208333 0.498333 0.120667 0.510000
556 31.314000 0.498333 0.106667 0.436667
351 31.432667 0.496667 0.148000 0.393333
583 31.523667 0.491667 0.050000 0.296667
484 31.588667 0.496667 0.094667 0.340000
232 31.676667 0.508333 0.100000 0.503333
248 31.754667 0.500000 0.070667 0.373333
362 31.841667 0.490000 0.116667 0.340000
464 31.924667 0.490000 0.066667 0.346667
186 32.005333 0.490000 0.113333 0.493333
104 32.166333 0.510000 0.226000 0.480000
822 32.328667 0.488333 0.116000 0.410000
939 32.399667 0.506667 0.044667 0.360000
730 32.479333 0.490000 0.130667 0.466667
585 32.606667 0.503333 0.144000 0.433333
646 32.713333 0.495000 0.086667 0.383333
368 32.811000 0.493333 0.128667 0.400000
354 32.945000 0.510000 0.152667 0.413333
60 33.050667 0.490000 0.077333 0.333333
720 33.198000 0.503333 0.230667 1.153333
661 33.357000 0.508333 0.103333 0.336667
181 33.454000 0.510000 0.104000 0.360000
247 33.537333 0.491667 0.077333 0.390000
535 33.643333 0.508333 0.148000 0.330000
481 33.734667 0.500000 0.053333 0.320000
227 33.798000 0.493333 0.093333 0.413333
799 33.875333 0.501667 0.078667 0.296667
949 33.923333 0.505000 0.033333 0.263333
98 34.048000 0.506667 0.230667 1.153333
281 34.204000 0.503333 0.098667 0.333333
956 34.267333 0.491667 0.045333 0.336667
557 34.318333 0.498333 0.072667 0.503333
249 34.372000 0.490000 0.053333 0.426667
800 34.437667 0.508333 0.094000 0.370000
436 34.523000 0.505000 0.095333 0.263333
602 34.612333 0.508333 0.100667 0.303333
91 34.737667 0.501667 0.168667 0.843333
251 34.844333 0.500000 0.063333 0.360000
64 34.903000 0.491667 0.072667 0.376667
656 35.001333 0.510000 0.144000 0.346667
697 35.094667 0.503333 0.056000 0.280000
989 35.133667 0.506667 0.039333 0.293333
1020 35.159667 0.500000 0.032667 0.253333
809 35.232333 0.500000 0.127333 0.673333
897 35.351667 0.500000 0.128667 0.373333
979 35.425333 0.510000 0.038667 0.320000
845 35.486333 0.508333 0.096667 0.463333
210 35.568000 0.510000 0.081333 0.400000
932 35.621667 0.503333 0.040667 0.326667
961 35.654000 0.493333 0.044000 0.326667
121 35.678667 0.498333 0.020000 0.310000
541 35.768000 0.496667 0.173333 0.866667
916 35.925667 0.505000 0.156667 0.783333
756 36.074667 0.508333 0.158667 0.503333
142 36.191000 0.505000 0.092667 0.450000
689 36.274000 0.491667 0.088000 0.430000
1005 36.326333 0.501667 0.035333 0.296667
1017 36.352667 0.493333 0.030667 0.253333
953 36.381000 0.488333 0.040667 0.336667
215 36.471000 0.503333 0.156667 0.786667
53 36.602667 0.500000 0.125333 0.433333
192 36.745667 0.498333 0.175333 0.876667
959 36.846333 0.501667 0.040667 0.303333
412 36.908000 0.510000 0.098667 0.506667
350 37.017667 0.503333 0.134000 0.406667
154 37.115333 0.508333 0.078667 0.376667
321 37.200000 0.508333 0.106667 0.456667
378 37.303000 0.500000 0.114000 0.313333
206 37.452000 0.496667 0.201333 1.006667
627 37.632000 0.493333 0.172000 0.586667
110 37.776333 0.491667 0.130000 0.463333
793 37.884000 0.491667 0.104000 0.423333
340 37.995667 0.503333 0.139333 0.440000
25 38.111000 0.510000 0.107333 0.386667
686 38.206333 0.498333 0.096667 0.470000
344 38.308667 0.501667 0.128000 0.350000
873 38.401667 0.493333 0.071333 0.340000
530 38.478000 0.496667 0.096000 0.446667
76 38.579333 0.508333 0.126667 0.396667
19 38.691000 0.491667 0.114000 0.376667
821 38.824333 0.495000 0.171333 0.856667
611 38.946333 0.498333 0.086000 0.330000
600 39.041667 0.501667 0.120667 0.356667
983 39.111333 0.508333 0.037333 0.303333
974 39.147667 0.490000 0.051333 0.373333
952 39.187333 0.508333 0.046667 0.356667
900 39.278667 0.490000 0.152000 0.446667
998 39.363667 0.500000 0.038000 0.293333
554 39.456000 0.503333 0.164000 0.820000
835 39.587333 0.496667 0.118667 0.486667
669 39.695000 0.500000 0.114000 0.386667
468 39.786333 0.495000 0.086000 0.443333
850 39.881000 0.493333 0.116667 0.493333
938 39.956333 0.491667 0.050000 0.376667
812 40.045000 0.501667 0.140667 0.330000
755 40.167333 0.508333 0.121333 0.370000
514 40.287333 0.505000 0.137333 0.430000
728 40.375333 0.510000 0.053333 0.480000
606 40.448000 0.501667 0.112000 0.336667
559 40.526667 0.491667 0.064000 0.310000
284 40.611000 0.508333 0.120667 0.430000
648 40.708333 0.505000 0.088667 0.383333
762 40.791333 0.500000 0.093333 0.433333
699 40.906000 0.495000 0.152000 0.416667
911 41.024000 0.505000 0.101333 0.383333
758 41.146333 0.510000 0.163333 0.466667
524 41.277667 0.490000 0.119333 0.380000
280 41.394333 0.495000 0.128667 0.416667
190 41.542333 0.508333 0.184667 0.923333
135 41.694000 0.496667 0.133333 0.426667
245 41.780000 0.505000 0.056000 0.350000
396 41.867667 0.505000 0.134000 0.383333
572 41.972333 0.495000 0.094000 0.396667
732 42.056333 0.508333 0.088667 0.436667
866 42.170000 0.491667 0.156000 0.496667
683 42.343000 0.495000 0.203333 1.016667
425 42.476333 0.506667 0.078000 0.460000
511 42.562333 0.508333 0.107333 0.336667
783 42.652667 0.501667 0.089333 0.470000
513 42.735333 0.493333 0.096000 0.320000
297 42.807667 0.501667 0.067333 0.370000
180 42.915667 0.498333 0.167333 0.836667
45 43.020333 0.498333 0.062000 0.310000
664 43.089333 0.496667 0.089333 0.313333
767 43.178000 0.503333 0.108000 0.313333
1016 43.239000 0.508333 0.030000 0.250000
893 43.343333 0.501667 0.198667 0.570000
638 43.492333 0.496667 0.114000 0.460000
330 43.595000 0.506667 0.110000 0.420000
1004 43.663000 0.490000 0.043333 0.333333
49 43.774000 0.495000 0.198667 0.990000
114 43.906000 0.505000 0.080000 0.390000
328 44.023000 0.506667 0.170000 0.406667
927 44.119000 0.508333 0.042000 0.296667
401 44.171333 0.501667 0.077333 0.410000
359 44.309333 0.503333 0.217333 1.086667
898 44.486000 0.496667 0.154667 0.493333
856 44.632333 0.501667 0.156667 0.383333
830 44.745000 0.493333 0.086000 0.360000
748 44.835333 0.491667 0.109333 0.383333
837 44.928667 0.488333 0.092000 0.443333
173 45.025000 0.510000 0.119333 0.540000
587 45.138333 0.498333 0.126000 0.396667
472 45.224000 0.498333 0.062667 0.343333
21 45.291333 0.510000 0.088000 0.293333
608 45.382333 0.508333 0.111333 0.363333
509 45.487000 0.505000 0.115333 0.390000
302 45.570667 0.493333 0.065333 0.373333
413 45.665333 0.505000 0.137333 0.550000
128 45.824000 0.506667 0.193333 0.966667
178 45.976000 0.500000 0.125333 0.453333
50 46.093000 0.506667 0.123333 0.380000
593 46.256000 0.490000 0.217333 1.086667
913 46.421333 0.498333 0.133333 0.403333
564 46.556667 0.506667 0.152000 0.313333
691 46.675000 0.510000 0.100667 0.493333
617 46.774000 0.490000 0.113333 0.480000
640 46.865333 0.508333 0.085333 0.436667
196 46.949000 0.506667 0.098000 0.433333
915 47.033333 0.491667 0.090667 0.730000
747 47.125333 0.498333 0.109333 0.470000
658 47.203000 0.501667 0.060667 0.350000
506 47.241667 0.500000 0.030000 0.340000
709 47.303333 0.505000 0.108000 0.456667
411 47.431333 0.503333 0.161333 0.806667
404 47.553667 0.498333 0.096667 0.483333
951 47.618667 0.491667 0.046667 0.350000
895 47.739333 0.506667 0.212000 1.060000
786 47.876333 0.491667 0.076667 0.476667
551 47.982667 0.506667 0.150667 0.473333
768 48.093000 0.501667 0.086000 0.203333
144 48.170333 0.490000 0.086000 0.393333
82 48.243667 0.496667 0.080667 0.600000
59 48.360333 0.495000 0.172667 0.863333
398 48.483000 0.493333 0.092667 0.473333
233 48.579000 0.495000 0.115333 0.556667
930 48.651333 0.506667 0.042667 0.360000
226 48.710000 0.496667 0.088000 0.420000
337 48.870000 0.491667 0.250667 0.563333
198 49.077000 0.498333 0.183333 0.916667
775 49.201333 0.491667 0.082667 0.410000
986 49.256000 0.498333 0.045333 0.350000
832 49.317667 0.508333 0.094000 0.376667
441 49.388000 0.491667 0.061333 0.310000
310 49.442333 0.505000 0.060667 0.343333
268 49.560667 0.503333 0.193333 0.966667
807 49.736667 0.496667 0.176000 0.880000
972 49.839667 0.501667 0.043333 0.330000
75 49.922000 0.496667 0.140000 0.433333
977 50.004333 0.488333 0.038000 0.310000
675 50.079667 0.505000 0.128667 0.416667
610 50.199667 0.501667 0.126000 0.390000
461 50.293333 0.495000 0.080000 0.416667
619 50.375000 0.488333 0.102000 0.523333
117 50.473667 0.506667 0.114000 0.346667
42 50.553667 0.505000 0.059333 0.330000
872 50.644000 0.491667 0.137333 0.396667
318 50.744333 0.508333 0.082000 0.396667
955 50.793333 0.506667 0.033333 0.266667
187 50.850000 0.506667 0.100000 0.500000
779 50.912000 0.503333 0.037333 0.353333
621 50.942000 0.508333 0.042667 0.450000
24 51.023667 0.496667 0.135333 0.460000
259 51.127667 0.493333 0.088667 0.440000
92 51.259333 0.500000 0.193333 0.966667
650 51.412667 0.506667 0.130667 0.426667
819 51.530333 0.503333 0.118000 0.260000
437 51.618000 0.490000 0.077333 0.386667
743 51.687333 0.501667 0.077333 0.336667
116 51.778000 0.503333 0.122667 0.366667
195 51.883333 0.505000 0.101333 0.410000
267 51.995000 0.496667 0.142000 0.466667
993 52.078667 0.506667 0.041333 0.340000
155 52.136333 0.496667 0.092667 0.480000
86 52.214667 0.495000 0.078667 0.363333
406 52.305667 0.505000 0.118000 0.463333
852 52.400667 0.506667 0.085333 0.393333
726 52.483333 0.490000 0.093333 0.500000
718 52.623667 0.498333 0.200667 0.510000
975 52.738333 0.496667 0.047333 0.366667
445 52.791000 0.488333 0.076667 0.436667
51 52.881000 0.508333 0.123333 0.390000
482 52.966333 0.500000 0.062000 0.366667
666 53.045000 0.488333 0.114000 0.436667
85 53.154667 0.501667 0.121333 0.483333
355 53.312333 0.501667 0.208667 1.043333
789 53.437000 0.491667 0.060667 0.370000
754 53.532000 0.495000 0.144000 0.696667
420 53.639000 0.496667 0.090000 0.360000
278 53.751000 0.510000 0.152667 0.460000
833 53.863667 0.505000 0.086000 0.356667
901 53.960000 0.506667 0.126667 0.360000
431 54.066667 0.503333 0.106667 0.366667
393 54.178667 0.495000 0.134667 0.390000
343 54.298667 0.506667 0.120000 0.326667
57 54.373333 0.503333 0.045333 0.273333
599 54.456333 0.493333 0.140667 0.426667
360 54.630667 0.500000 0.224000 1.120000
623 54.817333 0.508333 0.164000 0.536667
290 54.944333 0.500000 0.108667 0.340000
332 55.113667 0.510000 0.247333 0.593333
883 55.337333 0.503333 0.220000 1.100000
1008 55.462667 0.510000 0.048000 0.366667
735 55.545667 0.506667 0.131333 0.540000
229 55.653333 0.508333 0.097333 0.390000
1000 55.718000 0.501667 0.049333 0.370000
892 55.835333 0.503333 0.205333 1.026667
575 55.989667 0.501667 0.123333 0.403333
40 56.087667 0.500000 0.091333 0.306667
428 56.164000 0.496667 0.080000 0.540000
792 56.239667 0.491667 0.091333 0.376667
703 56.346000 0.493333 0.136000 0.446667
642 56.446667 0.493333 0.082667 0.326667
543 56.565333 0.500000 0.169333 0.520000
943 56.664000 0.491667 0.042667 0.350000
108 56.759000 0.491667 0.167333 0.836667
349 56.914000 0.505000 0.157333 0.463333
1007 57.001667 0.508333 0.034000 0.270000
503 57.073667 0.488333 0.124667 0.316667
442 57.154000 0.508333 0.052000 0.310000
9 57.225333 0.501667 0.109333 0.443333
936 57.293667 0.488333 0.042000 0.323333
395 57.363333 0.495000 0.113333 0.310000
985 57.432000 0.491667 0.044000 0.323333
796 57.516000 0.490000 0.141333 0.586667
589 57.632667 0.488333 0.105333 0.430000
963 57.696000 0.508333 0.038667 0.316667
838 57.763333 0.498333 0.109333 0.450000
345 57.865667 0.493333 0.112667 0.346667
73 57.988667 0.501667 0.146667 0.483333
633 58.140000 0.493333 0.176000 0.880000
93 58.327000 0.501667 0.214000 0.456667
991 58.448667 0.490000 0.042667 0.320000
334 58.523333 0.500000 0.122667 0.366667
734 58.668000 0.503333 0.184000 0.493333
771 58.801667 0.500000 0.103333 0.506667
289 58.945000 0.501667 0.199333 0.383333
440 59.068333 0.510000 0.064667 0.366667
940 59.110000 0.503333 0.038667 0.320000
254 59.183333 0.503333 0.125333 0.473333
674 59.302000 0.506667 0.126667 0.433333
884 59.419667 0.500000 0.122000 0.446667
408 59.528333 0.490000 0.110000 0.420000
399 59.635667 0.505000 0.119333 0.403333
723 59.744333 0.498333 0.116667 0.403333
890 59.852333 0.496667 0.114000 0.460000
924 59.919667 0.505000 0.039333 0.290000
774 59.958667 0.488333 0.053333 0.303333
573 60.027667 0.491667 0.099333 0.403333
366 60.139333 0.498333 0.142667 0.390000
185 60.250333 0.490000 0.094000 0.373333
488 60.328333 0.505000 0.078000 0.383333
156 60.442000 0.490000 0.168000 0.840000
865 60.576000 0.491667 0.114667 0.383333
429 60.678667 0.498333 0.104000 0.356667
736 60.758333 0.506667 0.070000 0.420000
84 60.844667 0.490000 0.121333 0.333333
721 60.973333 0.505000 0.156000 0.476667
882 61.102000 0.491667 0.116000 0.456667
312 61.209333 0.505000 0.113333 0.403333
552 61.281667 0.498333 0.048667 0.336667
134 61.353000 0.493333 0.108667 0.373333
324 61.457333 0.491667 0.120000 0.590000
620 61.582000 0.505000 0.146667 0.623333
684 61.710000 0.508333 0.124000 0.436667
202 61.829333 0.493333 0.134667 0.520000
459 61.918000 0.501667 0.056000 0.330000
553 61.994000 0.510000 0.113333 0.386667
1012 62.064667 0.510000 0.041333 0.300000
207 62.174333 0.495000 0.195333 0.976667
844 62.319667 0.505000 0.110000 0.496667
1021 62.383667 0.490000 0.036667 0.266667
570 62.434333 0.501667 0.079333 0.350000
787 62.506333 0.505000 0.083333 0.516667
67 62.638667 0.493333 0.196000 0.980000
285 62.791000 0.500000 0.124667 0.446667
485 62.878667 0.495000 0.070667 0.423333
127 62.987000 0.498333 0.163333 0.816667
388 63.139667 0.503333 0.158000 0.440000
505 63.247667 0.491667 0.075333 0.316667
427 63.376333 0.498333 0.199333 0.996667
129 63.544667 0.506667 0.156000 0.566667
223 63.654000 0.501667 0.082667 0.416667
502 63.730333 0.491667 0.083333 0.396667
147 63.814000 0.495000 0.098667 0.423333
107 63.969333 0.490000 0.230667 0.500000
409 64.184333 0.491667 0.216667 1.083333
319 64.330000 0.490000 0.093333 0.326667
33 64.417667 0.510000 0.095333 0.326667
1013 64.478000 0.500000 0.045333 0.333333
954 64.509667 0.498333 0.034000 0.270000
208 64.567000 0.493333 0.100667 0.506667
1015 64.627667 0.510000 0.034000 0.280000
228 64.689667 0.493333 0.107333 0.540000
90 64.825000 0.501667 0.179333 0.896667
364 64.987000 0.503333 0.162000 0.413333
422 65.102333 0.506667 0.083333 0.313333
912 65.180333 0.491667 0.092667 0.363333
165 65.286667 0.505000 0.136000 0.476667
601 65.397333 0.491667 0.100000 0.303333
20 65.497000 0.505000 0.116667 0.396667
906 65.606667 0.496667 0.120000 0.333333
374 65.740667 0.496667 0.166667 0.833333
158 65.926000 0.500000 0.218667 1.093333
13 66.074667 0.490000 0.094667 0.306667
887 66.171667 0.508333 0.116667 0.383333
283 66.290000 0.500000 0.140000 0.486667
813 66.406667 0.506667 0.106667 0.373333
244 66.522333 0.496667 0.144667 0.386667
304 66.619333 0.506667 0.069333 0.386667
716 66.759333 0.500000 0.228000 1.140000
603 66.953000 0.501667 0.178000 0.436667
460 67.066333 0.488333 0.064667 0.323333
546 67.136667 0.501667 0.093333 0.363333
111 67.218000 0.506667 0.082667 0.360000
605 67.317333 0.488333 0.134667 0.363333
711 67.464000 0.493333 0.176000 0.880000
761 67.604000 0.493333 0.118667 0.386667
292 67.702000 0.503333 0.097333 0.386667
246 67.821000 0.498333 0.158000 0.550000
766 67.959000 0.510000 0.131333 0.380000
848 68.077333 0.508333 0.120000 0.363333
851 68.193000 0.501667 0.124667 0.516667
548 68.322000 0.510000 0.146667 0.460000
81 68.448333 0.496667 0.126000 0.500000
561 68.588000 0.508333 0.173333 0.356667
218 68.724667 0.510000 0.116000 0.473333
744 68.833333 0.491667 0.120000 0.503333
8 68.941333 0.500000 0.112000 0.413333
279 69.034667 0.490000 0.092000 0.513333
757 69.148667 0.505000 0.153333 0.436667
698 69.248000 0.488333 0.064000 0.330000
36 69.315667 0.488333 0.086000 0.330000
200 69.404333 0.503333 0.110000 0.553333
584 69.546333 0.501667 0.192667 0.963333
875 69.697333 0.491667 0.125333 0.316667
317 69.806667 0.508333 0.112000 0.450000
841 69.905000 0.488333 0.098000 0.423333
834 69.988667 0.498333 0.088000 0.376667
788 70.105667 0.488333 0.162000 0.810000
964 70.193000 0.496667 0.032667 0.273333
231 70.262667 0.503333 0.126667 0.526667
670 70.381000 0.491667 0.130000 0.450000
331 70.549333 0.490000 0.220000 1.100000
383 70.731000 0.493333 0.158000 0.446667
275 70.829000 0.493333 0.052667 0.320000
877 70.894333 0.506667 0.096667 0.473333
163 70.999333 0.496667 0.132000 0.466667
326 71.096667 0.505000 0.081333 0.370000
269 71.224333 0.491667 0.194000 0.623333
692 71.359667 0.500000 0.091333 0.446667
516 71.462000 0.506667 0.126667 0.433333
423 71.588333 0.503333 0.140667 0.440000
592 71.721667 0.506667 0.143333 0.460000
935 71.803333 0.501667 0.040000 0.296667
299 71.872333 0.506667 0.111333 0.433333
18 71.974667 0.506667 0.108000 0.353333
525 72.068000 0.506667 0.096000 0.313333
1014 72.126000 0.496667 0.037333 0.280000
782 72.186333 0.508333 0.096667 0.443333
614 72.313333 0.510000 0.172000 0.860000
805 72.454000 0.488333 0.124000 0.376667
160 72.541333 0.498333 0.066667 0.350000
764 72.601000 0.491667 0.066000 0.343333
327 72.688000 0.510000 0.125333 0.353333
392 72.815000 0.488333 0.148667 0.416667
622 72.967000 0.500000 0.168667 0.573333
946 73.061333 0.508333 0.036000 0.270000
369 73.153667 0.503333 0.166000 0.480000
981 73.250667 0.498333 0.044000 0.356667
255 73.330667 0.498333 0.134667 0.510000
886 73.449333 0.505000 0.120000 0.396667
130 73.599000 0.500000 0.195333 0.406667
798 73.736667 0.501667 0.093333 0.376667
639 73.813667 0.500000 0.075333 0.373333
325 73.905333 0.498333 0.124000 0.490000
843 74.018333 0.493333 0.119333 0.493333
313 74.135333 0.500000 0.132000 0.480000
172 74.251333 0.508333 0.118667 0.416667
588 74.349667 0.493333 0.098000 0.446667
273 74.421333 0.510000 0.058667 0.340000
384 74.510333 0.506667 0.135333 0.426667
523 74.619333 0.496667 0.096000 0.306667
201 74.707000 0.506667 0.096667 0.473333
818 74.820667 0.508333 0.150667 0.430000
489 74.916667 0.501667 0.061333 0.356667
526 75.011000 0.500000 0.142000 0.366667
529 75.139000 0.491667 0.130000 0.510000
644 75.243333 0.503333 0.093333 0.433333
491 75.335333 0.503333 0.104000 0.506667
3 75.421000 0.500000 0.083333 0.386667
649 75.496333 0.505000 0.087333 0.463333
677 75.580333 0.493333 0.099333 0.326667
486 75.651667 0.503333 0.060667 0.320000
241 75.711667 0.500000 0.075333 0.406667
655 75.783000 0.503333 0.086000 0.360000
380 75.901333 0.496667 0.170667 0.853333
405 76.025667 0.510000 0.098000 0.380000
801 76.116333 0.503333 0.100667 0.373333
842 76.213667 0.496667 0.114000 0.473333
849 76.324000 0.505000 0.125333 0.510000
389 76.435000 0.505000 0.116667 0.363333
653 76.566000 0.503333 0.158667 0.526667
101 76.748000 0.500000 0.224000 1.120000
465 76.889000 0.510000 0.071333 0.426667
52 76.974000 0.506667 0.118667 0.393333
88 77.103667 0.491667 0.155333 0.776667
162 77.231333 0.488333 0.113333 0.430000
811 77.329667 0.493333 0.103333 0.280000
109 77.452333 0.488333 0.160667 0.350000
47 77.573333 0.498333 0.097333 0.470000
624 77.722333 0.508333 0.218000 1.090000
534 77.864667 0.510000 0.081333 0.320000
569 77.939667 0.508333 0.083333 0.363333
189 78.036333 0.501667 0.123333 0.503333
68 78.148667 0.495000 0.118667 0.343333
858 78.264667 0.506667 0.130667 0.433333
578 78.361000 0.496667 0.082000 0.320000
731 78.427333 0.493333 0.068000 0.340000
933 78.475667 0.490000 0.047333 0.346667
95 78.594667 0.495000 0.205333 0.436667
140 78.741000 0.490000 0.103333 0.553333
112 78.841667 0.495000 0.115333 0.383333
859 78.963667 0.500000 0.142000 0.406667
10 79.070000 0.498333 0.088000 0.316667
794 79.136333 0.503333 0.058000 0.346667
356 79.267333 0.496667 0.218667 1.093333
166 79.434667 0.495000 0.129333 0.456667
990 79.508333 0.503333 0.034000 0.260000
170 79.575333 0.510000 0.116000 0.433333
710 79.706000 0.501667 0.158667 0.396667
598 79.832000 0.506667 0.108000 0.320000
814 79.953000 0.493333 0.154000 0.393333
934 80.045333 0.491667 0.045333 0.343333
536 80.171000 0.498333 0.219333 1.096667
462 80.307333 0.500000 0.073333 0.440000
558 80.378000 0.496667 0.082667 0.400000
270 80.479333 0.506667 0.136000 0.413333
508 80.573000 0.495000 0.070000 0.370000
577 80.651667 0.490000 0.104667 0.413333
864 80.738667 0.490000 0.085333 0.333333
385 80.871667 0.488333 0.200667 1.003333
604 81.030667 0.508333 0.136000 0.430000
402 81.160000 0.495000 0.142667 0.370000
790 81.253667 0.508333 0.063333 0.370000
685 81.325000 0.493333 0.095333 0.386667
708 81.414000 0.510000 0.100000 0.460000
377 81.534667 0.498333 0.154667 0.423333
221 81.646333 0.508333 0.086000 0.436667
29 81.762000 0.506667 0.158667 0.446667
323 81.951667 0.490000 0.239333 0.480000
987 82.085000 0.491667 0.046000 0.336667
473 82.130333 0.505000 0.064667 0.383333
715 82.241000 0.505000 0.174000 0.476667
923 82.340667 0.506667 0.040000 0.300000
538 82.431000 0.505000 0.155333 0.776667
714 82.601667 0.495000 0.204667 1.023333
846 82.735333 0.490000 0.082667 0.406667
301 82.805000 0.505000 0.070000 0.396667
1019 82.853000 0.496667 0.042000 0.306667
576 82.922000 0.490000 0.113333 0.440000
15 83.025000 0.510000 0.107333 0.380000
660 83.120667 0.491667 0.102667 0.356667
444 83.199000 0.493333 0.070000 0.366667
387 83.293000 0.491667 0.131333 0.350000
631 83.430667 0.493333 0.157333 0.786667
826 83.560667 0.495000 0.118667 0.490000
394 83.680333 0.500000 0.139333 0.380000
143 83.788667 0.503333 0.096000 0.406667
967 83.851000 0.500000 0.047333 0.346667
272 83.944333 0.493333 0.158000 0.466667
982 84.037000 0.500000 0.046000 0.360000
193 84.103000 0.495000 0.104667 0.416667
376 84.240667 0.510000 0.190667 0.953333
1018 84.344667 0.495000 0.034667 0.276667
61 84.403667 0.508333 0.099333 0.510000
139 84.475333 0.493333 0.058667 0.340000
742 84.583000 0.505000 0.170000 0.850000
854 84.754333 0.506667 0.190000 0.573333
607 84.889000 0.488333 0.099333 0.303333
58 84.960000 0.498333 0.056000 0.283333
32 85.046333 0.510000 0.134000 0.440000
22 85.164667 0.490000 0.121333 0.406667
896 85.273333 0.500000 0.113333 0.326667
97 85.418333 0.491667 0.194000 0.970000
596 85.574333 0.488333 0.136667 0.403333
183 85.689333 0.500000 0.108000 0.446667
816 85.795333 0.505000 0.124000 0.356667
971 85.869000 0.503333 0.040667 0.293333
258 85.934333 0.493333 0.103333 0.353333
463 86.006667 0.508333 0.058667 0.356667
737 86.059000 0.505000 0.059333 0.396667
212 86.126000 0.495000 0.089333 0.390000
654 86.252333 0.498333 0.183333 0.916667
44 86.394333 0.488333 0.115333 0.456667
968 86.465333 0.505000 0.040000 0.323333
494 86.524333 0.505000 0.091333 0.430000
733 86.609333 0.491667 0.093333 0.556667
973 86.665333 0.500000 0.038667 0.280000
672 86.733333 0.508333 0.112000 0.383333
407 86.826667 0.491667 0.092000 0.343333
696 86.927667 0.488333 0.123333 0.283333
679 87.021000 0.505000 0.076667 0.463333
225 87.102000 0.493333 0.105333 0.480000
336 87.197667 0.503333 0.104667 0.500000
381 87.318000 0.491667 0.154667 0.423333
565 87.462333 0.510000 0.147333 0.326667
421 87.622333 0.498333 0.188667 0.943333
545 87.758333 0.488333 0.099333 0.363333
400 87.823000 0.506667 0.047333 0.440000
637 87.871667 0.493333 0.064667 0.340000
96 87.995333 0.488333 0.202667 0.436667
291 88.150333 0.501667 0.122000 0.483333
960 88.227667 0.503333 0.051333 0.373333
931 88.270000 0.506667 0.046667 0.340000
370 88.356667 0.490000 0.140000 0.406667
456 88.445000 0.501667 0.055333 0.323333
945 88.480333 0.505000 0.035333 0.290000
586 88.557000 0.500000 0.134000 0.420000
239 88.674667 0.495000 0.116000 0.716667
695 88.826667 0.500000 0.208000 1.040000
808 88.969667 0.491667 0.091333 0.416667
382 89.116333 0.501667 0.219333 1.096667
466 89.247333 0.503333 0.062667 0.333333
452 89.308333 0.505000 0.079333 0.416667
665 89.394667 0.498333 0.110667 0.416667
836 89.494333 0.501667 0.106000 0.523333
164 89.591000 0.503333 0.102000 0.366667
432 89.704333 0.508333 0.142000 0.303333
168 89.823000 0.491667 0.110000 0.423333
662 89.923000 0.503333 0.106000 0.346667
636 90.015000 0.491667 0.096667 0.243333
175 90.105667 0.505000 0.098000 0.376667
167 90.238000 0.496667 0.180000 0.900000
542 90.416667 0.506667 0.190667 0.953333
94 90.599667 0.501667 0.195333 0.976667
504 90.753667 0.495000 0.126000 0.370000
750 90.869000 0.493333 0.120667 0.446667
512 90.970667 0.500000 0.096000 0.313333
294 91.105333 0.503333 0.190667 0.953333
438 91.260667 0.495000 0.133333 0.403333
495 91.350333 0.488333 0.066000 0.323333
910 91.425000 0.498333 0.096667 0.303333
641 91.504333 0.500000 0.080667 0.386667
568 91.597333 0.510000 0.122667 0.613333
948 91.671667 0.495000 0.040667 0.296667
397 91.736667 0.506667 0.108000 0.446667
346 91.851667 0.495000 0.139333 0.370000
417 91.956000 0.498333 0.088000 0.430000
161 92.059000 0.493333 0.136667 0.500000
580 92.210333 0.496667 0.180667 0.460000
878 92.339667 0.503333 0.092667 0.473333
220 92.438333 0.493333 0.118000 0.486667
676 92.544333 0.501667 0.107333 0.356667
78 92.697000 0.491667 0.216667 1.083333
528 92.850667 0.490000 0.109333 0.353333
99 93.011000 0.505000 0.228667 1.143333
532 93.166000 0.506667 0.101333 0.513333
550 93.245333 0.510000 0.070667 0.353333
840 93.315667 0.508333 0.087333 0.423333
515 93.410667 0.508333 0.117333 0.390000
414 93.577000 0.498333 0.230000 1.150000
341 93.722000 0.490000 0.076000 0.320000
625 93.828000 0.498333 0.154667 0.523333
869 93.926333 0.500000 0.056667 0.353333
372 94.011000 0.498333 0.127333 0.390000
320 94.124333 0.510000 0.119333 0.406667
213 94.228000 0.496667 0.102667 0.420000
148 94.347000 0.496667 0.155333 0.426667
533 94.474333 0.491667 0.112667 0.383333
980 94.544667 0.500000 0.042667 0.340000
113 94.598000 0.490000 0.084000 0.380000
520 94.686667 0.493333 0.110667 0.346667
149 94.839333 0.503333 0.213333 1.066667
905 95.012667 0.500000 0.153333 0.486667
235 95.123333 0.488333 0.084000 0.383333
904 95.194333 0.495000 0.076667 0.396667
795 95.253333 0.491667 0.058667 0.343333
958 95.293667 0.491667 0.036667 0.296667
820 95.355333 0.500000 0.104000 0.440000
562 95.488667 0.501667 0.181333 0.410000
43 95.614667 0.505000 0.090667 0.363333
629 95.728333 0.500000 0.154000 0.513333
868 95.836000 0.495000 0.078667 0.450000
1023 95.884667 0.498333 0.036000 0.270000
54 95.929333 0.488333 0.073333 0.383333
693 96.000667 0.510000 0.086667 0.420000
563 96.120667 0.503333 0.168000 0.346667
547 96.227333 0.510000 0.065333 0.373333
469 96.283000 0.505000 0.066000 0.350000
501 96.356333 0.510000 0.094000 0.440000
475 96.434667 0.491667 0.081333 0.416667
490 96.495333 0.506667 0.060000 0.306667
647 96.560000 0.508333 0.085333 0.443333
870 96.628000 0.505000 0.065333 0.336667
853 96.711667 0.505000 0.115333 0.543333
403 96.852333 0.496667 0.180667 0.540000
738 96.981000 0.495000 0.092667 0.456667
970 97.038333 0.500000 0.036667 0.266667
522 97.101333 0.500000 0.104000 0.326667
969 97.166000 0.505000 0.041333 0.323333
759 97.233000 0.491667 0.108667 0.356667
615 97.364000 0.493333 0.166667 0.833333
741 97.485667 0.490000 0.092667 0.320000
335 97.603333 0.505000 0.156000 0.510000
717 97.756333 0.501667 0.170000 0.470000
1022 97.852667 0.491667 0.041333 0.330000
889 97.921333 0.491667 0.112000 0.383333
7 98.033333 0.496667 0.128000 0.413333
831 98.147333 0.506667 0.120000 0.500000
314 98.250333 0.493333 0.100667 0.366667
35 98.338667 0.505000 0.096000 0.323333
920 98.419667 0.501667 0.086000 0.323333
209 98.507667 0.500000 0.110000 0.460000
926 98.575333 0.501667 0.045333 0.330000
199 98.635000 0.491667 0.087333 0.356667
358 98.743333 0.488333 0.146667 0.430000
824 98.866000 0.500000 0.114667 0.473333
361 98.983667 0.508333 0.138000 0.383333
224 99.101333 0.495000 0.117333 0.470000
829 99.214000 0.496667 0.126667 0.526667
453 99.310000 0.488333 0.085333 0.436667
357 99.397000 0.508333 0.108667 0.296667
612 99.505000 0.488333 0.122000 0.323333
781 99.592333 0.498333 0.066000 0.330000
277 99.649667 0.498333 0.064667 0.296667
230 99.740000 0.501667 0.129333 0.503333
888 99.903000 0.508333 0.210000 1.050000
694 100.040333 0.491667 0.082000 0.403333
497 100.138667 0.491667 0.134667 0.343333
203 100.237333 0.508333 0.082667 0.416667
74 100.331000 0.495000 0.122000 0.376667
264 100.482667 0.490000 0.200000 1.000000
80 100.616000 0.496667 0.084000 0.420000
663 100.714333 0.490000 0.130000 0.466667
992 100.787333 0.498333 0.033333 0.270000
976 100.818667 0.496667 0.046667 0.360000
77 100.888000 0.510000 0.105333 0.266667
667 101.000333 0.495000 0.135333 0.450000
643 101.109000 0.505000 0.100667 0.356667
375 101.217000 0.495000 0.134000 0.363333
978 101.297333 0.490000 0.042667 0.340000
6 101.350000 0.510000 0.081333 0.300000
549 101.429333 0.510000 0.096000 0.326667
827 101.525667 0.495000 0.115333 0.516667
863 101.616333 0.493333 0.084667 0.406667
443 101.696333 0.500000 0.091333 0.466667
153 101.771667 0.495000 0.074000 0.330000
881 101.849667 0.508333 0.102000 0.343333
386 101.948333 0.500000 0.110000 0.306667
266 102.067333 0.510000 0.148000 0.480000
315 102.187667 0.501667 0.111333 0.390000
415 102.337333 0.500000 0.208000 1.040000
176 102.499333 0.506667 0.134667 0.473333
531 102.670000 0.493333 0.221333 1.106667
439 102.814667 0.505000 0.086667 0.356667
729 102.863000 0.488333 0.024667 0.303333
966 102.884333 0.495000 0.034000 0.283333
652 103.002333 0.501667 0.222000 1.110000
430 103.154000 0.505000 0.098667 0.416667
296 103.247333 0.496667 0.104000 0.400000
211 103.334333 0.500000 0.088667 0.400000
34 103.421667 0.496667 0.100667 0.380000
493 103.497000 0.508333 0.070000 0.383333
