384 0.075667 0.488333 0.144667 0.416667
385 0.218000 0.500000 0.156000 0.420000
912 0.332000 0.491667 0.088000 0.343333
485 0.403000 0.493333 0.074000 0.380000
775 0.469333 0.495000 0.076000 0.376667
245 0.537333 0.491667 0.078667 0.316667
769 0.622333 0.498333 0.106000 0.316667
861 0.696000 0.491667 0.054667 0.423333
130 0.807000 0.488333 0.184667 0.383333
814 0.951667 0.498333 0.122000 0.410000
28 1.064333 0.510000 0.116667 0.406667
868 1.149667 0.503333 0.071333 0.413333
862 1.212000 0.493333 0.069333 0.380000
534 1.285333 0.510000 0.096000 0.420000
366 1.387000 0.490000 0.120667 0.320000
267 1.533333 0.506667 0.190667 0.573333
321 1.678000 0.510000 0.112000 0.493333
836 1.767000 0.506667 0.083333 0.420000
577 1.844000 0.506667 0.090667 0.353333
786 1.918333 0.510000 0.075333 0.466667
133 2.010333 0.506667 0.126000 0.386667
631 2.133333 0.505000 0.136000 0.450000
1023 2.216667 0.496667 0.048000 0.360000
922 2.252333 0.496667 0.040667 0.353333
799 2.311000 0.496667 0.095333 0.380000
801 2.392333 0.495000 0.080667 0.310000
165 2.481000 0.490000 0.111333 0.426667
236 2.587333 0.505000 0.120000 0.536667
481 2.670333 0.490000 0.063333 0.366667
632 2.773000 0.505000 0.155333 0.776667
460 2.882000 0.496667 0.081333 0.413333
617 2.970667 0.501667 0.112000 0.496667
72 3.111333 0.493333 0.185333 0.926667
90 3.283000 0.495000 0.175333 0.876667
468 3.393667 0.491667 0.062000 0.316667
274 3.455667 0.493333 0.082000 0.400000
457 3.521667 0.508333 0.067333 0.403333
29 3.605667 0.495000 0.116667 0.356667
670 3.700333 0.498333 0.090000 0.290000
414 3.841333 0.510000 0.206667 1.033333
455 3.971667 0.491667 0.070000 0.376667
798 4.055000 0.491667 0.112667 0.416667
668 4.149667 0.491667 0.091333 0.303333
526 4.256667 0.488333 0.137333 0.370000
784 4.347667 0.490000 0.064667 0.553333
932 4.390333 0.493333 0.038000 0.306667
300 4.429333 0.500000 0.057333 0.186667
75 4.521333 0.491667 0.144000 0.443333
301 4.620000 0.498333 0.069333 0.383333
663 4.695333 0.488333 0.101333 0.323333
48 4.828000 0.506667 0.180000 0.900000
660 4.955667 0.508333 0.088667 0.283333
554 5.069333 0.495000 0.157333 0.456667
918 5.196000 0.505000 0.116000 0.423333
225 5.310667 0.491667 0.128000 0.536667
492 5.409333 0.510000 0.088000 0.413333
333 5.519333 0.500000 0.148000 0.340000
454 5.619000 0.490000 0.071333 0.366667
878 5.691667 0.493333 0.087333 0.440000
170 5.818667 0.493333 0.181333 0.906667
43 5.958000 0.488333 0.113333 0.450000
496 6.066333 0.490000 0.122000 0.500000
649 6.168333 0.495000 0.099333 0.523333
59 6.319667 0.495000 0.222000 1.110000
91 6.508667 0.491667 0.169333 0.363333
947 6.609000 0.488333 0.046000 0.343333
633 6.718333 0.508333 0.190000 0.950000
812 6.862667 0.495000 0.116000 0.390000
574 6.949000 0.508333 0.071333 0.290000
745 7.027667 0.501667 0.106000 0.396667
586 7.130333 0.491667 0.112667 0.330000
869 7.212000 0.505000 0.070667 0.476667
373 7.334333 0.501667 0.191333 0.956667
653 7.506667 0.500000 0.172000 0.560000
699 7.647000 0.495000 0.123333 0.336667
425 7.752667 0.495000 0.102667 0.610000
609 7.829667 0.508333 0.064667 0.270000
644 7.896000 0.501667 0.082667 0.370000
121 7.940667 0.498333 0.025333 0.410000
303 7.979333 0.508333 0.072000 0.410000
44 8.064000 0.493333 0.114667 0.446667
738 8.155000 0.506667 0.084667 0.386667
620 8.299333 0.493333 0.218667 1.093333
105 8.486333 0.498333 0.170000 0.363333
307 8.594667 0.491667 0.066667 0.376667
623 8.703333 0.490000 0.169333 0.846667
956 8.799667 0.506667 0.039333 0.326667
104 8.896667 0.510000 0.169333 0.846667
378 9.039667 0.505000 0.132667 0.396667
695 9.166333 0.490000 0.139333 0.366667
117 9.290667 0.501667 0.125333 0.370000
475 9.383000 0.501667 0.079333 0.410000
891 9.444000 0.505000 0.062667 0.330000
752 9.504000 0.495000 0.072000 0.190000
76 9.599333 0.498333 0.136000 0.416667
846 9.708667 0.498333 0.100000 0.496667
943 9.772000 0.500000 0.041333 0.346667
1021 9.805333 0.495000 0.040000 0.316667
138 9.844333 0.508333 0.058000 0.316667
680 9.923667 0.506667 0.120667 0.406667
1013 9.997000 0.488333 0.039333 0.296667
42 10.042667 0.495000 0.070667 0.396667
228 10.124000 0.501667 0.112000 0.463333
220 10.227000 0.493333 0.110000 0.453333
509 10.329667 0.488333 0.115333 0.363333
357 10.446000 0.500000 0.134667 0.380000
614 10.590000 0.510000 0.168000 0.840000
221 10.725667 0.495000 0.116667 0.596667
550 10.809333 0.500000 0.066667 0.333333
383 10.894667 0.506667 0.117333 0.326667
645 10.992667 0.498333 0.098667 0.430000
744 11.137667 0.508333 0.210000 1.050000
260 11.311667 0.491667 0.155333 0.776667
911 11.438333 0.506667 0.114000 0.420000
758 11.545667 0.496667 0.119333 0.360000
50 11.672000 0.505000 0.153333 0.496667
718 11.824667 0.490000 0.166667 0.833333
493 11.945667 0.493333 0.091333 0.440000
731 12.023333 0.505000 0.082667 0.416667
781 12.094667 0.503333 0.078667 0.406667
553 12.189667 0.496667 0.127333 0.440000
707 12.294667 0.503333 0.101333 0.466667
988 12.357667 0.495000 0.040667 0.323333
272 12.458000 0.488333 0.177333 0.523333
740 12.620667 0.503333 0.161333 0.366667
353 12.787333 0.500000 0.185333 0.926667
797 12.924667 0.488333 0.109333 0.396667
908 13.026333 0.493333 0.114000 0.426667
30 13.146333 0.493333 0.140667 0.413333
989 13.224333 0.498333 0.034000 0.270000
426 13.261000 0.503333 0.054000 0.346667
629 13.385000 0.505000 0.210000 1.050000
760 13.596667 0.490000 0.228000 1.140000
767 13.775333 0.498333 0.146667 0.416667
973 13.858000 0.498333 0.036000 0.303333
202 13.928000 0.495000 0.120000 0.490000
864 14.025000 0.510000 0.094000 0.373333
557 14.108667 0.498333 0.090667 0.603333
676 14.209667 0.498333 0.124667 0.463333
193 14.321667 0.493333 0.115333 0.526667
268 14.449000 0.496667 0.155333 0.473333
981 14.538667 0.503333 0.037333 0.293333
467 14.591000 0.506667 0.082000 0.413333
174 14.675667 0.488333 0.103333 0.376667
451 14.758667 0.510000 0.076000 0.386667
275 14.817000 0.498333 0.060667 0.383333
525 14.897000 0.510000 0.112667 0.360000
169 15.001000 0.500000 0.112667 0.393333
567 15.103667 0.491667 0.108667 0.443333
372 15.209333 0.491667 0.121333 0.336667
175 15.327333 0.505000 0.128000 0.476667
259 15.430667 0.498333 0.097333 0.483333
322 15.524667 0.501667 0.105333 0.130000
771 15.610667 0.498333 0.084000 0.410000
627 15.728667 0.490000 0.166667 0.566667
41 15.910000 0.490000 0.213333 1.066667
335 16.084667 0.488333 0.150667 0.503333
630 16.228667 0.503333 0.152000 0.513333
854 16.384000 0.510000 0.178667 0.580000
295 16.524667 0.505000 0.122667 0.523333
429 16.621667 0.490000 0.091333 0.326667
67 16.750667 0.490000 0.182667 0.913333
490 16.860333 0.496667 0.054000 0.326667
77 16.932000 0.491667 0.108000 0.270000
162 17.042667 0.498333 0.128000 0.490000
218 17.204000 0.496667 0.208000 1.040000
477 17.330667 0.501667 0.065333 0.336667
970 17.372333 0.508333 0.038000 0.303333
689 17.420000 0.493333 0.072000 0.353333
529 17.512000 0.490000 0.128000 0.553333
604 17.621667 0.495000 0.111333 0.336667
992 17.686667 0.495000 0.036000 0.263333
400 17.726667 0.510000 0.058667 0.520000
212 17.803000 0.501667 0.107333 0.536667
346 17.905333 0.488333 0.113333 0.316667
458 17.983333 0.495000 0.058667 0.356667
791 18.033333 0.505000 0.060000 0.356667
729 18.066333 0.510000 0.026000 0.393333
101 18.179000 0.491667 0.215333 0.463333
433 18.350667 0.498333 0.145333 0.383333
181 18.477333 0.503333 0.121333 0.420000
334 18.607333 0.498333 0.154667 0.530000
152 18.708000 0.500000 0.064000 0.306667
237 18.770667 0.503333 0.080000 0.513333
74 18.885667 0.495000 0.166000 0.523333
1002 18.977333 0.491667 0.036000 0.296667
49 19.091000 0.498333 0.208667 1.043333
382 19.264000 0.493333 0.156000 0.473333
203 19.382333 0.490000 0.095333 0.386667
890 19.499333 0.496667 0.156000 0.780000
650 19.637333 0.505000 0.138667 0.450000
127 19.763333 0.500000 0.128000 0.420000
852 19.873000 0.508333 0.108667 0.450000
409 19.978000 0.495000 0.121333 0.610000
40 20.093667 0.508333 0.123333 0.410000
840 20.189000 0.495000 0.086000 0.370000
311 20.260333 0.495000 0.074000 0.316667
345 20.344000 0.503333 0.110667 0.346667
178 20.459000 0.491667 0.132667 0.483333
199 20.573667 0.495000 0.116667 0.476667
1001 20.644000 0.508333 0.041333 0.343333
11 20.708333 0.488333 0.104667 0.336667
773 20.813000 0.501667 0.119333 0.350000
942 20.883000 0.493333 0.036667 0.300000
555 20.912333 0.503333 0.035333 0.360000
302 20.949000 0.490000 0.055333 0.313333
516 21.035000 0.496667 0.131333 0.420000
1007 21.113333 0.488333 0.038667 0.283333
552 21.144000 0.490000 0.042667 0.286667
859 21.210667 0.496667 0.110667 0.326667
209 21.311667 0.491667 0.111333 0.516667
724 21.399000 0.488333 0.083333 0.456667
1000 21.449667 0.508333 0.035333 0.276667
608 21.502333 0.503333 0.086000 0.320000
688 21.590333 0.496667 0.106000 0.513333
113 21.673333 0.508333 0.076000 0.410000
596 21.759000 0.506667 0.111333 0.353333
897 21.910333 0.505000 0.211333 1.056667
70 22.077667 0.510000 0.143333 0.500000
190 22.203667 0.491667 0.128667 0.516667
507 22.293333 0.491667 0.069333 0.350000
442 22.355333 0.508333 0.074667 0.383333
285 22.436000 0.491667 0.106667 0.390000
883 22.568667 0.510000 0.177333 0.886667
592 22.711333 0.491667 0.125333 0.403333
412 22.803000 0.495000 0.072667 0.370000
656 22.919667 0.505000 0.178000 0.410000
325 23.076667 0.506667 0.152000 0.620000
700 23.195000 0.501667 0.104667 0.416667
958 23.257000 0.493333 0.034000 0.253333
573 23.316333 0.490000 0.099333 0.400000
901 23.425000 0.501667 0.135333 0.376667
545 23.535667 0.500000 0.099333 0.360000
873 23.624000 0.501667 0.093333 0.443333
959 23.685667 0.490000 0.044667 0.353333
561 23.787000 0.505000 0.172667 0.356667
702 23.968000 0.506667 0.204000 1.020000
320 24.125000 0.503333 0.128667 0.420000
502 24.227667 0.506667 0.091333 0.446667
795 24.295333 0.503333 0.064000 0.380000
746 24.371667 0.510000 0.107333 0.386667
751 24.463000 0.493333 0.092667 0.400000
594 24.569000 0.503333 0.132667 0.406667
151 24.672000 0.506667 0.092000 0.466667
962 24.729333 0.496667 0.040000 0.333333
394 24.822000 0.505000 0.161333 0.450000
790 24.933000 0.498333 0.079333 0.483333
768 25.002667 0.488333 0.073333 0.170000
522 25.092333 0.503333 0.124667 0.393333
112 25.223333 0.505000 0.153333 0.510000
882 25.346667 0.506667 0.112000 0.440000
453 25.430000 0.501667 0.073333 0.383333
954 25.482667 0.496667 0.046667 0.360000
960 25.524000 0.505000 0.052000 0.376667
401 25.580333 0.500000 0.080667 0.413333
330 25.663333 0.505000 0.101333 0.390000
173 25.746000 0.496667 0.084000 0.380000
527 25.849667 0.495000 0.143333 0.410000
434 25.978667 0.498333 0.128000 0.430000
277 26.067000 0.493333 0.068667 0.313333
505 26.132667 0.496667 0.078667 0.326667
201 26.210000 0.496667 0.094667 0.480000
82 26.285333 0.508333 0.072000 0.510000
750 26.374667 0.496667 0.122667 0.460000
14 26.485000 0.505000 0.115333 0.396667
747 26.590667 0.500000 0.109333 0.453333
418 26.678000 0.508333 0.080000 0.383333
144 26.764667 0.488333 0.108000 0.496667
1008 26.831667 0.500000 0.046000 0.353333
1011 26.861333 0.508333 0.032000 0.270000
324 26.926000 0.496667 0.116000 0.573333
217 27.084667 0.503333 0.214667 1.073333
461 27.219000 0.510000 0.070000 0.380000
886 27.357667 0.488333 0.227333 1.136667
103 27.568000 0.503333 0.213333 1.066667
637 27.697667 0.506667 0.062000 0.326667
537 27.808667 0.496667 0.176000 0.880000
855 27.931667 0.505000 0.090000 0.236667
697 27.995667 0.505000 0.056667 0.283333
1009 28.032667 0.490000 0.036000 0.273333
800 28.085333 0.510000 0.082667 0.306667
719 28.200000 0.510000 0.162667 0.453333
337 28.368333 0.510000 0.188667 0.406667
298 28.489333 0.501667 0.073333 0.370000
1005 28.541667 0.500000 0.047333 0.340000
993 28.576000 0.491667 0.037333 0.276667
728 28.620667 0.488333 0.069333 0.596667
691 28.686667 0.510000 0.080000 0.393333
736 28.744667 0.498333 0.053333 0.363333
421 28.846667 0.503333 0.164000 0.820000
845 28.978333 0.505000 0.114000 0.523333
294 29.121333 0.500000 0.186667 0.933333
296 29.265667 0.493333 0.118000 0.440000
470 29.347667 0.503333 0.062000 0.326667
309 29.409000 0.488333 0.075333 0.423333
20 29.485000 0.490000 0.091333 0.300000
761 29.584000 0.496667 0.124000 0.353333
716 29.726000 0.506667 0.176000 0.880000
603 29.878333 0.490000 0.147333 0.300000
898 30.003000 0.508333 0.122000 0.330000
684 30.108333 0.500000 0.106000 0.373333
93 30.244333 0.495000 0.183333 0.916667
450 30.359667 0.503333 0.067333 0.346667
308 30.412000 0.496667 0.056000 0.313333
927 30.446333 0.508333 0.031333 0.263333
1012 30.474667 0.490000 0.042667 0.340000
224 30.537333 0.500000 0.098667 0.500000
163 30.629667 0.501667 0.102000 0.390000
887 30.727333 0.491667 0.112000 0.336667
914 30.825667 0.495000 0.100667 0.303333
134 30.925333 0.488333 0.112000 0.443333
848 31.037667 0.508333 0.126000 0.383333
721 31.191333 0.490000 0.201333 1.006667
701 31.361333 0.510000 0.156000 0.493333
682 31.477667 0.510000 0.090000 0.333333
906 31.593333 0.503333 0.156000 0.440000
976 31.685333 0.490000 0.041333 0.333333
977 31.717000 0.488333 0.035333 0.296667
310 31.767000 0.488333 0.082000 0.463333
177 31.866333 0.508333 0.132667 0.496667
247 31.973333 0.506667 0.101333 0.420000
749 32.067667 0.508333 0.102000 0.443333
282 32.162333 0.503333 0.102000 0.366667
723 32.251000 0.490000 0.092667 0.320000
930 32.312333 0.500000 0.048667 0.373333
969 32.347000 0.495000 0.039333 0.316667
289 32.493000 0.510000 0.266000 0.506667
106 32.722667 0.493333 0.212000 1.060000
186 32.872333 0.508333 0.104667 0.463333
819 32.984667 0.500000 0.133333 0.306667
456 33.078667 0.491667 0.072000 0.376667
892 33.191333 0.490000 0.169333 0.526667
231 33.375000 0.498333 0.212667 1.063333
923 33.493000 0.510000 0.043333 0.313333
404 33.549333 0.496667 0.088000 0.440000
634 33.619000 0.498333 0.067333 0.290000
344 33.705000 0.503333 0.118000 0.333333
191 33.815000 0.491667 0.120667 0.550000
808 33.925667 0.491667 0.118000 0.496667
536 34.088667 0.506667 0.226667 1.133333
194 34.253667 0.508333 0.120667 0.503333
541 34.386000 0.488333 0.158667 0.336667
368 34.548000 0.493333 0.178667 0.893333
439 34.689000 0.503333 0.119333 0.473333
39 34.805667 0.506667 0.128667 0.440000
889 34.923000 0.498333 0.119333 0.370000
86 35.016000 0.503333 0.086667 0.393333
879 35.127333 0.501667 0.154667 0.436667
369 35.273000 0.496667 0.155333 0.453333
355 35.417000 0.491667 0.147333 0.436667
939 35.500000 0.488333 0.034667 0.283333
92 35.610000 0.500000 0.200000 1.000000
803 35.772333 0.503333 0.140667 0.406667
375 35.902667 0.503333 0.136000 0.393333
139 35.999000 0.510000 0.074000 0.433333
323 36.123000 0.505000 0.187333 0.936667
827 36.267667 0.491667 0.116667 0.576667
564 36.393333 0.506667 0.149333 0.306667
613 36.543667 0.501667 0.167333 0.423333
15 36.662000 0.503333 0.088000 0.313333
715 36.776000 0.490000 0.154667 0.773333
513 36.907667 0.495000 0.126000 0.416667
498 36.993667 0.508333 0.060667 0.370000
489 37.047000 0.503333 0.063333 0.380000
488 37.101667 0.501667 0.062000 0.316667
938 37.143667 0.488333 0.035333 0.270000
371 37.240000 0.490000 0.172000 0.860000
622 37.401667 0.501667 0.168667 0.843333
606 37.536000 0.493333 0.114667 0.353333
503 37.653667 0.493333 0.136667 0.353333
79 37.821667 0.508333 0.215333 0.456667
416 37.966333 0.505000 0.091333 0.443333
71 38.036667 0.500000 0.064000 0.333333
880 38.104000 0.496667 0.089333 0.313333
463 38.165333 0.490000 0.053333 0.293333
587 38.260000 0.500000 0.150667 0.453333
734 38.432667 0.491667 0.212000 0.550000
264 38.620667 0.496667 0.184000 0.920000
266 38.808333 0.508333 0.211333 1.056667
544 38.943000 0.500000 0.078000 0.313333
948 38.990000 0.490000 0.032000 0.253333
904 39.027333 0.510000 0.061333 0.313333
913 39.099000 0.488333 0.098000 0.290000
626 39.219000 0.503333 0.158000 0.526667
863 39.339667 0.488333 0.103333 0.496667
756 39.456667 0.505000 0.145333 0.416667
98 39.606000 0.488333 0.166667 0.350000
352 39.746667 0.500000 0.134667 0.360000
804 39.886333 0.510000 0.158000 0.453333
985 39.977000 0.505000 0.042000 0.336667
821 40.032000 0.501667 0.084000 0.583333
838 40.119333 0.503333 0.106667 0.426667
578 40.219333 0.505000 0.113333 0.443333
779 40.289000 0.501667 0.043333 0.430000
180 40.392000 0.490000 0.180000 0.900000
919 40.515333 0.503333 0.086667 0.373333
60 40.587000 0.491667 0.071333 0.303333
315 40.672000 0.496667 0.116000 0.420000
143 40.769000 0.491667 0.098000 0.416667
356 40.874000 0.496667 0.126667 0.366667
994 40.946000 0.510000 0.033333 0.273333
739 40.979667 0.495000 0.048667 0.423333
590 41.063000 0.495000 0.136667 0.496667
673 41.171333 0.508333 0.093333 0.330000
975 41.227333 0.488333 0.038667 0.330000
940 41.258667 0.496667 0.041333 0.326667
482 41.303333 0.506667 0.061333 0.340000
154 41.368333 0.503333 0.088667 0.453333
725 41.458667 0.496667 0.112000 0.473333
23 41.582333 0.508333 0.154000 0.456667
478 41.678333 0.491667 0.056667 0.296667
647 41.738333 0.488333 0.082000 0.423333
422 41.816333 0.490000 0.094000 0.340000
870 41.885000 0.490000 0.056667 0.300000
33 41.959000 0.505000 0.110000 0.383333
241 42.062000 0.488333 0.110667 0.583333
254 42.164333 0.505000 0.112667 0.423333
926 42.235000 0.500000 0.048667 0.366667
934 42.276000 0.501667 0.048000 0.370000
326 42.334000 0.496667 0.085333 0.386667
722 42.435667 0.498333 0.135333 0.403333
921 42.530667 0.508333 0.070667 0.416667
280 42.620333 0.496667 0.126000 0.406667
396 42.749000 0.490000 0.151333 0.406667
122 42.862000 0.495000 0.094667 0.350000
341 42.942333 0.495000 0.083333 0.343333
807 43.084333 0.488333 0.216667 1.083333
605 43.253667 0.503333 0.140667 0.366667
816 43.377000 0.508333 0.124667 0.403333
785 43.460000 0.503333 0.061333 0.253333
829 43.530333 0.500000 0.096667 0.433333
290 43.648333 0.491667 0.154000 0.416667
599 43.767667 0.505000 0.103333 0.316667
223 43.854000 0.493333 0.088000 0.440000
789 43.932667 0.491667 0.084000 0.516667
172 44.019000 0.510000 0.104667 0.386667
395 44.122333 0.493333 0.115333 0.360000
387 44.236667 0.498333 0.126667 0.390000
984 44.312333 0.505000 0.040667 0.323333
519 44.373000 0.500000 0.094000 0.300000
893 44.522000 0.503333 0.220000 1.100000
102 44.734000 0.505000 0.222667 0.470000
146 44.880333 0.505000 0.083333 0.436667
839 44.965333 0.493333 0.105333 0.546667
674 45.072667 0.501667 0.126667 0.410000
582 45.178333 0.493333 0.102000 0.373333
208 45.327000 0.488333 0.212667 1.063333
128 45.506667 0.496667 0.161333 0.806667
610 45.648000 0.506667 0.137333 0.420000
900 45.777000 0.495000 0.139333 0.396667
393 45.907000 0.498333 0.135333 0.383333
2 45.995333 0.493333 0.060000 0.286667
391 46.080667 0.501667 0.130667 0.343333
539 46.177667 0.508333 0.079333 0.376667
624 46.289333 0.496667 0.161333 0.546667
312 46.420667 0.505000 0.114667 0.416667
598 46.533667 0.488333 0.131333 0.390000
317 46.639667 0.506667 0.096667 0.353333
856 46.742667 0.490000 0.129333 0.326667
910 46.856333 0.488333 0.114000 0.350000
657 46.949667 0.490000 0.090000 0.353333
226 47.042333 0.490000 0.108667 0.500000
540 47.197667 0.488333 0.219333 1.096667
726 47.342333 0.495000 0.090000 0.470000
571 47.433000 0.501667 0.107333 0.456667
802 47.561667 0.501667 0.163333 0.370000
405 47.692667 0.503333 0.113333 0.440000
438 47.831000 0.498333 0.182000 0.910000
636 47.965667 0.500000 0.100667 0.226667
618 48.044333 0.508333 0.072667 0.416667
830 48.130667 0.503333 0.116000 0.480000
742 48.245333 0.500000 0.129333 0.520000
709 48.355667 0.496667 0.106000 0.440000
27 48.457667 0.501667 0.111333 0.376667
327 48.580667 0.508333 0.148000 0.483333
581 48.700667 0.500000 0.110667 0.486667
211 48.804667 0.503333 0.113333 0.573333
230 48.960000 0.490000 0.212000 1.060000
679 49.104333 0.510000 0.094000 0.580000
273 49.172667 0.495000 0.060000 0.350000
16 49.236000 0.493333 0.084000 0.306667
149 49.378333 0.495000 0.220667 1.103333
998 49.502333 0.506667 0.043333 0.353333
484 49.559000 0.488333 0.086000 0.310000
508 49.626000 0.505000 0.066667 0.350000
80 49.706333 0.506667 0.114000 0.546667
565 49.820333 0.488333 0.134000 0.310000
896 49.946667 0.498333 0.138667 0.436667
686 50.051667 0.488333 0.086000 0.423333
683 50.150333 0.501667 0.130000 0.370000
504 50.266333 0.503333 0.116667 0.340000
380 50.391000 0.498333 0.148667 0.410000
651 50.526000 0.505000 0.134667 0.436667
646 50.623333 0.496667 0.073333 0.333333
390 50.724000 0.495000 0.142667 0.423333
12 50.845333 0.488333 0.120000 0.416667
669 50.965667 0.503333 0.134000 0.413333
444 51.061333 0.488333 0.073333 0.436667
858 51.137667 0.488333 0.095333 0.310000
469 51.205000 0.491667 0.052667 0.290000
881 51.274333 0.488333 0.106000 0.356667
665 51.373333 0.508333 0.106667 0.370000
88 51.514667 0.490000 0.193333 0.966667
847 51.659667 0.496667 0.110000 0.333333
533 51.761667 0.488333 0.112667 0.403333
419 51.850000 0.498333 0.077333 0.370000
411 51.964000 0.508333 0.165333 0.363333
8 52.083000 0.503333 0.088667 0.320000
45 52.159333 0.501667 0.077333 0.383333
299 52.237000 0.500000 0.091333 0.353333
99 52.388667 0.498333 0.225333 0.490000
166 52.539333 0.488333 0.096000 0.363333
141 52.627667 0.501667 0.096667 0.410000
386 52.743000 0.490000 0.151333 0.400000
160 52.841333 0.493333 0.058667 0.326667
248 52.899000 0.491667 0.075333 0.403333
1006 52.946000 0.496667 0.034667 0.273333
168 53.019000 0.491667 0.127333 0.443333
952 53.095667 0.505000 0.046000 0.350000
238 53.172333 0.496667 0.127333 0.493333
249 53.255000 0.495000 0.052667 0.410000
995 53.291333 0.496667 0.038667 0.300000
972 53.322333 0.488333 0.036667 0.276667
778 53.372667 0.510000 0.080000 0.513333
293 53.456333 0.505000 0.100667 0.390000
762 53.547000 0.488333 0.094000 0.410000
497 53.641667 0.493333 0.111333 0.286667
963 53.715000 0.495000 0.051333 0.376667
164 53.834667 0.506667 0.201333 1.006667
155 53.970333 0.493333 0.090000 0.526667
349 54.076667 0.501667 0.142667 0.423333
849 54.200333 0.493333 0.122000 0.506667
148 54.366000 0.500000 0.224000 1.120000
685 54.512667 0.495000 0.082667 0.323333
766 54.609333 0.505000 0.124000 0.363333
4 54.710667 0.508333 0.094667 0.376667
602 54.800000 0.501667 0.098667 0.296667
83 54.883000 0.495000 0.086000 0.416667
640 54.951667 0.508333 0.068667 0.343333
306 55.015333 0.501667 0.074667 0.416667
51 55.095667 0.508333 0.100667 0.316667
491 55.183333 0.488333 0.094667 0.463333
89 55.324667 0.491667 0.201333 0.430000
997 55.433333 0.500000 0.036000 0.286667
1019 55.464333 0.495000 0.040667 0.330000
949 55.500000 0.501667 0.046667 0.356667
929 55.530667 0.498333 0.030667 0.263333
556 55.586333 0.506667 0.099333 0.420000
521 55.708000 0.500000 0.162667 0.426667
903 55.859667 0.505000 0.160667 0.803333
365 56.004667 0.500000 0.142667 0.433333
671 56.133333 0.498333 0.130667 0.450000
195 56.235000 0.500000 0.086000 0.360000
319 56.314333 0.500000 0.090000 0.333333
265 56.419667 0.488333 0.140667 0.536667
62 56.514667 0.503333 0.068000 0.313333
318 56.596333 0.493333 0.112667 0.506667
824 56.684000 0.495000 0.080000 0.396667
615 56.800000 0.503333 0.168000 0.840000
655 56.918333 0.493333 0.086000 0.360000
116 57.024333 0.503333 0.139333 0.406667
413 57.168000 0.503333 0.161333 0.806667
941 57.263333 0.508333 0.049333 0.363333
473 57.311667 0.500000 0.066000 0.393333
625 57.448667 0.506667 0.225333 1.126667
255 57.623667 0.493333 0.144667 0.546667
532 57.734333 0.510000 0.091333 0.466667
982 57.794000 0.501667 0.045333 0.356667
58 57.835667 0.496667 0.054000 0.213333
558 57.892667 0.508333 0.076000 0.370000
987 57.937667 0.501667 0.034000 0.256667
354 58.048333 0.491667 0.207333 1.036667
907 58.197333 0.506667 0.108000 0.386667
621 58.271000 0.488333 0.059333 0.630000
436 58.349667 0.498333 0.116667 0.310000
240 58.433000 0.495000 0.063333 0.310000
832 58.506667 0.500000 0.104000 0.426667
711 58.633000 0.510000 0.168667 0.453333
515 58.770000 0.488333 0.122667 0.410000
727 58.859667 0.496667 0.074000 0.406667
612 58.950333 0.508333 0.126000 0.336667
131 59.051333 0.488333 0.093333 0.363333
313 59.157333 0.498333 0.132000 0.443333
188 59.279333 0.498333 0.132000 0.530000
257 59.395000 0.501667 0.114000 0.343333
696 59.516000 0.491667 0.142667 0.330000
343 59.640000 0.495000 0.121333 0.330000
648 59.736333 0.500000 0.088667 0.406667
452 59.800000 0.498333 0.054667 0.290000
397 59.872667 0.495000 0.104000 0.470000
999 59.940000 0.490000 0.048000 0.353333
828 60.002000 0.493333 0.089333 0.440000
46 60.067000 0.495000 0.058000 0.510000
764 60.132333 0.503333 0.087333 0.460000
187 60.219333 0.488333 0.102667 0.476667
834 60.327333 0.506667 0.130667 0.533333
423 60.453333 0.508333 0.136000 0.496667
87 60.605667 0.508333 0.187333 0.396667
933 60.707667 0.503333 0.034000 0.273333
304 60.743667 0.496667 0.056667 0.320000
85 60.818333 0.498333 0.108667 0.410000
928 60.882667 0.496667 0.034667 0.260000
185 60.941667 0.495000 0.098000 0.496667
523 61.047000 0.510000 0.128667 0.406667
207 61.146333 0.500000 0.087333 0.440000
884 61.249333 0.488333 0.138667 0.516667
347 61.366000 0.505000 0.110667 0.303333
705 61.520333 0.505000 0.211333 1.056667
388 61.676000 0.498333 0.118667 0.310000
543 61.814000 0.503333 0.176000 0.880000
871 61.927333 0.508333 0.068000 0.310000
26 62.022000 0.510000 0.140000 0.466667
528 62.132667 0.488333 0.098667 0.316667
857 62.260333 0.493333 0.175333 0.380000
407 62.390667 0.505000 0.104000 0.396667
585 62.503000 0.500000 0.135333 0.420000
398 62.604000 0.491667 0.084000 0.423333
666 62.693667 0.496667 0.112667 0.386667
340 62.795667 0.496667 0.104667 0.306667
332 62.953667 0.505000 0.227333 1.136667
448 63.092000 0.505000 0.065333 0.336667
1017 63.134667 0.498333 0.034667 0.290000
171 63.193667 0.495000 0.100667 0.350000
763 63.264667 0.498333 0.054667 0.370000
78 63.378333 0.493333 0.191333 0.500000
753 63.564667 0.496667 0.194667 0.973333
677 63.710333 0.500000 0.116667 0.440000
445 63.795000 0.496667 0.070000 0.406667
535 63.925667 0.491667 0.204667 1.023333
822 64.067667 0.501667 0.092667 0.296667
22 64.175000 0.488333 0.135333 0.450000
227 64.297000 0.495000 0.124667 0.503333
392 64.453333 0.493333 0.204000 1.020000
524 64.598000 0.510000 0.098667 0.313333
331 64.754667 0.495000 0.233333 0.550000
579 64.930333 0.506667 0.135333 0.400000
183 65.045667 0.496667 0.110000 0.493333
659 65.136333 0.491667 0.090000 0.363333
628 65.269333 0.501667 0.194667 0.650000
842 65.412667 0.506667 0.105333 0.513333
597 65.522333 0.491667 0.130000 0.403333
607 65.647667 0.508333 0.134000 0.416667
495 65.738000 0.488333 0.064000 0.336667
991 65.785667 0.505000 0.047333 0.350000
787 65.831667 0.488333 0.060667 0.370000
336 65.897667 0.501667 0.091333 0.430000
297 65.969000 0.496667 0.067333 0.353333
38 66.060667 0.505000 0.132000 0.456667
292 66.182000 0.496667 0.130667 0.513333
511 66.302000 0.503333 0.129333 0.433333
853 66.410000 0.508333 0.105333 0.496667
215 66.514000 0.503333 0.118667 0.533333
792 66.613667 0.490000 0.100667 0.413333
19 66.701000 0.491667 0.094000 0.330000
428 66.773667 0.501667 0.068667 0.450000
499 66.830333 0.496667 0.058000 0.353333
437 66.889000 0.508333 0.076667 0.376667
517 66.967667 0.510000 0.094000 0.313333
1015 67.028333 0.503333 0.047333 0.340000
833 67.092333 0.491667 0.100667 0.496667
359 67.210000 0.490000 0.152000 0.420000
96 67.371333 0.506667 0.184000 0.920000
690 67.501000 0.508333 0.090000 0.436667
681 67.558333 0.496667 0.038000 0.320000
157 67.655333 0.510000 0.169333 0.680000
788 67.804333 0.500000 0.148667 0.400000
234 67.910667 0.500000 0.084000 0.420000
551 68.000333 0.505000 0.112667 0.343333
118 68.087000 0.506667 0.080667 0.326667
754 68.181667 0.510000 0.122000 0.593333
408 68.290667 0.490000 0.116000 0.440000
61 68.376333 0.498333 0.074000 0.383333
6 68.456333 0.501667 0.103333 0.383333
124 68.544667 0.495000 0.092000 0.350000
865 68.627667 0.498333 0.094000 0.316667
924 68.682667 0.508333 0.036000 0.290000
459 68.726333 0.493333 0.067333 0.373333
338 68.810667 0.491667 0.117333 0.603333
732 68.891000 0.508333 0.063333 0.303333
402 68.995000 0.495000 0.158000 0.410000
286 69.112000 0.505000 0.090667 0.343333
980 69.170000 0.498333 0.042667 0.316667
364 69.264333 0.488333 0.159333 0.396667
261 69.439667 0.498333 0.204667 1.023333
935 69.551333 0.493333 0.034667 0.273333
97 69.664000 0.500000 0.204000 1.020000
920 69.808333 0.505000 0.100667 0.383333
167 69.951000 0.505000 0.200667 1.003333
916 70.132333 0.503333 0.178000 0.440000
156 70.282667 0.510000 0.137333 0.340000
794 70.382333 0.503333 0.075333 0.453333
835 70.458667 0.498333 0.094667 0.396667
1004 70.512667 0.505000 0.033333 0.276667
641 70.562333 0.500000 0.079333 0.360000
782 70.648000 0.490000 0.109333 0.506667
1016 70.711333 0.508333 0.037333 0.270000
229 70.767333 0.506667 0.094667 0.460000
593 70.877333 0.496667 0.141333 0.413333
486 70.970667 0.506667 0.062667 0.373333
435 71.020667 0.500000 0.050667 0.266667
568 71.090333 0.501667 0.102000 0.510000
443 71.169000 0.500000 0.072667 0.373333
805 71.280333 0.496667 0.163333 0.493333
974 71.376333 0.488333 0.046000 0.356667
270 71.470333 0.505000 0.156667 0.483333
147 71.596000 0.493333 0.114667 0.480000
161 71.709667 0.501667 0.131333 0.503333
210 71.821000 0.503333 0.110000 0.460000
813 71.937333 0.505000 0.141333 0.510000
820 72.051667 0.510000 0.104667 0.440000
182 72.159000 0.501667 0.127333 0.423333
1022 72.239333 0.508333 0.046667 0.356667
965 72.278000 0.496667 0.049333 0.366667
153 72.330333 0.510000 0.070000 0.313333
31 72.433000 0.488333 0.150000 0.450000
57 72.534000 0.491667 0.070667 0.283333
566 72.632667 0.498333 0.141333 0.583333
9 72.757333 0.488333 0.121333 0.496667
512 72.861000 0.505000 0.106000 0.356667
10 72.961333 0.503333 0.113333 0.386667
464 73.043667 0.490000 0.068667 0.353333
441 73.108333 0.505000 0.076667 0.456667
850 73.187667 0.510000 0.100667 0.473333
135 73.280667 0.493333 0.100000 0.340000
944 73.339000 0.508333 0.032667 0.263333
687 73.399333 0.495000 0.104000 0.516667
222 73.500667 0.508333 0.117333 0.590000
125 73.597000 0.488333 0.088667 0.376667
777 73.689333 0.501667 0.112000 0.483333
542 73.788000 0.498333 0.104000 0.383333
68 73.893000 0.505000 0.120667 0.343333
867 73.997667 0.505000 0.107333 0.376667
843 74.123333 0.503333 0.158667 0.793333
47 74.238667 0.498333 0.092000 0.436667
214 74.331000 0.493333 0.112667 0.473333
200 74.435333 0.495000 0.113333 0.483333
243 74.551000 0.501667 0.138000 0.456667
206 74.656000 0.506667 0.088000 0.446667
530 74.746000 0.500000 0.112000 0.526667
894 74.876667 0.510000 0.165333 0.826667
403 75.041667 0.505000 0.179333 0.896667
971 75.150333 0.501667 0.051333 0.370000
367 75.246333 0.498333 0.154000 0.436667
479 75.356000 0.510000 0.080000 0.420000
917 75.409333 0.500000 0.046667 0.326667
704 75.488000 0.500000 0.128000 0.386667
772 75.644667 0.496667 0.205333 1.026667
84 75.783333 0.488333 0.092000 0.256667
415 75.920333 0.488333 0.198000 0.990000
584 76.087667 0.506667 0.151333 0.426667
196 76.207333 0.506667 0.101333 0.426667
55 76.315333 0.496667 0.128000 0.346667
654 76.464333 0.500000 0.186000 0.373333
826 76.597000 0.506667 0.095333 0.433333
635 76.673000 0.508333 0.070000 0.290000
576 76.748000 0.505000 0.093333 0.363333
806 76.887333 0.493333 0.198667 0.993333
823 77.018667 0.495000 0.084000 0.430000
449 77.087333 0.491667 0.072000 0.363333
204 77.172333 0.500000 0.118000 0.500000
936 77.243667 0.510000 0.038000 0.273333
142 77.335000 0.495000 0.162000 0.810000
780 77.485333 0.491667 0.157333 0.463333
376 77.620333 0.488333 0.132667 0.390000
575 77.737667 0.510000 0.120667 0.393333
440 77.832000 0.503333 0.082667 0.433333
547 77.900333 0.510000 0.068667 0.386667
664 77.989667 0.496667 0.128667 0.440000
601 78.113333 0.500000 0.133333 0.413333
874 78.221333 0.488333 0.096000 0.463333
216 78.318667 0.490000 0.112000 0.466667
875 78.441000 0.508333 0.147333 0.396667
955 78.529667 0.508333 0.047333 0.336667
123 78.588000 0.498333 0.088000 0.556667
759 78.699667 0.510000 0.152667 0.440000
73 78.833667 0.500000 0.130000 0.413333
480 78.928333 0.501667 0.072667 0.370000
520 79.016667 0.501667 0.117333 0.396667
549 79.118667 0.495000 0.104000 0.350000
25 79.231667 0.491667 0.135333 0.496667
639 79.323000 0.510000 0.064667 0.320000
111 79.388333 0.498333 0.083333 0.390000
905 79.491333 0.505000 0.141333 0.443333
52 79.597333 0.491667 0.084000 0.310000
810 79.690000 0.508333 0.114667 0.516667
126 79.839333 0.493333 0.197333 0.986667
888 80.025333 0.500000 0.188000 0.940000
563 80.184333 0.496667 0.144667 0.320000
966 80.272000 0.510000 0.046667 0.360000
100 80.383000 0.488333 0.191333 0.956667
713 80.586000 0.506667 0.228000 1.140000
406 80.744000 0.510000 0.106667 0.406667
56 80.818667 0.505000 0.056000 0.076667
588 80.887000 0.508333 0.095333 0.430000
219 80.970000 0.503333 0.089333 0.373333
967 81.029000 0.503333 0.042000 0.306667
283 81.096000 0.490000 0.108000 0.380000
483 81.174000 0.495000 0.064000 0.376667
572 81.245000 0.508333 0.094000 0.396667
271 81.378333 0.505000 0.192667 0.963333
831 81.508667 0.510000 0.086667 0.413333
860 81.657000 0.501667 0.226000 1.130000
1014 81.784667 0.490000 0.042667 0.340000
817 81.867000 0.493333 0.135333 0.313333
363 81.988000 0.500000 0.126667 0.400000
362 82.109333 0.491667 0.133333 0.383333
284 82.230333 0.495000 0.123333 0.443333
703 82.335000 0.510000 0.102000 0.360000
658 82.414333 0.506667 0.070000 0.386667
252 82.514333 0.503333 0.146000 0.566667
197 82.623667 0.488333 0.088667 0.363333
250 82.736333 0.488333 0.150000 0.750000
17 82.862667 0.495000 0.117333 0.390000
287 82.959333 0.506667 0.093333 0.346667
213 83.048333 0.510000 0.100667 0.426667
1018 83.109000 0.495000 0.040667 0.323333
953 83.138333 0.490000 0.032667 0.253333
305 83.181000 0.493333 0.072667 0.413333
501 83.257333 0.493333 0.096000 0.440000
694 83.338667 0.496667 0.086667 0.426667
69 83.425000 0.493333 0.099333 0.520000
866 83.558667 0.500000 0.185333 0.926667
235 83.692667 0.500000 0.098667 0.500000
108 83.820667 0.500000 0.172000 0.860000
129 83.958667 0.510000 0.121333 0.466667
417 84.055667 0.501667 0.090000 0.436667
21 84.157333 0.491667 0.126667 0.410000
281 84.281333 0.501667 0.140000 0.476667
968 84.363333 0.505000 0.044000 0.336667
150 84.430333 0.505000 0.103333 0.396667
176 84.535667 0.506667 0.127333 0.453333
179 84.654667 0.510000 0.125333 0.466667
114 84.753000 0.488333 0.087333 0.436667
931 84.811000 0.495000 0.044667 0.350000
18 84.870000 0.498333 0.088000 0.296667
638 84.949000 0.498333 0.090000 0.356667
818 85.058333 0.510000 0.144667 0.380000
370 85.178667 0.496667 0.113333 0.346667
431 85.288667 0.493333 0.125333 0.413333
570 85.396333 0.508333 0.103333 0.450000
562 85.522667 0.493333 0.169333 0.346667
342 85.636000 0.493333 0.074667 0.333333
872 85.726000 0.490000 0.118667 0.326667
446 85.810333 0.498333 0.063333 0.330000
377 85.888667 0.503333 0.113333 0.300000
500 85.981333 0.500000 0.085333 0.380000
616 86.106333 0.498333 0.178000 0.890000
34 86.240667 0.508333 0.109333 0.370000
950 86.304667 0.498333 0.038667 0.303333
580 86.384333 0.510000 0.135333 0.333333
937 86.462667 0.488333 0.037333 0.290000
560 86.574000 0.510000 0.200000 0.620000
506 86.687333 0.488333 0.040000 0.463333
957 86.714667 0.493333 0.033333 0.260000
735 86.772333 0.510000 0.102000 0.413333
462 86.846000 0.503333 0.061333 0.313333
815 86.920000 0.496667 0.104000 0.280000
776 87.024667 0.500000 0.121333 0.286667
494 87.116000 0.500000 0.074667 0.400000
63 87.208667 0.498333 0.124000 0.443333
233 87.314333 0.493333 0.100667 0.433333
876 87.458667 0.503333 0.205333 1.026667
389 87.608333 0.510000 0.114000 0.333333
619 87.716000 0.488333 0.114667 0.603333
737 87.798667 0.510000 0.069333 0.433333
269 87.925333 0.506667 0.201333 1.006667
256 88.067667 0.498333 0.098000 0.323333
399 88.151333 0.488333 0.089333 0.303333
925 88.206000 0.488333 0.040000 0.296667
251 88.247333 0.501667 0.058667 0.343333
158 88.359667 0.488333 0.186000 0.930000
678 88.508333 0.496667 0.124667 0.413333
569 88.612667 0.505000 0.098667 0.390000
809 88.701667 0.491667 0.094000 0.510000
538 88.829333 0.490000 0.180000 0.426667
66 88.961333 0.488333 0.100000 0.490000
720 89.084333 0.503333 0.159333 0.473333
589 89.197333 0.498333 0.080000 0.356667
600 89.292333 0.500000 0.123333 0.386667
288 89.417667 0.488333 0.146000 0.550000
825 89.525000 0.490000 0.087333 0.440000
518 89.630667 0.506667 0.138667 0.486667
339 89.737667 0.503333 0.090000 0.453333
329 89.855333 0.493333 0.161333 0.806667
258 89.975667 0.501667 0.098000 0.330000
379 90.092000 0.495000 0.153333 0.476667
54 90.183333 0.500000 0.048000 0.280000
328 90.289000 0.493333 0.182000 0.440000
37 90.430667 0.508333 0.121333 0.403333
410 90.535000 0.506667 0.106000 0.513333
471 90.609000 0.495000 0.058000 0.303333
661 90.693333 0.491667 0.125333 0.410000
262 90.827333 0.496667 0.158667 0.793333
915 90.938667 0.510000 0.080000 0.646667
432 91.038000 0.498333 0.137333 0.270000
712 91.188000 0.490000 0.176000 0.880000
232 91.324000 0.500000 0.109333 0.553333
472 91.416667 0.501667 0.092000 0.470000
710 91.555000 0.496667 0.198000 0.513333
239 91.696000 0.488333 0.098667 0.610000
755 91.815000 0.508333 0.155333 0.443333
189 91.948000 0.490000 0.130667 0.540000
546 92.055333 0.490000 0.097333 0.353333
844 92.151333 0.501667 0.108000 0.463333
81 92.258333 0.496667 0.122000 0.500000
374 92.391333 0.508333 0.157333 0.436667
591 92.535000 0.506667 0.148667 0.420000
35 92.665333 0.510000 0.132000 0.446667
115 92.752333 0.501667 0.058000 0.283333
427 92.824667 0.510000 0.104000 0.480000
95 92.953000 0.508333 0.172667 0.863333
360 93.102333 0.508333 0.143333 0.410000
1003 93.187333 0.506667 0.042667 0.333333
348 93.269667 0.500000 0.135333 0.420000
796 93.398000 0.508333 0.137333 0.516667
64 93.489667 0.488333 0.063333 0.336667
7 93.579000 0.505000 0.134000 0.416667
708 93.691000 0.490000 0.104667 0.480000
279 93.775333 0.498333 0.082667 0.463333
244 93.873333 0.495000 0.128000 0.343333
1020 93.955667 0.498333 0.051333 0.383333
145 94.014333 0.491667 0.080667 0.403333
964 94.066000 0.490000 0.038667 0.286667
877 94.124333 0.493333 0.094000 0.453333
783 94.196333 0.493333 0.070000 0.386667
899 94.282333 0.508333 0.119333 0.316667
447 94.368667 0.503333 0.066667 0.386667
652 94.476333 0.505000 0.168667 0.570000
184 94.610333 0.510000 0.115333 0.466667
909 94.709000 0.488333 0.099333 0.430000
675 94.801667 0.500000 0.102000 0.353333
793 94.888667 0.491667 0.086667 0.350000
316 94.969333 0.488333 0.090667 0.310000
137 95.035667 0.506667 0.059333 0.306667
531 95.159667 0.496667 0.206000 0.433333
851 95.295667 0.503333 0.086000 0.346667
770 95.400000 0.493333 0.141333 0.420000
350 95.520000 0.498333 0.113333 0.316667
986 95.587000 0.508333 0.038000 0.283333
242 95.666667 0.508333 0.137333 0.523333
774 95.762333 0.508333 0.067333 0.396667
837 95.835667 0.508333 0.096667 0.403333
94 95.983667 0.510000 0.215333 0.466667
24 96.134667 0.508333 0.104000 0.350000
983 96.199667 0.498333 0.042000 0.343333
1 96.250333 0.510000 0.076667 0.373333
885 96.329333 0.496667 0.101333 0.460000
5 96.416000 0.490000 0.088000 0.406667
841 96.497333 0.491667 0.090667 0.390000
107 96.628333 0.491667 0.190000 0.950000
757 96.773667 0.510000 0.114000 0.326667
514 96.872333 0.491667 0.099333 0.323333
351 96.974333 0.495000 0.120667 0.356667
698 97.057667 0.490000 0.062000 0.320000
946 97.108667 0.488333 0.053333 0.383333
140 97.180000 0.505000 0.109333 0.583333
672 97.292667 0.490000 0.133333 0.446667
765 97.398667 0.490000 0.092000 0.420000
36 97.482667 0.501667 0.092000 0.343333
119 97.558000 0.496667 0.078667 0.473333
743 97.626667 0.510000 0.078667 0.326667
811 97.715333 0.501667 0.114667 0.403333
361 97.819000 0.488333 0.110000 0.336667
996 97.888667 0.498333 0.048000 0.356667
205 97.958333 0.495000 0.106000 0.430000
741 98.055333 0.508333 0.106667 0.363333
276 98.132333 0.488333 0.063333 0.370000
990 98.177333 0.510000 0.041333 0.306667
263 98.268667 0.496667 0.157333 0.500000
424 98.413333 0.495000 0.148000 0.456667
583 98.514667 0.490000 0.072000 0.426667
132 98.584000 0.491667 0.086667 0.390000
65 98.660667 0.508333 0.084000 0.216667
466 98.728667 0.505000 0.072000 0.370000
961 98.779667 0.498333 0.047333 0.370000
253 98.824333 0.506667 0.055333 0.513333
717 98.926333 0.510000 0.162000 0.413333
420 99.038000 0.501667 0.080000 0.323333
53 99.112000 0.493333 0.088000 0.300000
314 99.213667 0.496667 0.128667 0.440000
748 99.312667 0.505000 0.089333 0.303333
611 99.399667 0.500000 0.102000 0.386667
474 99.475333 0.496667 0.068000 0.353333
902 99.601667 0.505000 0.204667 1.023333
951 99.713000 0.495000 0.038000 0.316667
246 99.805667 0.501667 0.163333 0.816667
693 99.923667 0.490000 0.092667 0.453333
32 100.024333 0.501667 0.127333 0.423333
945 100.099000 0.496667 0.042000 0.346667
136 100.168333 0.488333 0.114000 0.383333
487 100.255667 0.510000 0.080667 0.420000
0 100.310667 0.505000 0.049333 0.396667
714 100.415333 0.500000 0.174667 0.513333
662 100.556333 0.500000 0.124667 0.466667
120 100.695000 0.505000 0.166000 0.830000
278 100.850333 0.493333 0.160667 0.473333
198 100.970000 0.488333 0.097333 0.490000
548 101.080333 0.501667 0.136667 0.423333
733 101.175000 0.491667 0.066000 0.390000
730 101.263333 0.491667 0.129333 0.476667
1010 101.340333 0.488333 0.043333 0.343333
110 101.423333 0.491667 0.137333 0.510000
465 101.526000 0.488333 0.081333 0.430000
192 101.609333 0.488333 0.101333 0.503333
978 101.672333 0.500000 0.043333 0.353333
13 101.733333 0.500000 0.096000 0.313333
291 101.832667 0.490000 0.118667 0.466667
476 101.917667 0.510000 0.064667 0.386667
358 102.023000 0.488333 0.160667 0.443333
109 102.183000 0.491667 0.178000 0.890000
159 102.288333 0.496667 0.046000 0.360000
510 102.410000 0.506667 0.213333 1.066667
642 102.559667 0.506667 0.106000 0.420000
692 102.643667 0.500000 0.078000 0.380000
595 102.738667 0.491667 0.129333 0.383333
667 102.860333 0.490000 0.134000 0.473333
430 102.979000 0.503333 0.118000 0.506667
3 103.066667 0.491667 0.073333 0.316667
895 103.165667 0.506667 0.143333 0.420000
643 103.285667 0.496667 0.114000 0.413333
381 103.411000 0.505000 0.154000 0.470000
706 103.515000 0.501667 0.068667 0.356667
559 103.579333 0.488333 0.078667 0.383333
979 103.629333 0.510000 0.037333 0.306667
