332 0.104333 0.488333 0.202000 1.010000
860 0.279000 0.498333 0.166000 0.830000
254 0.416333 0.488333 0.124667 0.470000
400 0.493000 0.508333 0.043333 0.410000
321 0.552000 0.498333 0.090667 0.376667
12 0.632000 0.508333 0.089333 0.296667
628 0.772333 0.491667 0.207333 1.036667
340 0.937333 0.510000 0.140000 0.400000
712 1.083667 0.498333 0.166000 0.830000
202 1.208000 0.491667 0.098667 0.410000
772 1.335333 0.503333 0.176000 0.880000
699 1.471333 0.490000 0.112000 0.306667
652 1.595667 0.498333 0.150000 0.510000
919 1.704667 0.498333 0.084000 0.410000
404 1.796667 0.488333 0.113333 0.570000
906 1.911667 0.496667 0.135333 0.393333
581 2.020333 0.490000 0.100667 0.426667
372 2.124000 0.506667 0.126667 0.386667
623 2.284000 0.490000 0.206667 1.033333
576 2.418667 0.501667 0.080000 0.316667
17 2.511333 0.506667 0.118667 0.406667
810 2.623000 0.495000 0.120667 0.543333
781 2.709000 0.493333 0.071333 0.366667
248 2.774333 0.491667 0.079333 0.430000
878 2.844333 0.488333 0.075333 0.383333
431 2.915667 0.506667 0.083333 0.280000
284 3.017667 0.493333 0.135333 0.486667
636 3.130333 0.488333 0.103333 0.230000
193 3.220333 0.488333 0.096667 0.470000
924 3.282667 0.505000 0.042667 0.303333
717 3.388000 0.491667 0.188000 0.496667
908 3.531000 0.501667 0.114000 0.410000
442 3.615333 0.506667 0.072000 0.373333
408 3.691000 0.510000 0.092667 0.346667
363 3.786667 0.501667 0.116000 0.363333
823 3.880333 0.508333 0.084667 0.423333
99 4.029667 0.501667 0.228667 0.503333
748 4.181667 0.501667 0.092667 0.316667
565 4.300667 0.503333 0.158667 0.326667
171 4.434333 0.490000 0.124667 0.433333
546 4.539667 0.500000 0.106000 0.380000
43 4.637333 0.495000 0.108000 0.423333
627 4.772000 0.508333 0.176000 0.583333
83 4.891333 0.500000 0.077333 0.380000
672 4.978000 0.500000 0.112000 0.393333
74 5.091000 0.503333 0.130000 0.400000
925 5.168667 0.490000 0.040000 0.313333
787 5.212000 0.496667 0.065333 0.400000
63 5.287667 0.505000 0.100667 0.363333
71 5.365667 0.493333 0.071333 0.366667
632 5.492000 0.510000 0.201333 1.006667
279 5.634333 0.503333 0.102000 0.573333
975 5.697333 0.508333 0.041333 0.343333
953 5.724667 0.505000 0.032000 0.256667
387 5.799667 0.495000 0.132667 0.410000
599 5.910000 0.496667 0.102667 0.320000
184 5.999000 0.496667 0.088667 0.386667
44 6.084000 0.505000 0.094667 0.376667
992 6.143333 0.495000 0.042667 0.323333
713 6.258667 0.503333 0.205333 0.566667
265 6.433333 0.506667 0.158667 0.793333
449 6.535000 0.498333 0.063333 0.376667
612 6.667000 0.505000 0.216667 1.083333
876 6.851333 0.495000 0.172000 0.456667
437 6.967333 0.488333 0.078667 0.376667
361 7.113333 0.510000 0.230667 1.153333
714 7.317000 0.505000 0.194000 0.970000
1020 7.429667 0.508333 0.046000 0.343333
257 7.538333 0.495000 0.190000 0.950000
396 7.685333 0.488333 0.124000 0.350000
680 7.787333 0.506667 0.100000 0.333333
863 7.870333 0.495000 0.082000 0.396667
429 7.957333 0.503333 0.109333 0.373333
82 8.048000 0.498333 0.089333 0.656667
346 8.158000 0.506667 0.149333 0.440000
18 8.276333 0.510000 0.100667 0.373333
368 8.393333 0.490000 0.148000 0.440000
664 8.518333 0.501667 0.115333 0.376667
398 8.611000 0.510000 0.088667 0.446667
393 8.759667 0.495000 0.223333 1.116667
301 8.890667 0.506667 0.056000 0.313333
419 8.959333 0.503333 0.097333 0.473333
848 9.069667 0.493333 0.142000 0.433333
615 9.201333 0.498333 0.140000 0.643333
79 9.358000 0.506667 0.189333 0.946667
509 9.493000 0.490000 0.098000 0.306667
497 9.592667 0.501667 0.117333 0.296667
853 9.701667 0.491667 0.119333 0.510000
631 9.823000 0.506667 0.139333 0.460000
325 9.953000 0.503333 0.139333 0.546667
1000 10.033333 0.503333 0.038667 0.280000
655 10.087333 0.508333 0.088000 0.390000
394 10.177333 0.495000 0.109333 0.316667
742 10.306667 0.510000 0.164000 0.820000
868 10.417000 0.495000 0.075333 0.423333
554 10.510667 0.500000 0.125333 0.340000
659 10.600000 0.493333 0.070667 0.286667
622 10.731667 0.498333 0.211333 1.056667
230 10.943333 0.506667 0.225333 1.126667
938 11.066333 0.503333 0.035333 0.286667
624 11.164000 0.500000 0.178667 0.893333
334 11.315333 0.491667 0.137333 0.423333
92 11.471667 0.500000 0.188667 0.400000
960 11.576667 0.498333 0.040000 0.303333
147 11.623000 0.510000 0.071333 0.366667
886 11.709667 0.506667 0.118000 0.406667
354 11.818333 0.503333 0.116667 0.366667
149 11.939667 0.498333 0.142000 0.383333
1006 12.026000 0.508333 0.045333 0.343333
828 12.088333 0.493333 0.095333 0.406667
117 12.188667 0.491667 0.124000 0.363333
14 12.294333 0.498333 0.100667 0.370000
350 12.393333 0.488333 0.114667 0.323333
10 12.485000 0.505000 0.086000 0.296667
603 12.605000 0.508333 0.171333 0.856667
917 12.701000 0.488333 0.034000 0.250000
194 12.765333 0.510000 0.114667 0.580000
583 12.847667 0.500000 0.070000 0.420000
395 12.931667 0.498333 0.114000 0.316667
453 13.015333 0.501667 0.072000 0.376667
195 13.103000 0.501667 0.119333 0.483333
435 13.187667 0.503333 0.067333 0.346667
494 13.260000 0.490000 0.096000 0.426667
58 13.324333 0.498333 0.048667 0.230000
423 13.406667 0.495000 0.136000 0.503333
600 13.530667 0.488333 0.129333 0.390000
740 13.663667 0.501667 0.152667 0.350000
850 13.791000 0.493333 0.118000 0.480000
856 13.910333 0.490000 0.139333 0.340000
174 14.034333 0.491667 0.124667 0.443333
37 14.147667 0.490000 0.118000 0.386667
342 14.247333 0.491667 0.100000 0.416667
701 14.387000 0.491667 0.194000 0.610000
199 14.519000 0.498333 0.088667 0.363333
1003 14.569000 0.498333 0.031333 0.250000
898 14.685333 0.503333 0.221333 1.106667
140 14.870333 0.501667 0.162000 0.810000
602 15.009000 0.496667 0.128667 0.393333
385 15.135667 0.490000 0.142000 0.433333
175 15.276333 0.508333 0.159333 0.796667
289 15.476000 0.503333 0.253333 0.480000
893 15.702667 0.503333 0.213333 1.066667
762 15.844000 0.505000 0.086667 0.410000
571 15.929000 0.506667 0.096667 0.393333
418 16.007667 0.500000 0.079333 0.380000
495 16.080667 0.488333 0.080000 0.410000
153 16.150333 0.500000 0.075333 0.346667
779 16.202333 0.493333 0.046000 0.433333
110 16.282000 0.500000 0.130667 0.493333
776 16.404333 0.501667 0.127333 0.323333
412 16.511000 0.501667 0.102000 0.530000
837 16.607000 0.508333 0.108667 0.450000
121 16.665000 0.493333 0.022000 0.386667
504 16.748667 0.510000 0.161333 0.473333
891 16.846000 0.503333 0.052000 0.333333
70 16.941000 0.488333 0.154000 0.523333
443 17.042333 0.493333 0.063333 0.360000
999 17.091333 0.510000 0.048000 0.353333
364 17.184667 0.508333 0.156000 0.410000
616 17.354000 0.503333 0.197333 0.986667
486 17.480667 0.508333 0.072000 0.370000
625 17.600667 0.501667 0.184000 0.623333
456 17.711333 0.508333 0.056000 0.310000
1018 17.750000 0.488333 0.037333 0.276667
617 17.809333 0.490000 0.097333 0.413333
261 17.933667 0.491667 0.166000 0.830000
514 18.067000 0.506667 0.114000 0.360000
468 18.148667 0.495000 0.066667 0.363333
793 18.234000 0.508333 0.122667 0.496667
52 18.334667 0.498333 0.098667 0.336667
191 18.436667 0.491667 0.124000 0.510000
187 18.539000 0.498333 0.096667 0.450000
869 18.617667 0.495000 0.080667 0.503333
716 18.721333 0.510000 0.142667 0.420000
670 18.843000 0.501667 0.115333 0.396667
232 18.949000 0.508333 0.112667 0.503333
376 19.060000 0.503333 0.129333 0.366667
718 19.224333 0.495000 0.218000 1.090000
708 19.432333 0.495000 0.215333 1.076667
753 19.590333 0.508333 0.116667 0.370000
237 19.682667 0.505000 0.081333 0.576667
656 19.794333 0.493333 0.160667 0.373333
842 19.915000 0.490000 0.098000 0.473333
832 20.013000 0.498333 0.114000 0.503333
440 20.101667 0.491667 0.082000 0.430000
9 20.174667 0.493333 0.078667 0.333333
375 20.270667 0.506667 0.129333 0.373333
563 20.414667 0.506667 0.172000 0.380000
217 20.548667 0.500000 0.109333 0.553333
391 20.668333 0.508333 0.144667 0.450000
1004 20.753333 0.495000 0.041333 0.310000
125 20.818333 0.500000 0.107333 0.453333
84 20.924667 0.498333 0.124000 0.343333
528 21.039333 0.493333 0.125333 0.406667
529 21.156000 0.490000 0.122667 0.486667
55 21.273000 0.491667 0.124667 0.356667
30 21.394667 0.496667 0.132000 0.380000
734 21.526667 0.500000 0.148000 0.386667
980 21.616667 0.491667 0.046667 0.350000
532 21.695333 0.508333 0.126667 0.650000
553 21.811000 0.501667 0.120667 0.410000
719 21.952667 0.500000 0.180000 0.900000
589 22.080000 0.490000 0.094667 0.386667
815 22.182000 0.498333 0.122667 0.423333
575 22.285333 0.496667 0.102667 0.333333
820 22.373667 0.491667 0.087333 0.370000
511 22.464333 0.495000 0.111333 0.376667
1012 22.533667 0.495000 0.042000 0.330000
572 22.597333 0.495000 0.105333 0.416667
441 22.673333 0.493333 0.061333 0.333333
498 22.727000 0.503333 0.064667 0.386667
998 22.770667 0.503333 0.042667 0.340000
685 22.831333 0.500000 0.094667 0.373333
809 22.928000 0.495000 0.117333 0.643333
445 23.005333 0.490000 0.056000 0.340000
635 23.062333 0.498333 0.072667 0.303333
272 23.187333 0.495000 0.196000 0.550000
639 23.317000 0.505000 0.078000 0.390000
96 23.447333 0.496667 0.202667 1.013333
94 23.630000 0.495000 0.182667 0.390000
971 23.736667 0.508333 0.045333 0.330000
984 23.774000 0.508333 0.044000 0.356667
374 23.901667 0.505000 0.226000 1.130000
696 24.071000 0.505000 0.126000 0.290000
557 24.160000 0.506667 0.072000 0.506667
907 24.248000 0.493333 0.120000 0.406667
756 24.371333 0.491667 0.141333 0.483333
212 24.487667 0.505000 0.108667 0.536667
721 24.644667 0.500000 0.218667 1.093333
473 24.784000 0.488333 0.076000 0.410000
707 24.876667 0.493333 0.122667 0.506667
97 25.039667 0.510000 0.218000 0.466667
161 25.189667 0.503333 0.098000 0.360000
945 25.253000 0.503333 0.043333 0.326667
905 25.340667 0.503333 0.145333 0.473333
604 25.468667 0.495000 0.129333 0.383333
607 25.594667 0.490000 0.137333 0.406667
127 25.727667 0.498333 0.146000 0.490000
306 25.824667 0.488333 0.064000 0.363333
180 25.904333 0.501667 0.111333 0.423333
320 26.010333 0.490000 0.120667 0.406667
785 26.100000 0.491667 0.073333 0.316667
950 26.150667 0.506667 0.045333 0.366667
178 26.212667 0.500000 0.096000 0.333333
333 26.343000 0.495000 0.182000 0.396667
527 26.480333 0.505000 0.111333 0.323333
790 26.570667 0.506667 0.084000 0.506667
594 26.676333 0.508333 0.146000 0.436667
875 26.808667 0.498333 0.138667 0.376667
957 26.885667 0.490000 0.035333 0.266667
562 26.961667 0.501667 0.136667 0.283333
240 27.052000 0.501667 0.061333 0.330000
824 27.123000 0.500000 0.095333 0.460000
540 27.249000 0.488333 0.175333 0.876667
760 27.399333 0.508333 0.144000 0.423333
986 27.483333 0.491667 0.044000 0.350000
53 27.559333 0.496667 0.122667 0.420000
521 27.671667 0.490000 0.115333 0.300000
697 27.752333 0.495000 0.059333 0.296667
982 27.792667 0.501667 0.037333 0.296667
242 27.849000 0.491667 0.095333 0.370000
439 27.951000 0.506667 0.122000 0.500000
314 28.062000 0.501667 0.120000 0.476667
834 28.164667 0.488333 0.100000 0.430000
1021 28.227000 0.491667 0.044667 0.350000
246 28.323333 0.510000 0.165333 0.826667
559 28.443667 0.510000 0.088667 0.433333
997 28.502667 0.503333 0.049333 0.360000
687 28.564667 0.500000 0.090667 0.446667
705 28.698667 0.500000 0.190667 0.953333
352 28.847667 0.495000 0.126000 0.370000
124 28.944333 0.510000 0.086000 0.306667
482 29.017667 0.505000 0.079333 0.410000
561 29.126667 0.506667 0.153333 0.373333
33 29.246000 0.506667 0.098667 0.340000
752 29.317000 0.498333 0.063333 0.170000
478 29.377667 0.500000 0.074000 0.380000
560 29.512667 0.490000 0.216000 1.080000
304 29.644667 0.496667 0.065333 0.366667
302 29.700000 0.506667 0.065333 0.366667
791 29.759000 0.491667 0.067333 0.410000
50 29.840667 0.503333 0.109333 0.340000
235 29.935667 0.491667 0.095333 0.410000
595 30.036667 0.496667 0.124000 0.373333
935 30.115000 0.488333 0.046000 0.330000
784 30.162000 0.503333 0.064000 0.520000
839 30.236667 0.503333 0.105333 0.480000
450 30.318333 0.505000 0.076667 0.396667
942 30.371333 0.503333 0.048000 0.346667
51 30.453667 0.505000 0.130000 0.450000
764 30.558000 0.490000 0.093333 0.440000
130 30.671333 0.491667 0.153333 0.316667
722 30.793000 0.495000 0.110000 0.330000
673 30.899333 0.493333 0.116000 0.406667
548 31.001667 0.500000 0.104667 0.393333
661 31.101000 0.500000 0.107333 0.353333
513 31.211000 0.501667 0.127333 0.403333
657 31.307333 0.500000 0.082667 0.326667
769 31.405333 0.510000 0.126667 0.420000
857 31.572667 0.503333 0.224000 0.513333
987 31.691667 0.510000 0.032667 0.266667
460 31.728667 0.498333 0.058667 0.303333
847 31.817333 0.510000 0.134667 0.426667
1023 31.895333 0.496667 0.034667 0.266667
928 31.923333 0.505000 0.040000 0.316667
668 31.980667 0.490000 0.094667 0.306667
120 32.113667 0.498333 0.184667 0.410000
299 32.246667 0.493333 0.096000 0.373333
328 32.355667 0.493333 0.140667 0.320000
388 32.494333 0.496667 0.154000 0.433333
662 32.620333 0.490000 0.112667 0.400000
818 32.731000 0.496667 0.126000 0.406667
356 32.842667 0.501667 0.112000 0.310000
163 32.942333 0.488333 0.107333 0.403333
880 33.033000 0.490000 0.090000 0.286667
754 33.129333 0.496667 0.116000 0.566667
506 33.201333 0.495000 0.042667 0.450000
438 33.284333 0.510000 0.140667 0.426667
189 33.389333 0.500000 0.082667 0.373333
858 33.490333 0.505000 0.135333 0.436667
926 33.568000 0.488333 0.034667 0.270000
981 33.595000 0.508333 0.039333 0.310000
433 33.662333 0.493333 0.112667 0.240000
587 33.767333 0.503333 0.116000 0.360000
969 33.841333 0.491667 0.048000 0.356667
226 33.913333 0.506667 0.114667 0.586667
846 34.005667 0.491667 0.088667 0.403333
651 34.111333 0.488333 0.136000 0.443333
349 34.288333 0.498333 0.231333 1.156667
139 34.424333 0.500000 0.055333 0.320000
164 34.488667 0.501667 0.092000 0.343333
270 34.593333 0.491667 0.136000 0.410000
864 34.713333 0.490000 0.117333 0.473333
428 34.810333 0.490000 0.095333 0.633333
40 34.891333 0.493333 0.086667 0.326667
34 34.970667 0.500000 0.092000 0.306667
613 35.100333 0.488333 0.180667 0.503333
233 35.231000 0.505000 0.096667 0.456667
479 35.305333 0.493333 0.068000 0.353333
606 35.385667 0.491667 0.112667 0.343333
47 35.477667 0.496667 0.090000 0.426667
75 35.594667 0.503333 0.164000 0.506667
782 35.710000 0.491667 0.084000 0.390000
852 35.793333 0.493333 0.101333 0.460000
1005 35.856333 0.490000 0.038000 0.306667
64 35.898000 0.510000 0.061333 0.326667
228 35.971333 0.488333 0.100000 0.403333
143 36.064667 0.500000 0.105333 0.446667
1009 36.131333 0.498333 0.044000 0.330000
582 36.216000 0.500000 0.142667 0.553333
755 36.341667 0.490000 0.124667 0.420000
145 36.431667 0.490000 0.075333 0.353333
827 36.504000 0.496667 0.089333 0.433333
704 36.611333 0.508333 0.141333 0.443333
580 36.750667 0.495000 0.154667 0.383333
274 36.869333 0.496667 0.100000 0.473333
1 36.952333 0.496667 0.086000 0.426667
252 37.058000 0.508333 0.140000 0.556667
845 37.169000 0.510000 0.098000 0.473333
327 37.276000 0.490000 0.130667 0.353333
744 37.445000 0.498333 0.220667 1.103333
596 37.598333 0.505000 0.103333 0.310000
940 37.660667 0.490000 0.037333 0.280000
586 37.731667 0.510000 0.118000 0.366667
308 37.809667 0.496667 0.056667 0.320000
533 37.898000 0.488333 0.140000 0.496667
638 38.013333 0.500000 0.105333 0.413333
650 38.142333 0.500000 0.170000 0.546667
888 38.286333 0.496667 0.131333 0.400000
282 38.411667 0.496667 0.138000 0.480000
406 38.520000 0.496667 0.098667 0.380000
686 38.609333 0.488333 0.097333 0.476667
101 38.756667 0.500000 0.212000 0.460000
13 38.897667 0.488333 0.090000 0.290000
996 38.952667 0.496667 0.037333 0.313333
621 38.987667 0.488333 0.048667 0.483333
934 39.021667 0.491667 0.036667 0.276667
676 39.081667 0.501667 0.096667 0.316667
56 39.158333 0.503333 0.075333 0.113333
210 39.235667 0.501667 0.095333 0.476667
487 39.311333 0.498333 0.074667 0.383333
469 39.384667 0.493333 0.085333 0.440000
973 39.436667 0.495000 0.036000 0.290000
266 39.545333 0.505000 0.198667 0.616667
745 39.680667 0.510000 0.089333 0.333333
341 39.753333 0.495000 0.073333 0.296667
974 39.799000 0.508333 0.032667 0.263333
577 39.861000 0.491667 0.107333 0.423333
703 39.995000 0.501667 0.175333 0.876667
931 40.093667 0.488333 0.036667 0.283333
949 40.122667 0.501667 0.038667 0.323333
28 40.187667 0.505000 0.108667 0.396667
816 40.302000 0.501667 0.138667 0.356667
186 40.416333 0.505000 0.104667 0.463333
800 40.503667 0.503333 0.090000 0.346667
115 40.581667 0.498333 0.080667 0.390000
678 40.665000 0.508333 0.099333 0.350000
244 40.768333 0.496667 0.126000 0.346667
731 40.870000 0.490000 0.092000 0.453333
128 41.003667 0.503333 0.194000 0.593333
1016 41.109333 0.490000 0.037333 0.266667
26 41.188667 0.506667 0.138667 0.466667
77 41.324333 0.498333 0.146000 0.356667
179 41.500667 0.490000 0.224000 1.120000
152 41.640000 0.493333 0.070667 0.320000
239 41.717667 0.501667 0.102000 0.623333
675 41.811000 0.510000 0.104667 0.360000
642 41.900333 0.500000 0.087333 0.346667
541 42.035000 0.510000 0.202000 0.433333
872 42.186000 0.510000 0.116000 0.326667
169 42.297333 0.490000 0.124000 0.460000
300 42.387333 0.508333 0.074667 0.236667
985 42.441333 0.503333 0.048000 0.373333
172 42.547000 0.501667 0.179333 0.896667
317 42.692667 0.495000 0.132000 0.530000
424 42.804667 0.503333 0.112000 0.353333
520 42.915000 0.495000 0.126000 0.416667
817 43.040667 0.491667 0.144000 0.483333
417 43.151000 0.491667 0.091333 0.436667
700 43.243333 0.491667 0.113333 0.450000
231 43.342000 0.493333 0.101333 0.413333
706 43.420667 0.493333 0.076000 0.386667
451 43.485667 0.491667 0.071333 0.363333
962 43.530667 0.495000 0.036000 0.290000
598 43.600667 0.496667 0.124000 0.366667
207 43.702000 0.490000 0.092000 0.460000
98 43.848333 0.495000 0.214000 0.463333
267 44.040333 0.488333 0.188667 0.943333
813 44.189667 0.508333 0.128667 0.363333
773 44.311000 0.495000 0.134000 0.396667
855 44.403000 0.491667 0.064667 0.163333
988 44.443000 0.500000 0.032667 0.273333
516 44.499000 0.490000 0.095333 0.306667
216 44.590333 0.510000 0.103333 0.446667
234 44.683667 0.493333 0.102000 0.413333
881 44.785667 0.490000 0.115333 0.386667
550 44.862333 0.491667 0.058000 0.290000
1019 44.899667 0.508333 0.036667 0.263333
927 44.931667 0.508333 0.047333 0.363333
510 44.996000 0.501667 0.098667 0.316667
667 45.087000 0.510000 0.102000 0.346667
8 45.169667 0.501667 0.083333 0.310000
914 45.271667 0.495000 0.140667 0.436667
458 45.375333 0.495000 0.080000 0.410000
743 45.442000 0.501667 0.073333 0.316667
895 45.529000 0.493333 0.119333 0.333333
694 45.621333 0.501667 0.084000 0.416667
522 45.712000 0.493333 0.116000 0.380000
90 45.840667 0.493333 0.161333 0.806667
85 45.961000 0.488333 0.096667 0.363333
859 46.066333 0.491667 0.127333 0.356667
601 46.193333 0.491667 0.145333 0.463333
260 46.339333 0.510000 0.161333 0.806667
384 46.492000 0.491667 0.158667 0.470000
682 46.621000 0.506667 0.118000 0.446667
287 46.711333 0.500000 0.082667 0.306667
952 46.762000 0.503333 0.037333 0.273333
677 46.821667 0.498333 0.099333 0.376667
634 46.907000 0.496667 0.091333 0.380000
567 47.052667 0.510000 0.214667 1.073333
1008 47.167333 0.505000 0.034667 0.283333
904 47.217000 0.498333 0.079333 0.376667
277 47.280000 0.505000 0.066667 0.310000
227 47.370333 0.491667 0.132667 0.536667
331 47.548333 0.510000 0.240667 0.553333
885 47.698667 0.496667 0.078667 0.346667
1001 47.753333 0.498333 0.048000 0.370000
884 47.836000 0.508333 0.136000 0.490000
1013 47.922000 0.493333 0.052000 0.380000
181 47.996000 0.496667 0.114667 0.406667
222 48.090000 0.500000 0.089333 0.440000
345 48.207000 0.508333 0.160667 0.803333
401 48.328000 0.488333 0.094667 0.496667
241 48.407333 0.503333 0.078667 0.406667
67 48.527000 0.498333 0.174000 0.870000
610 48.663000 0.501667 0.115333 0.356667
22 48.786667 0.495000 0.145333 0.490000
854 48.955333 0.490000 0.209333 1.046667
427 49.116667 0.500000 0.126667 0.606667
392 49.244000 0.493333 0.141333 0.400000
462 49.343333 0.505000 0.077333 0.403333
262 49.421333 0.510000 0.096000 0.480000
373 49.535333 0.510000 0.152000 0.433333
45 49.632000 0.506667 0.061333 0.306667
873 49.707000 0.503333 0.106000 0.506667
318 49.807000 0.491667 0.107333 0.463333
137 49.883333 0.505000 0.061333 0.296667
1011 49.924333 0.496667 0.035333 0.273333
322 49.987667 0.498333 0.107333 0.130000
1002 50.052667 0.506667 0.040000 0.286667
747 50.115000 0.506667 0.102000 0.426667
466 50.196333 0.498333 0.074000 0.383333
690 50.260667 0.488333 0.072000 0.350000
551 50.355333 0.500000 0.137333 0.420000
766 50.485667 0.501667 0.139333 0.410000
605 50.622333 0.500000 0.150000 0.413333
943 50.710333 0.488333 0.042000 0.350000
157 50.808000 0.506667 0.169333 0.680000
185 50.936000 0.510000 0.101333 0.513333
720 51.090667 0.496667 0.224000 1.120000
382 51.252667 0.510000 0.114667 0.333333
959 51.320667 0.508333 0.041333 0.310000
188 51.382333 0.495000 0.098000 0.436667
211 51.474000 0.490000 0.104000 0.526667
339 51.556333 0.495000 0.074000 0.390000
102 51.666333 0.506667 0.159333 0.340000
151 51.777333 0.495000 0.078667 0.363333
251 51.836667 0.501667 0.057333 0.323333
256 51.900333 0.500000 0.090000 0.326667
666 51.991667 0.493333 0.110000 0.380000
283 52.098000 0.510000 0.121333 0.413333
465 52.190667 0.496667 0.078667 0.400000
218 52.275000 0.493333 0.110000 0.453333
649 52.371667 0.503333 0.099333 0.526667
805 52.489000 0.501667 0.155333 0.776667
48 52.706000 0.493333 0.292000 0.573333
380 52.908333 0.490000 0.132667 0.406667
499 52.996333 0.500000 0.060667 0.373333
951 53.037000 0.503333 0.036667 0.313333
789 53.078333 0.490000 0.059333 0.366667
420 53.142000 0.491667 0.088000 0.330000
357 53.243667 0.500000 0.131333 0.413333
263 53.404000 0.493333 0.209333 1.046667
168 53.590333 0.495000 0.178000 0.890000
903 53.731000 0.510000 0.116667 0.333333
367 53.859333 0.488333 0.154667 0.443333
249 53.955667 0.503333 0.052667 0.420000
136 54.025333 0.505000 0.101333 0.363333
365 54.143000 0.496667 0.152667 0.406667
38 54.270667 0.491667 0.116000 0.410000
457 54.361333 0.508333 0.080000 0.416667
503 54.469000 0.500000 0.151333 0.420000
65 54.581000 0.490000 0.092667 0.240000
481 54.655000 0.506667 0.075333 0.433333
243 54.771333 0.490000 0.170667 0.566667
42 54.887333 0.506667 0.080000 0.453333
448 54.951333 0.501667 0.062667 0.330000
620 55.029000 0.508333 0.108667 0.470000
337 55.191667 0.500000 0.235333 0.480000
95 55.408333 0.508333 0.216667 0.470000
633 55.621000 0.505000 0.224667 1.123333
29 55.787667 0.505000 0.122000 0.330000
1015 55.866000 0.508333 0.049333 0.356667
290 55.941667 0.498333 0.122000 0.323333
414 56.054667 0.490000 0.118667 0.560000
874 56.159000 0.490000 0.104667 0.460000
335 56.263000 0.506667 0.116667 0.366667
415 56.393000 0.495000 0.159333 0.556667
421 56.542667 0.490000 0.156000 0.453333
726 56.649333 0.508333 0.073333 0.383333
912 56.721000 0.503333 0.088667 0.353333
643 56.799333 0.490000 0.088000 0.313333
614 56.938000 0.510000 0.205333 1.026667
66 57.124000 0.503333 0.180000 0.900000
750 57.267000 0.495000 0.119333 0.443333
728 57.352333 0.505000 0.070000 0.616667
144 57.490333 0.495000 0.224667 1.123333
681 57.616000 0.498333 0.040000 0.350000
879 57.689000 0.506667 0.124667 0.400000
862 57.776333 0.498333 0.067333 0.336667
866 57.882333 0.506667 0.158000 0.486667
517 58.020667 0.488333 0.138667 0.463333
758 58.161000 0.501667 0.156667 0.456667
841 58.283667 0.500000 0.107333 0.446667
916 58.422000 0.500000 0.185333 0.926667
378 58.560000 0.495000 0.108000 0.310000
61 58.646333 0.506667 0.080667 0.413333
804 58.760000 0.510000 0.160000 0.800000
767 58.893000 0.490000 0.120667 0.346667
476 58.982667 0.491667 0.073333 0.436667
801 59.058000 0.508333 0.090667 0.330000
100 59.214333 0.495000 0.238000 0.503333
119 59.372333 0.508333 0.095333 0.570000
165 59.470667 0.496667 0.117333 0.420000
829 59.579000 0.488333 0.112667 0.550000
155 59.669333 0.493333 0.082667 0.433333
41 59.773333 0.501667 0.140000 0.396667
797 59.882333 0.496667 0.094000 0.373333
877 59.967667 0.495000 0.090000 0.450000
146 60.060000 0.503333 0.109333 0.480000
647 60.146667 0.500000 0.081333 0.406667
496 60.230000 0.505000 0.105333 0.436667
24 60.326000 0.501667 0.101333 0.343333
403 60.474667 0.503333 0.212000 1.060000
765 60.615667 0.503333 0.087333 0.400000
305 60.681333 0.495000 0.057333 0.316667
170 60.752333 0.491667 0.103333 0.383333
405 60.838333 0.505000 0.083333 0.323333
135 60.930667 0.495000 0.114667 0.396667
303 61.016333 0.510000 0.075333 0.426667
968 61.063667 0.491667 0.038000 0.316667
811 61.138333 0.496667 0.131333 0.393333
293 61.248000 0.490000 0.102667 0.393333
788 61.375000 0.498333 0.168667 0.843333
896 61.507667 0.505000 0.115333 0.356667
208 61.617000 0.493333 0.122000 0.513333
658 61.704667 0.510000 0.072000 0.413333
142 61.776667 0.501667 0.092000 0.490000
840 61.859000 0.501667 0.086000 0.423333
489 61.925667 0.490000 0.062000 0.320000
730 62.014000 0.488333 0.132000 0.503333
746 62.142333 0.500000 0.142000 0.406667
518 62.259000 0.488333 0.104667 0.350000
369 62.364667 0.508333 0.122667 0.350000
798 62.463000 0.501667 0.092667 0.343333
247 62.540333 0.496667 0.075333 0.353333
646 62.608667 0.496667 0.074667 0.326667
19 62.683667 0.498333 0.088667 0.296667
826 62.785000 0.508333 0.130000 0.536667
118 62.896000 0.495000 0.112000 0.423333
167 63.001000 0.488333 0.116667 0.436667
258 63.112667 0.488333 0.120000 0.436667
831 63.226667 0.498333 0.126667 0.530000
991 63.304667 0.500000 0.042667 0.320000
399 63.383667 0.500000 0.130000 0.433333
693 63.477000 0.488333 0.071333 0.350000
295 63.558333 0.505000 0.104667 0.436667
472 63.635667 0.495000 0.070000 0.396667
774 63.696333 0.505000 0.068667 0.350000
16 63.766000 0.500000 0.088000 0.333333
131 63.894667 0.496667 0.182667 0.913333
759 64.046000 0.503333 0.137333 0.466667
715 64.175333 0.506667 0.141333 0.393333
245 64.266333 0.498333 0.058000 0.303333
446 64.320333 0.498333 0.066000 0.396667
397 64.386000 0.496667 0.078667 0.326667
409 64.519000 0.508333 0.207333 1.036667
493 64.645667 0.508333 0.066000 0.323333
461 64.709000 0.503333 0.078000 0.393333
464 64.771667 0.490000 0.064667 0.366667
32 64.839333 0.503333 0.090667 0.293333
126 64.943667 0.503333 0.132667 0.446667
918 65.048667 0.505000 0.090667 0.296667
865 65.147667 0.503333 0.122000 0.406667
425 65.241667 0.491667 0.079333 0.443333
695 65.370000 0.496667 0.192000 0.960000
156 65.535333 0.496667 0.153333 0.366667
555 65.618333 0.490000 0.032667 0.320000
592 65.696667 0.496667 0.137333 0.413333
76 65.819667 0.501667 0.122000 0.376667
484 65.920000 0.488333 0.094667 0.330000
579 66.044667 0.505000 0.170667 0.383333
132 66.160667 0.491667 0.074667 0.303333
46 66.212333 0.510000 0.043333 0.393333
196 66.280667 0.496667 0.106667 0.486667
220 66.376000 0.501667 0.100000 0.476667
285 66.488000 0.496667 0.144000 0.506667
455 66.577000 0.491667 0.054000 0.316667
483 66.627667 0.505000 0.060667 0.363333
292 66.713667 0.510000 0.124667 0.486667
358 66.844667 0.490000 0.157333 0.466667
889 66.992667 0.501667 0.153333 0.483333
219 67.114667 0.501667 0.108000 0.550000
213 67.222667 0.498333 0.124000 0.516667
6 67.331000 0.505000 0.108667 0.450000
114 67.427000 0.508333 0.098000 0.490000
771 67.508333 0.495000 0.082000 0.430000
537 67.643333 0.493333 0.206667 1.033333
309 67.773333 0.508333 0.072000 0.410000
768 67.835000 0.500000 0.070000 0.193333
849 67.907667 0.500000 0.090000 0.366667
111 67.985000 0.500000 0.084667 0.360000
833 68.068333 0.503333 0.098000 0.406667
978 68.133333 0.493333 0.046667 0.360000
500 68.192333 0.506667 0.088667 0.400000
59 68.327667 0.491667 0.196667 0.983333
688 68.457667 0.496667 0.082000 0.406667
36 68.534667 0.496667 0.086667 0.333333
471 68.598667 0.501667 0.054667 0.323333
123 68.678000 0.490000 0.118667 0.760000
822 68.785000 0.490000 0.110000 0.380000
568 68.894667 0.505000 0.122667 0.616667
956 68.974667 0.505000 0.050667 0.376667
490 69.019667 0.496667 0.059333 0.313333
93 69.147333 0.505000 0.214667 0.456667
970 69.265333 0.495000 0.041333 0.336667
930 69.299333 0.501667 0.040000 0.290000
383 69.386667 0.488333 0.150667 0.396667
78 69.563667 0.495000 0.222000 1.110000
897 69.748333 0.493333 0.160667 0.440000
644 69.858000 0.500000 0.073333 0.333333
990 69.905000 0.493333 0.034000 0.280000
297 69.946333 0.491667 0.067333 0.356667
515 70.040000 0.495000 0.136000 0.430000
569 70.142000 0.495000 0.084000 0.350000
109 70.276333 0.508333 0.199333 0.423333
972 70.381667 0.506667 0.030000 0.253333
411 70.477000 0.491667 0.180667 0.363333
870 70.586667 0.491667 0.058667 0.290000
641 70.651667 0.491667 0.088667 0.430000
794 70.729333 0.493333 0.081333 0.493333
4 70.800000 0.491667 0.076000 0.296667
307 70.865667 0.503333 0.072667 0.413333
684 70.944667 0.493333 0.101333 0.346667
899 71.042667 0.503333 0.112000 0.293333
757 71.149667 0.496667 0.118000 0.340000
778 71.239000 0.505000 0.079333 0.510000
547 71.304333 0.491667 0.071333 0.383333
162 71.417000 0.488333 0.172667 0.863333
347 71.559000 0.510000 0.128667 0.386667
609 71.654667 0.491667 0.078667 0.323333
129 71.745667 0.508333 0.120667 0.476667
159 71.818000 0.505000 0.038667 0.310000
573 71.877000 0.510000 0.092667 0.386667
941 71.929000 0.501667 0.030000 0.243333
491 71.985000 0.488333 0.098000 0.476667
273 72.050333 0.495000 0.048667 0.316667
770 72.146000 0.493333 0.161333 0.806667
351 72.283333 0.508333 0.132000 0.363333
738 72.389667 0.493333 0.095333 0.453333
474 72.456000 0.490000 0.052000 0.306667
883 72.577667 0.491667 0.208667 1.043333
933 72.694000 0.501667 0.042667 0.356667
336 72.752000 0.491667 0.090667 0.436667
735 72.849667 0.505000 0.120667 0.483333
319 72.942000 0.505000 0.084000 0.303333
370 73.059667 0.491667 0.164667 0.823333
749 73.186000 0.493333 0.104000 0.453333
158 73.324667 0.493333 0.193333 0.966667
366 73.488667 0.505000 0.149333 0.403333
665 73.612000 0.505000 0.112000 0.390000
648 73.705333 0.495000 0.090667 0.383333
549 73.796667 0.498333 0.106667 0.356667
983 73.862333 0.490000 0.039333 0.300000
463 73.907667 0.503333 0.068667 0.346667
360 74.012333 0.491667 0.154000 0.423333
221 74.132333 0.501667 0.102000 0.423333
348 74.243000 0.493333 0.135333 0.360000
312 74.350333 0.493333 0.099333 0.346667
737 74.421000 0.498333 0.056667 0.390000
786 74.481333 0.491667 0.078667 0.483333
281 74.572667 0.490000 0.122667 0.413333
733 74.661000 0.493333 0.072667 0.440000
838 74.736000 0.498333 0.090667 0.403333
205 74.881667 0.495000 0.215333 1.076667
534 75.021333 0.508333 0.078667 0.310000
3 75.097000 0.510000 0.087333 0.400000
154 75.177667 0.501667 0.090000 0.456667
946 75.234667 0.508333 0.041333 0.323333
80 75.298000 0.496667 0.102667 0.506667
585 75.420667 0.498333 0.157333 0.476667
936 75.514000 0.493333 0.044000 0.346667
214 75.572333 0.505000 0.092667 0.383333
113 75.645333 0.501667 0.073333 0.343333
723 75.717000 0.508333 0.090000 0.310000
923 75.772000 0.495000 0.037333 0.310000
836 75.837000 0.490000 0.107333 0.500000
203 75.941333 0.503333 0.116000 0.473333
103 76.099667 0.505000 0.214000 1.070000
166 76.253000 0.501667 0.107333 0.403333
989 76.320000 0.490000 0.045333 0.366667
501 76.373667 0.490000 0.082000 0.400000
637 76.439667 0.495000 0.070000 0.350000
963 76.487667 0.496667 0.046000 0.346667
629 76.578000 0.500000 0.152000 0.506667
294 76.748000 0.495000 0.201333 0.356667
454 76.867667 0.508333 0.058000 0.303333
630 76.964667 0.510000 0.154667 0.513333
310 77.065667 0.503333 0.063333 0.360000
105 77.181000 0.495000 0.183333 0.916667
436 77.315667 0.508333 0.106000 0.296667
894 77.420000 0.503333 0.116000 0.306667
108 77.576333 0.498333 0.215333 1.076667
892 77.742667 0.500000 0.133333 0.386667
204 77.846000 0.488333 0.093333 0.376667
467 77.911000 0.505000 0.056667 0.283333
531 78.022667 0.493333 0.182667 0.446667
291 78.171333 0.496667 0.128000 0.493333
62 78.274667 0.498333 0.096000 0.443333
190 78.370667 0.503333 0.112000 0.540000
485 78.459000 0.508333 0.084667 0.436667
459 78.535667 0.495000 0.082000 0.423333
783 78.621667 0.500000 0.103333 0.540000
21 78.712333 0.491667 0.094000 0.303333
298 78.786000 0.493333 0.073333 0.366667
691 78.850000 0.500000 0.072000 0.353333
183 78.938000 0.501667 0.121333 0.616667
835 79.040000 0.500000 0.097333 0.380000
867 79.125667 0.505000 0.090000 0.283333
0 79.190333 0.503333 0.055333 0.440000
524 79.255333 0.496667 0.093333 0.300000
160 79.324333 0.508333 0.062000 0.376667
937 79.367333 0.501667 0.037333 0.290000
910 79.447333 0.508333 0.141333 0.483333
480 79.547333 0.508333 0.076000 0.390000
679 79.612333 0.505000 0.070000 0.423333
958 79.659000 0.491667 0.039333 0.330000
530 79.710000 0.490000 0.081333 0.386667
736 79.775000 0.490000 0.064667 0.433333
588 79.850000 0.510000 0.101333 0.440000
2 79.935333 0.496667 0.085333 0.440000
566 80.024667 0.500000 0.106667 0.446667
27 80.122000 0.498333 0.106667 0.363333
698 80.192333 0.488333 0.051333 0.270000
276 80.237667 0.495000 0.056667 0.363333
23 80.328667 0.495000 0.141333 0.403333
271 80.489333 0.503333 0.193333 0.966667
209 80.662333 0.501667 0.166000 0.830000
727 80.770333 0.503333 0.067333 0.320000
507 80.837667 0.488333 0.082000 0.416667
1014 80.890333 0.498333 0.043333 0.343333
545 80.943667 0.488333 0.082000 0.303333
961 81.000333 0.503333 0.047333 0.360000
887 81.074000 0.500000 0.116000 0.393333
122 81.180333 0.496667 0.111333 0.406667
535 81.309667 0.498333 0.167333 0.363333
913 81.452667 0.506667 0.132000 0.400000
538 81.608333 0.508333 0.192667 0.496667
692 81.739000 0.505000 0.082000 0.403333
381 81.845333 0.495000 0.149333 0.463333
323 82.009333 0.506667 0.194667 0.973333
689 82.139000 0.503333 0.078000 0.386667
669 82.217333 0.493333 0.096000 0.333333
564 82.348333 0.505000 0.184667 0.376667
106 82.510667 0.495000 0.160000 0.343333
654 82.704333 0.508333 0.244667 0.490000
49 82.925000 0.498333 0.214000 1.070000
286 83.083000 0.490000 0.115333 0.433333
173 83.188667 0.510000 0.112000 0.506667
68 83.300000 0.505000 0.124000 0.363333
584 83.426667 0.490000 0.142667 0.460000
915 83.533000 0.488333 0.087333 0.703333
353 83.660000 0.510000 0.181333 0.906667
508 83.778000 0.508333 0.069333 0.403333
390 83.869000 0.503333 0.130000 0.346667
236 83.985000 0.490000 0.119333 0.553333
5 84.078333 0.496667 0.087333 0.393333
426 84.140667 0.500000 0.052000 0.306667
324 84.223333 0.503333 0.128000 0.626667
909 84.336000 0.510000 0.110667 0.486667
608 84.441000 0.506667 0.118000 0.386667
107 84.601000 0.498333 0.220667 1.103333
31 84.760000 0.496667 0.110667 0.326667
901 84.917667 0.501667 0.222000 1.110000
1007 85.037333 0.510000 0.037333 0.286667
861 85.067000 0.495000 0.036667 0.290000
198 85.131000 0.505000 0.107333 0.530000
344 85.251333 0.503333 0.148000 0.400000
477 85.349333 0.503333 0.066667 0.360000
379 85.487333 0.490000 0.226667 1.133333
192 85.637333 0.488333 0.093333 0.416667
87 85.774667 0.496667 0.194667 0.420000
780 85.937333 0.498333 0.150667 0.436667
812 86.079667 0.496667 0.147333 0.480000
434 86.194000 0.496667 0.096000 0.326667
229 86.298000 0.490000 0.130667 0.526667
803 86.442333 0.501667 0.175333 0.876667
377 86.581667 0.503333 0.119333 0.346667
288 86.682000 0.488333 0.098667 0.376667
556 86.775667 0.500000 0.108667 0.453333
182 86.898000 0.510000 0.154667 0.773333
35 87.025667 0.491667 0.116667 0.396667
338 87.144667 0.491667 0.140000 0.730000
574 87.244667 0.506667 0.074667 0.300000
470 87.309000 0.508333 0.068667 0.350000
523 87.392000 0.493333 0.117333 0.380000
86 87.479667 0.495000 0.078000 0.330000
311 87.550667 0.505000 0.082667 0.356667
432 87.659000 0.506667 0.151333 0.300000
280 87.795000 0.490000 0.135333 0.473333
54 87.886333 0.508333 0.060667 0.343333
710 88.008667 0.506667 0.197333 0.986667
544 88.153333 0.493333 0.112000 0.426667
525 88.253333 0.498333 0.106667 0.343333
73 88.360000 0.501667 0.121333 0.396667
488 88.447333 0.488333 0.073333 0.376667
795 88.516000 0.510000 0.077333 0.480000
255 88.607667 0.503333 0.123333 0.473333
134 88.725000 0.488333 0.126000 0.396667
711 88.859667 0.505000 0.158000 0.790000
268 89.037333 0.503333 0.210667 1.053333
116 89.204000 0.501667 0.137333 0.436667
362 89.327333 0.495000 0.122667 0.323333
751 89.426667 0.488333 0.089333 0.390000
7 89.532333 0.500000 0.140667 0.520000
1017 89.619667 0.496667 0.050000 0.373333
225 89.683667 0.490000 0.095333 0.380000
296 89.771333 0.490000 0.100000 0.373333
802 89.912667 0.498333 0.197333 0.396667
741 90.049667 0.490000 0.091333 0.313333
890 90.134333 0.506667 0.092667 0.380000
176 90.222667 0.491667 0.102667 0.356667
512 90.328667 0.501667 0.124000 0.416667
900 90.452333 0.496667 0.142000 0.406667
954 90.532000 0.490000 0.032000 0.246667
653 90.619000 0.500000 0.155333 0.506667
683 90.786333 0.488333 0.195333 0.976667
825 90.930333 0.505000 0.111333 0.456667
410 91.026000 0.490000 0.096000 0.366667
81 91.116000 0.501667 0.102667 0.416667
402 91.218000 0.500000 0.118667 0.340000
371 91.326333 0.498333 0.112667 0.350000
422 91.433333 0.496667 0.121333 0.446667
792 91.531333 0.498333 0.088000 0.350000
11 91.627333 0.505000 0.122667 0.456667
993 91.700000 0.495000 0.040000 0.323333
702 91.804667 0.496667 0.189333 0.946667
739 91.931333 0.500000 0.078667 0.546667
994 91.980333 0.496667 0.038000 0.306667
505 92.025000 0.500000 0.066000 0.273333
539 92.096667 0.493333 0.093333 0.413333
355 92.200333 0.496667 0.128667 0.333333
806 92.358667 0.493333 0.205333 0.513333
57 92.485667 0.490000 0.067333 0.340000
200 92.577333 0.508333 0.129333 0.530000
316 92.686667 0.501667 0.109333 0.376667
593 92.821667 0.510000 0.180667 0.520000
502 92.939333 0.495000 0.068000 0.316667
814 93.028333 0.490000 0.124667 0.420000
313 93.138333 0.496667 0.114000 0.446667
570 93.229667 0.491667 0.086000 0.363333
416 93.306000 0.508333 0.084000 0.410000
264 93.396333 0.501667 0.115333 0.443333
201 93.497000 0.493333 0.106000 0.433333
206 93.596667 0.496667 0.113333 0.460000
543 93.740333 0.501667 0.191333 0.956667
39 93.878333 0.488333 0.100667 0.336667
944 93.943000 0.491667 0.042000 0.323333
882 94.015000 0.500000 0.122000 0.486667
947 94.086667 0.491667 0.040000 0.323333
640 94.137000 0.498333 0.076667 0.390000
150 94.223667 0.495000 0.112667 0.450000
591 94.348000 0.496667 0.154667 0.446667
223 94.457667 0.503333 0.083333 0.373333
329 94.582000 0.496667 0.181333 0.646667
830 94.720333 0.490000 0.112667 0.526667
671 94.829667 0.491667 0.119333 0.403333
663 94.941333 0.501667 0.118667 0.396667
526 95.062000 0.500000 0.142667 0.380000
597 95.179333 0.488333 0.108000 0.316667
922 95.247000 0.490000 0.043333 0.333333
89 95.347000 0.496667 0.170000 0.366667
542 95.486333 0.496667 0.128667 0.453333
20 95.596000 0.488333 0.104000 0.330000
141 95.685333 0.498333 0.094667 0.410000
413 95.775667 0.505000 0.099333 0.423333
808 95.871667 0.503333 0.107333 0.486667
920 95.962333 0.510000 0.087333 0.320000
967 96.016667 0.498333 0.038667 0.316667
921 96.064667 0.495000 0.073333 0.430000
732 96.133333 0.501667 0.080000 0.416667
148 96.238000 0.495000 0.144000 0.390000
133 96.369667 0.488333 0.134000 0.416667
871 96.455333 0.491667 0.054667 0.270000
275 96.501667 0.503333 0.052667 0.340000
138 96.546667 0.503333 0.054667 0.320000
626 96.651000 0.508333 0.170000 0.850000
25 96.787000 0.501667 0.120667 0.443333
197 96.901000 0.501667 0.124667 0.496667
911 97.011000 0.491667 0.112667 0.423333
536 97.174000 0.506667 0.228000 1.140000
619 97.331667 0.490000 0.100667 0.493333
215 97.418667 0.490000 0.089333 0.366667
775 97.490667 0.496667 0.069333 0.346667
177 97.564667 0.503333 0.096000 0.333333
799 97.648333 0.495000 0.087333 0.316667
763 97.707000 0.510000 0.050000 0.393333
430 97.787667 0.491667 0.127333 0.536667
725 97.905333 0.506667 0.125333 0.533333
590 98.020667 0.496667 0.120000 0.413333
558 98.109333 0.490000 0.073333 0.360000
955 98.157333 0.501667 0.038667 0.303333
475 98.201667 0.488333 0.070000 0.423333
660 98.286667 0.493333 0.116000 0.426667
91 98.446000 0.488333 0.217333 0.463333
939 98.563333 0.508333 0.036000 0.283333
965 98.589667 0.496667 0.036667 0.306667
645 98.647000 0.496667 0.098000 0.433333
407 98.737667 0.495000 0.096667 0.363333
807 98.874333 0.505000 0.192667 0.963333
389 99.024667 0.506667 0.124000 0.346667
315 99.124333 0.506667 0.092667 0.320000
238 99.225333 0.498333 0.122667 0.476667
902 99.349000 0.506667 0.142000 0.426667
69 99.460333 0.508333 0.094000 0.503333
519 99.560667 0.503333 0.124000 0.406667
15 99.660333 0.496667 0.090000 0.293333
851 99.751333 0.508333 0.105333 0.430000
326 99.831333 0.501667 0.069333 0.316667
821 99.896000 0.505000 0.076000 0.543333
330 99.975667 0.495000 0.096667 0.363333
343 100.082667 0.488333 0.134667 0.376667
964 100.164000 0.500000 0.042667 0.333333
729 100.190667 0.510000 0.029333 0.406667
929 100.218333 0.501667 0.046000 0.336667
72 100.277000 0.506667 0.091333 0.440000
492 100.346667 0.510000 0.064000 0.346667
104 100.451000 0.488333 0.160667 0.803333
60 100.566000 0.501667 0.088000 0.363333
777 100.659333 0.500000 0.118667 0.520000
444 100.753000 0.488333 0.087333 0.443333
948 100.808333 0.503333 0.040667 0.340000
843 100.874000 0.503333 0.106667 0.526667
674 100.970333 0.510000 0.099333 0.346667
976 101.034667 0.491667 0.042667 0.330000
844 101.131333 0.490000 0.169333 0.846667
932 101.227333 0.488333 0.038667 0.283333
224 101.297000 0.510000 0.118000 0.533333
819 101.419667 0.503333 0.143333 0.473333
1022 101.508000 0.506667 0.050667 0.373333
259 101.568667 0.488333 0.089333 0.450000
761 101.675000 0.501667 0.142000 0.450000
88 101.823333 0.506667 0.169333 0.846667
966 101.920333 0.488333 0.042000 0.330000
552 101.964000 0.500000 0.060000 0.373333
995 102.004667 0.498333 0.040000 0.323333
447 102.058667 0.501667 0.082667 0.430000
796 102.181667 0.508333 0.183333 0.916667
386 102.339000 0.496667 0.146000 0.393333
452 102.438667 0.510000 0.072000 0.366667
611 102.510667 0.508333 0.089333 0.370000
709 102.604333 0.503333 0.112667 0.453333
1010 102.666667 0.498333 0.030667 0.256667
724 102.717333 0.501667 0.086667 0.536667
979 102.768667 0.503333 0.034667 0.273333
578 102.822333 0.501667 0.086000 0.336667
278 102.925667 0.503333 0.140667 0.426667
250 103.079000 0.505000 0.183333 0.916667
359 103.243667 0.506667 0.160667 0.473333
253 103.335000 0.510000 0.040667 0.386667
112 103.430333 0.493333 0.168667 0.560000
618 103.534333 0.488333 0.055333 0.356667
977 103.574333 0.500000 0.038000 0.286667
269 103.665000 0.496667 0.163333 0.513333
