455 0.042667 0.490000 0.078667 0.413333
133 0.125000 0.503333 0.106000 0.386667
627 0.251333 0.510000 0.162667 0.813333
993 0.344000 0.490000 0.040000 0.326667
286 0.419000 0.490000 0.124667 0.466667
547 0.503667 0.500000 0.062000 0.353333
912 0.569333 0.508333 0.086667 0.350000
596 0.666000 0.501667 0.124000 0.363333
666 0.774333 0.498333 0.112667 0.363333
15 0.873333 0.493333 0.104000 0.366667
406 0.961333 0.500000 0.086667 0.340000
319 1.041667 0.501667 0.094000 0.336667
414 1.190000 0.490000 0.218667 1.093333
509 1.358667 0.495000 0.136000 0.456667
416 1.457667 0.506667 0.079333 0.386667
556 1.541667 0.508333 0.103333 0.430000
1006 1.611333 0.503333 0.049333 0.360000
954 1.649000 0.495000 0.042000 0.343333
252 1.764667 0.490000 0.202667 1.013333
491 1.909333 0.500000 0.100000 0.493333
218 2.047000 0.495000 0.194000 0.970000
390 2.211000 0.503333 0.154000 0.440000
605 2.349333 0.500000 0.141333 0.366667
847 2.463000 0.491667 0.104667 0.316667
463 2.543667 0.501667 0.071333 0.363333
179 2.637333 0.488333 0.129333 0.463333
812 2.765000 0.498333 0.139333 0.343333
180 2.889333 0.488333 0.129333 0.450000
86 2.986000 0.491667 0.084000 0.396667
289 3.134000 0.488333 0.229333 0.436667
464 3.282667 0.503333 0.085333 0.433333
744 3.420667 0.506667 0.208000 1.040000
717 3.595667 0.505000 0.156667 0.416667
153 3.702000 0.491667 0.076000 0.350000
522 3.786333 0.501667 0.110000 0.356667
383 3.897667 0.496667 0.131333 0.406667
854 4.051667 0.491667 0.194000 0.616667
805 4.234667 0.493333 0.190667 0.953333
608 4.365000 0.491667 0.084667 0.296667
695 4.489000 0.500000 0.176667 0.486667
5 4.606667 0.490000 0.076000 0.333333
78 4.716667 0.500000 0.162667 0.406667
493 4.818667 0.508333 0.060000 0.323333
963 4.855667 0.500000 0.031333 0.240000
465 4.902000 0.493333 0.078667 0.393333
728 4.961000 0.503333 0.059333 0.533333
220 5.032000 0.500000 0.098667 0.473333
234 5.114000 0.490000 0.081333 0.406667
1 5.188000 0.506667 0.082667 0.426667
937 5.241000 0.488333 0.042000 0.323333
899 5.336333 0.488333 0.164667 0.483333
340 5.458667 0.500000 0.100000 0.306667
345 5.562333 0.503333 0.127333 0.366667
977 5.638667 0.488333 0.044000 0.350000
680 5.710000 0.498333 0.113333 0.403333
1021 5.780667 0.508333 0.048000 0.370000
439 5.855333 0.488333 0.114667 0.476667
211 5.949333 0.506667 0.089333 0.366667
956 6.009333 0.488333 0.046667 0.363333
67 6.115333 0.490000 0.184000 0.920000
112 6.273333 0.495000 0.152000 0.503333
802 6.433333 0.490000 0.186667 0.400000
840 6.571667 0.508333 0.103333 0.430000
316 6.677667 0.491667 0.128667 0.510000
441 6.768000 0.501667 0.068000 0.403333
451 6.830000 0.490000 0.069333 0.413333
850 6.908333 0.491667 0.102000 0.416667
216 6.994000 0.498333 0.082667 0.403333
468 7.063333 0.508333 0.070667 0.356667
621 7.121333 0.493333 0.064000 0.586667
387 7.221000 0.488333 0.154000 0.410000
147 7.329667 0.510000 0.082000 0.393333
565 7.442667 0.510000 0.158667 0.326667
738 7.557667 0.508333 0.091333 0.443333
23 7.665667 0.508333 0.140667 0.403333
685 7.761000 0.510000 0.070000 0.280000
919 7.825667 0.510000 0.079333 0.333333
940 7.875333 0.498333 0.040000 0.330000
571 7.939000 0.510000 0.100667 0.413333
338 8.043333 0.490000 0.126667 0.653333
930 8.118333 0.503333 0.042000 0.306667
278 8.187667 0.496667 0.111333 0.340000
929 8.260667 0.493333 0.050667 0.366667
534 8.329333 0.491667 0.105333 0.436667
625 8.486667 0.493333 0.226667 1.133333
117 8.649333 0.488333 0.118667 0.363333
896 8.753667 0.508333 0.110000 0.310000
771 8.898000 0.496667 0.194667 0.973333
876 9.068333 0.508333 0.163333 0.450000
137 9.171000 0.498333 0.058000 0.336667
251 9.216667 0.488333 0.050667 0.283333
824 9.294667 0.488333 0.120000 0.516667
425 9.393333 0.510000 0.090667 0.506667
302 9.465000 0.496667 0.072667 0.400000
737 9.512667 0.506667 0.042667 0.300000
1001 9.550000 0.490000 0.046667 0.373333
973 9.589000 0.510000 0.047333 0.346667
114 9.655667 0.505000 0.104667 0.516667
12 9.759333 0.505000 0.118667 0.396667
710 9.895000 0.491667 0.167333 0.423333
553 10.021333 0.495000 0.105333 0.403333
503 10.121333 0.506667 0.113333 0.293333
686 10.210667 0.500000 0.085333 0.420000
176 10.310000 0.505000 0.132000 0.503333
362 10.433333 0.493333 0.133333 0.413333
811 10.552333 0.498333 0.122000 0.423333
544 10.656667 0.510000 0.105333 0.406667
377 10.814000 0.490000 0.225333 1.126667
361 10.975000 0.493333 0.111333 0.353333
638 11.069000 0.508333 0.095333 0.370000
946 11.133000 0.490000 0.050000 0.360000
793 11.197333 0.505000 0.098667 0.396667
144 11.289000 0.510000 0.104667 0.486667
739 11.368333 0.498333 0.071333 0.550000
492 11.439667 0.508333 0.086000 0.403333
305 11.509667 0.496667 0.070000 0.400000
226 11.577667 0.488333 0.082000 0.390000
239 11.657333 0.490000 0.092000 0.566667
792 11.745667 0.495000 0.099333 0.410000
1011 11.806667 0.495000 0.036000 0.290000
651 11.901667 0.500000 0.172667 0.566667
947 11.999667 0.493333 0.039333 0.320000
297 12.045667 0.503333 0.066000 0.346667
341 12.103667 0.488333 0.063333 0.276667
403 12.232000 0.490000 0.212000 1.060000
700 12.400667 0.495000 0.138667 0.556667
960 12.481000 0.490000 0.042000 0.306667
780 12.565000 0.505000 0.144667 0.443333
996 12.652333 0.496667 0.046000 0.333333
343 12.732333 0.500000 0.131333 0.373333
146 12.840000 0.501667 0.100000 0.463333
955 12.896333 0.498333 0.032667 0.270000
590 12.971000 0.491667 0.135333 0.483333
193 13.082333 0.498333 0.103333 0.416667
268 13.222333 0.505000 0.192667 0.963333
293 13.358667 0.493333 0.093333 0.373333
815 13.456667 0.488333 0.117333 0.323333
138 13.537000 0.505000 0.060667 0.350000
971 13.576667 0.503333 0.033333 0.280000
630 13.679667 0.488333 0.186000 0.930000
170 13.821000 0.505000 0.111333 0.423333
37 13.927000 0.496667 0.114000 0.386667
701 14.062000 0.506667 0.170667 0.853333
519 14.199000 0.490000 0.122000 0.420000
555 14.273000 0.493333 0.040667 0.406667
677 14.330333 0.496667 0.091333 0.306667
80 14.420667 0.503333 0.102667 0.480000
118 14.505000 0.506667 0.082000 0.293333
885 14.576667 0.488333 0.081333 0.350000
392 14.667333 0.506667 0.118667 0.346667
855 14.757000 0.510000 0.078000 0.206667
169 14.851333 0.501667 0.129333 0.483333
986 14.933000 0.498333 0.050000 0.376667
68 15.019667 0.498333 0.139333 0.403333
57 15.106000 0.500000 0.053333 0.206667
721 15.218667 0.498333 0.190667 0.576667
597 15.355333 0.510000 0.098667 0.306667
731 15.429000 0.496667 0.066000 0.320000
633 15.557333 0.506667 0.208000 1.040000
73 15.717333 0.488333 0.130667 0.430000
482 15.808667 0.506667 0.065333 0.386667
880 15.879667 0.506667 0.094000 0.320000
649 15.959333 0.500000 0.085333 0.480000
540 16.073667 0.501667 0.163333 0.610000
886 16.236667 0.510000 0.181333 0.906667
91 16.414667 0.500000 0.189333 0.946667
877 16.543333 0.503333 0.088000 0.446667
908 16.626667 0.505000 0.098667 0.383333
99 16.773667 0.491667 0.215333 1.076667
631 16.939000 0.495000 0.130000 0.443333
768 17.027000 0.500000 0.066000 0.160000
729 17.064000 0.488333 0.028000 0.383333
113 17.117333 0.510000 0.098667 0.466667
520 17.212000 0.495000 0.108000 0.363333
861 17.287000 0.500000 0.055333 0.433333
122 17.356000 0.495000 0.096000 0.356667
303 17.437000 0.488333 0.080667 0.456667
81 17.522667 0.496667 0.110667 0.446667
438 17.630667 0.491667 0.118667 0.356667
207 17.727000 0.491667 0.090000 0.443333
984 17.782000 0.506667 0.040000 0.313333
1022 17.813000 0.503333 0.035333 0.273333
730 17.889667 0.510000 0.132667 0.480000
573 18.000333 0.500000 0.107333 0.446667
261 18.118333 0.488333 0.144667 0.656667
201 18.230333 0.490000 0.099333 0.453333
799 18.330667 0.501667 0.116000 0.470000
249 18.407667 0.505000 0.058000 0.396667
398 18.460000 0.488333 0.066667 0.356667
742 18.586333 0.488333 0.200667 1.003333
62 18.721000 0.505000 0.084667 0.390000
437 18.803000 0.496667 0.094000 0.473333
263 18.905333 0.500000 0.130667 0.473333
927 18.984333 0.503333 0.047333 0.353333
643 19.047333 0.491667 0.093333 0.356667
992 19.106667 0.506667 0.038667 0.300000
790 19.153667 0.491667 0.074000 0.443333
186 19.224000 0.490000 0.081333 0.406667
604 19.318333 0.500000 0.120667 0.366667
0 19.395667 0.491667 0.047333 0.383333
652 19.522000 0.493333 0.218667 1.093333
1004 19.650000 0.506667 0.052000 0.380000
691 19.716000 0.496667 0.100000 0.493333
453 19.796333 0.508333 0.078000 0.430000
740 19.886333 0.490000 0.122000 0.280000
764 19.971333 0.503333 0.061333 0.313333
450 20.030333 0.506667 0.070000 0.360000
71 20.084333 0.500000 0.055333 0.293333
115 20.138000 0.510000 0.066667 0.366667
149 20.228667 0.501667 0.134667 0.370000
357 20.352000 0.501667 0.132000 0.410000
745 20.449333 0.496667 0.078667 0.313333
578 20.531000 0.510000 0.103333 0.400000
607 20.645667 0.495000 0.143333 0.436667
143 20.753000 0.508333 0.088667 0.463333
867 20.841667 0.493333 0.103333 0.353333
823 20.933000 0.490000 0.098000 0.420000
758 21.044333 0.496667 0.143333 0.446667
166 21.154667 0.490000 0.097333 0.360000
326 21.236667 0.503333 0.081333 0.366667
735 21.324333 0.488333 0.110000 0.436667
684 21.416000 0.488333 0.090667 0.316667
546 21.494000 0.493333 0.085333 0.306667
900 21.599000 0.490000 0.139333 0.393333
906 21.742000 0.500000 0.160000 0.446667
513 21.863667 0.505000 0.098000 0.323333
83 21.939000 0.496667 0.067333 0.333333
485 21.996667 0.506667 0.062667 0.320000
43 22.063000 0.488333 0.090000 0.356667
878 22.153667 0.510000 0.104667 0.533333
87 22.276000 0.500000 0.160000 0.800000
152 22.391000 0.501667 0.087333 0.430000
388 22.526000 0.503333 0.198667 0.993333
273 22.645000 0.506667 0.058000 0.353333
154 22.709333 0.508333 0.085333 0.443333
295 22.796000 0.491667 0.102667 0.430000
215 22.902333 0.490000 0.126000 0.513333
173 23.008000 0.503333 0.098667 0.446667
136 23.098667 0.508333 0.101333 0.456667
690 23.182333 0.510000 0.086000 0.426667
21 23.272667 0.510000 0.113333 0.400000
961 23.345667 0.490000 0.051333 0.373333
706 23.396667 0.500000 0.064000 0.333333
518 23.485667 0.508333 0.132667 0.463333
612 23.608333 0.495000 0.130000 0.330000
673 23.712333 0.501667 0.095333 0.316667
480 23.785000 0.491667 0.070000 0.370000
808 23.866333 0.493333 0.110000 0.393333
312 23.959333 0.500000 0.094667 0.346667
841 24.049667 0.503333 0.099333 0.406667
837 24.143333 0.493333 0.108000 0.446667
262 24.279000 0.491667 0.182000 0.910000
256 24.419000 0.498333 0.118000 0.390000
349 24.539333 0.495000 0.142667 0.423333
328 24.670667 0.503333 0.140000 0.313333
669 24.783000 0.491667 0.100667 0.343333
1009 24.845000 0.495000 0.042000 0.310000
538 24.932667 0.491667 0.146667 0.356667
512 25.056000 0.490000 0.114667 0.386667
601 25.179667 0.493333 0.148667 0.473333
536 25.311667 0.495000 0.132667 0.523333
591 25.431333 0.498333 0.121333 0.350000
126 25.561667 0.500000 0.155333 0.533333
645 25.667333 0.490000 0.074667 0.346667
831 25.744333 0.491667 0.092667 0.423333
267 25.897667 0.508333 0.230000 1.150000
872 26.088667 0.496667 0.169333 0.846667
66 26.217000 0.496667 0.106000 0.500000
265 26.373667 0.498333 0.226000 1.130000
481 26.514000 0.491667 0.068000 0.410000
775 26.581667 0.488333 0.082000 0.376667
554 26.677333 0.506667 0.128000 0.360000
385 26.805000 0.498333 0.146000 0.390000
550 26.901333 0.493333 0.064000 0.320000
224 26.983333 0.501667 0.120000 0.576667
82 27.076667 0.493333 0.080000 0.626667
570 27.154667 0.503333 0.093333 0.386667
344 27.288333 0.495000 0.187333 0.936667
460 27.404000 0.501667 0.057333 0.296667
294 27.513667 0.508333 0.178000 0.890000
280 27.653333 0.506667 0.114667 0.426667
980 27.723667 0.506667 0.042000 0.306667
602 27.783333 0.506667 0.097333 0.293333
699 27.893000 0.496667 0.142000 0.426667
473 27.989667 0.503333 0.064667 0.346667
374 28.120000 0.506667 0.210667 1.053333
64 28.253667 0.493333 0.074000 0.406667
195 28.339000 0.490000 0.112667 0.560000
258 28.431000 0.510000 0.088667 0.313333
795 28.495667 0.506667 0.059333 0.366667
655 28.565333 0.495000 0.100000 0.450000
140 28.718000 0.500000 0.220000 1.100000
315 28.885000 0.503333 0.128667 0.480000
989 28.957667 0.508333 0.035333 0.290000
65 29.008333 0.510000 0.083333 0.213333
1000 29.064667 0.490000 0.049333 0.366667
22 29.131333 0.501667 0.104000 0.350000
241 29.213333 0.505000 0.074667 0.396667
723 29.295333 0.490000 0.102667 0.353333
817 29.407333 0.496667 0.136000 0.340000
779 29.482333 0.510000 0.032667 0.313333
528 29.540667 0.510000 0.098667 0.326667
1012 29.607667 0.503333 0.048667 0.353333
436 29.684000 0.508333 0.117333 0.323333
1008 29.755333 0.503333 0.042667 0.320000
569 29.812667 0.508333 0.088000 0.343333
931 29.865667 0.491667 0.034000 0.256667
423 29.967000 0.491667 0.184667 0.923333
801 30.097000 0.490000 0.092667 0.353333
846 30.188000 0.510000 0.102667 0.473333
622 30.306667 0.506667 0.153333 0.513333
719 30.451333 0.491667 0.149333 0.443333
494 30.559000 0.501667 0.084667 0.463333
178 30.657667 0.503333 0.128667 0.453333
832 30.773000 0.495000 0.115333 0.463333
689 30.863000 0.498333 0.083333 0.410000
862 30.930667 0.501667 0.065333 0.350000
329 31.047667 0.495000 0.183333 0.610000
1020 31.151333 0.501667 0.038667 0.296667
209 31.218667 0.488333 0.109333 0.436667
895 31.324000 0.503333 0.116000 0.333333
244 31.452333 0.505000 0.158000 0.423333
145 31.558333 0.505000 0.071333 0.356667
333 31.672333 0.488333 0.171333 0.856667
921 31.777333 0.501667 0.052000 0.310000
741 31.844667 0.501667 0.100000 0.343333
404 31.937000 0.505000 0.103333 0.503333
616 32.061667 0.505000 0.166000 0.443333
882 32.201000 0.491667 0.130000 0.516667
142 32.295333 0.493333 0.078667 0.406667
697 32.423667 0.505000 0.192667 0.963333
545 32.556000 0.491667 0.088000 0.336667
199 32.654333 0.503333 0.122000 0.493333
933 32.728333 0.508333 0.046000 0.356667
38 32.802667 0.493333 0.122667 0.393333
938 32.876000 0.495000 0.037333 0.296667
279 32.928333 0.501667 0.084667 0.470000
936 32.982000 0.510000 0.036000 0.266667
583 33.022333 0.488333 0.063333 0.443333
688 33.089000 0.493333 0.088667 0.433333
883 33.237000 0.495000 0.223333 0.483333
567 33.390667 0.510000 0.101333 0.420000
109 33.528333 0.495000 0.188667 0.943333
508 33.654667 0.493333 0.078667 0.413333
325 33.758333 0.510000 0.147333 0.606667
33 33.892667 0.505000 0.138667 0.463333
641 33.989000 0.508333 0.071333 0.323333
725 34.089000 0.508333 0.144667 0.610000
756 34.216000 0.506667 0.128000 0.373333
471 34.307667 0.510000 0.071333 0.380000
865 34.376333 0.493333 0.084667 0.280000
158 34.497000 0.503333 0.171333 0.553333
727 34.609667 0.510000 0.070000 0.446667
958 34.654667 0.491667 0.034667 0.276667
63 34.708333 0.488333 0.090000 0.323333
243 34.815333 0.500000 0.141333 0.473333
614 34.954333 0.501667 0.152667 0.410000
692 35.066333 0.491667 0.090000 0.443333
981 35.124000 0.503333 0.040000 0.286667
90 35.246000 0.503333 0.220000 1.100000
881 35.418000 0.495000 0.141333 0.476667
79 35.584000 0.503333 0.206667 1.033333
783 35.728333 0.503333 0.096667 0.513333
354 35.860000 0.496667 0.180000 0.900000
1019 35.967333 0.490000 0.050667 0.380000
300 36.018667 0.490000 0.070667 0.226667
498 36.072667 0.490000 0.050667 0.313333
587 36.151667 0.495000 0.120667 0.356667
842 36.258000 0.503333 0.105333 0.433333
606 36.361333 0.501667 0.114667 0.350000
603 36.494667 0.506667 0.172000 0.346667
462 36.606000 0.503333 0.068000 0.406667
660 36.697333 0.488333 0.132000 0.463333
168 36.833000 0.488333 0.159333 0.796667
474 36.944333 0.508333 0.082000 0.423333
127 37.042667 0.488333 0.128000 0.423333
748 37.158333 0.488333 0.122000 0.436667
568 37.266333 0.505000 0.107333 0.536667
600 37.362667 0.490000 0.104000 0.320000
564 37.488000 0.495000 0.165333 0.343333
164 37.625333 0.508333 0.129333 0.470000
447 37.715000 0.493333 0.064667 0.380000
716 37.823000 0.491667 0.170000 0.850000
497 37.983000 0.506667 0.164667 0.420000
959 38.077000 0.500000 0.036667 0.280000
18 38.141667 0.498333 0.112667 0.370000
935 38.205667 0.493333 0.034000 0.266667
313 38.280333 0.498333 0.132667 0.450000
150 38.395333 0.505000 0.116000 0.476667
785 38.479000 0.495000 0.066000 0.283333
123 38.552000 0.488333 0.097333 0.623333
97 38.694333 0.490000 0.202000 0.433333
871 38.815000 0.501667 0.055333 0.283333
417 38.868333 0.488333 0.071333 0.343333
598 38.958000 0.493333 0.121333 0.366667
720 39.099333 0.491667 0.177333 0.543333
301 39.218333 0.503333 0.074000 0.420000
787 39.276333 0.490000 0.059333 0.360000
282 39.362000 0.510000 0.128000 0.446667
29 39.487333 0.500000 0.136000 0.373333
987 39.572000 0.500000 0.046667 0.353333
674 39.637000 0.496667 0.096667 0.353333
664 39.732000 0.491667 0.106667 0.370000
331 39.874000 0.503333 0.196000 0.980000
667 40.022667 0.495000 0.121333 0.403333
577 40.134333 0.498333 0.116667 0.456667
978 40.203667 0.500000 0.036667 0.293333
454 40.245333 0.495000 0.061333 0.323333
825 40.322333 0.506667 0.107333 0.520000
838 40.425333 0.491667 0.114667 0.490000
360 40.555000 0.503333 0.158000 0.446667
829 40.678000 0.505000 0.108000 0.450000
167 40.783000 0.493333 0.118000 0.446667
839 40.879667 0.508333 0.092667 0.470000
953 40.936333 0.501667 0.035333 0.270000
924 40.973000 0.501667 0.051333 0.376667
162 41.046667 0.503333 0.116000 0.446667
119 41.146000 0.495000 0.096000 0.570000
884 41.249333 0.488333 0.125333 0.470000
852 41.348000 0.498333 0.092000 0.376667
922 41.407333 0.510000 0.042667 0.320000
782 41.464333 0.488333 0.088667 0.410000
888 41.569000 0.488333 0.135333 0.410000
110 41.685667 0.495000 0.114000 0.403333
487 41.764000 0.505000 0.062667 0.363333
192 41.833000 0.501667 0.094000 0.463333
124 41.914000 0.496667 0.085333 0.306667
541 42.023667 0.488333 0.152667 0.330000
237 42.126667 0.493333 0.073333 0.513333
663 42.201333 0.500000 0.089333 0.293333
769 42.297000 0.496667 0.118000 0.360000
30 42.421667 0.506667 0.146000 0.426667
350 42.557667 0.488333 0.146000 0.450000
501 42.657667 0.490000 0.072667 0.326667
254 42.753667 0.491667 0.135333 0.510000
184 42.855000 0.493333 0.084667 0.426667
623 42.990000 0.498333 0.198667 0.663333
694 43.131333 0.491667 0.100000 0.490000
308 43.203000 0.493333 0.056667 0.320000
271 43.310667 0.500000 0.177333 0.540000
845 43.447667 0.498333 0.111333 0.456667
51 43.558000 0.505000 0.126667 0.423333
235 43.667333 0.500000 0.105333 0.453333
191 43.756667 0.500000 0.093333 0.373333
743 43.838333 0.503333 0.090000 0.380000
836 43.922667 0.500000 0.093333 0.386667
405 44.005000 0.490000 0.088667 0.346667
41 44.117667 0.488333 0.155333 0.776667
323 44.297000 0.505000 0.216667 1.083333
709 44.455333 0.500000 0.113333 0.506667
733 44.548333 0.503333 0.086000 0.520000
998 44.596000 0.495000 0.029333 0.243333
913 44.674333 0.508333 0.142000 0.456667
31 44.799333 0.503333 0.128000 0.380000
911 44.905333 0.510000 0.104000 0.393333
585 45.060667 0.503333 0.222667 1.113333
348 45.243667 0.495000 0.156667 0.456667
976 45.339667 0.496667 0.051333 0.373333
898 45.419000 0.496667 0.127333 0.386667
715 45.560333 0.495000 0.174000 0.870000
833 45.689000 0.493333 0.096667 0.420000
557 45.772000 0.490000 0.084000 0.573333
945 45.822667 0.503333 0.034667 0.260000
724 45.867000 0.495000 0.067333 0.403333
856 45.970667 0.500000 0.154667 0.380000
965 46.061000 0.490000 0.043333 0.333333
335 46.147000 0.491667 0.147333 0.463333
353 46.289000 0.510000 0.152667 0.473333
332 46.464333 0.508333 0.211333 1.056667
210 46.610333 0.500000 0.094000 0.393333
429 46.709000 0.495000 0.120667 0.430000
642 46.801667 0.495000 0.082000 0.323333
54 46.866667 0.505000 0.061333 0.363333
89 46.992667 0.510000 0.210667 1.053333
609 47.130000 0.488333 0.077333 0.316667
752 47.199667 0.508333 0.076667 0.203333
1014 47.252667 0.490000 0.046667 0.353333
502 47.313333 0.503333 0.093333 0.413333
399 47.416333 0.505000 0.131333 0.470000
197 47.524333 0.493333 0.100667 0.513333
116 47.621667 0.506667 0.112667 0.346667
950 47.690667 0.491667 0.040000 0.310000
816 47.775333 0.501667 0.144000 0.363333
131 47.910333 0.491667 0.139333 0.536667
446 48.011000 0.491667 0.076667 0.456667
827 48.092667 0.498333 0.100000 0.410000
11 48.192667 0.491667 0.114667 0.390000
378 48.344667 0.510000 0.202667 1.013333
988 48.455667 0.491667 0.038000 0.316667
917 48.488000 0.501667 0.044000 0.316667
751 48.549000 0.498333 0.096667 0.423333
828 48.648000 0.491667 0.117333 0.583333
306 48.733667 0.505000 0.067333 0.376667
187 48.800000 0.505000 0.085333 0.410000
670 48.897333 0.490000 0.124000 0.453333
369 49.004667 0.501667 0.105333 0.316667
309 49.079667 0.501667 0.058000 0.330000
675 49.155333 0.493333 0.110667 0.373333
581 49.241000 0.508333 0.075333 0.323333
732 49.315000 0.506667 0.086000 0.420000
991 49.367333 0.495000 0.036000 0.270000
746 49.438333 0.488333 0.120667 0.350000
330 49.530333 0.510000 0.078000 0.293333
9 49.603333 0.498333 0.088000 0.356667
636 49.698333 0.493333 0.118000 0.280000
359 49.850000 0.493333 0.204000 1.020000
813 50.004333 0.505000 0.122000 0.283333
77 50.111667 0.493333 0.108667 0.273333
548 50.214000 0.505000 0.109333 0.343333
2 50.291000 0.498333 0.064667 0.323333
228 50.372667 0.501667 0.114667 0.583333
757 50.487000 0.500000 0.134000 0.446667
863 50.598667 0.500000 0.105333 0.506667
151 50.688667 0.495000 0.089333 0.410000
679 50.766000 0.506667 0.078667 0.480000
897 50.880667 0.506667 0.165333 0.480000
223 51.008000 0.508333 0.104000 0.423333
130 51.140333 0.503333 0.175333 0.366667
198 51.264000 0.490000 0.090667 0.460000
408 51.349333 0.503333 0.096000 0.360000
639 51.428000 0.488333 0.074667 0.363333
967 51.475333 0.508333 0.033333 0.263333
794 51.526000 0.510000 0.085333 0.513333
510 51.617000 0.490000 0.110000 0.406667
916 51.752667 0.496667 0.181333 0.906667
156 51.903667 0.500000 0.135333 0.393333
887 52.028667 0.490000 0.130667 0.393333
835 52.151333 0.505000 0.128000 0.503333
875 52.302667 0.503333 0.192000 0.960000
668 52.443667 0.508333 0.104667 0.383333
347 52.559000 0.490000 0.146000 0.433333
470 52.653000 0.505000 0.059333 0.356667
36 52.742333 0.500000 0.135333 0.446667
713 52.895333 0.493333 0.185333 0.500000
611 53.032667 0.493333 0.105333 0.400000
915 53.121667 0.506667 0.086000 0.693333
196 53.204000 0.501667 0.096000 0.383333
617 53.300667 0.490000 0.112000 0.433333
314 53.398333 0.501667 0.102000 0.403333
358 53.523667 0.508333 0.163333 0.816667
683 53.664000 0.496667 0.130667 0.400000
712 53.790333 0.495000 0.140667 0.403333
157 53.929000 0.496667 0.152667 0.640000
962 54.018667 0.503333 0.045333 0.353333
277 54.080000 0.501667 0.093333 0.443333
599 54.177667 0.500000 0.120667 0.360000
76 54.310000 0.491667 0.158667 0.496667
620 54.454333 0.498333 0.144667 0.616667
994 54.540667 0.503333 0.041333 0.333333
419 54.597333 0.503333 0.088000 0.433333
873 54.681000 0.493333 0.099333 0.433333
139 54.753667 0.495000 0.062000 0.323333
363 54.832000 0.501667 0.112000 0.330000
932 54.902000 0.506667 0.046667 0.360000
772 54.999000 0.498333 0.166000 0.830000
370 55.158000 0.503333 0.169333 0.846667
653 55.309000 0.491667 0.148667 0.483333
809 55.427667 0.503333 0.103333 0.520000
200 55.570000 0.506667 0.200000 1.000000
952 55.677333 0.496667 0.034667 0.273333
969 55.705000 0.503333 0.040667 0.306667
274 55.763333 0.488333 0.093333 0.456667
870 55.835333 0.505000 0.064000 0.310000
141 55.898333 0.493333 0.078000 0.340000
355 56.018667 0.510000 0.180000 0.900000
379 56.173333 0.488333 0.148000 0.430000
160 56.274000 0.503333 0.068000 0.400000
190 56.351667 0.505000 0.102000 0.463333
469 56.428333 0.496667 0.066000 0.353333
75 56.531333 0.491667 0.154667 0.483333
240 56.636333 0.498333 0.071333 0.370000
766 56.736667 0.506667 0.142667 0.413333
205 56.857667 0.498333 0.115333 0.570000
194 56.966000 0.490000 0.117333 0.593333
575 57.071000 0.493333 0.111333 0.366667
310 57.154667 0.491667 0.073333 0.416667
549 57.237667 0.488333 0.111333 0.383333
592 57.355000 0.495000 0.140667 0.416667
718 57.531333 0.503333 0.226667 1.133333
776 57.706000 0.505000 0.136000 0.303333
479 57.798000 0.491667 0.065333 0.343333
401 57.861000 0.510000 0.078000 0.420000
949 57.914000 0.496667 0.041333 0.333333
806 58.019667 0.506667 0.186000 0.500000
395 58.175333 0.495000 0.145333 0.430000
85 58.281000 0.503333 0.084667 0.333333
368 58.374000 0.503333 0.118667 0.333333
121 58.433000 0.506667 0.018000 0.306667
444 58.460667 0.501667 0.053333 0.316667
20 58.532667 0.510000 0.109333 0.353333
704 58.632667 0.510000 0.104000 0.320000
890 58.723333 0.495000 0.096000 0.383333
521 58.842000 0.491667 0.161333 0.423333
389 58.971333 0.498333 0.114667 0.323333
504 59.085000 0.508333 0.132667 0.376667
500 59.185000 0.506667 0.084667 0.386667
351 59.270667 0.493333 0.106667 0.333333
342 59.353667 0.506667 0.074000 0.320000
979 59.400000 0.496667 0.038667 0.306667
957 59.435000 0.498333 0.044667 0.336667
942 59.469000 0.508333 0.036667 0.283333
788 59.567000 0.508333 0.179333 0.483333
204 59.711000 0.488333 0.126000 0.510000
410 59.808000 0.508333 0.088000 0.376667
762 59.885333 0.503333 0.081333 0.340000
161 59.986000 0.490000 0.140000 0.493333
589 60.091333 0.500000 0.089333 0.360000
70 60.215000 0.498333 0.175333 0.876667
941 60.320667 0.493333 0.050667 0.380000
59 60.439333 0.505000 0.200000 0.503333
212 60.580333 0.500000 0.095333 0.460000
529 60.684000 0.505000 0.132000 0.503333
635 60.782000 0.498333 0.078667 0.336667
902 60.882333 0.496667 0.136667 0.360000
647 60.975000 0.491667 0.068667 0.350000
843 61.052667 0.488333 0.100000 0.463333
800 61.140667 0.496667 0.093333 0.353333
505 61.216000 0.496667 0.072000 0.300000
576 61.299667 0.491667 0.115333 0.456667
250 61.426667 0.510000 0.158667 0.793333
974 61.513000 0.500000 0.034000 0.273333
579 61.602333 0.500000 0.162000 0.333333
499 61.707000 0.510000 0.066000 0.400000
214 61.781000 0.503333 0.095333 0.426667
421 61.904333 0.488333 0.168667 0.490000
1013 62.001333 0.496667 0.044000 0.313333
290 62.098667 0.496667 0.165333 0.466667
999 62.196333 0.495000 0.048667 0.356667
19 62.272333 0.488333 0.120667 0.403333
7 62.384667 0.500000 0.118667 0.413333
371 62.512667 0.505000 0.150667 0.476667
672 62.624000 0.501667 0.092000 0.350000
275 62.693333 0.498333 0.062667 0.403333
874 62.751667 0.490000 0.072667 0.320000
803 62.858000 0.503333 0.153333 0.440000
346 62.996000 0.488333 0.137333 0.376667
866 63.137000 0.505000 0.162000 0.476667
830 63.259667 0.506667 0.100667 0.420000
324 63.374000 0.501667 0.141333 0.690000
857 63.535000 0.501667 0.194000 0.430000
1015 63.640667 0.510000 0.034667 0.260000
28 63.709333 0.510000 0.117333 0.400000
807 63.849667 0.498333 0.179333 0.896667
1010 63.950667 0.506667 0.037333 0.286667
457 63.996333 0.500000 0.070000 0.400000
997 64.044667 0.505000 0.041333 0.336667
189 64.100000 0.496667 0.089333 0.453333
459 64.171000 0.500000 0.071333 0.380000
181 64.260000 0.503333 0.125333 0.480000
1017 64.330667 0.500000 0.033333 0.280000
558 64.379333 0.503333 0.084000 0.406667
644 64.449000 0.500000 0.068667 0.340000
172 64.552000 0.490000 0.154667 0.773333
52 64.675333 0.506667 0.106667 0.373333
634 64.764000 0.503333 0.086667 0.360000
483 64.834667 0.493333 0.074667 0.440000
543 64.968667 0.510000 0.213333 1.066667
428 65.100333 0.491667 0.066000 0.450000
676 65.182333 0.508333 0.114000 0.430000
4 65.274333 0.490000 0.087333 0.346667
449 65.348667 0.503333 0.074667 0.386667
336 65.437667 0.501667 0.116667 0.556667
466 65.531333 0.505000 0.086667 0.436667
985 65.583000 0.510000 0.034000 0.280000
637 65.621333 0.510000 0.056000 0.286667
46 65.662667 0.500000 0.041333 0.393333
84 65.738333 0.496667 0.126000 0.353333
849 65.837000 0.501667 0.086000 0.383333
384 65.944000 0.488333 0.145333 0.443333
781 66.046000 0.498333 0.072000 0.370000
753 66.182333 0.505000 0.218000 1.090000
736 66.317667 0.490000 0.071333 0.393333
50 66.415000 0.493333 0.140667 0.406667
269 66.562333 0.505000 0.171333 0.856667
524 66.691000 0.495000 0.100667 0.323333
424 66.797667 0.503333 0.131333 0.420000
366 66.915000 0.493333 0.122000 0.360000
311 67.008000 0.505000 0.082667 0.363333
34 67.106667 0.488333 0.132000 0.430000
914 67.218000 0.490000 0.110667 0.346667
129 67.357000 0.508333 0.186000 0.930000
427 67.498667 0.501667 0.113333 0.536667
478 67.576333 0.490000 0.062000 0.353333
659 67.636333 0.500000 0.076667 0.306667
415 67.734667 0.510000 0.136000 0.446667
574 67.837667 0.500000 0.086000 0.346667
48 67.963333 0.506667 0.178667 0.893333
489 68.087333 0.493333 0.084000 0.426667
640 68.151333 0.506667 0.060000 0.300000
367 68.253667 0.510000 0.158000 0.433333
135 68.390000 0.505000 0.133333 0.390000
442 68.481333 0.503333 0.065333 0.386667
514 68.563667 0.498333 0.112667 0.356667
904 68.649667 0.500000 0.078000 0.400000
40 68.743667 0.496667 0.127333 0.413333
755 68.860333 0.505000 0.126000 0.363333
25 68.978667 0.493333 0.125333 0.460000
3 69.071333 0.490000 0.077333 0.326667
253 69.125000 0.506667 0.048667 0.466667
171 69.254333 0.498333 0.228667 1.143333
96 69.463667 0.498333 0.206000 1.030000
818 69.617333 0.501667 0.116000 0.316667
516 69.726333 0.490000 0.115333 0.373333
245 69.803333 0.491667 0.058667 0.363333
588 69.880667 0.510000 0.110667 0.480000
632 70.009000 0.500000 0.162000 0.513333
202 70.141333 0.506667 0.117333 0.473333
905 70.272667 0.496667 0.161333 0.506667
105 70.433333 0.501667 0.180000 0.383333
853 70.563667 0.490000 0.094000 0.420000
39 70.667667 0.501667 0.128667 0.423333
624 70.805667 0.488333 0.166000 0.830000
13 70.934667 0.505000 0.106667 0.343333
318 71.034000 0.505000 0.109333 0.450000
537 71.185667 0.498333 0.207333 1.036667
925 71.307000 0.506667 0.050000 0.366667
559 71.357000 0.500000 0.063333 0.313333
430 71.431333 0.501667 0.104000 0.443333
594 71.536000 0.495000 0.118667 0.370000
975 71.603000 0.505000 0.031333 0.256667
242 71.659333 0.506667 0.098667 0.380000
102 71.783333 0.493333 0.168000 0.840000
682 71.919667 0.493333 0.124667 0.486667
966 71.999000 0.496667 0.050000 0.366667
373 72.117333 0.490000 0.205333 1.026667
626 72.283333 0.491667 0.146667 0.490000
923 72.374000 0.503333 0.048000 0.346667
177 72.442667 0.500000 0.104000 0.373333
255 72.550000 0.501667 0.126667 0.476667
1007 72.626667 0.498333 0.041333 0.330000
448 72.667333 0.508333 0.054667 0.323333
687 72.722333 0.495000 0.074000 0.363333
584 72.816667 0.508333 0.128000 0.370000
484 72.917000 0.500000 0.091333 0.326667
551 73.015000 0.508333 0.119333 0.363333
396 73.138000 0.508333 0.145333 0.430000
879 73.262000 0.503333 0.121333 0.380000
860 73.409667 0.501667 0.191333 0.956667
582 73.553667 0.488333 0.111333 0.450000
412 73.644667 0.500000 0.088000 0.446667
907 73.737333 0.496667 0.116000 0.373333
486 73.816333 0.510000 0.060667 0.313333
420 73.884667 0.505000 0.090667 0.350000
696 73.978333 0.503333 0.114000 0.260000
693 74.065333 0.503333 0.080000 0.393333
804 74.178667 0.490000 0.166667 0.833333
229 74.295667 0.501667 0.080667 0.390000
17 74.370333 0.508333 0.086000 0.296667
711 74.516333 0.501667 0.220667 1.103333
60 74.652333 0.503333 0.071333 0.293333
939 74.701000 0.491667 0.040667 0.323333
270 74.792667 0.510000 0.162667 0.506667
819 74.933333 0.505000 0.136000 0.356667
58 75.023333 0.508333 0.057333 0.270000
281 75.095667 0.488333 0.107333 0.370000
292 75.210000 0.490000 0.140000 0.553333
93 75.375333 0.493333 0.208000 1.040000
763 75.495667 0.500000 0.047333 0.366667
826 75.563000 0.498333 0.104667 0.523333
247 75.661333 0.490000 0.106667 0.433333
970 75.727333 0.506667 0.038667 0.313333
287 75.798333 0.496667 0.119333 0.446667
1003 75.866000 0.493333 0.036000 0.286667
951 75.895000 0.505000 0.039333 0.290000
432 75.965000 0.503333 0.119333 0.246667
352 76.091667 0.488333 0.148667 0.396667
515 76.210333 0.490000 0.106000 0.346667
74 76.332333 0.508333 0.158000 0.490000
16 76.449333 0.505000 0.092000 0.310000
654 76.569000 0.508333 0.163333 0.816667
208 76.686333 0.508333 0.088667 0.370000
703 76.785333 0.501667 0.125333 0.436667
475 76.872333 0.496667 0.062000 0.320000
356 76.990000 0.503333 0.186667 0.933333
433 77.132333 0.496667 0.118000 0.233333
754 77.244000 0.505000 0.122667 0.596667
580 77.365000 0.506667 0.138000 0.353333
443 77.460000 0.503333 0.068000 0.353333
773 77.552000 0.506667 0.130667 0.393333
445 77.635333 0.491667 0.053333 0.296667
707 77.707667 0.491667 0.107333 0.436667
285 77.805667 0.505000 0.102000 0.343333
477 77.879333 0.496667 0.060000 0.313333
47 77.949000 0.498333 0.096667 0.456667
526 78.062000 0.488333 0.145333 0.383333
217 78.183000 0.495000 0.112667 0.463333
372 78.308667 0.488333 0.156000 0.443333
174 78.466667 0.510000 0.180000 0.900000
111 78.596333 0.495000 0.095333 0.423333
761 78.712000 0.506667 0.150667 0.480000
238 78.830667 0.505000 0.104000 0.403333
648 78.915667 0.490000 0.082000 0.393333
1005 78.970333 0.491667 0.043333 0.330000
225 79.041000 0.500000 0.111333 0.560000
24 79.156667 0.501667 0.137333 0.470000
26 79.288667 0.493333 0.145333 0.493333
400 79.381000 0.508333 0.058000 0.503333
44 79.455000 0.508333 0.110000 0.443333
858 79.567333 0.508333 0.132000 0.403333
106 79.712667 0.508333 0.176000 0.376667
458 79.830667 0.488333 0.078667 0.403333
182 79.930000 0.501667 0.138667 0.516667
821 80.093333 0.506667 0.204000 1.020000
365 80.239333 0.498333 0.108000 0.296667
760 80.365000 0.491667 0.160667 0.470000
219 80.480333 0.495000 0.083333 0.403333
535 80.622333 0.495000 0.216667 1.083333
562 80.813667 0.496667 0.186000 0.413333
698 80.930000 0.490000 0.062667 0.333333
615 81.056667 0.505000 0.208000 1.036667
452 81.182000 0.505000 0.058667 0.303333
434 81.256667 0.493333 0.109333 0.373333
702 81.385333 0.493333 0.161333 0.500000
859 81.509333 0.493333 0.102667 0.286667
55 81.606667 0.498333 0.112000 0.290000
496 81.707333 0.501667 0.108000 0.403333
810 81.813667 0.496667 0.119333 0.493333
618 81.895000 0.500000 0.059333 0.360000
928 81.932333 0.505000 0.030000 0.243333
321 81.997667 0.508333 0.118000 0.476667
869 82.080667 0.493333 0.061333 0.386667
708 82.156667 0.498333 0.110667 0.450000
983 82.221333 0.510000 0.038667 0.300000
120 82.327000 0.500000 0.190000 0.420000
222 82.476000 0.498333 0.122667 0.496667
339 82.573333 0.493333 0.086667 0.466667
183 82.653667 0.510000 0.087333 0.386667
92 82.802333 0.500000 0.228667 0.486667
411 82.993333 0.506667 0.170667 0.853333
213 83.112000 0.500000 0.081333 0.406667
822 83.201000 0.503333 0.110000 0.366667
393 83.326333 0.500000 0.155333 0.486667
128 83.505667 0.495000 0.216667 1.083333
402 83.688000 0.498333 0.161333 0.416667
662 83.805667 0.493333 0.094000 0.306667
304 83.877333 0.505000 0.064000 0.363333
968 83.918333 0.490000 0.038000 0.293333
791 83.962667 0.488333 0.068000 0.416667
246 84.051333 0.495000 0.126667 0.450000
523 84.164333 0.490000 0.114000 0.360000
386 84.283000 0.503333 0.138000 0.400000
714 84.436333 0.495000 0.186000 0.603333
409 84.562667 0.490000 0.086667 0.440000
532 84.655667 0.496667 0.112667 0.573333
8 84.753000 0.491667 0.099333 0.363333
658 84.827333 0.506667 0.066667 0.380000
894 84.910000 0.501667 0.117333 0.330000
705 85.025000 0.500000 0.126000 0.426667
533 85.144333 0.505000 0.131333 0.456667
431 85.246000 0.505000 0.090667 0.290000
786 85.311333 0.496667 0.060000 0.373333
1023 85.359000 0.508333 0.050000 0.370000
14 85.424333 0.503333 0.099333 0.326667
542 85.569667 0.505000 0.210000 1.050000
376 85.730667 0.508333 0.129333 0.350000
100 85.870333 0.495000 0.167333 0.836667
982 85.961333 0.506667 0.034667 0.280000
593 86.031333 0.508333 0.124000 0.350000
678 86.133667 0.503333 0.099333 0.320000
230 86.260667 0.490000 0.174667 0.873333
995 86.360000 0.496667 0.037333 0.280000
918 86.418000 0.493333 0.093333 0.313333
382 86.568333 0.498333 0.220667 1.103333
69 86.729000 0.503333 0.116667 0.626667
848 86.836333 0.503333 0.116667 0.373333
903 86.946000 0.503333 0.121333 0.326667
750 87.063333 0.501667 0.132000 0.483333
909 87.166333 0.506667 0.092667 0.446667
767 87.258000 0.501667 0.106667 0.310000
42 87.337333 0.495000 0.070667 0.396667
461 87.396333 0.490000 0.062000 0.326667
561 87.501667 0.490000 0.163333 0.446667
132 87.619667 0.496667 0.092667 0.373333
586 87.730333 0.488333 0.142000 0.443333
98 87.901000 0.495000 0.219333 1.096667
901 88.058667 0.506667 0.114667 0.333333
671 88.169000 0.500000 0.120667 0.420000
72 88.273333 0.500000 0.101333 0.493333
227 88.362667 0.498333 0.092000 0.396667
759 88.479000 0.490000 0.160667 0.486667
413 88.615333 0.496667 0.130667 0.553333
488 88.712667 0.500000 0.084000 0.426667
185 88.800000 0.508333 0.108000 0.536667
107 88.949000 0.495000 0.203333 1.016667
283 89.092667 0.503333 0.100000 0.340000
844 89.228667 0.510000 0.190667 0.953333
134 89.376667 0.491667 0.120000 0.410000
206 89.487333 0.500000 0.120000 0.493333
125 89.594333 0.498333 0.111333 0.503333
233 89.686333 0.498333 0.091333 0.376667
851 89.770333 0.501667 0.094000 0.430000
511 89.858667 0.508333 0.098667 0.330000
56 89.938667 0.501667 0.080000 0.116667
6 90.014333 0.500000 0.091333 0.340000
108 90.147333 0.500000 0.192000 0.420000
175 90.290000 0.503333 0.106667 0.393333
391 90.399667 0.503333 0.130000 0.366667
298 90.503000 0.501667 0.090000 0.456667
531 90.652333 0.505000 0.228667 1.143333
27 90.818667 0.493333 0.120000 0.406667
440 90.905000 0.495000 0.070000 0.416667
563 91.024667 0.500000 0.184000 0.420000
789 91.150333 0.503333 0.083333 0.493333
381 91.258333 0.493333 0.146000 0.433333
506 91.341667 0.498333 0.034000 0.396667
770 91.461000 0.491667 0.223333 1.116667
264 91.634667 0.493333 0.140000 0.533333
236 91.741000 0.503333 0.088667 0.386667
288 91.827667 0.495000 0.102000 0.390000
910 91.938667 0.500000 0.137333 0.506667
777 92.049000 0.493333 0.099333 0.426667
435 92.118667 0.506667 0.054667 0.273333
726 92.184000 0.503333 0.096000 0.500000
1002 92.245000 0.508333 0.039333 0.323333
276 92.290333 0.506667 0.064667 0.366667
784 92.343333 0.496667 0.054667 0.440000
53 92.421667 0.490000 0.120667 0.446667
101 92.557667 0.488333 0.171333 0.856667
299 92.689333 0.496667 0.106667 0.413333
95 92.814667 0.510000 0.164000 0.820000
868 92.935000 0.498333 0.090000 0.510000
798 93.017333 0.500000 0.088000 0.326667
472 93.094667 0.503333 0.086667 0.440000
380 93.207667 0.505000 0.152667 0.436667
796 93.350333 0.506667 0.146000 0.500000
407 93.460667 0.501667 0.089333 0.336667
765 93.540667 0.498333 0.086667 0.396667
259 93.630333 0.490000 0.107333 0.533333
257 93.739000 0.495000 0.127333 0.443333
650 93.901333 0.510000 0.216000 1.080000
572 94.045000 0.500000 0.090000 0.360000
322 94.133667 0.505000 0.106000 0.130000
284 94.243333 0.498333 0.130667 0.463333
778 94.347000 0.490000 0.092667 0.606667
165 94.447000 0.508333 0.123333 0.450000
188 94.556333 0.505000 0.114000 0.483333
566 94.667333 0.490000 0.128000 0.513333
774 94.755333 0.508333 0.065333 0.370000
203 94.840000 0.490000 0.120000 0.606667
527 94.959000 0.496667 0.134000 0.426667
456 95.057000 0.498333 0.076667 0.423333
467 95.121333 0.506667 0.069333 0.353333
375 95.226000 0.505000 0.154667 0.436667
88 95.404667 0.493333 0.220000 1.100000
797 95.552667 0.505000 0.089333 0.350000
272 95.690333 0.488333 0.200667 1.003333
296 95.831667 0.498333 0.099333 0.356667
418 95.910000 0.503333 0.074667 0.360000
231 95.989667 0.500000 0.104667 0.446667
834 96.090000 0.496667 0.114667 0.473333
661 96.193667 0.496667 0.106000 0.400000
476 96.279333 0.503333 0.082667 0.433333
364 96.390667 0.496667 0.153333 0.400000
749 96.512333 0.508333 0.108667 0.463333
495 96.594667 0.503333 0.076000 0.406667
248 96.669000 0.488333 0.090000 0.463333
943 96.721000 0.505000 0.032667 0.276667
934 96.752333 0.510000 0.050000 0.366667
103 96.865667 0.491667 0.194000 0.970000
920 96.998667 0.493333 0.086667 0.313333
163 97.097667 0.488333 0.128667 0.463333
232 97.214667 0.495000 0.120000 0.490000
891 97.296000 0.503333 0.062667 0.280000
656 97.399667 0.505000 0.158000 0.403333
10 97.534333 0.493333 0.130000 0.413333
507 97.620667 0.506667 0.056000 0.293333
681 97.667333 0.491667 0.052000 0.450000
155 97.727000 0.498333 0.080667 0.403333
291 97.806000 0.505000 0.094667 0.383333
747 97.898333 0.498333 0.107333 0.450000
734 98.035667 0.505000 0.186000 0.496667
148 98.202000 0.490000 0.164000 0.446667
595 98.323000 0.500000 0.098000 0.300000
619 98.412000 0.505000 0.097333 0.523333
530 98.494000 0.493333 0.080000 0.400000
665 98.587333 0.510000 0.120000 0.406667
552 98.670333 0.493333 0.064667 0.400000
260 98.797667 0.501667 0.203333 1.016667
892 98.962333 0.500000 0.143333 0.413333
426 99.054333 0.510000 0.058000 0.393333
893 99.166000 0.491667 0.184000 0.536667
560 99.329333 0.493333 0.156000 0.780000
35 99.459333 0.501667 0.117333 0.383333
628 99.602333 0.495000 0.187333 0.936667
820 99.729000 0.506667 0.083333 0.353333
327 99.836667 0.501667 0.148000 0.403333
889 99.977333 0.498333 0.153333 0.470000
422 100.094667 0.490000 0.101333 0.373333
307 100.169000 0.505000 0.066000 0.376667
1016 100.217000 0.506667 0.044667 0.346667
657 100.284667 0.501667 0.104000 0.463333
394 100.395333 0.496667 0.134667 0.373333
397 100.498667 0.498333 0.086667 0.356667
613 100.647333 0.506667 0.229333 1.146667
1018 100.776333 0.503333 0.047333 0.353333
94 100.902667 0.510000 0.220000 1.100000
539 101.048333 0.496667 0.088667 0.413333
722 101.139667 0.501667 0.108667 0.316667
266 101.296333 0.495000 0.223333 1.116667
334 101.476000 0.501667 0.149333 0.503333
159 101.565000 0.510000 0.042000 0.326667
629 101.671333 0.503333 0.184000 0.613333
948 101.773000 0.496667 0.034000 0.253333
320 101.843000 0.488333 0.122000 0.356667
45 101.930000 0.503333 0.066667 0.333333
646 101.995333 0.505000 0.082667 0.396667
517 102.075333 0.510000 0.097333 0.320000
864 102.172333 0.501667 0.116667 0.463333
104 102.310333 0.498333 0.179333 0.390000
964 102.408000 0.501667 0.033333 0.256667
814 102.484667 0.498333 0.138667 0.416667
32 102.592333 0.506667 0.091333 0.313333
944 102.654667 0.510000 0.046667 0.360000
525 102.729333 0.510000 0.116000 0.366667
490 102.814333 0.508333 0.072667 0.376667
990 102.864333 0.508333 0.042000 0.343333
221 102.921000 0.508333 0.088667 0.370000
972 102.973667 0.506667 0.032667 0.260000
61 103.020333 0.495000 0.079333 0.390000
49 103.135333 0.496667 0.170667 0.853333
317 103.273333 0.505000 0.121333 0.436667
610 103.377000 0.495000 0.106000 0.330000
926 103.446000 0.498333 0.045333 0.350000
337 103.552667 0.493333 0.184000 0.920000
