714 0.089667 0.490000 0.172667 0.473333
258 0.281667 0.505000 0.226000 1.130000
47 0.444667 0.495000 0.114667 0.543333
590 0.550000 0.506667 0.116000 0.486667
148 0.678000 0.503333 0.154667 0.773333
480 0.779333 0.500000 0.065333 0.380000
552 0.834333 0.503333 0.059333 0.413333
899 0.971000 0.495000 0.230000 1.150000
875 1.191333 0.510000 0.228000 1.140000
839 1.347333 0.508333 0.100000 0.430000
504 1.462333 0.510000 0.144667 0.426667
521 1.588667 0.488333 0.126667 0.336667
922 1.670667 0.503333 0.050667 0.366667
597 1.755333 0.496667 0.138667 0.426667
936 1.835000 0.495000 0.038000 0.303333
290 1.909000 0.503333 0.130000 0.353333
705 2.036333 0.496667 0.142000 0.466667
82 2.133667 0.505000 0.071333 0.536667
777 2.223000 0.506667 0.124667 0.526667
650 2.363000 0.498333 0.172667 0.863333
452 2.476667 0.505000 0.072000 0.370000
626 2.586000 0.503333 0.160000 0.540000
1021 2.681000 0.506667 0.050000 0.366667
655 2.740000 0.508333 0.081333 0.363333
163 2.820667 0.501667 0.096000 0.343333
868 2.898000 0.508333 0.072000 0.410000
26 2.997667 0.498333 0.144667 0.490000
642 3.102667 0.496667 0.078667 0.306667
70 3.216667 0.498333 0.162667 0.590000
279 3.339333 0.503333 0.096000 0.553333
612 3.458667 0.493333 0.160000 0.426667
115 3.567667 0.505000 0.078000 0.376667
23 3.683333 0.503333 0.168000 0.840000
494 3.799667 0.500000 0.082000 0.366667
695 3.904000 0.510000 0.145333 0.460000
278 4.029333 0.488333 0.125333 0.376667
935 4.102000 0.488333 0.040000 0.296667
404 4.157000 0.488333 0.087333 0.443333
110 4.268000 0.500000 0.149333 0.520000
409 4.381667 0.508333 0.098000 0.490000
583 4.452667 0.490000 0.062667 0.380000
397 4.513667 0.498333 0.079333 0.336667
528 4.612667 0.498333 0.134667 0.430000
1011 4.695333 0.496667 0.044000 0.320000
68 4.760667 0.491667 0.102667 0.296667
84 4.870333 0.498333 0.136667 0.383333
632 5.041000 0.495000 0.222000 1.110000
692 5.181333 0.496667 0.074667 0.366667
89 5.322000 0.491667 0.226667 0.483333
849 5.483000 0.505000 0.108667 0.443333
138 5.566000 0.491667 0.077333 0.443333
282 5.659667 0.503333 0.127333 0.446667
624 5.790000 0.500000 0.148000 0.500000
795 5.894333 0.496667 0.079333 0.486667
227 5.970000 0.491667 0.088000 0.416667
33 6.056333 0.495000 0.102000 0.323333
386 6.164667 0.510000 0.128000 0.366667
742 6.295667 0.501667 0.150000 0.623333
752 6.395000 0.506667 0.064667 0.173333
369 6.514667 0.496667 0.189333 0.946667
444 6.638333 0.491667 0.075333 0.430000
217 6.772000 0.493333 0.210667 1.053333
199 6.926000 0.491667 0.117333 0.476667
50 7.053000 0.490000 0.156667 0.480000
654 7.203000 0.505000 0.156667 0.783333
284 7.321333 0.500000 0.098667 0.366667
930 7.382667 0.501667 0.044000 0.330000
305 7.431333 0.495000 0.069333 0.390000
678 7.520667 0.500000 0.124000 0.473333
341 7.613333 0.495000 0.078667 0.330000
440 7.678000 0.493333 0.064000 0.380000
343 7.757000 0.490000 0.111333 0.346667
158 7.875667 0.493333 0.144667 0.440000
313 7.987667 0.500000 0.096667 0.340000
746 8.089333 0.496667 0.120000 0.386667
372 8.217000 0.501667 0.150000 0.443333
969 8.298000 0.488333 0.028000 0.236667
486 8.331333 0.490000 0.053333 0.320000
860 8.455000 0.495000 0.214000 1.070000
181 8.627667 0.500000 0.147333 0.493333
697 8.723667 0.500000 0.058000 0.286667
12 8.797333 0.503333 0.109333 0.373333
847 8.899000 0.503333 0.111333 0.333333
595 8.998667 0.495000 0.101333 0.303333
802 9.118000 0.490000 0.154667 0.320000
9 9.237000 0.500000 0.102000 0.420000
917 9.297000 0.506667 0.035333 0.260000
932 9.321667 0.510000 0.034000 0.260000
400 9.362000 0.501667 0.060000 0.550000
670 9.450333 0.493333 0.132667 0.433333
37 9.566667 0.500000 0.120000 0.386667
713 9.727000 0.508333 0.215333 1.076667
672 9.871667 0.488333 0.090000 0.330000
888 9.972000 0.490000 0.125333 0.406667
371 10.104333 0.510000 0.158000 0.420000
762 10.212667 0.501667 0.072000 0.316667
536 10.341333 0.496667 0.205333 1.026667
865 10.497667 0.510000 0.126000 0.460000
177 10.607000 0.505000 0.112667 0.403333
353 10.715000 0.493333 0.120667 0.373333
78 10.845667 0.496667 0.158000 0.353333
514 10.964000 0.493333 0.092000 0.306667
359 11.074333 0.503333 0.146000 0.460000
429 11.196000 0.488333 0.117333 0.403333
406 11.287333 0.495000 0.084000 0.330000
946 11.342667 0.506667 0.046667 0.353333
694 11.396000 0.493333 0.078667 0.393333
7 11.476333 0.506667 0.099333 0.366667
495 11.563000 0.495000 0.087333 0.470000
539 11.633000 0.488333 0.068667 0.316667
126 11.768333 0.498333 0.222000 1.110000
830 11.929333 0.503333 0.120000 0.493333
469 12.025000 0.503333 0.084667 0.433333
398 12.091667 0.490000 0.067333 0.360000
330 12.165333 0.491667 0.096000 0.370000
21 12.263333 0.490000 0.120000 0.433333
966 12.338333 0.491667 0.048667 0.350000
563 12.432000 0.503333 0.157333 0.353333
767 12.564000 0.508333 0.122667 0.350000
125 12.658000 0.491667 0.084000 0.370000
1 12.729000 0.491667 0.078000 0.410000
566 12.823000 0.506667 0.128667 0.526667
301 12.910000 0.495000 0.065333 0.370000
216 12.992667 0.491667 0.118667 0.490000
805 13.109667 0.503333 0.134000 0.393333
306 13.196000 0.490000 0.056000 0.313333
96 13.311667 0.496667 0.191333 0.420000
575 13.443667 0.510000 0.092667 0.320000
470 13.512667 0.490000 0.058667 0.306667
25 13.600333 0.490000 0.135333 0.493333
982 13.680000 0.495000 0.041333 0.323333
483 13.719667 0.503333 0.056667 0.300000
418 13.784333 0.496667 0.087333 0.426667
95 13.911000 0.501667 0.180667 0.903333
351 14.076667 0.501667 0.166667 0.490000
592 14.244333 0.488333 0.182000 0.910000
652 14.405000 0.498333 0.152667 0.510000
42 14.510000 0.501667 0.077333 0.436667
425 14.590667 0.490000 0.102667 0.600000
825 14.682667 0.488333 0.101333 0.416667
49 14.815667 0.495000 0.178000 0.890000
370 14.977000 0.500000 0.160667 0.466667
103 15.165333 0.501667 0.234667 0.516667
854 15.356000 0.510000 0.166667 0.500000
316 15.482000 0.501667 0.100000 0.370000
814 15.585333 0.510000 0.122667 0.433333
131 15.702667 0.503333 0.132000 0.513333
402 15.843667 0.505000 0.168667 0.476667
559 15.965667 0.488333 0.090000 0.436667
373 16.071667 0.500000 0.135333 0.366667
955 16.147333 0.490000 0.036000 0.266667
325 16.250333 0.491667 0.186000 0.930000
870 16.364667 0.491667 0.062667 0.323333
738 16.431333 0.491667 0.085333 0.383333
76 16.529333 0.493333 0.129333 0.400000
277 16.620333 0.491667 0.067333 0.316667
660 16.695000 0.491667 0.095333 0.330000
850 16.779667 0.491667 0.092667 0.383333
658 16.845333 0.506667 0.052000 0.306667
977 16.886667 0.491667 0.049333 0.356667
657 16.944667 0.490000 0.086667 0.353333
167 17.043000 0.490000 0.128667 0.493333
885 17.145333 0.510000 0.092000 0.420000
671 17.245667 0.495000 0.126000 0.423333
112 17.362333 0.506667 0.127333 0.420000
274 17.477667 0.505000 0.118000 0.556667
245 17.559667 0.488333 0.060667 0.283333
246 17.671000 0.490000 0.176667 0.633333
441 17.788667 0.503333 0.078667 0.393333
463 17.858667 0.491667 0.077333 0.403333
891 17.921333 0.510000 0.065333 0.260000
915 17.978000 0.508333 0.064000 0.516667
296 18.042000 0.488333 0.081333 0.323333
894 18.153333 0.493333 0.160000 0.426667
490 18.261667 0.488333 0.072667 0.430000
561 18.376667 0.508333 0.176000 0.363333
366 18.515333 0.506667 0.114667 0.313333
123 18.661667 0.491667 0.191333 0.956667
1010 18.773667 0.506667 0.046000 0.360000
796 18.849667 0.508333 0.122000 0.476667
10 18.962000 0.501667 0.116000 0.430000
633 19.111000 0.505000 0.198000 0.990000
438 19.300667 0.506667 0.198667 0.993333
393 19.448000 0.505000 0.110667 0.350000
780 19.559000 0.505000 0.131333 0.403333
489 19.650000 0.490000 0.070667 0.400000
532 19.739667 0.503333 0.127333 0.646667
570 19.835333 0.506667 0.082667 0.353333
204 19.911333 0.488333 0.082667 0.396667
51 20.006333 0.488333 0.120667 0.390000
260 20.135667 0.488333 0.156667 0.783333
28 20.264333 0.500000 0.120667 0.453333
361 20.395000 0.501667 0.159333 0.423333
414 20.571333 0.490000 0.209333 1.046667
716 20.763000 0.500000 0.190000 0.480000
303 20.883333 0.498333 0.070667 0.396667
861 20.937333 0.493333 0.050667 0.393333
140 21.058667 0.490000 0.209333 1.046667
471 21.184667 0.498333 0.056000 0.336667
1023 21.223667 0.505000 0.036667 0.263333
152 21.280000 0.488333 0.089333 0.436667
155 21.360000 0.496667 0.088000 0.500000
259 21.452000 0.498333 0.113333 0.570000
661 21.561667 0.508333 0.120667 0.410000
773 21.682000 0.490000 0.134667 0.360000
487 21.770667 0.491667 0.062667 0.376667
222 21.835000 0.508333 0.082000 0.403333
420 21.912333 0.501667 0.090000 0.323333
364 22.046333 0.508333 0.191333 0.463333
1004 22.156000 0.501667 0.044000 0.316667
484 22.220667 0.505000 0.102667 0.376667
412 22.310000 0.510000 0.094667 0.493333
352 22.424667 0.510000 0.152000 0.440000
926 22.512667 0.493333 0.041333 0.333333
503 22.593333 0.503333 0.136000 0.386667
704 22.711333 0.506667 0.117333 0.433333
759 22.815667 0.501667 0.106000 0.350000
378 22.950667 0.493333 0.181333 0.906667
987 23.056333 0.488333 0.043333 0.323333
577 23.117333 0.495000 0.092000 0.363333
686 23.197000 0.493333 0.083333 0.413333
804 23.295333 0.498333 0.126667 0.390000
733 23.384667 0.495000 0.068000 0.410000
106 23.489000 0.501667 0.159333 0.796667
283 23.631000 0.491667 0.139333 0.476667
727 23.724667 0.498333 0.064000 0.336667
56 23.783333 0.503333 0.068000 0.093333
880 23.858333 0.510000 0.096667 0.320000
85 23.949000 0.493333 0.098000 0.373333
735 24.048000 0.500000 0.114667 0.453333
844 24.140000 0.505000 0.088000 0.363333
525 24.225667 0.508333 0.096667 0.303333
948 24.285333 0.503333 0.037333 0.280000
16 24.350000 0.510000 0.109333 0.393333
937 24.420000 0.495000 0.044000 0.336667
886 24.493333 0.508333 0.120000 0.396667
959 24.562667 0.508333 0.036000 0.276667
706 24.611667 0.500000 0.078000 0.406667
517 24.711333 0.505000 0.134667 0.450000
461 24.810000 0.505000 0.081333 0.410000
953 24.858667 0.501667 0.033333 0.256667
641 24.899667 0.506667 0.066000 0.300000
223 24.988000 0.496667 0.128000 0.506667
905 25.123333 0.510000 0.161333 0.520000
175 25.246000 0.488333 0.100000 0.363333
241 25.337000 0.496667 0.102000 0.546667
749 25.430000 0.498333 0.102667 0.443333
462 25.508667 0.506667 0.072000 0.433333
1019 25.559667 0.496667 0.046000 0.353333
609 25.602667 0.506667 0.060000 0.246667
739 25.651000 0.505000 0.055333 0.490000
202 25.723333 0.503333 0.105333 0.433333
230 25.874333 0.501667 0.211333 1.056667
14 26.028000 0.503333 0.114667 0.413333
928 26.097333 0.496667 0.040000 0.313333
44 26.156000 0.490000 0.092000 0.366667
1002 26.214000 0.493333 0.044000 0.353333
182 26.292667 0.500000 0.126667 0.426667
509 26.405333 0.500000 0.114667 0.360000
770 26.507000 0.500000 0.103333 0.320000
819 26.628000 0.488333 0.153333 0.330000
605 26.771667 0.500000 0.154000 0.400000
973 26.858667 0.508333 0.033333 0.263333
255 26.933333 0.490000 0.133333 0.506667
344 27.050000 0.496667 0.118667 0.333333
615 27.160000 0.510000 0.114667 0.533333
838 27.273000 0.496667 0.128667 0.546667
219 27.374667 0.505000 0.092000 0.463333
921 27.442000 0.490000 0.060000 0.360000
234 27.509333 0.498333 0.090667 0.430000
389 27.614667 0.508333 0.134667 0.410000
166 27.736667 0.495000 0.126667 0.463333
845 27.837667 0.503333 0.095333 0.400000
724 27.914000 0.493333 0.076000 0.306667
232 27.983333 0.493333 0.082667 0.420000
451 28.052667 0.506667 0.076000 0.400000
878 28.136333 0.501667 0.104667 0.536667
262 28.235333 0.495000 0.108000 0.556667
784 28.311000 0.508333 0.058000 0.483333
580 28.417000 0.491667 0.174000 0.416667
939 28.518000 0.493333 0.041333 0.346667
1003 28.550000 0.501667 0.041333 0.303333
827 28.615000 0.505000 0.106000 0.503333
280 28.715333 0.505000 0.114667 0.416667
392 28.824667 0.505000 0.117333 0.343333
983 28.895000 0.508333 0.043333 0.356667
268 28.992000 0.490000 0.165333 0.826667
620 29.125667 0.495000 0.118000 0.503333
477 29.217667 0.501667 0.079333 0.410000
357 29.303333 0.505000 0.112000 0.336667
66 29.450000 0.510000 0.201333 1.006667
687 29.593333 0.505000 0.102667 0.503333
297 29.677667 0.506667 0.079333 0.406667
730 29.773667 0.508333 0.128667 0.503333
196 29.873000 0.510000 0.088667 0.360000
751 29.958000 0.510000 0.097333 0.400000
395 30.054667 0.501667 0.112000 0.303333
22 30.154333 0.490000 0.106000 0.353333
468 30.233667 0.493333 0.070000 0.366667
39 30.308333 0.505000 0.096667 0.363333
663 30.415000 0.508333 0.131333 0.430000
757 30.542667 0.505000 0.138667 0.456667
46 30.629667 0.501667 0.055333 0.456667
542 30.722667 0.495000 0.146667 0.590000
435 30.811333 0.505000 0.045333 0.243333
726 30.864000 0.505000 0.074667 0.403333
250 31.001333 0.496667 0.217333 1.086667
815 31.158000 0.495000 0.110667 0.323333
336 31.253667 0.490000 0.096667 0.466667
220 31.354333 0.503333 0.124667 0.513333
698 31.444667 0.505000 0.070667 0.376667
719 31.589000 0.488333 0.231333 1.156667
426 31.729333 0.491667 0.062667 0.423333
485 31.789667 0.506667 0.076667 0.446667
1007 31.835000 0.510000 0.034000 0.260000
100 31.961000 0.498333 0.234000 0.496667
195 32.131000 0.495000 0.122000 0.496667
516 32.243667 0.496667 0.119333 0.400000
961 32.318000 0.503333 0.048000 0.353333
545 32.385667 0.495000 0.107333 0.390000
979 32.452667 0.490000 0.041333 0.333333
902 32.525000 0.495000 0.119333 0.310000
354 32.639667 0.505000 0.130000 0.390000
675 32.756000 0.510000 0.118667 0.380000
69 32.862000 0.505000 0.112000 0.583333
65 32.944000 0.493333 0.072000 0.186667
949 32.989667 0.510000 0.036667 0.280000
338 33.054333 0.505000 0.110000 0.576667
649 33.158000 0.503333 0.110667 0.580000
846 33.254000 0.496667 0.098667 0.480000
625 33.390667 0.506667 0.188000 0.940000
1015 33.500333 0.501667 0.044667 0.330000
515 33.577333 0.505000 0.126667 0.396667
149 33.708333 0.490000 0.148667 0.393333
67 33.874000 0.506667 0.196000 0.980000
651 34.076333 0.491667 0.222000 1.110000
952 34.198000 0.493333 0.040000 0.340000
664 34.263000 0.493333 0.110000 0.386667
598 34.371333 0.508333 0.126667 0.370000
601 34.493000 0.495000 0.135333 0.410000
339 34.588000 0.505000 0.073333 0.396667
331 34.722000 0.503333 0.213333 1.066667
816 34.875000 0.495000 0.110000 0.256667
54 34.956667 0.510000 0.068000 0.393333
90 35.104333 0.490000 0.240667 0.513333
631 35.332333 0.501667 0.230000 1.150000
968 35.461333 0.508333 0.041333 0.296667
962 35.491000 0.488333 0.038000 0.276667
387 35.574333 0.510000 0.148667 0.420000
1006 35.660000 0.490000 0.038667 0.300000
4 35.709667 0.493333 0.079333 0.313333
1013 35.763333 0.506667 0.044000 0.340000
309 35.814000 0.510000 0.074667 0.420000
877 35.882333 0.503333 0.079333 0.380000
700 36.006667 0.503333 0.186667 0.933333
302 36.126000 0.493333 0.072000 0.406667
71 36.190667 0.490000 0.074667 0.400000
263 36.284667 0.506667 0.132000 0.426667
97 36.458667 0.496667 0.229333 0.486667
143 36.604000 0.501667 0.074667 0.356667
32 36.679333 0.503333 0.093333 0.306667
421 36.779000 0.493333 0.120667 0.413333
473 36.859333 0.505000 0.056000 0.330000
348 36.950333 0.496667 0.139333 0.380000
972 37.030667 0.496667 0.041333 0.340000
318 37.081667 0.503333 0.080667 0.406667
551 37.175333 0.495000 0.122667 0.416667
607 37.296667 0.498333 0.133333 0.403333
901 37.417000 0.500000 0.120667 0.340000
534 37.502667 0.506667 0.070667 0.280000
446 37.561667 0.490000 0.067333 0.340000
215 37.638667 0.505000 0.101333 0.496667
768 37.722000 0.500000 0.081333 0.173333
843 37.816667 0.495000 0.121333 0.523333
317 37.915667 0.505000 0.096667 0.356667
390 38.022000 0.503333 0.130667 0.393333
99 38.181000 0.495000 0.207333 1.036667
333 38.374333 0.505000 0.198000 0.990000
335 38.547667 0.508333 0.163333 0.516667
748 38.665000 0.508333 0.088667 0.303333
134 38.759667 0.510000 0.115333 0.393333
965 38.831667 0.510000 0.047333 0.366667
324 38.907000 0.490000 0.122000 0.600000
634 39.009000 0.490000 0.100667 0.420000
701 39.141333 0.505000 0.181333 0.590000
604 39.282000 0.491667 0.120000 0.350000
350 39.402000 0.501667 0.134667 0.403333
801 39.513000 0.490000 0.100667 0.360000
988 39.572333 0.488333 0.035333 0.283333
576 39.622667 0.510000 0.084000 0.326667
557 39.689667 0.495000 0.070000 0.470000
156 39.784000 0.490000 0.134667 0.326667
550 39.877000 0.501667 0.068667 0.343333
349 39.984000 0.500000 0.164000 0.486667
160 40.092333 0.493333 0.066000 0.406667
799 40.171667 0.493333 0.110000 0.413333
857 40.326000 0.501667 0.213333 0.456667
523 40.481333 0.493333 0.112000 0.380000
170 40.624000 0.496667 0.186667 0.933333
593 40.795667 0.491667 0.176667 0.503333
466 40.907667 0.510000 0.063333 0.373333
600 40.983333 0.506667 0.105333 0.320000
904 41.074667 0.510000 0.092000 0.433333
690 41.165333 0.495000 0.106667 0.523333
750 41.259667 0.498333 0.099333 0.370000
956 41.325000 0.508333 0.046000 0.343333
776 41.411333 0.493333 0.144000 0.366667
788 41.546667 0.501667 0.144000 0.390000
769 41.667000 0.506667 0.116667 0.333333
481 41.752000 0.510000 0.068000 0.353333
622 41.891000 0.491667 0.227333 1.136667
513 42.061000 0.493333 0.126000 0.426667
8 42.156000 0.496667 0.082667 0.293333
55 42.255333 0.498333 0.129333 0.363333
644 42.345667 0.510000 0.070000 0.320000
228 42.420667 0.503333 0.096000 0.386667
851 42.503667 0.491667 0.086000 0.350000
1020 42.555000 0.508333 0.035333 0.290000
793 42.624333 0.510000 0.122000 0.500000
340 42.742000 0.490000 0.130667 0.413333
224 42.856667 0.490000 0.112000 0.480000
674 42.970333 0.498333 0.128667 0.483333
689 43.063667 0.496667 0.078000 0.380000
927 43.116667 0.496667 0.045333 0.346667
45 43.165333 0.501667 0.068000 0.343333
445 43.228333 0.508333 0.072667 0.376667
312 43.307000 0.488333 0.104667 0.390000
918 43.406333 0.506667 0.108667 0.353333
783 43.496667 0.503333 0.085333 0.460000
882 43.584667 0.495000 0.108000 0.423333
41 43.703000 0.510000 0.146000 0.400000
192 43.846333 0.495000 0.160667 0.803333
154 43.957000 0.498333 0.076667 0.376667
256 44.046667 0.498333 0.118667 0.450000
565 44.177000 0.503333 0.156667 0.320000
127 44.327000 0.508333 0.163333 0.816667
315 44.468000 0.510000 0.132000 0.513333
683 44.585667 0.505000 0.116667 0.310000
291 44.700667 0.506667 0.126667 0.480000
676 44.801000 0.495000 0.094000 0.303333
883 44.918000 0.503333 0.158667 0.340000
19 45.047000 0.505000 0.116667 0.383333
708 45.194333 0.501667 0.195333 0.976667
427 45.333333 0.496667 0.100000 0.493333
159 45.395333 0.500000 0.037333 0.300000
108 45.503333 0.490000 0.198667 0.420000
410 45.652000 0.500000 0.116000 0.546667
456 45.738333 0.491667 0.072667 0.403333
31 45.820667 0.500000 0.110667 0.313333
682 45.927667 0.510000 0.116667 0.433333
327 46.047000 0.508333 0.139333 0.430000
659 46.145333 0.506667 0.074667 0.313333
992 46.192000 0.508333 0.033333 0.270000
589 46.241667 0.500000 0.083333 0.346667
194 46.327000 0.488333 0.106000 0.450000
415 46.484333 0.508333 0.227333 1.136667
546 46.633333 0.496667 0.088000 0.320000
407 46.712667 0.500000 0.090667 0.346667
747 46.792667 0.501667 0.089333 0.356667
117 46.900000 0.506667 0.140000 0.413333
295 47.024333 0.510000 0.127333 0.546667
529 47.135000 0.498333 0.112667 0.496667
722 47.258333 0.505000 0.154000 0.450000
628 47.431667 0.495000 0.207333 1.036667
526 47.602333 0.488333 0.152667 0.390000
267 47.778333 0.501667 0.219333 1.096667
855 47.911667 0.491667 0.064667 0.170000
118 47.985333 0.490000 0.097333 0.366667
665 48.074000 0.510000 0.100000 0.366667
807 48.229000 0.508333 0.228667 1.143333
18 48.392000 0.505000 0.113333 0.383333
457 48.470333 0.508333 0.063333 0.376667
180 48.544667 0.505000 0.100000 0.350000
821 48.631667 0.503333 0.088667 0.593333
1005 48.686000 0.495000 0.038667 0.296667
150 48.747333 0.496667 0.100000 0.413333
374 48.858333 0.503333 0.136667 0.393333
817 48.985333 0.510000 0.137333 0.413333
691 49.088667 0.490000 0.082667 0.406667
93 49.217667 0.505000 0.188667 0.943333
911 49.364000 0.505000 0.120000 0.430000
121 49.423000 0.488333 0.018000 0.336667
789 49.461667 0.506667 0.074000 0.446667
27 49.558333 0.498333 0.136667 0.463333
17 49.672667 0.500000 0.112000 0.386667
616 49.805333 0.506667 0.170667 0.853333
997 49.906667 0.510000 0.046667 0.366667
970 49.946667 0.505000 0.049333 0.376667
848 50.014000 0.508333 0.105333 0.323333
813 50.113000 0.491667 0.110000 0.350000
785 50.199000 0.498333 0.080667 0.336667
673 50.292000 0.508333 0.125333 0.423333
984 50.364333 0.510000 0.036667 0.273333
208 50.470000 0.500000 0.188000 0.940000
662 50.610667 0.488333 0.113333 0.396667
753 50.768667 0.490000 0.216000 1.080000
619 50.919333 0.505000 0.102667 0.530000
363 51.015667 0.500000 0.104667 0.293333
876 51.130000 0.498333 0.138667 0.390000
496 51.239333 0.491667 0.093333 0.390000
59 51.373667 0.498333 0.195333 0.490000
179 51.515000 0.500000 0.102000 0.360000
254 51.624333 0.490000 0.136667 0.520000
375 51.770667 0.490000 0.169333 0.846667
996 51.861333 0.491667 0.032000 0.250000
36 51.927000 0.501667 0.116667 0.390000
235 52.039667 0.510000 0.122000 0.500000
128 52.164333 0.495000 0.140667 0.416667
225 52.272333 0.496667 0.095333 0.380000
630 52.400333 0.495000 0.180667 0.610000
286 52.533667 0.490000 0.099333 0.360000
791 52.613000 0.505000 0.078000 0.470000
512 52.708000 0.508333 0.129333 0.430000
431 52.825000 0.503333 0.122000 0.420000
974 52.897000 0.501667 0.039333 0.290000
781 52.941667 0.491667 0.068667 0.356667
715 53.065333 0.500000 0.194667 0.493333
442 53.200333 0.501667 0.090000 0.456667
856 53.304667 0.493333 0.138667 0.340000
178 53.436000 0.498333 0.138667 0.510000
2 53.538000 0.493333 0.084000 0.406667
276 53.602667 0.496667 0.064000 0.420000
307 53.656667 0.501667 0.062667 0.343333
648 53.727667 0.490000 0.098000 0.420000
553 53.814333 0.510000 0.094000 0.333333
501 53.884333 0.508333 0.066000 0.290000
728 53.941000 0.501667 0.060667 0.530000
482 53.998333 0.500000 0.068667 0.353333
890 54.078000 0.495000 0.108000 0.543333
377 54.206667 0.496667 0.164000 0.466667
579 54.348333 0.488333 0.135333 0.356667
211 54.453667 0.488333 0.088667 0.370000
252 54.561000 0.505000 0.140667 0.563333
24 54.693000 0.510000 0.138000 0.466667
906 54.821667 0.496667 0.135333 0.373333
299 54.921667 0.488333 0.078000 0.303333
510 55.008667 0.505000 0.109333 0.370000
998 55.073667 0.506667 0.038000 0.286667
774 55.116333 0.508333 0.066000 0.390000
119 55.191667 0.505000 0.100667 0.603333
498 55.257000 0.506667 0.048667 0.293333
717 55.348333 0.493333 0.151333 0.440000
467 55.456333 0.491667 0.082000 0.410000
599 55.547667 0.503333 0.120667 0.366667
666 55.648333 0.508333 0.094000 0.323333
591 55.769667 0.508333 0.168667 0.496667
454 55.877333 0.498333 0.065333 0.370000
602 55.966667 0.498333 0.133333 0.396667
385 56.095333 0.495000 0.140000 0.396667
808 56.218333 0.488333 0.122000 0.443333
144 56.310000 0.505000 0.081333 0.383333
712 56.436000 0.506667 0.185333 0.926667
668 56.583667 0.498333 0.130000 0.463333
957 56.656000 0.506667 0.030667 0.253333
942 56.682000 0.506667 0.034667 0.253333
818 56.762000 0.505000 0.138667 0.330000
864 56.870333 0.498333 0.091333 0.363333
836 56.957333 0.510000 0.101333 0.413333
492 57.036333 0.493333 0.075333 0.406667
5 57.111667 0.506667 0.095333 0.426667
243 57.218000 0.508333 0.136000 0.443333
447 57.318000 0.508333 0.078667 0.430000
439 57.401333 0.495000 0.104000 0.403333
711 57.523667 0.506667 0.160667 0.473333
679 57.635333 0.505000 0.076000 0.470000
257 57.718667 0.505000 0.105333 0.310000
201 57.811667 0.498333 0.100667 0.410000
107 57.947333 0.496667 0.190667 0.413333
611 58.088000 0.495000 0.104000 0.410000
98 58.228333 0.488333 0.195333 0.416667
562 58.408333 0.505000 0.182000 0.376667
249 58.525667 0.500000 0.071333 0.466667
53 58.609333 0.490000 0.112000 0.393333
567 58.706667 0.498333 0.096000 0.396667
596 58.803667 0.508333 0.114000 0.350000
161 58.899667 0.510000 0.094000 0.346667
403 59.041333 0.503333 0.202667 1.013333
519 59.201667 0.488333 0.134000 0.443333
345 59.369333 0.500000 0.214667 1.073333
555 59.482333 0.505000 0.031333 0.310000
889 59.559333 0.493333 0.140000 0.426667
61 59.660667 0.495000 0.080000 0.403333
893 59.776333 0.510000 0.171333 0.533333
416 59.893000 0.488333 0.080667 0.390000
319 59.974667 0.500000 0.096000 0.360000
603 60.118333 0.488333 0.211333 1.056667
355 60.294667 0.496667 0.154667 0.473333
212 60.453667 0.491667 0.176667 0.883333
248 60.571333 0.488333 0.076000 0.410000
772 60.698333 0.496667 0.192667 0.566667
60 60.823333 0.496667 0.073333 0.306667
153 60.895667 0.500000 0.091333 0.406667
1009 60.948667 0.496667 0.033333 0.273333
564 61.028333 0.500000 0.142000 0.293333
639 61.126333 0.490000 0.072667 0.366667
266 61.266333 0.501667 0.220667 1.103333
533 61.423000 0.488333 0.108667 0.370000
109 61.560333 0.498333 0.180667 0.903333
761 61.702333 0.510000 0.118000 0.373333
831 61.796667 0.490000 0.088000 0.366667
834 61.881000 0.491667 0.096667 0.463333
132 61.958000 0.505000 0.073333 0.316667
137 62.018000 0.490000 0.064000 0.313333
707 62.083333 0.491667 0.086667 0.403333
147 62.159667 0.488333 0.084667 0.443333
910 62.263000 0.490000 0.140667 0.453333
912 62.381000 0.503333 0.108667 0.426667
15 62.486667 0.503333 0.117333 0.380000
346 62.610333 0.510000 0.144667 0.453333
594 62.730333 0.490000 0.108667 0.340000
365 62.847333 0.500000 0.144000 0.393333
269 62.992333 0.501667 0.160667 0.803333
321 63.122333 0.498333 0.114000 0.476667
124 63.229333 0.505000 0.116000 0.423333
646 63.316333 0.510000 0.075333 0.320000
907 63.415000 0.495000 0.138000 0.483333
758 63.540333 0.506667 0.126000 0.366667
334 63.669000 0.493333 0.147333 0.506667
925 63.759667 0.493333 0.048667 0.353333
538 63.871333 0.488333 0.193333 0.496667
141 63.995667 0.510000 0.072667 0.313333
264 64.078333 0.500000 0.110000 0.420000
916 64.223000 0.505000 0.198000 0.496667
233 64.357333 0.495000 0.089333 0.450000
3 64.438667 0.510000 0.088000 0.400000
310 64.502000 0.500000 0.056000 0.313333
558 64.558333 0.508333 0.076667 0.370000
743 64.627333 0.490000 0.078667 0.333333
236 64.704667 0.495000 0.090667 0.456667
1000 64.762000 0.501667 0.040000 0.323333
621 64.802333 0.498333 0.056667 0.563333
358 64.900333 0.493333 0.154000 0.420000
909 65.007667 0.495000 0.079333 0.350000
304 65.076333 0.505000 0.076667 0.430000
507 65.141333 0.508333 0.066667 0.343333
231 65.224000 0.501667 0.112000 0.463333
995 65.298000 0.488333 0.050667 0.370000
40 65.363000 0.490000 0.099333 0.313333
556 65.457000 0.508333 0.106000 0.430000
422 65.542333 0.500000 0.083333 0.306667
203 65.634333 0.501667 0.119333 0.483333
458 65.715667 0.506667 0.063333 0.320000
919 65.778667 0.498333 0.076000 0.323333
292 65.867000 0.503333 0.118000 0.466667
337 66.023667 0.505000 0.210000 1.050000
240 66.158667 0.493333 0.078667 0.380000
629 66.287333 0.490000 0.196000 0.653333
1014 66.397667 0.500000 0.040667 0.333333
685 66.457667 0.498333 0.095333 0.363333
826 66.547667 0.501667 0.100667 0.490000
285 66.658000 0.488333 0.138667 0.463333
184 66.779000 0.493333 0.120667 0.493333
606 66.893000 0.488333 0.120667 0.363333
58 66.971667 0.508333 0.055333 0.243333
527 67.066333 0.491667 0.148667 0.436667
680 67.184667 0.508333 0.101333 0.330000
83 67.262000 0.488333 0.068000 0.336667
933 67.310333 0.508333 0.048667 0.350000
197 67.378667 0.506667 0.102667 0.506667
822 67.486333 0.495000 0.126000 0.376667
656 67.625000 0.505000 0.168667 0.390000
362 67.764000 0.490000 0.126667 0.366667
986 67.837667 0.491667 0.038000 0.276667
298 67.885333 0.506667 0.077333 0.380000
640 67.946000 0.508333 0.060000 0.303333
960 67.988000 0.498333 0.040000 0.316667
573 68.041667 0.500000 0.084667 0.340000
837 68.120000 0.496667 0.086667 0.420000
993 68.181667 0.500000 0.051333 0.380000
958 68.216667 0.506667 0.033333 0.280000
754 68.296667 0.495000 0.146667 0.710000
1018 68.381333 0.503333 0.037333 0.280000
91 68.480000 0.510000 0.174667 0.373333
709 68.609667 0.490000 0.102000 0.453333
858 68.711667 0.506667 0.116667 0.360000
74 68.843333 0.505000 0.166667 0.510000
938 68.938667 0.498333 0.040000 0.330000
737 68.977667 0.508333 0.058000 0.390000
823 69.047000 0.510000 0.100667 0.513333
493 69.129333 0.496667 0.081333 0.386667
146 69.205667 0.488333 0.090000 0.403333
771 69.291667 0.510000 0.098000 0.480000
382 69.385667 0.503333 0.108667 0.313333
833 69.483333 0.498333 0.100000 0.450000
976 69.545667 0.493333 0.038000 0.273333
508 69.590333 0.491667 0.064667 0.343333
798 69.664000 0.501667 0.097333 0.350000
824 69.756667 0.498333 0.104000 0.490000
172 69.845667 0.505000 0.094000 0.343333
1012 69.902667 0.496667 0.038667 0.280000
554 70.013667 0.501667 0.202000 1.010000
950 70.122667 0.501667 0.032000 0.250000
967 70.154667 0.505000 0.045333 0.350000
430 70.231333 0.500000 0.126667 0.540000
647 70.318333 0.510000 0.066000 0.326667
914 70.399333 0.495000 0.110667 0.350000
308 70.477333 0.493333 0.064000 0.360000
588 70.552333 0.498333 0.100667 0.443333
980 70.613000 0.491667 0.036667 0.303333
923 70.639333 0.506667 0.034667 0.266667
145 70.693000 0.495000 0.087333 0.390000
835 70.773333 0.496667 0.093333 0.373333
478 70.850000 0.490000 0.074667 0.380000
261 70.934000 0.493333 0.109333 0.520000
379 71.049000 0.488333 0.136667 0.423333
990 71.130667 0.503333 0.040000 0.286667
81 71.190667 0.506667 0.096000 0.386667
535 71.313000 0.488333 0.166000 0.350000
951 71.406000 0.500000 0.038667 0.293333
151 71.453000 0.510000 0.072667 0.326667
92 71.596000 0.501667 0.229333 0.483333
623 71.788333 0.488333 0.174000 0.870000
537 71.950333 0.495000 0.166000 0.830000
57 72.055333 0.490000 0.057333 0.246667
183 72.118667 0.506667 0.084000 0.393333
408 72.202667 0.506667 0.098667 0.366667
540 72.320667 0.508333 0.157333 0.596667
80 72.442333 0.508333 0.104667 0.516667
618 72.528000 0.493333 0.081333 0.526667
782 72.608000 0.501667 0.092000 0.423333
900 72.717333 0.501667 0.142667 0.396667
185 72.861000 0.498333 0.160667 0.803333
347 73.005667 0.503333 0.143333 0.380000
401 73.110333 0.498333 0.079333 0.443333
1016 73.163000 0.498333 0.040667 0.343333
635 73.216333 0.506667 0.086000 0.353333
294 73.373000 0.503333 0.243333 0.406667
929 73.504333 0.490000 0.038000 0.313333
367 73.585333 0.508333 0.138667 0.376667
853 73.690333 0.495000 0.084667 0.370000
0 73.752000 0.506667 0.053333 0.413333
578 73.824000 0.493333 0.109333 0.426667
394 73.939333 0.506667 0.141333 0.386667
174 74.054667 0.501667 0.109333 0.383333
924 74.115333 0.496667 0.032000 0.266667
448 74.162333 0.506667 0.076667 0.453333
627 74.284333 0.510000 0.180667 0.600000
934 74.380333 0.505000 0.031333 0.263333
702 74.474333 0.488333 0.175333 0.876667
488 74.596000 0.490000 0.085333 0.413333
381 74.694000 0.498333 0.125333 0.383333
419 74.791000 0.491667 0.086000 0.416667
465 74.864333 0.503333 0.076667 0.453333
464 74.933333 0.496667 0.081333 0.420000
43 75.006333 0.510000 0.084667 0.340000
766 75.101333 0.503333 0.120000 0.353333
105 75.266333 0.495000 0.223333 1.116667
396 75.458333 0.488333 0.178000 0.890000
86 75.577667 0.496667 0.078000 0.333333
300 75.637667 0.508333 0.056667 0.183333
941 75.681667 0.501667 0.048667 0.356667
497 75.764667 0.500000 0.136000 0.353333
226 75.872667 0.503333 0.100000 0.506667
205 75.968000 0.503333 0.108000 0.440000
721 76.101333 0.506667 0.178667 0.893333
920 76.233333 0.498333 0.104000 0.376667
73 76.359667 0.503333 0.164667 0.506667
417 76.475333 0.491667 0.082667 0.403333
994 76.529000 0.488333 0.042000 0.350000
587 76.594667 0.510000 0.109333 0.346667
696 76.705000 0.506667 0.126000 0.286667
943 76.778000 0.490000 0.040000 0.340000
428 76.826000 0.491667 0.069333 0.450000
840 76.894333 0.506667 0.087333 0.366667
530 76.974000 0.501667 0.088000 0.416667
842 77.062000 0.496667 0.104000 0.426667
474 77.141000 0.488333 0.068667 0.350000
453 77.207333 0.491667 0.078667 0.410000
790 77.268333 0.496667 0.060667 0.353333
432 77.349333 0.495000 0.114667 0.236667
803 77.467333 0.505000 0.141333 0.416667
755 77.597333 0.505000 0.134667 0.396667
954 77.678667 0.496667 0.048000 0.360000
13 77.740667 0.498333 0.092000 0.296667
892 77.891667 0.488333 0.227333 1.136667
391 78.082667 0.510000 0.168000 0.840000
48 78.268000 0.500000 0.220000 1.100000
94 78.489000 0.508333 0.242000 0.510000
443 78.641667 0.508333 0.076667 0.396667
729 78.686333 0.498333 0.030000 0.430000
479 78.729000 0.496667 0.074000 0.386667
869 78.792333 0.496667 0.072667 0.446667
574 78.862000 0.490000 0.084000 0.333333
289 78.987667 0.495000 0.184667 0.923333
384 79.153000 0.506667 0.164667 0.460000
11 79.279000 0.493333 0.102000 0.353333
866 79.403000 0.498333 0.164667 0.456667
342 79.518000 0.501667 0.085333 0.390000
720 79.644667 0.506667 0.188000 0.940000
130 79.812333 0.500000 0.164667 0.366667
725 79.939000 0.498333 0.107333 0.456667
931 80.008667 0.498333 0.046667 0.350000
102 80.120000 0.491667 0.189333 0.403333
239 80.317667 0.491667 0.222000 1.110000
1001 80.435667 0.503333 0.034000 0.280000
608 80.490333 0.508333 0.092667 0.310000
787 80.559667 0.510000 0.060667 0.366667
476 80.606667 0.510000 0.053333 0.280000
242 80.692333 0.510000 0.131333 0.513333
190 80.800000 0.498333 0.102667 0.416667
897 80.917667 0.491667 0.150000 0.456667
176 81.052333 0.503333 0.138000 0.506667
613 81.190667 0.503333 0.158667 0.793333
455 81.296333 0.500000 0.067333 0.340000
326 81.353000 0.506667 0.064667 0.293333
586 81.445000 0.503333 0.136667 0.440000
122 81.552000 0.488333 0.097333 0.350000
794 81.632667 0.495000 0.078667 0.483333
549 81.710000 0.490000 0.094667 0.326667
505 81.781000 0.495000 0.063333 0.263333
214 81.867333 0.505000 0.125333 0.516667
571 81.962000 0.500000 0.081333 0.353333
688 82.038000 0.491667 0.085333 0.416667
809 82.121333 0.495000 0.101333 0.556667
275 82.200333 0.500000 0.070000 0.406667
424 82.295333 0.505000 0.137333 0.436667
643 82.404667 0.496667 0.096000 0.333333
253 82.465333 0.488333 0.041333 0.423333
376 82.564667 0.503333 0.173333 0.866667
191 82.692000 0.501667 0.096000 0.450000
610 82.800333 0.503333 0.136667 0.420000
710 82.971000 0.505000 0.219333 1.096667
472 83.098000 0.510000 0.053333 0.320000
142 83.163333 0.491667 0.094667 0.463333
985 83.222667 0.510000 0.041333 0.333333
433 83.291667 0.506667 0.114000 0.226667
288 83.390667 0.510000 0.104000 0.400000
270 83.522333 0.505000 0.175333 0.530000
450 83.640667 0.488333 0.080000 0.423333
617 83.725333 0.488333 0.105333 0.456667
229 83.815667 0.496667 0.090000 0.453333
723 83.914000 0.488333 0.125333 0.430000
863 84.010000 0.505000 0.084000 0.403333
778 84.096667 0.493333 0.108000 0.700000
829 84.198000 0.495000 0.114667 0.476667
572 84.292333 0.506667 0.091333 0.380000
763 84.357333 0.500000 0.056000 0.380000
841 84.419333 0.491667 0.086667 0.356667
543 84.546000 0.501667 0.184000 0.603333
169 84.678667 0.495000 0.094667 0.363333
244 84.807667 0.490000 0.176667 0.473333
405 84.937333 0.490000 0.100000 0.386667
136 85.031333 0.510000 0.104000 0.453333
114 85.121667 0.506667 0.090000 0.446667
896 85.230667 0.490000 0.145333 0.413333
520 85.361000 0.508333 0.134000 0.416667
569 85.471333 0.500000 0.104000 0.426667
699 85.591333 0.491667 0.154667 0.430000
273 85.692667 0.506667 0.061333 0.406667
101 85.813000 0.501667 0.199333 0.996667
157 85.970000 0.488333 0.129333 0.530000
524 86.076000 0.506667 0.102667 0.320000
213 86.172000 0.490000 0.104000 0.513333
548 86.294667 0.506667 0.154667 0.513333
669 86.412333 0.508333 0.100667 0.356667
88 86.551333 0.506667 0.190667 0.953333
238 86.696667 0.496667 0.120000 0.466667
500 86.785000 0.488333 0.070000 0.330000
34 86.868667 0.506667 0.117333 0.446667
272 87.010667 0.506667 0.182667 0.533333
360 87.158000 0.500000 0.132000 0.366667
873 87.264333 0.491667 0.100667 0.483333
116 87.382333 0.490000 0.154000 0.453333
77 87.520333 0.493333 0.142000 0.353333
756 87.643000 0.491667 0.118000 0.356667
35 87.744667 0.498333 0.104000 0.343333
732 87.823333 0.501667 0.068000 0.343333
731 87.884333 0.488333 0.067333 0.343333
413 87.970333 0.496667 0.119333 0.486667
62 88.056667 0.505000 0.070667 0.330000
718 88.167667 0.493333 0.170000 0.513333
75 88.324000 0.498333 0.156000 0.490000
133 88.451000 0.501667 0.118000 0.370000
871 88.527667 0.510000 0.051333 0.246667
434 88.598000 0.493333 0.106667 0.366667
614 88.722000 0.508333 0.154667 0.403333
265 88.845333 0.505000 0.106667 0.410000
459 88.929000 0.506667 0.074000 0.380000
79 89.068333 0.488333 0.223333 1.116667
322 89.221000 0.496667 0.095333 0.173333
775 89.292333 0.501667 0.067333 0.310000
383 89.375000 0.498333 0.116667 0.336667
828 89.470667 0.510000 0.090667 0.440000
522 89.570000 0.488333 0.124000 0.383333
684 89.667000 0.495000 0.084667 0.283333
637 89.728667 0.495000 0.054667 0.276667
518 89.807333 0.508333 0.117333 0.396667
437 89.895667 0.503333 0.078000 0.386667
449 89.959667 0.498333 0.068667 0.370000
585 90.078000 0.503333 0.181333 0.906667
460 90.198000 0.503333 0.078667 0.440000
52 90.280667 0.506667 0.105333 0.373333
852 90.374667 0.510000 0.102667 0.440000
502 90.465000 0.490000 0.091333 0.400000
189 90.548000 0.495000 0.090667 0.430000
800 90.639333 0.495000 0.106667 0.396667
380 90.751333 0.490000 0.130667 0.353333
584 90.861000 0.508333 0.106000 0.343333
568 90.955333 0.495000 0.102667 0.516667
87 91.104333 0.498333 0.210000 1.050000
186 91.259333 0.491667 0.120000 0.610000
908 91.358667 0.503333 0.098667 0.353333
884 91.472667 0.505000 0.149333 0.536667
832 91.583667 0.491667 0.091333 0.376667
582 91.680000 0.503333 0.116000 0.453333
271 91.802333 0.505000 0.143333 0.443333
164 91.929000 0.488333 0.128667 0.456667
72 92.060667 0.490000 0.154667 0.773333
314 92.187333 0.490000 0.112000 0.440000
206 92.283333 0.495000 0.100000 0.410000
779 92.347000 0.495000 0.043333 0.410000
210 92.413000 0.510000 0.104667 0.433333
989 92.475000 0.506667 0.036667 0.280000
544 92.540000 0.495000 0.109333 0.390000
741 92.643333 0.506667 0.114667 0.386667
64 92.725667 0.505000 0.067333 0.343333
218 92.804333 0.510000 0.104667 0.420000
734 92.941000 0.501667 0.184667 0.496667
913 93.096000 0.510000 0.141333 0.426667
898 93.213667 0.498333 0.110000 0.310000
200 93.303000 0.500000 0.087333 0.440000
887 93.396333 0.508333 0.115333 0.363333
162 93.495667 0.506667 0.099333 0.346667
693 93.590667 0.491667 0.104000 0.510000
947 93.653000 0.491667 0.038000 0.283333
981 93.684667 0.505000 0.041333 0.316667
667 93.755000 0.493333 0.114000 0.366667
20 93.858667 0.490000 0.113333 0.366667
129 93.959667 0.506667 0.108667 0.406667
765 94.042000 0.501667 0.076000 0.370000
168 94.138333 0.510000 0.130000 0.486667
237 94.239000 0.501667 0.087333 0.596667
581 94.316333 0.495000 0.082000 0.383333
760 94.438333 0.505000 0.175333 0.876667
975 94.533000 0.506667 0.031333 0.253333
323 94.643000 0.488333 0.203333 1.016667
560 94.805333 0.496667 0.140000 0.433333
744 94.933333 0.491667 0.129333 0.530000
63 95.043000 0.493333 0.103333 0.373333
356 95.149667 0.500000 0.128667 0.380000
423 95.261333 0.508333 0.113333 0.403333
881 95.385000 0.488333 0.147333 0.496667
209 95.498333 0.490000 0.098000 0.460000
111 95.591333 0.501667 0.105333 0.456667
187 95.682667 0.510000 0.092000 0.373333
38 95.770333 0.510000 0.099333 0.346667
491 95.857000 0.491667 0.091333 0.450000
895 95.954333 0.493333 0.120667 0.380000
329 96.101000 0.491667 0.186000 0.676667
740 96.258333 0.496667 0.143333 0.326667
221 96.374000 0.510000 0.102667 0.500000
811 96.489667 0.503333 0.146000 0.506667
135 96.612667 0.501667 0.116000 0.430000
165 96.729333 0.493333 0.133333 0.480000
293 96.832667 0.496667 0.090667 0.380000
436 96.937333 0.490000 0.136000 0.366667
703 97.067333 0.496667 0.137333 0.506667
862 97.164333 0.488333 0.075333 0.330000
797 97.238000 0.505000 0.090667 0.363333
944 97.299667 0.506667 0.046000 0.340000
531 97.406000 0.496667 0.181333 0.500000
786 97.528000 0.501667 0.080000 0.496667
677 97.609000 0.505000 0.098000 0.363333
820 97.703333 0.496667 0.105333 0.440000
653 97.810000 0.493333 0.128000 0.413333
681 97.883000 0.505000 0.035333 0.330000
971 97.910667 0.493333 0.037333 0.280000
388 97.989333 0.510000 0.138667 0.420000
287 98.096667 0.503333 0.094667 0.346667
636 98.197333 0.498333 0.122667 0.276667
332 98.388333 0.490000 0.272667 0.620000
328 98.607667 0.488333 0.180667 0.903333
964 98.708667 0.490000 0.041333 0.333333
173 98.766667 0.498333 0.093333 0.423333
499 98.832000 0.506667 0.050667 0.306667
999 98.873000 0.490000 0.044667 0.340000
1017 98.910333 0.508333 0.047333 0.370000
859 98.998000 0.488333 0.142667 0.416667
29 99.117667 0.500000 0.114000 0.320000
903 99.222333 0.495000 0.110000 0.316667
120 99.361333 0.510000 0.184000 0.920000
963 99.462667 0.495000 0.038667 0.290000
812 99.537000 0.506667 0.130000 0.433333
745 99.648000 0.488333 0.108000 0.436667
764 99.728000 0.491667 0.068000 0.323333
104 99.841667 0.503333 0.178000 0.380000
541 100.009000 0.491667 0.174000 0.870000
281 100.155333 0.506667 0.137333 0.466667
247 100.270667 0.500000 0.110667 0.440000
638 100.364667 0.490000 0.093333 0.380000
475 100.438667 0.493333 0.073333 0.440000
6 100.514000 0.495000 0.090667 0.370000
139 100.581000 0.506667 0.060667 0.346667
945 100.621000 0.501667 0.036667 0.276667
368 100.740000 0.510000 0.217333 1.086667
645 100.877000 0.510000 0.075333 0.340000
207 100.952333 0.505000 0.092667 0.456667
736 101.021333 0.501667 0.062667 0.350000
806 101.124667 0.493333 0.157333 0.393333
311 101.247000 0.503333 0.104667 0.460000
30 101.368000 0.498333 0.156000 0.456667
940 101.458000 0.488333 0.037333 0.290000
506 101.487667 0.501667 0.040667 0.416667
251 101.527333 0.491667 0.057333 0.336667
399 101.603000 0.498333 0.112667 0.370000
1008 101.667000 0.508333 0.034000 0.256667
810 101.729000 0.501667 0.107333 0.450000
511 101.831667 0.508333 0.116667 0.370000
411 101.982667 0.498333 0.200000 0.383333
547 102.114000 0.510000 0.080000 0.453333
320 102.217000 0.496667 0.144667 0.420000
1022 102.304000 0.510000 0.044000 0.353333
198 102.369000 0.493333 0.106000 0.426667
872 102.485333 0.500000 0.145333 0.400000
978 102.574667 0.491667 0.046667 0.363333
879 102.649667 0.510000 0.122000 0.346667
874 102.748333 0.506667 0.090000 0.440000
113 102.834333 0.498333 0.098000 0.490000
867 102.935333 0.503333 0.117333 0.393333
991 103.009333 0.496667 0.046667 0.340000
188 103.072667 0.496667 0.100000 0.413333
193 103.165333 0.493333 0.098667 0.433333
792 103.268000 0.498333 0.126667 0.523333
171 103.413667 0.495000 0.178000 0.890000
