560 0.103000 0.508333 0.199333 0.996667
891 0.222333 0.488333 0.056667 0.276667
788 0.344667 0.500000 0.205333 0.553333
30 0.492667 0.493333 0.106667 0.313333
802 0.610000 0.490000 0.145333 0.300000
950 0.697667 0.503333 0.046000 0.360000
926 0.731333 0.501667 0.034667 0.263333
53 0.781000 0.510000 0.083333 0.293333
893 0.912333 0.491667 0.194000 0.970000
480 1.028667 0.488333 0.058667 0.303333
761 1.108000 0.496667 0.120000 0.353333
89 1.270667 0.510000 0.220000 0.473333
40 1.432000 0.501667 0.117333 0.403333
791 1.522000 0.488333 0.080000 0.483333
1012 1.574000 0.488333 0.041333 0.316667
796 1.672333 0.501667 0.170000 0.850000
202 1.797667 0.490000 0.099333 0.380000
597 1.896333 0.505000 0.112667 0.336667
388 2.008000 0.493333 0.126667 0.360000
113 2.104000 0.496667 0.078667 0.360000
676 2.179000 0.495000 0.088667 0.290000
652 2.304667 0.488333 0.177333 0.603333
628 2.467667 0.508333 0.164667 0.823333
36 2.591333 0.496667 0.097333 0.333333
487 2.666000 0.500000 0.066667 0.340000
24 2.752667 0.508333 0.121333 0.410000
151 2.844667 0.490000 0.080000 0.413333
198 2.939333 0.505000 0.128000 0.516667
618 3.026667 0.490000 0.060000 0.386667
495 3.081333 0.488333 0.069333 0.370000
251 3.141000 0.506667 0.068667 0.386667
660 3.225000 0.493333 0.119333 0.433333
917 3.299667 0.503333 0.048667 0.353333
258 3.369333 0.510000 0.106667 0.360000
239 3.513333 0.496667 0.194667 0.973333
419 3.639333 0.508333 0.073333 0.356667
430 3.711667 0.493333 0.088667 0.373333
152 3.778000 0.500000 0.062667 0.300000
454 3.839000 0.488333 0.074000 0.383333
243 3.953000 0.488333 0.168667 0.563333
927 4.049000 0.491667 0.040667 0.303333
1006 4.079000 0.496667 0.032667 0.273333
394 4.201000 0.498333 0.231333 1.156667
871 4.331667 0.498333 0.050000 0.263333
214 4.407333 0.493333 0.117333 0.486667
231 4.502667 0.501667 0.093333 0.463333
474 4.574667 0.508333 0.065333 0.350000
763 4.623333 0.490000 0.046667 0.366667
750 4.685000 0.506667 0.096667 0.360000
135 4.791667 0.506667 0.130000 0.446667
851 4.894000 0.498333 0.089333 0.390000
569 4.987667 0.496667 0.111333 0.446667
599 5.093000 0.495000 0.118000 0.363333
503 5.223667 0.491667 0.158000 0.443333
286 5.338333 0.503333 0.090000 0.326667
700 5.441667 0.496667 0.135333 0.533333
768 5.542667 0.488333 0.080000 0.243333
283 5.622667 0.503333 0.098667 0.360000
47 5.715333 0.508333 0.100000 0.483333
227 5.811000 0.488333 0.111333 0.483333
908 5.913333 0.505000 0.108000 0.390000
321 6.010000 0.505000 0.102667 0.423333
740 6.121667 0.496667 0.134000 0.306667
804 6.248667 0.506667 0.136000 0.386667
862 6.354000 0.496667 0.088000 0.393333
161 6.455667 0.510000 0.128667 0.446667
911 6.567000 0.500000 0.108667 0.433333
68 6.669333 0.488333 0.116000 0.330000
461 6.757667 0.506667 0.080667 0.420000
50 6.856000 0.508333 0.129333 0.430000
373 6.970000 0.503333 0.114667 0.320000
491 7.066000 0.493333 0.097333 0.473333
191 7.154333 0.495000 0.092667 0.376667
881 7.246667 0.510000 0.105333 0.353333
434 7.344667 0.508333 0.105333 0.363333
533 7.458667 0.488333 0.136000 0.463333
284 7.579000 0.505000 0.119333 0.423333
830 7.682333 0.495000 0.103333 0.430000
1000 7.747333 0.490000 0.040000 0.306667
530 7.805667 0.500000 0.094000 0.466667
313 7.896333 0.510000 0.107333 0.413333
200 8.007000 0.495000 0.127333 0.523333
233 8.118000 0.510000 0.112000 0.566667
155 8.214333 0.498333 0.099333 0.576667
196 8.304667 0.498333 0.097333 0.450000
0 8.368000 0.500000 0.049333 0.400000
492 8.414333 0.501667 0.060667 0.316667
514 8.486333 0.505000 0.099333 0.316667
170 8.575333 0.496667 0.098667 0.366667
312 8.663667 0.508333 0.096667 0.350000
58 8.730000 0.501667 0.049333 0.236667
271 8.841333 0.505000 0.193333 0.643333
333 8.992333 0.488333 0.127333 0.310000
780 9.122667 0.508333 0.148000 0.476667
949 9.211333 0.506667 0.042667 0.326667
695 9.330667 0.496667 0.216000 1.080000
78 9.535333 0.493333 0.212000 0.500000
888 9.686667 0.506667 0.109333 0.340000
934 9.755333 0.490000 0.048000 0.353333
324 9.839000 0.506667 0.135333 0.660000
825 9.951667 0.490000 0.106000 0.493333
197 10.041667 0.500000 0.087333 0.366667
955 10.101000 0.496667 0.046000 0.360000
428 10.161333 0.503333 0.089333 0.593333
391 10.262333 0.496667 0.128667 0.373333
210 10.372333 0.488333 0.110000 0.556667
348 10.493333 0.495000 0.150667 0.436667
494 10.602333 0.493333 0.086000 0.460000
666 10.680333 0.500000 0.088667 0.333333
642 10.753667 0.496667 0.075333 0.293333
904 10.824000 0.495000 0.081333 0.390000
556 10.908667 0.495000 0.105333 0.443333
957 10.980000 0.490000 0.050667 0.373333
244 11.062667 0.491667 0.134667 0.363333
1022 11.141667 0.500000 0.036667 0.286667
520 11.208000 0.496667 0.116000 0.373333
1005 11.281667 0.490000 0.044667 0.340000
794 11.335333 0.493333 0.078667 0.473333
980 11.383667 0.493333 0.038000 0.280000
52 11.445667 0.508333 0.099333 0.356667
158 11.596667 0.506667 0.221333 1.106667
7 11.763000 0.490000 0.128667 0.406667
359 11.929333 0.490000 0.218667 1.093333
875 12.120333 0.501667 0.179333 0.463333
828 12.245333 0.493333 0.084000 0.366667
439 12.330667 0.505000 0.100000 0.396667
582 12.481333 0.506667 0.220000 1.100000
588 12.627333 0.500000 0.085333 0.380000
475 12.696000 0.510000 0.070667 0.420000
947 12.741333 0.501667 0.038667 0.296667
873 12.798333 0.495000 0.088667 0.390000
936 12.853667 0.503333 0.035333 0.273333
248 12.906333 0.490000 0.088667 0.480000
41 13.000000 0.496667 0.117333 0.326667
402 13.131333 0.496667 0.161333 0.413333
87 13.292333 0.495000 0.178000 0.890000
142 13.415000 0.491667 0.080667 0.416667
994 13.466667 0.495000 0.038667 0.316667
469 13.504667 0.510000 0.053333 0.313333
824 13.564000 0.488333 0.082667 0.383333
457 13.625333 0.488333 0.057333 0.343333
163 13.709333 0.490000 0.125333 0.473333
636 13.814000 0.491667 0.102667 0.223333
544 13.903333 0.490000 0.094667 0.340000
743 13.994333 0.506667 0.104667 0.440000
107 14.121667 0.505000 0.170000 0.850000
305 14.235667 0.491667 0.072667 0.410000
1013 14.285667 0.503333 0.040667 0.313333
874 14.333667 0.510000 0.072667 0.340000
276 14.391667 0.501667 0.056667 0.356667
5 14.457667 0.510000 0.092667 0.433333
637 14.526000 0.496667 0.057333 0.293333
604 14.605667 0.495000 0.116667 0.343333
909 14.695333 0.508333 0.077333 0.336667
782 14.771667 0.496667 0.092667 0.446667
892 14.891333 0.501667 0.164000 0.470000
787 14.991667 0.506667 0.056667 0.353333
497 15.090333 0.500000 0.159333 0.413333
449 15.195333 0.498333 0.065333 0.390000
645 15.257333 0.493333 0.074667 0.333333
226 15.338333 0.510000 0.104667 0.526667
291 15.451000 0.496667 0.138000 0.520000
83 15.548667 0.506667 0.076000 0.373333
570 15.620333 0.495000 0.087333 0.363333
858 15.721667 0.493333 0.128667 0.446667
204 15.824000 0.505000 0.094667 0.376667
845 15.906333 0.508333 0.084667 0.403333
571 15.985333 0.495000 0.092000 0.383333
316 16.083667 0.491667 0.124667 0.450000
290 16.197667 0.501667 0.123333 0.383333
669 16.305000 0.506667 0.106000 0.360000
146 16.389333 0.495000 0.076000 0.370000
709 16.522000 0.493333 0.205333 1.026667
827 16.662000 0.500000 0.092000 0.433333
559 16.745000 0.505000 0.091333 0.450000
623 16.851000 0.500000 0.140667 0.466667
704 16.975000 0.496667 0.126000 0.453333
923 17.049333 0.505000 0.036000 0.296667
518 17.109333 0.501667 0.097333 0.316667
484 17.196000 0.496667 0.093333 0.340000
861 17.253667 0.490000 0.042000 0.333333
323 17.377333 0.498333 0.221333 0.476667
436 17.530333 0.490000 0.103333 0.286667
382 17.638000 0.500000 0.126667 0.373333
101 17.800000 0.508333 0.213333 0.456667
256 17.957667 0.510000 0.119333 0.453333
28 18.058333 0.510000 0.100667 0.380000
754 18.170000 0.505000 0.138667 0.676667
377 18.291667 0.500000 0.120667 0.340000
584 18.402333 0.505000 0.115333 0.350000
337 18.570333 0.496667 0.235333 0.613333
343 18.751667 0.500000 0.146000 0.466667
380 18.886667 0.500000 0.138667 0.413333
261 19.013667 0.503333 0.130000 0.600000
355 19.145000 0.490000 0.147333 0.386667
144 19.254667 0.498333 0.089333 0.403333
185 19.334000 0.505000 0.085333 0.423333
410 19.422000 0.503333 0.104000 0.500000
971 19.487667 0.496667 0.042000 0.326667
857 19.588333 0.498333 0.179333 0.896667
404 19.727333 0.491667 0.113333 0.570000
25 19.835333 0.498333 0.122667 0.456667
701 19.963000 0.506667 0.147333 0.453333
931 20.046333 0.491667 0.036667 0.290000
880 20.100333 0.495000 0.090000 0.310000
9 20.187667 0.510000 0.099333 0.406667
922 20.245000 0.498333 0.034000 0.263333
650 20.323333 0.508333 0.141333 0.456667
6 20.438333 0.505000 0.106000 0.410000
54 20.521333 0.496667 0.078667 0.406667
531 20.635333 0.496667 0.169333 0.386667
958 20.727333 0.490000 0.030667 0.253333
460 20.769333 0.510000 0.068000 0.340000
616 20.872333 0.493333 0.158000 0.386667
368 21.020333 0.510000 0.152667 0.433333
765 21.134333 0.508333 0.088667 0.416667
606 21.232000 0.501667 0.122667 0.376667
631 21.373333 0.498333 0.177333 0.590000
613 21.526667 0.493333 0.148000 0.373333
12 21.642000 0.505000 0.102667 0.343333
989 21.704000 0.508333 0.034667 0.270000
760 21.783000 0.505000 0.139333 0.396667
963 21.861000 0.500000 0.036667 0.286667
1008 21.888333 0.501667 0.038000 0.310000
354 21.973000 0.495000 0.150000 0.436667
784 22.071000 0.496667 0.063333 0.520000
849 22.152000 0.500000 0.114667 0.473333
962 22.218333 0.491667 0.038000 0.290000
365 22.295000 0.508333 0.134000 0.370000
799 22.407667 0.498333 0.110000 0.396667
450 22.489000 0.500000 0.072667 0.380000
906 22.587333 0.490000 0.142667 0.393333
292 22.722333 0.488333 0.142000 0.570000
175 22.843667 0.503333 0.120667 0.433333
812 22.955333 0.506667 0.122667 0.286667
863 23.053000 0.510000 0.086000 0.413333
537 23.244000 0.495000 0.314667 0.563333
703 23.443667 0.493333 0.103333 0.386667
982 23.507000 0.491667 0.036667 0.283333
132 23.551000 0.496667 0.067333 0.293333
240 23.605667 0.490000 0.062000 0.300000
361 23.739000 0.508333 0.222000 1.110000
262 23.888333 0.506667 0.094000 0.486667
912 23.978667 0.505000 0.105333 0.443333
190 24.074333 0.498333 0.106000 0.476667
358 24.183000 0.506667 0.131333 0.360000
714 24.336667 0.493333 0.194667 0.620000
114 24.465667 0.498333 0.082000 0.403333
75 24.581667 0.506667 0.167333 0.520000
579 24.752667 0.508333 0.189333 0.410000
188 24.883333 0.500000 0.088000 0.446667
872 24.985000 0.498333 0.135333 0.370000
525 25.101667 0.491667 0.116667 0.370000
815 25.221333 0.495000 0.141333 0.436667
600 25.353333 0.510000 0.140000 0.426667
823 25.457667 0.495000 0.087333 0.403333
576 25.542333 0.493333 0.096667 0.386667
468 25.614667 0.498333 0.066667 0.343333
770 25.734333 0.491667 0.190000 0.950000
542 25.875333 0.495000 0.110667 0.443333
620 25.992333 0.488333 0.138000 0.596667
150 26.111000 0.493333 0.114000 0.466667
878 26.201333 0.498333 0.084000 0.423333
890 26.296333 0.505000 0.126000 0.516667
847 26.414667 0.496667 0.126667 0.386667
907 26.529333 0.506667 0.118667 0.393333
697 26.609000 0.505000 0.056667 0.283333
179 26.708000 0.500000 0.157333 0.786667
842 26.840333 0.491667 0.123333 0.550000
171 26.944667 0.496667 0.098667 0.346667
746 27.055000 0.503333 0.135333 0.386667
98 27.196333 0.501667 0.160667 0.343333
902 27.365667 0.495000 0.196667 0.983333
635 27.505667 0.506667 0.098000 0.433333
415 27.639667 0.488333 0.187333 0.936667
64 27.754000 0.503333 0.060000 0.320000
245 27.803333 0.488333 0.058667 0.263333
162 27.911667 0.495000 0.172667 0.863333
698 28.021000 0.488333 0.062000 0.323333
905 28.128000 0.503333 0.166667 0.533333
583 28.235667 0.493333 0.064667 0.360000
837 28.309000 0.488333 0.102000 0.423333
1016 28.375000 0.498333 0.044667 0.356667
884 28.459333 0.508333 0.138667 0.510000
821 28.570667 0.488333 0.097333 0.610000
106 28.693000 0.498333 0.163333 0.816667
472 28.802000 0.490000 0.070667 0.400000
897 28.886000 0.491667 0.110667 0.296667
1020 28.954667 0.508333 0.044000 0.323333
920 29.020000 0.501667 0.100000 0.363333
523 29.120333 0.496667 0.120667 0.380000
792 29.233333 0.506667 0.122667 0.506667
389 29.370000 0.500000 0.169333 0.846667
187 29.504667 0.503333 0.114667 0.580000
405 29.604000 0.506667 0.102667 0.400000
443 29.681333 0.491667 0.068000 0.376667
254 29.762000 0.503333 0.112000 0.426667
459 29.847667 0.501667 0.074000 0.383333
644 29.924667 0.495000 0.094667 0.450000
775 30.006333 0.488333 0.088667 0.443333
638 30.099000 0.488333 0.111333 0.436667
786 30.179000 0.508333 0.066000 0.410000
299 30.259667 0.508333 0.110000 0.416667
859 30.370333 0.510000 0.126000 0.373333
260 30.532333 0.508333 0.216667 1.083333
347 30.749000 0.491667 0.230000 1.150000
935 30.877667 0.496667 0.046000 0.353333
967 30.913000 0.496667 0.040667 0.320000
481 30.959000 0.510000 0.067333 0.353333
945 31.008000 0.500000 0.045333 0.346667
779 31.042333 0.498333 0.036667 0.356667
131 31.106667 0.495000 0.108000 0.416667
941 31.169333 0.505000 0.033333 0.256667
496 31.228333 0.488333 0.098000 0.403333
978 31.285333 0.506667 0.034667 0.266667
294 31.381333 0.493333 0.176000 0.880000
672 31.520333 0.495000 0.122000 0.423333
662 31.622667 0.496667 0.096000 0.326667
149 31.741333 0.500000 0.154667 0.773333
99 31.910667 0.490000 0.201333 1.006667
785 32.040000 0.488333 0.074667 0.316667
342 32.109667 0.496667 0.080667 0.346667
671 32.200667 0.508333 0.114667 0.383333
167 32.314333 0.493333 0.126000 0.466667
551 32.421000 0.498333 0.103333 0.316667
646 32.499333 0.491667 0.072000 0.330000
739 32.554667 0.496667 0.052000 0.446667
127 32.667000 0.498333 0.186000 0.930000
747 32.793667 0.490000 0.087333 0.380000
477 32.870000 0.510000 0.078667 0.406667
301 32.933333 0.505000 0.064000 0.363333
515 33.016333 0.491667 0.116667 0.383333
843 33.124333 0.493333 0.118000 0.486667
568 33.238333 0.498333 0.123333 0.616667
97 33.371667 0.495000 0.163333 0.350000
229 33.508333 0.493333 0.124667 0.520000
653 33.623667 0.490000 0.123333 0.406667
154 33.719333 0.493333 0.085333 0.420000
442 33.785000 0.510000 0.062000 0.366667
255 33.864000 0.493333 0.112000 0.426667
173 33.958333 0.506667 0.096667 0.440000
59 34.094000 0.506667 0.194667 0.973333
826 34.232667 0.505000 0.102667 0.423333
589 34.323000 0.510000 0.098000 0.413333
817 34.416333 0.506667 0.107333 0.280000
829 34.508000 0.503333 0.093333 0.386667
349 34.622333 0.493333 0.155333 0.446667
738 34.726333 0.490000 0.071333 0.340000
596 34.808667 0.510000 0.113333 0.340000
688 34.903667 0.498333 0.095333 0.463333
901 35.019333 0.503333 0.156000 0.406667
314 35.143000 0.495000 0.106000 0.370000
840 35.243667 0.501667 0.110000 0.536667
431 35.343333 0.498333 0.109333 0.396667
420 35.440667 0.503333 0.102667 0.393333
488 35.529333 0.490000 0.090667 0.453333
678 35.623667 0.493333 0.112667 0.426667
1002 35.693000 0.505000 0.042000 0.323333
729 35.719667 0.506667 0.027333 0.386667
898 35.802000 0.503333 0.152000 0.406667
749 35.910000 0.508333 0.077333 0.336667
913 35.993000 0.496667 0.103333 0.313333
308 36.071667 0.506667 0.067333 0.380000
959 36.111667 0.496667 0.032667 0.266667
625 36.206667 0.500000 0.170667 0.573333
610 36.351333 0.503333 0.136000 0.420000
876 36.488333 0.505000 0.151333 0.376667
125 36.616000 0.500000 0.121333 0.513333
710 36.748333 0.505000 0.158000 0.790000
975 36.840667 0.498333 0.041333 0.323333
552 36.872667 0.506667 0.042667 0.286667
193 36.938333 0.496667 0.104667 0.533333
1017 36.999667 0.491667 0.036667 0.296667
122 37.068000 0.496667 0.114667 0.413333
854 37.191333 0.496667 0.148000 0.440000
965 37.274000 0.500000 0.033333 0.253333
550 37.311000 0.488333 0.059333 0.290000
621 37.355667 0.496667 0.048667 0.473333
489 37.403000 0.508333 0.064667 0.330000
835 37.478000 0.508333 0.100000 0.403333
269 37.632667 0.490000 0.224000 1.120000
350 37.848333 0.508333 0.223333 1.116667
723 38.019333 0.503333 0.134667 0.460000
681 38.097667 0.495000 0.038000 0.336667
509 38.165333 0.496667 0.112000 0.353333
573 38.268000 0.505000 0.109333 0.423333
174 38.381000 0.501667 0.131333 0.490000
422 38.484000 0.488333 0.090667 0.330000
655 38.558667 0.500000 0.078667 0.326667
444 38.620000 0.495000 0.061333 0.316667
288 38.706333 0.506667 0.126000 0.480000
281 38.821667 0.505000 0.123333 0.430000
272 38.943000 0.495000 0.138000 0.403333
866 39.083333 0.500000 0.157333 0.426667
371 39.217333 0.500000 0.125333 0.360000
346 39.334667 0.510000 0.129333 0.346667
180 39.442000 0.498333 0.102667 0.370000
984 39.506333 0.498333 0.044667 0.356667
257 39.586000 0.491667 0.132000 0.463333
315 39.710333 0.491667 0.131333 0.510000
889 39.837000 0.501667 0.135333 0.416667
910 39.956000 0.500000 0.120000 0.440000
63 40.067000 0.508333 0.120667 0.436667
124 40.180667 0.491667 0.122667 0.430000
22 40.298333 0.501667 0.131333 0.436667
128 40.440667 0.496667 0.166667 0.833333
856 40.579333 0.503333 0.128000 0.313333
712 40.732333 0.506667 0.198000 0.546667
275 40.854667 0.490000 0.064000 0.400000
438 40.957333 0.506667 0.156000 0.473333
49 41.119667 0.508333 0.188667 0.943333
362 41.270000 0.506667 0.129333 0.346667
479 41.362667 0.510000 0.072000 0.433333
277 41.439333 0.493333 0.094667 0.446667
237 41.517333 0.496667 0.081333 0.593333
209 41.596667 0.501667 0.094667 0.383333
793 41.699333 0.508333 0.128000 0.516667
682 41.814333 0.503333 0.118000 0.446667
998 41.891667 0.508333 0.050000 0.370000
850 41.956000 0.495000 0.096000 0.396667
357 42.064000 0.491667 0.137333 0.370000
624 42.205667 0.508333 0.159333 0.796667
640 42.315333 0.510000 0.080000 0.400000
264 42.397333 0.495000 0.101333 0.390000
870 42.466000 0.510000 0.054667 0.273333
390 42.559000 0.505000 0.147333 0.390000
992 42.641333 0.490000 0.034667 0.280000
451 42.684000 0.490000 0.069333 0.386667
996 42.732000 0.498333 0.044000 0.363333
718 42.850000 0.490000 0.208000 0.520000
1001 42.964333 0.510000 0.039333 0.320000
417 43.028333 0.490000 0.102000 0.493333
401 43.118333 0.508333 0.092667 0.516667
16 43.209000 0.505000 0.104667 0.343333
184 43.317667 0.498333 0.127333 0.523333
46 43.404667 0.503333 0.061333 0.560000
327 43.502000 0.495000 0.146667 0.443333
367 43.626000 0.496667 0.120000 0.340000
39 43.743333 0.491667 0.132000 0.423333
205 43.845667 0.496667 0.087333 0.446667
969 43.902000 0.500000 0.045333 0.360000
280 43.978667 0.501667 0.122667 0.450000
574 44.076000 0.493333 0.085333 0.346667
118 44.162333 0.493333 0.107333 0.406667
990 44.229000 0.490000 0.040667 0.313333
741 44.286333 0.490000 0.087333 0.306667
10 44.369000 0.488333 0.096667 0.330000
452 44.436333 0.490000 0.055333 0.333333
328 44.555667 0.490000 0.202000 0.453333
767 44.720000 0.500000 0.144000 0.413333
527 44.853667 0.505000 0.138000 0.403333
448 44.950000 0.490000 0.068000 0.380000
554 45.046333 0.490000 0.138000 0.373333
968 45.127667 0.493333 0.043333 0.333333
885 45.185000 0.490000 0.087333 0.386667
748 45.266000 0.505000 0.093333 0.343333
235 45.355333 0.508333 0.098667 0.436667
575 45.440667 0.503333 0.088000 0.286667
883 45.590000 0.493333 0.225333 1.126667
721 45.781000 0.488333 0.176667 0.883333
433 45.916333 0.488333 0.112667 0.290000
852 46.023333 0.498333 0.116000 0.510000
534 46.114000 0.498333 0.085333 0.330000
689 46.200000 0.495000 0.100000 0.490000
864 46.302667 0.505000 0.118667 0.470000
953 46.376000 0.503333 0.045333 0.353333
733 46.424667 0.495000 0.066667 0.390000
629 46.522667 0.490000 0.149333 0.500000
538 46.680000 0.493333 0.181333 0.906667
789 46.803000 0.500000 0.079333 0.473333
409 46.890667 0.506667 0.112000 0.560000
96 47.048667 0.498333 0.217333 0.463333
995 47.166333 0.491667 0.034000 0.250000
877 47.219000 0.510000 0.086000 0.426667
282 47.310667 0.493333 0.110667 0.380000
1 47.396667 0.501667 0.081333 0.423333
617 47.485333 0.503333 0.112000 0.493333
335 47.598667 0.503333 0.133333 0.420000
194 47.709333 0.493333 0.105333 0.426667
435 47.782667 0.498333 0.058667 0.270000
940 47.819667 0.510000 0.035333 0.273333
670 47.884667 0.493333 0.112000 0.393333
673 47.993000 0.510000 0.123333 0.460000
801 48.085333 0.503333 0.078667 0.313333
338 48.197667 0.491667 0.163333 0.850000
651 48.356667 0.488333 0.174667 0.590000
585 48.488000 0.510000 0.106667 0.320000
567 48.596667 0.506667 0.130667 0.533333
668 48.714667 0.491667 0.121333 0.410000
326 48.812000 0.503333 0.089333 0.406667
94 48.961000 0.488333 0.222000 1.110000
900 49.133333 0.488333 0.141333 0.390000
42 49.231333 0.501667 0.073333 0.416667
808 49.321333 0.505000 0.126667 0.463333
446 49.407000 0.490000 0.064667 0.326667
1015 49.451667 0.500000 0.038000 0.280000
519 49.512333 0.495000 0.103333 0.336667
80 49.599667 0.498333 0.087333 0.430000
302 49.665000 0.493333 0.060667 0.333333
1014 49.701000 0.495000 0.030000 0.250000
375 49.786667 0.500000 0.156000 0.446667
805 49.937333 0.493333 0.158667 0.473333
219 50.049000 0.496667 0.083333 0.380000
601 50.147333 0.490000 0.132000 0.386667
903 50.267333 0.501667 0.124000 0.336667
563 50.411667 0.500000 0.184667 0.380000
437 50.546667 0.498333 0.102667 0.523333
549 50.644667 0.496667 0.106667 0.366667
14 50.740667 0.501667 0.101333 0.363333
627 50.849333 0.498333 0.134667 0.443333
581 50.956333 0.495000 0.099333 0.423333
595 51.049667 0.493333 0.104667 0.313333
393 51.170333 0.490000 0.151333 0.433333
735 51.302667 0.508333 0.133333 0.536667
508 51.392333 0.491667 0.062000 0.323333
711 51.520667 0.490000 0.209333 0.560000
502 51.662667 0.495000 0.092000 0.410000
626 51.773333 0.510000 0.148000 0.493333
894 51.915667 0.496667 0.156667 0.486667
309 52.020667 0.501667 0.066667 0.376667
564 52.124333 0.506667 0.155333 0.313333
674 52.252667 0.506667 0.117333 0.393333
360 52.372000 0.490000 0.134667 0.413333
218 52.482333 0.505000 0.102000 0.503333
619 52.563667 0.491667 0.076667 0.416667
62 52.640000 0.490000 0.090667 0.440000
592 52.764000 0.496667 0.173333 0.866667
60 52.889667 0.495000 0.094000 0.390000
77 52.981667 0.496667 0.107333 0.266667
548 53.095000 0.490000 0.139333 0.493333
18 53.209333 0.493333 0.106667 0.366667
211 53.302667 0.496667 0.100000 0.506667
384 53.411667 0.510000 0.138000 0.406667
379 53.529000 0.505000 0.115333 0.363333
685 53.631667 0.501667 0.104667 0.403333
774 53.711000 0.498333 0.071333 0.396667
954 53.754333 0.500000 0.032667 0.260000
517 53.810667 0.498333 0.097333 0.323333
376 53.915333 0.506667 0.125333 0.353333
176 54.026667 0.491667 0.110667 0.416667
140 54.179000 0.501667 0.211333 1.056667
800 54.332333 0.503333 0.108667 0.406667
478 54.421667 0.493333 0.084667 0.426667
977 54.477333 0.500000 0.041333 0.346667
453 54.517667 0.493333 0.058000 0.313333
724 54.582333 0.495000 0.084667 0.330000
500 54.652333 0.510000 0.071333 0.320000
21 54.735333 0.503333 0.114667 0.380000
745 54.839000 0.491667 0.107333 0.403333
507 54.910667 0.503333 0.054667 0.326667
279 54.974667 0.496667 0.092000 0.520000
160 55.043000 0.488333 0.058000 0.356667
970 55.080000 0.493333 0.036000 0.260000
485 55.124000 0.491667 0.072000 0.403333
238 55.222000 0.488333 0.141333 0.550000
482 55.320000 0.503333 0.068000 0.406667
467 55.387667 0.495000 0.087333 0.443333
687 55.461333 0.491667 0.080000 0.396667
296 55.536667 0.506667 0.084000 0.306667
440 55.606333 0.490000 0.074000 0.386667
819 55.703333 0.490000 0.134667 0.326667
476 55.790667 0.496667 0.056000 0.313333
899 55.869000 0.491667 0.118000 0.343333
1019 55.942000 0.488333 0.044000 0.336667
546 56.010000 0.488333 0.109333 0.396667
598 56.124333 0.505000 0.136667 0.430000
169 56.234333 0.506667 0.099333 0.353333
558 56.310000 0.490000 0.072000 0.353333
483 56.374667 0.506667 0.070667 0.373333
528 56.461667 0.488333 0.116667 0.376667
242 56.567333 0.508333 0.113333 0.443333
731 56.657667 0.506667 0.087333 0.446667
473 56.729000 0.503333 0.074000 0.440000
663 56.820667 0.500000 0.126667 0.440000
228 56.933667 0.508333 0.119333 0.483333
31 57.063333 0.503333 0.154667 0.460000
896 57.190333 0.501667 0.116667 0.323333
705 57.292000 0.496667 0.101333 0.313333
15 57.385333 0.496667 0.101333 0.353333
32 57.475333 0.493333 0.098667 0.320000
215 57.561000 0.490000 0.087333 0.406667
91 57.714667 0.491667 0.237333 0.503333
838 57.868333 0.506667 0.090000 0.413333
895 57.970000 0.501667 0.126667 0.363333
987 58.041667 0.498333 0.036667 0.303333
136 58.110000 0.503333 0.113333 0.386667
392 58.233333 0.495000 0.153333 0.410000
654 58.404000 0.506667 0.202667 0.440000
997 58.515333 0.491667 0.034667 0.270000
115 58.559333 0.500000 0.068000 0.360000
67 58.681000 0.501667 0.192667 0.963333
213 58.814333 0.500000 0.092667 0.453333
832 58.901000 0.505000 0.094000 0.383333
120 59.053333 0.493333 0.229333 1.146667
29 59.223667 0.505000 0.131333 0.356667
183 59.335667 0.493333 0.106000 0.433333
293 59.434667 0.490000 0.110667 0.426667
356 59.561000 0.498333 0.156667 0.490000
716 59.699667 0.510000 0.138000 0.406667
664 59.817000 0.488333 0.114000 0.363333
266 59.972333 0.498333 0.212667 1.063333
498 60.104667 0.488333 0.069333 0.416667
90 60.234000 0.501667 0.205333 0.436667
611 60.375000 0.491667 0.090000 0.336667
104 60.497667 0.488333 0.170000 0.370000
318 60.623000 0.505000 0.099333 0.430000
330 60.714667 0.495000 0.100000 0.376667
95 60.865000 0.510000 0.216667 0.466667
19 61.017000 0.500000 0.102000 0.360000
634 61.100000 0.510000 0.078667 0.333333
259 61.191000 0.490000 0.118000 0.586667
732 61.273333 0.496667 0.066667 0.320000
403 61.359000 0.506667 0.124667 0.360000
751 61.463667 0.498333 0.104667 0.456667
325 61.585000 0.498333 0.154000 0.550000
707 61.701333 0.496667 0.092000 0.420000
408 61.778333 0.510000 0.080667 0.306667
526 61.878667 0.493333 0.140000 0.366667
147 61.985000 0.496667 0.087333 0.453333
513 62.087000 0.498333 0.136667 0.450000
677 62.201000 0.505000 0.108667 0.363333
73 62.326333 0.498333 0.159333 0.516667
609 62.430000 0.493333 0.066667 0.273333
65 62.502667 0.510000 0.093333 0.240000
524 62.594333 0.495000 0.107333 0.370000
119 62.682667 0.508333 0.085333 0.496667
529 62.772333 0.503333 0.112667 0.460000
412 62.865667 0.491667 0.092667 0.463333
605 62.978000 0.501667 0.149333 0.390000
590 63.099000 0.495000 0.106000 0.403333
943 63.166333 0.508333 0.044667 0.343333
803 63.258000 0.501667 0.157333 0.450000
92 63.443667 0.501667 0.227333 1.136667
341 63.594000 0.506667 0.086667 0.373333
639 63.662333 0.491667 0.067333 0.330000
310 63.721000 0.508333 0.068667 0.383333
289 63.878333 0.491667 0.264667 0.510000
413 64.061333 0.488333 0.118667 0.503333
720 64.221667 0.505000 0.215333 1.076667
287 64.374000 0.493333 0.104000 0.373333
822 64.461333 0.505000 0.088000 0.290000
939 64.515667 0.496667 0.038000 0.300000
27 64.593333 0.510000 0.137333 0.466667
100 64.732333 0.495000 0.159333 0.796667
630 64.894333 0.508333 0.182000 0.610000
110 65.043000 0.493333 0.130000 0.460000
143 65.146333 0.491667 0.092667 0.463333
186 65.234667 0.495000 0.100000 0.503333
614 65.352000 0.490000 0.154667 0.400000
764 65.451667 0.490000 0.062000 0.326667
553 65.527333 0.488333 0.104000 0.356667
206 65.650333 0.501667 0.158000 0.790000
306 65.750333 0.500000 0.058000 0.326667
811 65.843000 0.490000 0.143333 0.513333
102 65.988000 0.490000 0.161333 0.346667
649 66.109667 0.488333 0.102000 0.523333
680 66.207667 0.501667 0.112667 0.410000
511 66.314333 0.508333 0.118000 0.363333
138 66.397333 0.510000 0.068000 0.400000
145 66.479000 0.491667 0.110000 0.483333
134 66.582667 0.488333 0.116000 0.376667
961 66.649333 0.488333 0.036000 0.276667
778 66.715000 0.508333 0.111333 0.703333
249 66.789333 0.501667 0.050667 0.403333
424 66.863000 0.498333 0.115333 0.363333
137 66.937333 0.501667 0.050667 0.303333
758 67.017333 0.501667 0.126667 0.370000
536 67.135000 0.493333 0.123333 0.480000
416 67.242667 0.488333 0.105333 0.503333
319 67.337333 0.491667 0.098667 0.350000
1011 67.397667 0.493333 0.035333 0.280000
667 67.467333 0.491667 0.117333 0.383333
397 67.566667 0.510000 0.098667 0.400000
26 67.667333 0.493333 0.118667 0.400000
771 67.765667 0.510000 0.092667 0.493333
755 67.860667 0.501667 0.117333 0.350000
929 67.934000 0.501667 0.042667 0.336667
225 68.001333 0.493333 0.112000 0.460000
295 68.093333 0.498333 0.085333 0.356667
133 68.183333 0.505000 0.110667 0.396667
762 68.266000 0.500000 0.069333 0.293333
189 68.339000 0.508333 0.095333 0.443333
406 68.425000 0.498333 0.091333 0.350000
111 68.502333 0.493333 0.083333 0.360000
85 68.591667 0.500000 0.112667 0.453333
270 68.731000 0.510000 0.183333 0.560000
123 68.871333 0.506667 0.114667 0.673333
76 68.998667 0.488333 0.157333 0.490000
580 69.139333 0.496667 0.140000 0.366667
178 69.265000 0.491667 0.127333 0.483333
20 69.380333 0.491667 0.122000 0.390000
691 69.484000 0.496667 0.100000 0.493333
221 69.575667 0.495000 0.102000 0.423333
979 69.643667 0.508333 0.048667 0.376667
411 69.742000 0.508333 0.166667 0.330000
665 69.868667 0.491667 0.106667 0.363333
72 70.005000 0.488333 0.182000 0.910000
429 70.130000 0.495000 0.086667 0.290000
466 70.197000 0.495000 0.066000 0.336667
38 70.279000 0.498333 0.111333 0.430000
317 70.390000 0.496667 0.128000 0.473333
230 70.508667 0.508333 0.125333 0.576667
117 70.626667 0.495000 0.129333 0.416667
126 70.738333 0.491667 0.107333 0.370000
810 70.833000 0.493333 0.099333 0.413333
781 70.905667 0.496667 0.060667 0.313333
836 70.975333 0.493333 0.092000 0.380000
304 71.040667 0.506667 0.057333 0.326667
224 71.112333 0.501667 0.102000 0.430000
4 71.208333 0.503333 0.103333 0.433333
541 71.353000 0.500000 0.199333 0.413333
234 71.502333 0.496667 0.116667 0.473333
407 71.596333 0.500000 0.087333 0.333333
855 71.664000 0.500000 0.068000 0.180000
274 71.749000 0.493333 0.119333 0.566667
759 71.860333 0.496667 0.119333 0.340000
521 71.976667 0.498333 0.133333 0.350000
879 72.089000 0.490000 0.111333 0.333333
713 72.240000 0.500000 0.208000 1.040000
679 72.374667 0.495000 0.077333 0.476667
222 72.458333 0.493333 0.108667 0.506667
395 72.587000 0.505000 0.163333 0.483333
181 72.722667 0.488333 0.124000 0.470000
772 72.857000 0.495000 0.160667 0.523333
991 72.944667 0.501667 0.030667 0.256667
694 72.990667 0.496667 0.080000 0.400000
966 73.044667 0.501667 0.042667 0.356667
387 73.138333 0.491667 0.158000 0.436667
370 73.284667 0.500000 0.149333 0.453333
986 73.367667 0.493333 0.036667 0.266667
752 73.407667 0.505000 0.059333 0.163333
177 73.477000 0.508333 0.098000 0.343333
247 73.571667 0.505000 0.104667 0.490000
86 73.657667 0.506667 0.080667 0.353333
490 73.715667 0.498333 0.055333 0.330000
833 73.786667 0.490000 0.106667 0.433333
139 73.864000 0.510000 0.068000 0.373333
675 73.947333 0.490000 0.116000 0.393333
273 74.020667 0.506667 0.046667 0.313333
744 74.149333 0.496667 0.226667 1.133333
172 74.322667 0.508333 0.138667 0.483333
112 74.469333 0.503333 0.168000 0.840000
686 74.587667 0.500000 0.084667 0.413333
795 74.662000 0.498333 0.080000 0.496667
33 74.754333 0.493333 0.123333 0.413333
964 74.829667 0.506667 0.040667 0.326667
807 74.940667 0.493333 0.201333 0.520000
109 75.131667 0.491667 0.196667 0.983333
203 75.261667 0.496667 0.083333 0.426667
250 75.399000 0.498333 0.206000 1.030000
159 75.519667 0.508333 0.048667 0.376667
1021 75.559667 0.493333 0.044667 0.326667
565 75.656000 0.506667 0.166667 0.346667
364 75.799667 0.491667 0.136667 0.316667
93 75.975667 0.493333 0.235333 0.500000
993 76.109000 0.488333 0.047333 0.356667
447 76.164667 0.488333 0.078667 0.403333
35 76.244667 0.491667 0.098667 0.316667
790 76.324000 0.510000 0.080000 0.480000
374 76.417000 0.495000 0.122000 0.376667
201 76.513333 0.503333 0.089333 0.373333
928 76.575667 0.496667 0.050000 0.366667
265 76.665667 0.501667 0.144667 0.556667
696 76.794000 0.495000 0.128000 0.296667
951 76.871000 0.496667 0.039333 0.286667
816 76.944667 0.495000 0.124000 0.423333
332 77.116667 0.495000 0.233333 0.530000
267 77.302667 0.510000 0.153333 0.480000
23 77.466000 0.510000 0.190667 0.953333
706 77.591000 0.505000 0.072667 0.396667
414 77.733000 0.501667 0.231333 1.156667
593 77.925667 0.498333 0.167333 0.490000
683 78.061333 0.510000 0.120000 0.320000
148 78.174333 0.508333 0.122000 0.336667
195 78.276333 0.488333 0.095333 0.396667
344 78.373667 0.510000 0.112667 0.293333
777 78.473667 0.505000 0.104667 0.423333
860 78.628333 0.495000 0.220667 1.103333
868 78.766333 0.493333 0.074000 0.420000
166 78.845333 0.495000 0.102667 0.390000
942 78.908333 0.505000 0.036667 0.276667
320 78.984333 0.493333 0.130000 0.440000
659 79.081333 0.498333 0.084000 0.336667
562 79.207667 0.505000 0.183333 0.383333
512 79.346333 0.508333 0.112667 0.376667
656 79.483000 0.506667 0.174000 0.406667
241 79.599333 0.498333 0.073333 0.403333
602 79.685333 0.508333 0.114667 0.343333
418 79.770667 0.498333 0.076000 0.370000
458 79.831333 0.506667 0.064000 0.380000
757 79.922667 0.503333 0.133333 0.406667
345 80.042000 0.503333 0.124000 0.333333
869 80.128333 0.495000 0.066000 0.410000
615 80.250000 0.510000 0.193333 0.966667
445 80.370000 0.505000 0.066667 0.350000
1023 80.416333 0.491667 0.042000 0.303333
366 80.509000 0.505000 0.163333 0.816667
921 80.616333 0.490000 0.066000 0.386667
918 80.697667 0.508333 0.112667 0.390000
311 80.782000 0.506667 0.074667 0.333333
303 80.841333 0.491667 0.061333 0.343333
882 80.918333 0.505000 0.106000 0.403333
742 81.044333 0.500000 0.166000 0.653333
725 81.191333 0.491667 0.144000 0.610000
130 81.348667 0.498333 0.185333 0.396667
456 81.473333 0.505000 0.078667 0.396667
56 81.542667 0.503333 0.073333 0.100000
153 81.611667 0.501667 0.082000 0.363333
353 81.718667 0.500000 0.148000 0.406667
71 81.812333 0.501667 0.059333 0.310000
88 81.924667 0.506667 0.184000 0.400000
661 82.061667 0.496667 0.108667 0.380000
1018 82.127000 0.501667 0.039333 0.323333
728 82.162667 0.500000 0.052000 0.466667
334 82.260667 0.495000 0.162667 0.496667
263 82.416000 0.506667 0.162667 0.520000
708 82.535000 0.506667 0.095333 0.426667
535 82.660000 0.488333 0.169333 0.376667
937 82.756667 0.501667 0.041333 0.310000
499 82.795333 0.508333 0.049333 0.296667
504 82.886333 0.488333 0.151333 0.430000
603 83.027333 0.508333 0.146667 0.356667
164 83.158667 0.495000 0.132000 0.496667
307 83.256000 0.505000 0.077333 0.430000
831 83.338000 0.488333 0.104000 0.483333
587 83.439000 0.488333 0.118000 0.363333
396 83.571667 0.488333 0.167333 0.836667
769 83.728000 0.506667 0.162667 0.813333
165 83.856667 0.490000 0.114667 0.413333
322 83.948333 0.493333 0.084667 0.100000
168 84.038333 0.500000 0.115333 0.413333
841 84.144667 0.505000 0.110667 0.536667
61 84.242000 0.508333 0.097333 0.483333
547 84.309000 0.498333 0.056667 0.323333
44 84.382667 0.506667 0.106667 0.420000
853 84.468667 0.496667 0.084000 0.386667
3 84.537000 0.488333 0.071333 0.316667
886 84.665000 0.488333 0.198000 0.990000
719 84.836000 0.503333 0.161333 0.420000
925 84.931667 0.496667 0.050000 0.360000
463 84.984333 0.490000 0.070000 0.386667
493 85.053667 0.500000 0.087333 0.413333
717 85.183667 0.505000 0.191333 0.956667
684 85.333000 0.510000 0.127333 0.440000
798 85.435000 0.510000 0.091333 0.340000
17 85.519333 0.501667 0.092000 0.310000
398 85.597000 0.498333 0.083333 0.450000
726 85.676000 0.498333 0.092000 0.490000
702 85.830000 0.493333 0.230667 1.153333
1010 85.954667 0.496667 0.036000 0.293333
217 86.003000 0.506667 0.080667 0.406667
506 86.053667 0.488333 0.038000 0.450000
465 86.091000 0.493333 0.056667 0.333333
285 86.174000 0.498333 0.129333 0.416667
591 86.316333 0.508333 0.168667 0.490000
607 86.453667 0.490000 0.119333 0.366667
232 86.559333 0.503333 0.106667 0.440000
336 86.652667 0.491667 0.097333 0.463333
647 86.730333 0.510000 0.078000 0.386667
298 86.803000 0.488333 0.080667 0.410000
372 86.906000 0.498333 0.140000 0.396667
594 87.029333 0.506667 0.125333 0.380000
730 87.138000 0.508333 0.110667 0.403333
776 87.262000 0.496667 0.150667 0.346667
916 87.425000 0.500000 0.191333 0.386667
914 87.575667 0.488333 0.124667 0.376667
8 87.672333 0.488333 0.086000 0.343333
539 87.734667 0.505000 0.057333 0.276667
783 87.797667 0.500000 0.083333 0.453333
81 87.889667 0.510000 0.120667 0.480000
383 88.022333 0.490000 0.159333 0.426667
268 88.165000 0.495000 0.146000 0.443333
455 88.258000 0.501667 0.053333 0.316667
737 88.302667 0.495000 0.053333 0.390000
983 88.342000 0.505000 0.044000 0.343333
756 88.415667 0.491667 0.118000 0.383333
426 88.500000 0.503333 0.065333 0.380000
540 88.613333 0.490000 0.176000 0.880000
572 88.731667 0.488333 0.076667 0.316667
216 88.824000 0.503333 0.122667 0.540000
363 88.948667 0.508333 0.140000 0.390000
105 89.106667 0.500000 0.189333 0.400000
985 89.210667 0.491667 0.033333 0.270000
464 89.245333 0.505000 0.056000 0.296667
848 89.318333 0.506667 0.104667 0.320000
1009 89.389333 0.503333 0.050667 0.373333
632 89.503667 0.491667 0.192667 0.610000
121 89.601000 0.490000 0.022000 0.400000
471 89.639667 0.490000 0.070000 0.360000
952 89.686000 0.495000 0.037333 0.270000
641 89.730333 0.490000 0.071333 0.340000
820 89.802667 0.495000 0.086667 0.363333
818 89.892667 0.508333 0.108000 0.330000
715 90.040667 0.510000 0.206667 0.560000
385 90.209667 0.506667 0.148667 0.433333
386 90.361667 0.501667 0.174000 0.870000
988 90.459667 0.490000 0.035333 0.266667
157 90.542333 0.505000 0.143333 0.570000
82 90.647333 0.498333 0.081333 0.610000
57 90.707333 0.491667 0.057333 0.356667
43 90.775333 0.500000 0.093333 0.373333
693 90.854333 0.500000 0.083333 0.406667
981 90.905667 0.496667 0.038000 0.320000
369 90.975000 0.508333 0.116667 0.323333
766 91.084667 0.490000 0.121333 0.360000
74 91.213667 0.505000 0.150000 0.470000
867 91.327000 0.508333 0.091333 0.323333
773 91.421000 0.496667 0.112667 0.320000
924 91.496333 0.500000 0.052667 0.380000
1004 91.536333 0.491667 0.046000 0.343333
974 91.569667 0.506667 0.038000 0.273333
55 91.641333 0.488333 0.124000 0.323333
814 91.754000 0.495000 0.114667 0.296667
156 91.887667 0.496667 0.170000 0.453333
66 92.013667 0.496667 0.095333 0.453333
972 92.068333 0.493333 0.034000 0.253333
648 92.123667 0.488333 0.090000 0.410000
566 92.213667 0.498333 0.107333 0.430000
522 92.312333 0.491667 0.110000 0.343333
561 92.434667 0.506667 0.148000 0.320000
727 92.541000 0.501667 0.080667 0.430000
108 92.672333 0.501667 0.196667 0.983333
1003 92.782000 0.493333 0.038667 0.286667
938 92.812000 0.495000 0.034667 0.270000
11 92.866333 0.510000 0.094000 0.353333
915 92.938667 0.501667 0.069333 0.556667
834 93.012667 0.495000 0.093333 0.390000
51 93.105333 0.500000 0.105333 0.366667
381 93.214667 0.500000 0.133333 0.366667
182 93.370333 0.488333 0.191333 0.956667
578 93.507333 0.498333 0.100000 0.390000
37 93.603000 0.493333 0.107333 0.406667
887 93.714667 0.508333 0.134667 0.456667
643 93.836000 0.496667 0.121333 0.426667
252 93.957333 0.498333 0.138667 0.556667
352 94.083667 0.510000 0.131333 0.386667
329 94.237000 0.500000 0.190000 0.666667
421 94.430000 0.500000 0.216000 1.080000
736 94.563000 0.495000 0.067333 0.410000
462 94.619667 0.505000 0.063333 0.370000
470 94.670000 0.506667 0.056000 0.333333
223 94.741333 0.498333 0.104000 0.430000
441 94.822333 0.505000 0.071333 0.396667
622 94.957333 0.503333 0.212000 1.060000
246 95.130000 0.491667 0.150667 0.536667
612 95.265333 0.498333 0.138667 0.370000
253 95.355333 0.501667 0.060000 0.550000
722 95.434667 0.493333 0.116000 0.340000
865 95.545333 0.505000 0.118667 0.423333
486 95.637000 0.501667 0.078000 0.456667
692 95.715667 0.496667 0.092667 0.453333
846 95.796667 0.508333 0.089333 0.370000
586 95.936667 0.493333 0.206667 1.033333
70 96.099667 0.495000 0.134000 0.470000
423 96.262667 0.506667 0.205333 1.026667
212 96.402667 0.496667 0.094667 0.466667
577 96.494333 0.510000 0.103333 0.400000
116 96.608000 0.505000 0.140000 0.423333
956 96.696667 0.506667 0.050667 0.366667
555 96.729667 0.496667 0.031333 0.313333
813 96.788000 0.490000 0.102667 0.366667
658 96.860667 0.498333 0.061333 0.363333
933 96.902667 0.505000 0.037333 0.316667
557 96.958333 0.488333 0.094000 0.643333
34 97.054000 0.490000 0.112000 0.406667
339 97.152333 0.505000 0.103333 0.570000
946 97.220667 0.495000 0.048000 0.370000
297 97.265667 0.510000 0.062000 0.333333
501 97.332667 0.488333 0.092000 0.410000
510 97.428333 0.488333 0.119333 0.370000
199 97.527000 0.491667 0.094000 0.423333
432 97.622667 0.508333 0.112000 0.216667
806 97.749667 0.491667 0.155333 0.776667
208 97.928333 0.508333 0.215333 1.076667
999 98.045667 0.498333 0.036667 0.310000
505 98.088333 0.503333 0.062000 0.260000
633 98.216000 0.496667 0.206667 0.606667
400 98.342333 0.508333 0.059333 0.476667
2 98.404000 0.495000 0.082667 0.416667
331 98.553000 0.505000 0.230000 1.150000
844 98.714333 0.510000 0.107333 0.466667
753 98.836333 0.491667 0.155333 0.543333
48 99.009000 0.501667 0.208667 1.043333
399 99.154000 0.506667 0.097333 0.333333
427 99.241000 0.510000 0.091333 0.426667
236 99.327000 0.505000 0.100667 0.450000
809 99.419333 0.510000 0.102667 0.560000
79 99.559000 0.498333 0.195333 0.976667
84 99.703333 0.500000 0.108000 0.300000
944 99.762333 0.505000 0.030000 0.250000
839 99.821000 0.501667 0.107333 0.470000
207 99.909667 0.490000 0.087333 0.360000
220 99.997000 0.496667 0.102000 0.513333
103 100.134000 0.493333 0.186667 0.933333
1007 100.240667 0.493333 0.041333 0.320000
69 100.296333 0.500000 0.088667 0.480000
960 100.355333 0.503333 0.042667 0.340000
930 100.387667 0.506667 0.038000 0.273333
543 100.485667 0.488333 0.176667 0.590000
13 100.611333 0.500000 0.089333 0.300000
973 100.671667 0.505000 0.048667 0.370000
192 100.744000 0.506667 0.112000 0.466667
545 100.841667 0.503333 0.100667 0.400000
976 100.908000 0.508333 0.046667 0.343333
919 100.961000 0.488333 0.075333 0.330000
932 101.009333 0.510000 0.038667 0.306667
141 101.065000 0.503333 0.088667 0.393333
532 101.152667 0.503333 0.102667 0.526667
516 101.245000 0.490000 0.100667 0.320000
690 101.337000 0.505000 0.102000 0.503333
948 101.394667 0.503333 0.033333 0.266667
129 101.461333 0.506667 0.114667 0.440000
797 101.563333 0.488333 0.102667 0.370000
657 101.647667 0.500000 0.082000 0.326667
300 101.720667 0.490000 0.084000 0.266667
340 101.812333 0.498333 0.115333 0.330000
378 101.920667 0.495000 0.117333 0.323333
699 102.043667 0.500000 0.146000 0.426667
608 102.174000 0.505000 0.128000 0.430000
278 102.288333 0.493333 0.120667 0.360000
45 102.382333 0.503333 0.080667 0.400000
734 102.510333 0.496667 0.195333 0.540000
351 102.665333 0.501667 0.134667 0.363333
425 102.768667 0.498333 0.085333 0.516667
