424 0.075000 0.491667 0.143333 0.456667
855 0.171333 0.508333 0.065333 0.163333
265 0.264333 0.491667 0.140667 0.543333
369 0.397333 0.493333 0.142667 0.426667
926 0.478333 0.500000 0.036667 0.300000
153 0.541000 0.495000 0.102000 0.463333
627 0.669000 0.491667 0.174000 0.576667
371 0.826333 0.503333 0.159333 0.453333
878 0.932667 0.491667 0.072000 0.370000
932 0.976000 0.490000 0.030667 0.260000
428 1.021333 0.498333 0.077333 0.510000
268 1.132333 0.498333 0.164667 0.523333
646 1.243333 0.490000 0.074667 0.313333
433 1.345000 0.490000 0.148667 0.333333
457 1.445333 0.496667 0.066667 0.400000
496 1.530000 0.500000 0.122667 0.506667
179 1.629333 0.501667 0.096000 0.343333
137 1.710667 0.490000 0.082667 0.406667
664 1.802667 0.498333 0.121333 0.463333
269 1.927333 0.488333 0.148000 0.463333
345 2.050333 0.495000 0.112667 0.336667
671 2.148667 0.508333 0.102667 0.376667
292 2.255000 0.508333 0.126000 0.503333
856 2.384000 0.488333 0.149333 0.370000
717 2.542333 0.491667 0.184667 0.923333
297 2.665667 0.495000 0.079333 0.423333
571 2.741000 0.493333 0.090000 0.386667
848 2.846333 0.500000 0.136667 0.466667
147 2.954333 0.498333 0.094000 0.463333
957 3.018000 0.493333 0.046667 0.366667
62 3.083000 0.508333 0.096667 0.443333
563 3.201667 0.503333 0.158000 0.333333
924 3.295667 0.493333 0.043333 0.326667
339 3.347667 0.500000 0.074000 0.373333
338 3.446000 0.498333 0.138667 0.716667
810 3.567000 0.501667 0.120667 0.503333
915 3.664000 0.501667 0.089333 0.716667
586 3.772667 0.500000 0.146667 0.440000
602 3.911000 0.491667 0.143333 0.436667
207 4.020000 0.496667 0.094667 0.480000
136 4.119000 0.496667 0.116667 0.426667
56 4.199333 0.493333 0.058667 0.080000
726 4.260667 0.508333 0.078667 0.416667
595 4.354667 0.495000 0.128000 0.410000
318 4.465000 0.503333 0.106000 0.446667
128 4.625000 0.501667 0.231333 1.156667
337 4.825667 0.488333 0.190000 0.363333
311 4.955667 0.503333 0.086000 0.373333
831 5.034667 0.508333 0.085333 0.410000
776 5.150667 0.498333 0.162667 0.376667
858 5.270667 0.493333 0.092000 0.280000
809 5.353333 0.506667 0.089333 0.473333
574 5.436333 0.508333 0.091333 0.370000
908 5.519667 0.495000 0.094000 0.363333
760 5.610667 0.490000 0.108000 0.313333
299 5.707667 0.495000 0.106000 0.410000
55 5.808667 0.491667 0.109333 0.263333
300 5.892667 0.495000 0.072000 0.230000
89 6.014333 0.506667 0.186000 0.393333
919 6.141000 0.491667 0.082000 0.396667
288 6.238000 0.501667 0.129333 0.483333
695 6.370333 0.510000 0.150000 0.400000
331 6.558667 0.498333 0.245333 0.556667
526 6.745000 0.501667 0.146000 0.390000
388 6.883000 0.510000 0.143333 0.420000
992 6.965333 0.501667 0.037333 0.270000
361 7.030000 0.505000 0.109333 0.290000
293 7.119333 0.490000 0.082667 0.320000
298 7.192667 0.501667 0.084000 0.423333
159 7.242000 0.506667 0.033333 0.266667
257 7.359333 0.506667 0.220000 1.100000
531 7.567000 0.501667 0.208667 0.476667
968 7.682667 0.495000 0.036000 0.263333
749 7.738000 0.506667 0.089333 0.386667
68 7.825333 0.490000 0.100000 0.286667
508 7.911667 0.501667 0.090000 0.463333
517 7.998333 0.495000 0.100667 0.336667
718 8.157000 0.498333 0.230000 1.150000
631 8.350000 0.493333 0.173333 0.866667
102 8.517000 0.505000 0.176667 0.883333
984 8.616000 0.503333 0.034667 0.280000
309 8.658667 0.501667 0.065333 0.370000
45 8.715000 0.501667 0.060667 0.303333
672 8.805667 0.500000 0.135333 0.460000
800 8.926000 0.491667 0.118667 0.430000
621 9.005000 0.500000 0.052667 0.486667
705 9.081333 0.490000 0.113333 0.360000
408 9.179667 0.498333 0.102000 0.390000
905 9.303667 0.491667 0.160667 0.510000
684 9.424333 0.495000 0.098000 0.376667
37 9.519667 0.493333 0.108667 0.406667
955 9.589667 0.505000 0.046000 0.343333
673 9.667000 0.508333 0.122000 0.390000
626 9.808000 0.493333 0.180000 0.613333
161 9.954333 0.490000 0.132667 0.466667
630 10.085000 0.490000 0.143333 0.473333
344 10.227667 0.488333 0.156667 0.490000
226 10.339667 0.493333 0.082000 0.420000
38 10.421333 0.500000 0.094667 0.300000
545 10.515333 0.490000 0.110667 0.446667
240 10.590000 0.510000 0.056000 0.293333
203 10.656000 0.491667 0.093333 0.403333
83 10.740000 0.493333 0.090667 0.433333
205 10.823000 0.506667 0.091333 0.373333
796 10.932000 0.495000 0.141333 0.483333
645 11.029000 0.510000 0.071333 0.326667
399 11.120667 0.501667 0.129333 0.470000
200 11.227667 0.491667 0.099333 0.416667
494 11.308000 0.495000 0.078667 0.350000
65 11.394000 0.488333 0.106667 0.270000
559 11.469333 0.510000 0.064000 0.313333
74 11.565667 0.510000 0.143333 0.440000
597 11.679000 0.500000 0.103333 0.306667
411 11.812333 0.506667 0.179333 0.346667
656 11.980000 0.505000 0.172000 0.470000
756 12.116667 0.503333 0.116000 0.373333
491 12.214333 0.505000 0.098000 0.476667
135 12.308333 0.501667 0.104667 0.356667
488 12.388667 0.495000 0.072000 0.356667
289 12.539000 0.491667 0.243333 0.490000
843 12.712667 0.491667 0.121333 0.510000
710 12.857333 0.510000 0.188000 0.466667
132 12.992333 0.501667 0.095333 0.396667
567 13.109333 0.490000 0.156000 0.780000
650 13.252000 0.495000 0.148000 0.483333
828 13.375667 0.496667 0.116667 0.573333
899 13.483000 0.495000 0.111333 0.290000
30 13.610333 0.505000 0.158000 0.476667
66 13.748333 0.510000 0.131333 0.633333
510 13.911333 0.510000 0.214667 1.073333
930 14.027667 0.500000 0.038000 0.313333
64 14.076333 0.493333 0.078000 0.420000
204 14.147333 0.501667 0.081333 0.410000
675 14.237000 0.496667 0.116667 0.373333
198 14.364333 0.505000 0.156667 0.783333
470 14.467333 0.493333 0.069333 0.353333
991 14.510667 0.498333 0.036000 0.303333
103 14.632333 0.508333 0.227333 1.136667
39 14.793667 0.501667 0.108667 0.350000
1020 14.863333 0.493333 0.045333 0.346667
366 14.941000 0.488333 0.123333 0.376667
911 15.054667 0.496667 0.122667 0.446667
168 15.174333 0.508333 0.132667 0.463333
962 15.250667 0.490000 0.034667 0.253333
162 15.307000 0.491667 0.095333 0.336667
890 15.389333 0.506667 0.085333 0.406667
107 15.525667 0.503333 0.207333 0.440000
692 15.672000 0.510000 0.100000 0.486667
662 15.765333 0.506667 0.101333 0.380000
186 15.863000 0.503333 0.112667 0.460000
303 15.941000 0.491667 0.060667 0.336667
76 16.024000 0.506667 0.120000 0.373333
50 16.129667 0.491667 0.110000 0.316667
859 16.245333 0.490000 0.136000 0.406667
1016 16.326333 0.490000 0.043333 0.313333
296 16.392333 0.501667 0.102000 0.403333
537 16.562333 0.491667 0.252667 0.396667
879 16.755667 0.500000 0.151333 0.440000
845 16.878667 0.501667 0.114667 0.476667
678 16.977667 0.491667 0.096667 0.343333
333 17.082000 0.488333 0.132000 0.310000
823 17.186333 0.488333 0.091333 0.430000
451 17.250667 0.491667 0.054667 0.310000
202 17.333333 0.498333 0.129333 0.563333
670 17.437333 0.490000 0.092000 0.293333
952 17.494667 0.498333 0.038667 0.316667
73 17.587000 0.498333 0.159333 0.496667
228 17.712000 0.501667 0.106667 0.430000
835 17.810333 0.498333 0.108667 0.416667
379 17.921333 0.510000 0.126667 0.340000
909 18.017333 0.506667 0.081333 0.386667
227 18.106333 0.495000 0.114000 0.570000
22 18.204667 0.490000 0.101333 0.340000
838 18.298000 0.498333 0.101333 0.423333
172 18.399333 0.493333 0.121333 0.466667
1012 18.471667 0.503333 0.042000 0.320000
308 18.512000 0.488333 0.057333 0.323333
465 18.568667 0.505000 0.074667 0.390000
659 18.634000 0.500000 0.069333 0.280000
382 18.718667 0.501667 0.120000 0.323333
26 18.840333 0.496667 0.136667 0.466667
166 18.964667 0.500000 0.130667 0.506667
880 19.067333 0.488333 0.089333 0.290000
363 19.167333 0.508333 0.126667 0.403333
940 19.242333 0.506667 0.039333 0.306667
612 19.341667 0.503333 0.172667 0.473333
797 19.467667 0.506667 0.096667 0.386667
808 19.563000 0.506667 0.111333 0.400000
730 19.677000 0.503333 0.135333 0.486667
829 19.789000 0.498333 0.104667 0.463333
106 19.920333 0.488333 0.175333 0.876667
505 20.029667 0.498333 0.063333 0.263333
341 20.095333 0.506667 0.085333 0.366667
250 20.228667 0.506667 0.194667 0.973333
446 20.354000 0.495000 0.069333 0.356667
415 20.471333 0.506667 0.180000 0.900000
63 20.610333 0.503333 0.118000 0.413333
234 20.705333 0.501667 0.086667 0.410000
245 20.782000 0.503333 0.081333 0.326667
15 20.873000 0.491667 0.116667 0.383333
995 20.941000 0.506667 0.036667 0.280000
306 20.978333 0.501667 0.055333 0.310000
436 21.052333 0.490000 0.107333 0.293333
654 21.223000 0.501667 0.248667 0.543333
635 21.378333 0.500000 0.080667 0.333333
580 21.485000 0.498333 0.150000 0.350000
178 21.616667 0.490000 0.126667 0.486667
538 21.773000 0.503333 0.202000 0.466667
88 21.949333 0.510000 0.168000 0.840000
812 22.091000 0.503333 0.135333 0.433333
596 22.213667 0.495000 0.124667 0.376667
728 22.296000 0.491667 0.057333 0.516667
652 22.395667 0.505000 0.156667 0.783333
1006 22.483667 0.503333 0.038000 0.286667
773 22.559667 0.506667 0.130000 0.406667
41 22.668333 0.505000 0.107333 0.296667
948 22.733000 0.488333 0.042000 0.330000
864 22.809333 0.488333 0.126667 0.503333
894 22.943667 0.508333 0.162000 0.810000
887 23.123000 0.495000 0.211333 1.056667
568 23.280000 0.490000 0.122667 0.613333
549 23.384333 0.506667 0.102000 0.346667
475 23.468667 0.490000 0.084000 0.440000
794 23.543667 0.500000 0.079333 0.473333
529 23.625000 0.491667 0.103333 0.410000
450 23.700000 0.510000 0.062667 0.373333
359 23.818333 0.498333 0.192667 0.963333
320 23.965333 0.496667 0.116000 0.353333
969 24.030333 0.500000 0.031333 0.260000
753 24.105333 0.491667 0.133333 0.436667
194 24.217667 0.496667 0.108667 0.546667
437 24.316000 0.510000 0.102667 0.473333
761 24.428667 0.491667 0.137333 0.416667
551 24.547333 0.506667 0.118667 0.360000
335 24.670333 0.495000 0.142000 0.450000
816 24.793667 0.496667 0.119333 0.406667
354 24.903667 0.508333 0.115333 0.316667
923 24.977667 0.496667 0.047333 0.346667
518 25.052000 0.506667 0.116000 0.366667
29 25.180333 0.500000 0.156667 0.453333
1023 25.273667 0.501667 0.044667 0.336667
920 25.336333 0.495000 0.094000 0.350000
649 25.412000 0.498333 0.076000 0.416667
588 25.492333 0.505000 0.103333 0.443333
893 25.622333 0.491667 0.174000 0.536667
167 25.750000 0.503333 0.101333 0.386667
617 25.849333 0.503333 0.113333 0.446667
970 25.918667 0.498333 0.038667 0.310000
540 26.029333 0.503333 0.196000 0.980000
87 26.233000 0.505000 0.226000 1.130000
294 26.431667 0.506667 0.188667 0.300000
694 26.562333 0.510000 0.091333 0.446667
637 26.638333 0.498333 0.074000 0.376667
833 26.725333 0.505000 0.116000 0.523333
542 26.829000 0.488333 0.110000 0.396667
188 26.916000 0.500000 0.081333 0.386667
387 27.006667 0.488333 0.120000 0.350000
183 27.115667 0.500000 0.116667 0.540000
615 27.224667 0.490000 0.121333 0.533333
313 27.336000 0.508333 0.120000 0.450000
255 27.468000 0.496667 0.164000 0.620000
272 27.613667 0.508333 0.144667 0.410000
484 27.733667 0.493333 0.110000 0.393333
736 27.813667 0.488333 0.068667 0.376667
77 27.901667 0.501667 0.127333 0.316667
101 28.048000 0.496667 0.178667 0.893333
284 28.182333 0.510000 0.103333 0.373333
805 28.335333 0.493333 0.218667 1.093333
633 28.529333 0.510000 0.188000 0.940000
826 28.658333 0.500000 0.084667 0.420000
405 28.734667 0.510000 0.085333 0.333333
401 28.819000 0.490000 0.102000 0.520000
229 28.915333 0.500000 0.108000 0.433333
112 29.031000 0.500000 0.136667 0.453333
504 29.153000 0.508333 0.120667 0.356667
206 29.248333 0.491667 0.090000 0.396667
93 29.399000 0.508333 0.228667 0.490000
554 29.596000 0.503333 0.178667 0.893333
560 29.771333 0.493333 0.188000 0.573333
1022 29.881667 0.508333 0.050000 0.376667
870 29.926000 0.488333 0.056000 0.256667
572 29.989667 0.501667 0.091333 0.390000
1021 30.042333 0.496667 0.034000 0.266667
988 30.078000 0.501667 0.052000 0.376667
3 30.146000 0.503333 0.100000 0.426667
384 30.257000 0.496667 0.140667 0.386667
317 30.369000 0.510000 0.096667 0.380000
699 30.488333 0.508333 0.162000 0.443333
506 30.581000 0.505000 0.040667 0.443333
725 30.649000 0.490000 0.114000 0.486667
86 30.737000 0.510000 0.079333 0.346667
674 30.825667 0.496667 0.116667 0.380000
515 30.925333 0.503333 0.096000 0.300000
238 31.024333 0.493333 0.122000 0.480000
873 31.119000 0.493333 0.083333 0.366667
400 31.175333 0.505000 0.049333 0.450000
714 31.261333 0.503333 0.140000 0.433333
561 31.401333 0.488333 0.154667 0.376667
959 31.486667 0.500000 0.036000 0.286667
815 31.557000 0.496667 0.124667 0.286667
502 31.656000 0.501667 0.089333 0.423333
302 31.731333 0.495000 0.080000 0.450000
67 31.893000 0.493333 0.263333 0.660000
377 32.119333 0.490000 0.206667 1.033333
385 32.287333 0.498333 0.149333 0.443333
398 32.397667 0.508333 0.087333 0.463333
390 32.489333 0.488333 0.110667 0.343333
601 32.584667 0.505000 0.098667 0.296667
676 32.675000 0.506667 0.102000 0.353333
956 32.739333 0.500000 0.046667 0.340000
90 32.855667 0.491667 0.199333 0.996667
854 33.029333 0.510000 0.162667 0.473333
481 33.130333 0.505000 0.056667 0.336667
755 33.225333 0.488333 0.150667 0.436667
657 33.338333 0.496667 0.090000 0.373333
608 33.424667 0.503333 0.096000 0.346667
69 33.521667 0.506667 0.114000 0.560000
402 33.643667 0.495000 0.144667 0.370000
482 33.737667 0.505000 0.056667 0.330000
260 33.872333 0.508333 0.226000 1.130000
620 34.089667 0.491667 0.223333 1.116667
438 34.308333 0.498333 0.231333 1.156667
524 34.478000 0.501667 0.125333 0.396667
643 34.585667 0.501667 0.104667 0.376667
358 34.716667 0.506667 0.174667 0.873333
985 34.816333 0.505000 0.038000 0.276667
108 34.934667 0.500000 0.214667 0.453333
723 35.095000 0.488333 0.126000 0.436667
441 35.189333 0.505000 0.076000 0.450000
679 35.258000 0.490000 0.076000 0.466667
307 35.320667 0.493333 0.064000 0.353333
875 35.429333 0.501667 0.169333 0.443333
520 35.556000 0.498333 0.098667 0.316667
140 35.654333 0.501667 0.114000 0.616667
97 35.805667 0.508333 0.202000 0.423333
806 36.001000 0.491667 0.208667 1.043333
771 36.137333 0.495000 0.077333 0.410000
342 36.208000 0.500000 0.080000 0.366667
115 36.276000 0.490000 0.072000 0.406667
259 36.368333 0.493333 0.126000 0.626667
197 36.464333 0.500000 0.084667 0.393333
785 36.536333 0.493333 0.074000 0.320000
611 36.615000 0.503333 0.098000 0.393333
886 36.754333 0.491667 0.200667 1.003333
990 36.866333 0.505000 0.040667 0.323333
410 36.929667 0.495000 0.103333 0.463333
150 37.025333 0.510000 0.108000 0.420000
780 37.139000 0.496667 0.135333 0.406667
114 37.244000 0.495000 0.090667 0.450000
274 37.342000 0.508333 0.121333 0.590000
500 37.438000 0.495000 0.089333 0.396667
391 37.530000 0.506667 0.114667 0.360000
497 37.651333 0.503333 0.142667 0.366667
10 37.753667 0.491667 0.082000 0.296667
157 37.864333 0.503333 0.156667 0.620000
319 37.988333 0.508333 0.106000 0.383333
803 38.117000 0.506667 0.166000 0.486667
901 38.266000 0.510000 0.152000 0.433333
334 38.407667 0.503333 0.150000 0.500000
378 38.531000 0.498333 0.115333 0.356667
254 38.637000 0.505000 0.111333 0.423333
449 38.718333 0.493333 0.066000 0.353333
27 38.817000 0.491667 0.148667 0.503333
700 38.935000 0.495000 0.103333 0.416667
903 39.037000 0.493333 0.119333 0.360000
362 39.161000 0.506667 0.147333 0.406667
763 39.260333 0.496667 0.068667 0.453333
1010 39.301667 0.508333 0.032667 0.256667
698 39.345333 0.501667 0.073333 0.383333
1005 39.392667 0.501667 0.038667 0.290000
604 39.454667 0.490000 0.100000 0.300000
4 39.535333 0.503333 0.077333 0.320000
36 39.632333 0.510000 0.136667 0.446667
592 39.779000 0.508333 0.170000 0.850000
963 39.878667 0.501667 0.042667 0.356667
419 39.938000 0.503333 0.089333 0.433333
84 40.023333 0.506667 0.096000 0.266667
770 40.165667 0.498333 0.206000 1.030000
708 40.323667 0.503333 0.123333 0.500000
523 40.425333 0.505000 0.094667 0.296667
562 40.538000 0.505000 0.145333 0.316667
731 40.641333 0.488333 0.076000 0.383333
13 40.727000 0.491667 0.111333 0.363333
701 40.841667 0.495000 0.132667 0.390000
9 40.950333 0.506667 0.098000 0.433333
209 41.089667 0.491667 0.195333 0.976667
536 41.281333 0.496667 0.205333 1.026667
395 41.444333 0.498333 0.140667 0.410000
972 41.530000 0.496667 0.050667 0.366667
514 41.596667 0.498333 0.098667 0.330000
750 41.689000 0.496667 0.100667 0.373333
581 41.771000 0.491667 0.076667 0.363333
939 41.822000 0.491667 0.042667 0.343333
853 41.880667 0.493333 0.090667 0.400000
325 42.020000 0.493333 0.204000 1.020000
71 42.151333 0.498333 0.072000 0.383333
233 42.231333 0.493333 0.104000 0.466667
623 42.374000 0.496667 0.194667 0.633333
539 42.501667 0.493333 0.080667 0.353333
619 42.580000 0.488333 0.093333 0.510000
201 42.678000 0.490000 0.116000 0.473333
976 42.746667 0.508333 0.041333 0.303333
666 42.818000 0.508333 0.114667 0.376667
860 42.971000 0.488333 0.211333 1.056667
896 43.139333 0.506667 0.138667 0.406667
827 43.248333 0.498333 0.094000 0.430000
477 43.322000 0.505000 0.066667 0.350000
739 43.382333 0.501667 0.072667 0.563333
466 43.440333 0.503333 0.059333 0.353333
669 43.524333 0.488333 0.123333 0.416667
126 43.630333 0.508333 0.107333 0.356667
49 43.767667 0.495000 0.187333 0.936667
483 43.888333 0.496667 0.068667 0.413333
971 43.937667 0.500000 0.050000 0.380000
898 44.022000 0.490000 0.134667 0.373333
533 44.136667 0.506667 0.113333 0.406667
994 44.206333 0.505000 0.040667 0.323333
346 44.296333 0.501667 0.155333 0.776667
768 44.409667 0.498333 0.091333 0.196667
947 44.467333 0.490000 0.041333 0.333333
813 44.543000 0.488333 0.123333 0.330000
256 44.656000 0.503333 0.122667 0.413333
8 44.771000 0.506667 0.123333 0.453333
792 44.876000 0.501667 0.105333 0.430000
804 44.987333 0.498333 0.130667 0.376667
613 45.109333 0.495000 0.132000 0.376667
570 45.205667 0.491667 0.078000 0.323333
463 45.269333 0.488333 0.068000 0.383333
647 45.326333 0.493333 0.066000 0.333333
782 45.405667 0.501667 0.106000 0.496667
432 45.511000 0.501667 0.119333 0.236667
57 45.586333 0.505000 0.046000 0.230000
1009 45.620667 0.508333 0.036000 0.290000
573 45.675667 0.510000 0.092667 0.386667
600 45.766667 0.490000 0.109333 0.326667
328 45.908667 0.505000 0.194667 0.516667
374 46.056000 0.498333 0.114667 0.323333
211 46.202667 0.493333 0.193333 0.966667
702 46.397667 0.501667 0.215333 1.076667
900 46.566000 0.496667 0.141333 0.406667
535 46.714000 0.495000 0.170667 0.423333
472 46.818667 0.496667 0.057333 0.340000
1004 46.864000 0.508333 0.050667 0.376667
724 46.919333 0.496667 0.077333 0.480000
447 46.979667 0.506667 0.059333 0.313333
416 47.041333 0.508333 0.081333 0.390000
85 47.117333 0.500000 0.088000 0.340000
569 47.197000 0.488333 0.088667 0.356667
949 47.257333 0.503333 0.046667 0.353333
412 47.326667 0.510000 0.108000 0.540000
754 47.439667 0.508333 0.136667 0.663333
131 47.554667 0.493333 0.112000 0.440000
605 47.684000 0.501667 0.161333 0.416667
456 47.791667 0.498333 0.068667 0.350000
340 47.875000 0.505000 0.118000 0.350000
975 47.947333 0.498333 0.041333 0.343333
978 47.983333 0.505000 0.048000 0.370000
802 48.076333 0.496667 0.152667 0.340000
225 48.233333 0.496667 0.176000 0.880000
691 48.359000 0.495000 0.090000 0.443333
603 48.499667 0.495000 0.211333 1.056667
360 48.665667 0.498333 0.140667 0.436667
323 48.828333 0.501667 0.200667 0.396667
246 48.994000 0.490000 0.150667 0.533333
423 49.137333 0.488333 0.149333 0.470000
781 49.245667 0.500000 0.082000 0.426667
116 49.350667 0.508333 0.142667 0.436667
453 49.448667 0.505000 0.068000 0.376667
943 49.493667 0.495000 0.036667 0.290000
583 49.537667 0.491667 0.064667 0.403333
516 49.633333 0.491667 0.140000 0.463333
525 49.743333 0.498333 0.094667 0.303333
688 49.823333 0.501667 0.084000 0.410000
479 49.890667 0.496667 0.066667 0.340000
236 49.960667 0.495000 0.088000 0.443333
556 50.043000 0.493333 0.094000 0.393333
912 50.120333 0.510000 0.078000 0.313333
532 50.206667 0.493333 0.110667 0.560000
119 50.298333 0.495000 0.092667 0.550000
778 50.374333 0.490000 0.078000 0.500000
185 50.466667 0.491667 0.120000 0.483333
94 50.626000 0.490000 0.214667 1.073333
235 50.775667 0.501667 0.100667 0.410000
356 50.877333 0.508333 0.120000 0.330000
5 50.966667 0.491667 0.074667 0.350000
406 51.052000 0.505000 0.113333 0.436667
640 51.141667 0.498333 0.084667 0.423333
98 51.283667 0.488333 0.212667 0.456667
440 51.413000 0.506667 0.062000 0.320000
290 51.509333 0.501667 0.148000 0.416667
241 51.613000 0.488333 0.078000 0.436667
904 51.685667 0.490000 0.080667 0.433333
942 51.735000 0.506667 0.032667 0.253333
315 51.809667 0.503333 0.134000 0.493333
651 51.965667 0.505000 0.194000 0.970000
18 52.112333 0.510000 0.115333 0.400000
648 52.207333 0.491667 0.092000 0.423333
263 52.335333 0.506667 0.180000 0.573333
224 52.476667 0.508333 0.118667 0.536667
895 52.600000 0.503333 0.144000 0.413333
593 52.746333 0.495000 0.166000 0.476667
146 52.861667 0.501667 0.083333 0.443333
276 52.932000 0.496667 0.074667 0.420000
314 53.010333 0.501667 0.099333 0.396667
95 53.159000 0.488333 0.215333 0.456667
165 53.324000 0.503333 0.130667 0.473333
965 53.401667 0.505000 0.038000 0.290000
174 53.524667 0.500000 0.222667 1.113333
936 53.651333 0.488333 0.044000 0.343333
751 53.711667 0.508333 0.096667 0.423333
687 53.790333 0.491667 0.079333 0.390000
145 53.869667 0.501667 0.096667 0.430000
721 53.981667 0.503333 0.142000 0.386667
149 54.132667 0.500000 0.180000 0.900000
917 54.237000 0.490000 0.048667 0.346667
169 54.316333 0.506667 0.126000 0.446667
945 54.397000 0.495000 0.050000 0.376667
704 54.468333 0.506667 0.107333 0.360000
798 54.562667 0.488333 0.097333 0.363333
60 54.638000 0.488333 0.073333 0.310000
696 54.725000 0.488333 0.119333 0.276667
849 54.819667 0.505000 0.088667 0.363333
681 54.877000 0.501667 0.043333 0.370000
279 54.946333 0.490000 0.114000 0.633333
740 55.063000 0.508333 0.138000 0.316667
43 55.183333 0.490000 0.117333 0.466667
133 55.293667 0.505000 0.116667 0.396667
934 55.361333 0.500000 0.034667 0.280000
618 55.406667 0.506667 0.070667 0.440000
543 55.512000 0.495000 0.158667 0.490000
439 55.629000 0.495000 0.088667 0.363333
534 55.715333 0.501667 0.101333 0.396667
862 55.791333 0.496667 0.068000 0.333333
420 55.867667 0.505000 0.099333 0.363333
343 55.986333 0.500000 0.151333 0.426667
720 56.148333 0.498333 0.190000 0.590000
1008 56.255000 0.508333 0.042000 0.330000
215 56.321667 0.500000 0.111333 0.540000
443 56.410333 0.500000 0.083333 0.420000
585 56.508000 0.506667 0.129333 0.413333
189 56.618667 0.498333 0.112000 0.463333
104 56.745000 0.495000 0.160667 0.803333
787 56.853000 0.508333 0.071333 0.423333
368 56.959000 0.501667 0.160667 0.423333
762 57.067333 0.505000 0.076000 0.316667
501 57.133000 0.506667 0.075333 0.360000
850 57.210000 0.498333 0.096000 0.390000
512 57.312667 0.495000 0.129333 0.416667
448 57.405000 0.490000 0.074000 0.380000
176 57.480333 0.496667 0.095333 0.346667
287 57.565000 0.491667 0.092667 0.336667
719 57.709667 0.505000 0.216667 1.083333
594 57.877000 0.505000 0.138000 0.416667
1003 57.958000 0.498333 0.040000 0.296667
882 58.025667 0.510000 0.111333 0.433333
822 58.134000 0.501667 0.124000 0.423333
757 58.263000 0.508333 0.148667 0.430000
825 58.377000 0.493333 0.099333 0.413333
14 58.469667 0.491667 0.100667 0.356667
916 58.618000 0.503333 0.213333 1.066667
422 58.755333 0.491667 0.081333 0.296667
799 58.834333 0.506667 0.092667 0.373333
243 58.964333 0.495000 0.180667 0.603333
624 59.119333 0.506667 0.142667 0.480000
784 59.211333 0.506667 0.054667 0.433333
847 59.281667 0.506667 0.099333 0.333333
474 59.358333 0.490000 0.070000 0.420000
190 59.428333 0.501667 0.090000 0.430000
357 59.538667 0.490000 0.149333 0.406667
464 59.638333 0.510000 0.063333 0.340000
861 59.683333 0.488333 0.040000 0.310000
196 59.748000 0.493333 0.102667 0.520000
707 59.846667 0.491667 0.113333 0.470000
266 59.980333 0.505000 0.172667 0.863333
507 60.088667 0.500000 0.057333 0.300000
578 60.154667 0.500000 0.089333 0.346667
19 60.251000 0.506667 0.118000 0.413333
973 60.324000 0.498333 0.044000 0.316667
248 60.384667 0.510000 0.093333 0.473333
582 60.481667 0.491667 0.114000 0.436667
232 60.575333 0.493333 0.086667 0.360000
867 60.674000 0.508333 0.125333 0.430000
522 60.785333 0.500000 0.114667 0.380000
998 60.852000 0.508333 0.032000 0.256667
124 60.916333 0.510000 0.112667 0.406667
1007 60.992333 0.498333 0.052667 0.376667
767 61.065000 0.493333 0.110000 0.313333
928 61.138000 0.488333 0.049333 0.363333
927 61.172000 0.490000 0.037333 0.286667
852 61.225333 0.501667 0.089333 0.416667
577 61.319667 0.495000 0.112667 0.443333
285 61.418000 0.493333 0.102667 0.333333
431 61.514333 0.495000 0.104667 0.376667
634 61.599667 0.508333 0.079333 0.336667
541 61.712333 0.495000 0.162000 0.810000
31 61.889000 0.505000 0.206000 1.030000
499 62.008333 0.493333 0.051333 0.313333
267 62.110667 0.495000 0.172000 0.570000
661 62.251333 0.508333 0.129333 0.423333
795 62.348333 0.503333 0.082000 0.506667
286 62.427000 0.496667 0.094000 0.340000
521 62.538000 0.508333 0.142667 0.370000
667 62.653667 0.496667 0.102000 0.340000
863 62.737333 0.491667 0.085333 0.410000
414 62.875667 0.501667 0.204667 1.023333
689 63.012667 0.493333 0.088000 0.433333
519 63.100000 0.498333 0.105333 0.336667
1002 63.167000 0.496667 0.044667 0.346667
251 63.213667 0.490000 0.063333 0.360000
434 63.300000 0.505000 0.128000 0.436667
872 63.411333 0.503333 0.113333 0.320000
244 63.532667 0.498333 0.145333 0.403333
817 63.672333 0.505000 0.150000 0.396667
824 63.794667 0.493333 0.109333 0.500000
270 63.923333 0.506667 0.164000 0.820000
550 64.037333 0.496667 0.084000 0.420000
370 64.130667 0.495000 0.117333 0.330000
277 64.218667 0.508333 0.076000 0.343333
480 64.284333 0.506667 0.072667 0.413333
158 64.411667 0.498333 0.195333 0.976667
444 64.539000 0.496667 0.076667 0.413333
752 64.598000 0.510000 0.058667 0.153333
364 64.717667 0.495000 0.196667 0.983333
918 64.873000 0.495000 0.127333 0.470000
187 64.984000 0.491667 0.110667 0.556667
59 65.116333 0.505000 0.171333 0.856667
138 65.232333 0.508333 0.075333 0.430000
759 65.330333 0.503333 0.136667 0.400000
336 65.452667 0.491667 0.121333 0.576667
17 65.558667 0.498333 0.108000 0.363333
889 65.688667 0.500000 0.169333 0.846667
680 65.831333 0.491667 0.129333 0.443333
729 65.898000 0.506667 0.021333 0.300000
552 65.935000 0.506667 0.067333 0.420000
598 66.017333 0.495000 0.112000 0.343333
807 66.145667 0.495000 0.159333 0.796667
253 66.239667 0.501667 0.044667 0.456667
744 66.345000 0.501667 0.179333 0.896667
389 66.499667 0.510000 0.146000 0.440000
53 66.612000 0.488333 0.092000 0.323333
774 66.689333 0.488333 0.078667 0.403333
193 66.776667 0.496667 0.109333 0.453333
142 66.866667 0.500000 0.084000 0.440000
397 66.944333 0.495000 0.087333 0.370000
614 67.075667 0.508333 0.188667 0.943333
639 67.198000 0.510000 0.070667 0.346667
986 67.242333 0.495000 0.036667 0.283333
950 67.271000 0.496667 0.040667 0.313333
195 67.348667 0.506667 0.133333 0.540000
712 67.490667 0.498333 0.164000 0.416667
685 67.619000 0.491667 0.108667 0.443333
616 67.731667 0.495000 0.130000 0.316667
907 67.855333 0.501667 0.133333 0.450000
25 67.966667 0.490000 0.106667 0.366667
413 68.076333 0.510000 0.130000 0.520000
974 68.152333 0.491667 0.038000 0.296667
312 68.223000 0.508333 0.116667 0.423333
421 68.339667 0.501667 0.132667 0.390000
42 68.434000 0.490000 0.076000 0.426667
764 68.503667 0.498333 0.076667 0.356667
977 68.552000 0.506667 0.033333 0.273333
350 68.625000 0.500000 0.128667 0.360000
61 68.722667 0.503333 0.080000 0.400000
527 68.818333 0.510000 0.128667 0.373333
79 68.976333 0.488333 0.206000 0.363333
937 69.092667 0.508333 0.041333 0.330000
892 69.178667 0.488333 0.149333 0.443333
467 69.284667 0.491667 0.077333 0.390000
396 69.370667 0.508333 0.112000 0.356667
660 69.470333 0.488333 0.106000 0.350000
982 69.535333 0.498333 0.037333 0.296667
876 69.634667 0.500000 0.174667 0.873333
793 69.757667 0.490000 0.087333 0.353333
628 69.906667 0.496667 0.224000 1.120000
100 70.090667 0.500000 0.162667 0.813333
997 70.177667 0.506667 0.031333 0.260000
758 70.256333 0.503333 0.146000 0.426667
349 70.397667 0.510000 0.156667 0.480000
801 70.515333 0.493333 0.092000 0.340000
844 70.611333 0.495000 0.120000 0.590000
979 70.676667 0.506667 0.029333 0.240000
121 70.693333 0.510000 0.020000 0.346667
375 70.776000 0.493333 0.158667 0.793333
352 70.905000 0.500000 0.119333 0.346667
716 71.066333 0.508333 0.219333 1.096667
365 71.233667 0.498333 0.131333 0.390000
884 71.341667 0.501667 0.103333 0.363333
252 71.474000 0.490000 0.180000 0.900000
283 71.613000 0.491667 0.118000 0.396667
6 71.710667 0.495000 0.094667 0.356667
213 71.804000 0.508333 0.110667 0.490000
642 71.905333 0.510000 0.108000 0.420000
216 72.001333 0.491667 0.102667 0.516667
324 72.101000 0.500000 0.116667 0.566667
127 72.209333 0.490000 0.117333 0.386667
558 72.293000 0.506667 0.064667 0.320000
791 72.349333 0.503333 0.062667 0.373333
316 72.423333 0.508333 0.098667 0.356667
429 72.507667 0.498333 0.087333 0.296667
469 72.572000 0.500000 0.056000 0.300000
237 72.634333 0.488333 0.086000 0.630000
913 72.727000 0.488333 0.118000 0.363333
814 72.828000 0.498333 0.102667 0.343333
846 72.910333 0.506667 0.082000 0.406667
638 72.985333 0.493333 0.082667 0.326667
75 73.102000 0.505000 0.169333 0.536667
442 73.210333 0.491667 0.060667 0.336667
47 73.291333 0.503333 0.116000 0.546667
458 73.373667 0.498333 0.066000 0.363333
996 73.420333 0.510000 0.047333 0.353333
590 73.509000 0.508333 0.148667 0.556667
663 73.635333 0.490000 0.118667 0.413333
1 73.724667 0.495000 0.077333 0.390000
105 73.850667 0.493333 0.192000 0.406667
636 73.991333 0.505000 0.105333 0.243333
769 74.111333 0.498333 0.148000 0.423333
454 74.212333 0.503333 0.067333 0.346667
92 74.357333 0.501667 0.241333 0.503333
576 74.521000 0.495000 0.102000 0.396667
120 74.657000 0.510000 0.190000 0.493333
170 74.802333 0.493333 0.116667 0.433333
301 74.880000 0.498333 0.056000 0.316667
51 74.948000 0.505000 0.098667 0.336667
273 75.013000 0.503333 0.050000 0.320000
380 75.090000 0.488333 0.118667 0.323333
78 75.230000 0.493333 0.174667 0.393333
964 75.329000 0.491667 0.036667 0.276667
373 75.396667 0.503333 0.118667 0.320000
1017 75.464667 0.503333 0.034667 0.293333
129 75.528000 0.493333 0.109333 0.400000
304 75.604333 0.490000 0.062000 0.346667
772 75.708333 0.491667 0.164667 0.530000
455 75.820667 0.510000 0.076000 0.440000
732 75.888000 0.506667 0.076000 0.393333
91 75.999667 0.501667 0.162000 0.350000
530 76.114667 0.503333 0.084000 0.386667
733 76.186000 0.495000 0.072000 0.416667
715 76.293000 0.495000 0.160667 0.803333
231 76.411000 0.503333 0.092667 0.386667
191 76.493333 0.508333 0.088000 0.443333
473 76.572000 0.500000 0.084000 0.433333
367 76.664667 0.501667 0.118667 0.343333
734 76.788000 0.503333 0.146667 0.400000
70 76.931000 0.503333 0.152667 0.553333
921 77.034333 0.500000 0.070000 0.413333
591 77.145333 0.505000 0.169333 0.503333
1018 77.237667 0.491667 0.034000 0.270000
12 77.296333 0.506667 0.102000 0.360000
1000 77.358000 0.503333 0.036000 0.273333
99 77.457667 0.508333 0.178000 0.890000
821 77.584667 0.505000 0.089333 0.650000
394 77.674667 0.506667 0.106667 0.326667
546 77.772667 0.490000 0.108000 0.440000
513 77.883333 0.488333 0.126667 0.416667
82 77.970333 0.493333 0.062000 0.453333
80 78.036333 0.493333 0.084667 0.400000
958 78.093667 0.498333 0.050000 0.363333
888 78.205667 0.488333 0.188667 0.943333
690 78.339333 0.493333 0.098667 0.486667
839 78.423667 0.500000 0.090000 0.386667
462 78.505333 0.510000 0.089333 0.460000
407 78.590333 0.493333 0.099333 0.386667
946 78.656667 0.491667 0.046667 0.336667
658 78.710667 0.488333 0.074667 0.410000
665 78.786667 0.498333 0.094667 0.323333
305 78.858000 0.510000 0.065333 0.366667
130 78.963333 0.490000 0.158667 0.793333
722 79.109667 0.495000 0.148667 0.430000
430 79.226000 0.500000 0.100000 0.426667
219 79.345667 0.491667 0.159333 0.796667
148 79.485333 0.510000 0.138667 0.380000
584 79.621667 0.510000 0.148667 0.413333
184 79.749667 0.490000 0.124667 0.513333
713 79.880667 0.510000 0.154667 0.486667
125 80.000000 0.495000 0.098667 0.456667
557 80.085667 0.495000 0.091333 0.623333
746 80.197000 0.493333 0.147333 0.526667
476 80.297667 0.508333 0.068667 0.370000
818 80.377000 0.503333 0.104667 0.286667
151 80.458000 0.500000 0.073333 0.353333
528 80.549000 0.510000 0.124667 0.446667
606 80.660667 0.491667 0.117333 0.343333
910 80.764000 0.491667 0.105333 0.376667
445 80.850333 0.496667 0.082000 0.420000
653 80.996000 0.506667 0.229333 1.146667
109 81.203000 0.498333 0.199333 0.996667
625 81.398333 0.501667 0.207333 1.036667
478 81.528667 0.503333 0.069333 0.360000
0 81.579000 0.490000 0.051333 0.400000
164 81.643000 0.505000 0.095333 0.363333
735 81.748667 0.498333 0.134667 0.556667
212 81.859000 0.510000 0.100667 0.413333
607 81.968333 0.505000 0.132667 0.396667
175 82.082000 0.498333 0.108000 0.390000
329 82.227333 0.503333 0.198667 0.993333
495 82.360667 0.491667 0.084000 0.383333
868 82.430000 0.503333 0.073333 0.420000
1015 82.479667 0.490000 0.039333 0.300000
609 82.521000 0.495000 0.060667 0.250000
783 82.593000 0.498333 0.098000 0.536667
953 82.655333 0.508333 0.041333 0.330000
468 82.702333 0.493333 0.067333 0.346667
711 82.821667 0.488333 0.188667 0.943333
35 82.970000 0.510000 0.126667 0.433333
218 83.079667 0.500000 0.112667 0.473333
33 83.181333 0.505000 0.108000 0.343333
493 83.268667 0.503333 0.085333 0.386667
425 83.339667 0.498333 0.074000 0.430000
885 83.415000 0.506667 0.094000 0.446667
111 83.494667 0.500000 0.084000 0.360000
999 83.549000 0.496667 0.043333 0.313333
247 83.608000 0.508333 0.089333 0.350000
706 83.686000 0.491667 0.081333 0.410000
820 83.763333 0.503333 0.088000 0.373333
980 83.818333 0.505000 0.035333 0.256667
310 83.871000 0.505000 0.083333 0.463333
857 83.993000 0.488333 0.175333 0.390000
40 84.125000 0.488333 0.104667 0.350000
180 84.236000 0.508333 0.133333 0.476667
2 84.329000 0.508333 0.072667 0.376667
877 84.394667 0.506667 0.078667 0.400000
110 84.486000 0.506667 0.117333 0.426667
353 84.590333 0.498333 0.108667 0.296667
622 84.736000 0.500000 0.196000 0.980000
865 84.883667 0.503333 0.118000 0.393333
1019 84.957333 0.490000 0.042667 0.353333
511 85.025333 0.508333 0.110667 0.363333
548 85.147333 0.508333 0.152000 0.563333
271 85.319333 0.506667 0.206667 1.033333
44 85.463333 0.505000 0.101333 0.403333
489 85.541333 0.510000 0.074667 0.433333
177 85.619333 0.491667 0.101333 0.390000
686 85.697667 0.510000 0.071333 0.346667
485 85.753000 0.503333 0.056667 0.300000
587 85.852000 0.501667 0.154667 0.463333
993 85.941667 0.488333 0.043333 0.323333
461 85.990667 0.490000 0.069333 0.360000
869 86.049333 0.493333 0.066667 0.446667
210 86.123333 0.493333 0.101333 0.466667
32 86.215000 0.498333 0.098000 0.336667
52 86.312667 0.503333 0.114667 0.393333
417 86.396667 0.508333 0.072000 0.350000
404 86.513667 0.498333 0.175333 0.876667
217 86.640000 0.505000 0.096000 0.483333
403 86.780667 0.500000 0.205333 1.026667
28 86.918667 0.510000 0.084000 0.300000
683 87.059667 0.488333 0.214000 1.070000
355 87.242000 0.496667 0.170667 0.853333
938 87.337000 0.505000 0.034000 0.256667
181 87.445000 0.488333 0.195333 0.976667
160 87.572333 0.510000 0.075333 0.400000
264 87.667333 0.508333 0.128000 0.490000
544 87.766000 0.491667 0.089333 0.336667
154 87.842000 0.506667 0.077333 0.353333
282 87.929667 0.503333 0.116667 0.400000
261 88.038000 0.505000 0.114667 0.556667
222 88.144333 0.500000 0.111333 0.473333
327 88.252333 0.510000 0.119333 0.320000
944 88.327333 0.510000 0.045333 0.360000
24 88.405333 0.510000 0.129333 0.433333
644 88.498000 0.490000 0.070667 0.313333
786 88.562333 0.508333 0.076667 0.470000
951 88.615333 0.505000 0.042667 0.356667
163 88.686000 0.510000 0.114667 0.400000
842 88.788000 0.503333 0.102667 0.473333
182 88.897667 0.505000 0.134000 0.443333
775 89.000667 0.490000 0.092000 0.426667
192 89.080000 0.488333 0.082667 0.370000
866 89.198333 0.501667 0.167333 0.463333
23 89.378000 0.506667 0.206667 1.033333
383 89.551000 0.505000 0.152667 0.456667
223 89.666333 0.493333 0.096667 0.486667
418 89.748333 0.488333 0.087333 0.423333
871 89.812667 0.491667 0.057333 0.290000
220 89.894000 0.501667 0.118667 0.483333
834 89.998667 0.508333 0.106667 0.490000
295 90.091000 0.498333 0.098000 0.416667
632 90.226667 0.508333 0.190667 0.610000
599 90.387000 0.488333 0.143333 0.450000
221 90.502667 0.505000 0.101333 0.490000
280 90.606000 0.493333 0.120000 0.400000
376 90.732000 0.503333 0.148000 0.400000
152 90.830667 0.496667 0.066667 0.333333
72 90.891333 0.506667 0.074667 0.353333
941 90.943667 0.505000 0.044667 0.350000
332 91.067667 0.488333 0.216667 1.083333
351 91.246667 0.488333 0.157333 0.456667
393 91.383333 0.503333 0.136000 0.386667
830 91.495333 0.506667 0.101333 0.453333
789 91.573000 0.493333 0.071333 0.433333
811 91.674000 0.493333 0.145333 0.480000
555 91.755667 0.488333 0.035333 0.350000
372 91.820333 0.498333 0.111333 0.336667
819 91.944000 0.493333 0.149333 0.533333
11 92.055667 0.510000 0.087333 0.306667
1001 92.114667 0.488333 0.044000 0.336667
262 92.231000 0.501667 0.203333 1.016667
727 92.356667 0.496667 0.066667 0.360000
668 92.440333 0.506667 0.119333 0.413333
208 92.541333 0.490000 0.098667 0.500000
509 92.630667 0.503333 0.096000 0.313333
58 92.694000 0.503333 0.049333 0.266667
575 92.754333 0.503333 0.091333 0.300000
922 92.809667 0.500000 0.035333 0.273333
961 92.834667 0.501667 0.033333 0.250000
566 92.895000 0.491667 0.107333 0.443333
291 92.990667 0.500000 0.102667 0.393333
348 93.087000 0.495000 0.106000 0.336667
330 93.184333 0.503333 0.104667 0.406667
788 93.308333 0.495000 0.162000 0.810000
747 93.428667 0.493333 0.092000 0.373333
981 93.483333 0.510000 0.033333 0.273333
96 93.585667 0.508333 0.190000 0.403333
21 93.736667 0.498333 0.126667 0.410000
777 93.836333 0.501667 0.087333 0.363333
242 93.919333 0.510000 0.097333 0.380000
906 94.037333 0.496667 0.152000 0.420000
386 94.183667 0.508333 0.158000 0.416667
278 94.310667 0.501667 0.113333 0.343333
173 94.418333 0.493333 0.119333 0.540000
954 94.488667 0.503333 0.040000 0.326667
765 94.534000 0.510000 0.065333 0.340000
897 94.632000 0.488333 0.144000 0.450000
239 94.778333 0.491667 0.164667 0.823333
790 94.889333 0.498333 0.070667 0.410000
1011 94.932333 0.505000 0.035333 0.290000
629 95.035333 0.505000 0.189333 0.636667
703 95.179000 0.490000 0.114000 0.426667
81 95.276000 0.505000 0.100000 0.403333
902 95.395333 0.490000 0.158667 0.793333
840 95.525000 0.500000 0.114000 0.546667
156 95.641000 0.510000 0.134000 0.360000
141 95.736333 0.498333 0.075333 0.330000
564 95.858000 0.508333 0.184000 0.383333
914 95.994000 0.506667 0.102667 0.313333
139 96.075667 0.488333 0.078000 0.450000
682 96.159333 0.500000 0.102667 0.380000
738 96.253333 0.498333 0.101333 0.443333
547 96.334000 0.488333 0.076000 0.430000
122 96.418000 0.506667 0.109333 0.380000
281 96.519667 0.500000 0.107333 0.366667
565 96.658000 0.503333 0.184000 0.380000
748 96.793000 0.491667 0.104667 0.356667
983 96.859667 0.508333 0.044667 0.323333
967 96.892333 0.500000 0.038000 0.286667
987 96.920000 0.510000 0.033333 0.266667
693 96.972000 0.506667 0.086667 0.426667
832 97.056333 0.508333 0.098000 0.403333
435 97.130333 0.495000 0.064667 0.310000
837 97.199333 0.506667 0.093333 0.393333
155 97.287667 0.491667 0.099333 0.530000
171 97.423333 0.490000 0.190667 0.953333
966 97.531000 0.498333 0.042000 0.316667
931 97.565333 0.495000 0.046667 0.356667
347 97.648333 0.503333 0.138000 0.400000
492 97.745667 0.500000 0.074000 0.373333
275 97.810000 0.495000 0.068000 0.423333
737 97.864000 0.493333 0.060000 0.380000
144 97.925667 0.495000 0.080667 0.363333
134 98.001667 0.490000 0.091333 0.320000
579 98.105667 0.496667 0.134000 0.353333
490 98.194000 0.496667 0.057333 0.300000
123 98.255667 0.491667 0.080667 0.523333
553 98.347000 0.506667 0.116667 0.400000
117 98.458667 0.501667 0.126667 0.376667
46 98.543667 0.500000 0.063333 0.553333
925 98.588333 0.488333 0.046000 0.363333
326 98.648000 0.500000 0.086667 0.400000
935 98.703333 0.500000 0.038667 0.320000
199 98.763000 0.503333 0.095333 0.453333
34 98.855667 0.493333 0.106000 0.406667
881 98.963000 0.510000 0.122000 0.406667
1014 99.039000 0.510000 0.043333 0.320000
452 99.085667 0.491667 0.064667 0.336667
214 99.160667 0.490000 0.105333 0.420000
929 99.226000 0.493333 0.042667 0.346667
891 99.274333 0.490000 0.070000 0.293333
960 99.319667 0.496667 0.036667 0.300000
709 99.376333 0.506667 0.091333 0.400000
249 99.439333 0.508333 0.053333 0.423333
7 99.510667 0.510000 0.105333 0.380000
392 99.655333 0.506667 0.202667 1.013333
230 99.797333 0.510000 0.098667 0.386667
381 99.909667 0.496667 0.143333 0.386667
742 100.047667 0.508333 0.150000 0.610000
741 100.177000 0.503333 0.124667 0.433333
743 100.277667 0.506667 0.095333 0.413333
321 100.355000 0.495000 0.079333 0.336667
677 100.447000 0.510000 0.118000 0.386667
745 100.541000 0.506667 0.086000 0.320000
655 100.621000 0.508333 0.092667 0.376667
322 100.714667 0.505000 0.109333 0.156667
836 100.819000 0.505000 0.115333 0.563333
989 100.895000 0.503333 0.054000 0.386667
874 100.961667 0.498333 0.096667 0.450000
16 101.058000 0.495000 0.112000 0.363333
697 101.135667 0.493333 0.062000 0.306667
459 101.186333 0.493333 0.056667 0.340000
503 101.273667 0.510000 0.138000 0.393333
779 101.357000 0.503333 0.044667 0.393333
498 101.402000 0.488333 0.065333 0.403333
641 101.458333 0.505000 0.066000 0.296667
460 101.515000 0.490000 0.066000 0.346667
48 101.622333 0.501667 0.163333 0.816667
841 101.758333 0.495000 0.126000 0.523333
589 101.869333 0.495000 0.112000 0.436667
883 102.024000 0.508333 0.213333 0.463333
1013 102.143000 0.496667 0.044667 0.353333
426 102.178333 0.505000 0.043333 0.290000
20 102.253667 0.503333 0.122000 0.406667
851 102.360333 0.495000 0.108667 0.450000
409 102.452333 0.510000 0.088667 0.446667
118 102.536333 0.501667 0.095333 0.363333
143 102.613000 0.493333 0.074000 0.326667
258 102.691000 0.495000 0.100667 0.350000
933 102.756333 0.495000 0.044667 0.350000
487 102.806333 0.503333 0.068667 0.360000
486 102.865667 0.505000 0.070000 0.376667
113 102.928667 0.503333 0.076000 0.406667
766 103.013333 0.500000 0.109333 0.320000
471 103.093333 0.496667 0.068000 0.380000
427 103.228333 0.491667 0.222000 1.110000
610 103.396333 0.506667 0.127333 0.393333
54 103.479000 0.491667 0.056667 0.336667
