730 0.084333 0.500000 0.162000 0.613333
642 0.210333 0.496667 0.108667 0.433333
662 0.314667 0.506667 0.118667 0.386667
955 0.386333 0.500000 0.043333 0.353333
329 0.470667 0.488333 0.145333 0.476667
710 0.623000 0.505000 0.179333 0.896667
388 0.786333 0.508333 0.162000 0.456667
354 0.928000 0.493333 0.140000 0.420000
327 1.062000 0.493333 0.141333 0.380000
847 1.192000 0.488333 0.132000 0.443333
37 1.316333 0.495000 0.136667 0.450000
472 1.416000 0.506667 0.082667 0.426667
968 1.467000 0.493333 0.038000 0.300000
969 1.502333 0.490000 0.047333 0.353333
361 1.620000 0.503333 0.205333 1.026667
300 1.747000 0.500000 0.064667 0.206667
93 1.855667 0.505000 0.170000 0.850000
903 1.991333 0.496667 0.120000 0.373333
420 2.086000 0.501667 0.082667 0.303333
872 2.217667 0.501667 0.194000 0.970000
800 2.361333 0.491667 0.113333 0.423333
702 2.525667 0.508333 0.228667 1.143333
171 2.680667 0.491667 0.098667 0.383333
368 2.781667 0.498333 0.123333 0.383333
909 2.875667 0.508333 0.079333 0.343333
768 2.939333 0.508333 0.062667 0.176667
791 2.995333 0.505000 0.069333 0.410000
727 3.067333 0.508333 0.093333 0.416667
75 3.190000 0.491667 0.165333 0.510000
844 3.306667 0.493333 0.085333 0.400000
675 3.387000 0.505000 0.095333 0.323333
186 3.467333 0.493333 0.084000 0.420000
889 3.559667 0.495000 0.115333 0.450000
809 3.670000 0.506667 0.125333 0.640000
591 3.801667 0.493333 0.151333 0.480000
891 3.901667 0.503333 0.067333 0.306667
236 3.985000 0.503333 0.114000 0.580000
719 4.149000 0.501667 0.227333 1.136667
234 4.305000 0.508333 0.102000 0.516667
53 4.401333 0.500000 0.108000 0.380000
128 4.530333 0.501667 0.168667 0.843333
169 4.666333 0.503333 0.119333 0.426667
751 4.771000 0.510000 0.110000 0.480000
1016 4.835000 0.501667 0.036667 0.283333
977 4.864667 0.508333 0.037333 0.316667
506 4.891333 0.490000 0.033333 0.366667
725 4.962000 0.506667 0.121333 0.506667
437 5.054333 0.495000 0.078000 0.390000
701 5.197333 0.506667 0.225333 1.126667
947 5.323333 0.495000 0.041333 0.303333
879 5.404000 0.510000 0.137333 0.460000
884 5.518333 0.498333 0.111333 0.376667
656 5.639333 0.505000 0.145333 0.370000
40 5.754333 0.496667 0.103333 0.400000
665 5.847667 0.491667 0.102000 0.330000
603 5.964000 0.508333 0.148000 0.356667
961 6.044000 0.503333 0.029333 0.240000
962 6.072000 0.506667 0.042667 0.346667
326 6.120333 0.496667 0.071333 0.326667
801 6.202667 0.500000 0.106667 0.393333
162 6.297333 0.488333 0.097333 0.370000
796 6.398000 0.501667 0.121333 0.476667
842 6.505000 0.498333 0.112667 0.536667
390 6.629000 0.495000 0.150000 0.430000
320 6.758333 0.496667 0.128667 0.426667
43 6.879667 0.501667 0.131333 0.523333
862 6.981333 0.493333 0.086667 0.420000
992 7.030000 0.488333 0.029333 0.243333
47 7.093333 0.493333 0.113333 0.540000
78 7.250333 0.496667 0.218000 0.533333
166 7.408333 0.493333 0.115333 0.400000
731 7.503667 0.491667 0.091333 0.456667
438 7.627000 0.508333 0.171333 0.856667
82 7.749000 0.490000 0.088667 0.640000
200 7.897000 0.505000 0.220667 1.103333
419 8.042000 0.510000 0.082667 0.400000
880 8.122000 0.493333 0.094667 0.306667
188 8.216000 0.495000 0.106667 0.476667
347 8.340333 0.508333 0.155333 0.483333
483 8.440667 0.493333 0.060000 0.320000
619 8.516333 0.495000 0.104667 0.556667
251 8.595333 0.490000 0.069333 0.406667
434 8.683000 0.496667 0.123333 0.420000
380 8.800000 0.498333 0.128000 0.370000
318 8.915000 0.501667 0.116667 0.510000
65 9.013667 0.490000 0.094000 0.246667
362 9.116000 0.496667 0.124000 0.333333
124 9.217000 0.506667 0.094000 0.333333
917 9.276000 0.506667 0.044000 0.326667
904 9.335667 0.493333 0.092667 0.440000
379 9.426333 0.490000 0.107333 0.300000
261 9.582000 0.506667 0.221333 1.106667
602 9.742000 0.495000 0.112000 0.336667
883 9.871000 0.508333 0.164667 0.356667
491 9.990000 0.496667 0.092000 0.453333
559 10.064667 0.505000 0.076000 0.370000
376 10.164000 0.491667 0.137333 0.383333
995 10.242333 0.500000 0.032667 0.253333
780 10.319000 0.510000 0.135333 0.426667
10 10.422333 0.498333 0.086000 0.290000
441 10.492667 0.495000 0.073333 0.410000
215 10.606333 0.488333 0.174000 0.870000
382 10.750333 0.505000 0.127333 0.363333
958 10.822667 0.503333 0.034667 0.260000
192 10.880000 0.496667 0.100000 0.400000
651 11.005667 0.510000 0.170000 0.566667
400 11.113667 0.510000 0.062000 0.533333
613 11.208000 0.500000 0.140000 0.353333
926 11.294000 0.500000 0.045333 0.333333
160 11.340667 0.496667 0.061333 0.373333
853 11.419000 0.501667 0.110000 0.503333
100 11.567667 0.491667 0.206000 1.030000
103 11.741667 0.508333 0.156667 0.783333
692 11.847667 0.498333 0.075333 0.370000
935 11.896333 0.508333 0.040667 0.323333
733 11.946000 0.488333 0.073333 0.436667
573 12.031000 0.505000 0.114000 0.483333
146 12.128333 0.495000 0.095333 0.496667
264 12.244000 0.488333 0.152000 0.583333
68 12.366333 0.488333 0.111333 0.323333
308 12.452333 0.501667 0.076667 0.430000
849 12.525000 0.500000 0.083333 0.366667
287 12.621667 0.506667 0.123333 0.453333
497 12.741333 0.508333 0.129333 0.330000
760 12.871333 0.506667 0.144000 0.433333
245 12.969667 0.498333 0.068667 0.363333
521 13.072000 0.493333 0.149333 0.400000
42 13.172000 0.508333 0.068000 0.390000
688 13.249667 0.510000 0.103333 0.513333
211 13.373667 0.488333 0.159333 0.796667
754 13.503333 0.488333 0.113333 0.550000
513 13.602333 0.488333 0.103333 0.336667
829 13.688667 0.500000 0.086667 0.420000
355 13.817667 0.505000 0.191333 0.956667
617 13.948333 0.490000 0.087333 0.366667
159 14.010000 0.488333 0.049333 0.376667
484 14.088667 0.495000 0.124000 0.463333
868 14.177667 0.493333 0.068667 0.386667
960 14.220000 0.503333 0.032000 0.253333
230 14.340667 0.500000 0.226667 1.133333
38 14.501667 0.490000 0.111333 0.373333
833 14.609333 0.500000 0.117333 0.586667
565 14.728000 0.506667 0.138667 0.286667
96 14.896667 0.505000 0.217333 0.476667
414 15.045000 0.506667 0.098000 0.493333
115 15.116000 0.496667 0.061333 0.293333
893 15.218667 0.500000 0.158667 0.506667
697 15.324333 0.495000 0.070000 0.350000
133 15.402667 0.501667 0.105333 0.396667
552 15.475667 0.510000 0.054000 0.340000
498 15.526333 0.500000 0.060667 0.366667
199 15.603333 0.508333 0.112000 0.563333
994 15.676333 0.505000 0.048667 0.370000
71 15.729667 0.503333 0.078000 0.406667
52 15.819333 0.506667 0.116000 0.400000
34 15.930667 0.508333 0.124000 0.390000
918 16.033333 0.495000 0.098667 0.376667
541 16.163000 0.490000 0.178000 0.366667
776 16.311000 0.501667 0.131333 0.296667
26 16.438333 0.488333 0.142000 0.476667
29 16.565000 0.490000 0.124667 0.333333
925 16.636333 0.493333 0.038000 0.313333
639 16.677000 0.505000 0.058000 0.296667
183 16.755000 0.506667 0.111333 0.506667
752 16.831333 0.500000 0.058667 0.153333
939 16.869333 0.490000 0.034667 0.286667
641 16.919333 0.510000 0.080000 0.366667
816 17.012000 0.510000 0.122667 0.286667
712 17.148667 0.493333 0.169333 0.440000
316 17.290333 0.495000 0.134000 0.503333
699 17.436667 0.490000 0.176000 0.880000
485 17.545667 0.488333 0.059333 0.310000
828 17.610000 0.510000 0.084000 0.360000
309 17.672667 0.503333 0.060000 0.333333
856 17.763667 0.510000 0.138000 0.333333
1006 17.847000 0.490000 0.044667 0.360000
831 17.905000 0.506667 0.088667 0.420000
290 18.015667 0.505000 0.152667 0.410000
620 18.151000 0.505000 0.132667 0.563333
317 18.253667 0.491667 0.088667 0.323333
395 18.351333 0.508333 0.124000 0.363333
707 18.452667 0.503333 0.093333 0.393333
902 18.589000 0.508333 0.194000 0.970000
428 18.711333 0.503333 0.069333 0.460000
91 18.838333 0.495000 0.200667 0.430000
512 18.993333 0.506667 0.125333 0.440000
975 19.065667 0.496667 0.035333 0.260000
784 19.103333 0.491667 0.060000 0.463333
345 19.204000 0.496667 0.154667 0.426667
168 19.327000 0.508333 0.106000 0.370000
835 19.422667 0.501667 0.100000 0.423333
331 19.568333 0.495000 0.208667 1.043333
679 19.707000 0.493333 0.082000 0.513333
765 19.780000 0.490000 0.077333 0.413333
530 19.856333 0.508333 0.090000 0.416667
22 19.960333 0.510000 0.138000 0.466667
823 20.073000 0.493333 0.100667 0.426667
62 20.160333 0.503333 0.091333 0.433333
974 20.213667 0.503333 0.034000 0.266667
683 20.282000 0.505000 0.117333 0.330000
763 20.366333 0.503333 0.064667 0.440000
153 20.425333 0.488333 0.069333 0.316667
938 20.472000 0.491667 0.037333 0.290000
161 20.543667 0.508333 0.124667 0.443333
806 20.702333 0.506667 0.212667 0.506667
766 20.848667 0.488333 0.100000 0.290000
772 20.968000 0.490000 0.152000 0.440000
339 21.071000 0.488333 0.072667 0.363333
815 21.156333 0.510000 0.111333 0.286667
165 21.263000 0.505000 0.119333 0.456667
857 21.401333 0.493333 0.173333 0.386667
881 21.540000 0.498333 0.120000 0.403333
973 21.610000 0.508333 0.033333 0.270000
343 21.677333 0.508333 0.117333 0.336667
822 21.771333 0.488333 0.086667 0.290000
1004 21.826333 0.500000 0.042000 0.306667
580 21.904667 0.500000 0.128000 0.300000
643 22.009333 0.498333 0.100000 0.363333
60 22.091667 0.508333 0.084667 0.350000
689 22.178667 0.490000 0.105333 0.513333
650 22.291000 0.495000 0.138000 0.443333
998 22.372667 0.505000 0.042667 0.310000
19 22.429333 0.510000 0.089333 0.313333
228 22.526000 0.488333 0.122667 0.503333
563 22.652333 0.496667 0.143333 0.333333
982 22.736000 0.510000 0.044000 0.340000
711 22.837333 0.510000 0.178667 0.893333
138 22.949333 0.493333 0.065333 0.340000
83 23.014667 0.496667 0.080000 0.393333
570 23.102667 0.498333 0.109333 0.483333
861 23.172333 0.501667 0.043333 0.336667
601 23.244667 0.503333 0.117333 0.353333
820 23.331000 0.493333 0.072667 0.306667
249 23.394000 0.505000 0.066667 0.516667
577 23.469667 0.508333 0.099333 0.383333
905 23.575333 0.506667 0.132000 0.433333
141 23.685000 0.495000 0.103333 0.503333
113 23.783000 0.500000 0.107333 0.493333
394 23.899333 0.498333 0.138667 0.376667
77 24.027333 0.506667 0.130667 0.326667
20 24.142000 0.505000 0.116000 0.396667
30 24.271667 0.493333 0.158000 0.473333
886 24.447333 0.500000 0.210667 1.053333
1009 24.564333 0.501667 0.039333 0.283333
680 24.628333 0.495000 0.106000 0.343333
814 24.744333 0.503333 0.144667 0.360000
560 24.887333 0.496667 0.161333 0.806667
548 25.029333 0.500000 0.137333 0.493333
896 25.162667 0.488333 0.149333 0.430000
282 25.296667 0.488333 0.134667 0.456667
523 25.403667 0.496667 0.096667 0.306667
117 25.512333 0.505000 0.139333 0.443333
914 25.635000 0.500000 0.119333 0.380000
296 25.732333 0.495000 0.090000 0.330000
449 25.796667 0.488333 0.058667 0.303333
716 25.912333 0.488333 0.186000 0.470000
566 26.047667 0.503333 0.099333 0.420000
195 26.143000 0.503333 0.111333 0.446667
631 26.283667 0.508333 0.184667 0.623333
579 26.441667 0.498333 0.148667 0.343333
841 26.553333 0.510000 0.088000 0.440000
427 26.644667 0.508333 0.109333 0.516667
677 26.745333 0.500000 0.108000 0.353333
63 26.848000 0.496667 0.112000 0.400000
792 26.942333 0.488333 0.091333 0.370000
246 27.069333 0.508333 0.177333 0.616667
913 27.211667 0.510000 0.123333 0.393333
738 27.306000 0.510000 0.085333 0.420000
551 27.399000 0.491667 0.116667 0.376667
210 27.495333 0.488333 0.094667 0.450000
27 27.603667 0.503333 0.135333 0.460000
335 27.741333 0.501667 0.153333 0.510000
455 27.846333 0.488333 0.070000 0.370000
588 27.929333 0.491667 0.110667 0.496667
664 28.023333 0.500000 0.096000 0.340000
715 28.133333 0.508333 0.142667 0.356667
32 28.258333 0.491667 0.127333 0.403333
877 28.355000 0.505000 0.086000 0.416667
774 28.428000 0.488333 0.080000 0.423333
596 28.520667 0.491667 0.124000 0.363333
372 28.630000 0.503333 0.110667 0.300000
471 28.712333 0.491667 0.072667 0.383333
979 28.761667 0.496667 0.039333 0.293333
990 28.788333 0.493333 0.034000 0.280000
56 28.830333 0.500000 0.067333 0.093333
870 28.891667 0.500000 0.070000 0.340000
468 28.958000 0.506667 0.081333 0.426667
5 29.028667 0.505000 0.077333 0.336667
726 29.097333 0.508333 0.073333 0.383333
243 29.217333 0.496667 0.185333 0.926667
333 29.387000 0.490000 0.170000 0.406667
179 29.524667 0.488333 0.120000 0.443333
24 29.634667 0.491667 0.113333 0.383333
866 29.750333 0.496667 0.131333 0.380000
313 29.860333 0.510000 0.107333 0.393333
384 29.966667 0.501667 0.122667 0.336667
1005 30.045667 0.510000 0.048667 0.360000
94 30.174667 0.495000 0.225333 0.483333
213 30.329000 0.495000 0.102000 0.423333
4 30.421000 0.490000 0.102000 0.413333
528 30.522333 0.506667 0.116667 0.386667
668 30.627667 0.491667 0.111333 0.356667
507 30.709667 0.500000 0.066000 0.340000
442 30.768667 0.490000 0.069333 0.360000
356 30.905667 0.498333 0.224667 1.123333
232 31.051333 0.505000 0.081333 0.410000
322 31.144000 0.498333 0.117333 0.143333
443 31.229667 0.510000 0.067333 0.346667
212 31.345667 0.495000 0.184667 0.923333
375 31.544333 0.495000 0.230000 1.150000
547 31.680333 0.501667 0.059333 0.330000
894 31.769000 0.490000 0.136667 0.366667
747 31.876000 0.506667 0.092000 0.400000
645 31.953333 0.501667 0.080000 0.343333
493 32.030333 0.503333 0.091333 0.486667
152 32.107333 0.488333 0.081333 0.376667
447 32.180667 0.508333 0.082667 0.423333
72 32.301667 0.505000 0.179333 0.896667
321 32.428333 0.500000 0.088667 0.440000
812 32.528000 0.506667 0.126667 0.286667
624 32.666333 0.501667 0.163333 0.556667
231 32.781000 0.510000 0.080667 0.413333
858 32.879667 0.506667 0.135333 0.426667
310 32.968333 0.503333 0.056667 0.313333
874 33.025000 0.501667 0.072667 0.316667
178 33.115667 0.493333 0.127333 0.480000
314 33.222667 0.491667 0.102667 0.350000
986 33.283000 0.496667 0.038000 0.293333
363 33.357000 0.495000 0.126000 0.343333
13 33.462333 0.501667 0.098000 0.316667
46 33.531000 0.506667 0.054000 0.446667
424 33.622333 0.496667 0.144667 0.460000
90 33.785333 0.495000 0.194667 0.423333
224 33.918333 0.510000 0.090000 0.373333
125 34.011333 0.490000 0.110667 0.506667
260 34.164333 0.488333 0.208667 1.043333
147 34.305000 0.496667 0.091333 0.386667
687 34.393000 0.490000 0.100667 0.500000
87 34.539000 0.505000 0.207333 1.036667
164 34.688333 0.506667 0.106000 0.386667
811 34.788333 0.508333 0.110000 0.250000
367 34.898000 0.488333 0.128000 0.376667
705 35.008333 0.500000 0.110000 0.333333
21 35.116667 0.495000 0.120000 0.403333
941 35.187333 0.503333 0.040000 0.326667
970 35.216667 0.500000 0.036000 0.300000
793 35.284667 0.490000 0.120000 0.480000
271 35.403000 0.495000 0.135333 0.410000
933 35.484667 0.500000 0.042667 0.360000
297 35.527333 0.500000 0.057333 0.300000
106 35.635333 0.500000 0.173333 0.866667
1007 35.736667 0.488333 0.042667 0.316667
340 35.819333 0.493333 0.136000 0.420000
408 35.938667 0.510000 0.116000 0.446667
360 36.088000 0.510000 0.200000 1.000000
412 36.223667 0.500000 0.086000 0.446667
526 36.340667 0.501667 0.164000 0.423333
722 36.470333 0.501667 0.108667 0.310000
240 36.560333 0.500000 0.086000 0.420000
269 36.704333 0.495000 0.220667 1.103333
980 36.830333 0.493333 0.044667 0.333333
554 36.908000 0.496667 0.124000 0.340000
324 37.017000 0.505000 0.114000 0.556667
906 37.134667 0.500000 0.140000 0.413333
583 37.234333 0.490000 0.078000 0.440000
54 37.300333 0.501667 0.072667 0.370000
426 37.357667 0.505000 0.055333 0.316667
948 37.399000 0.490000 0.040667 0.293333
279 37.463667 0.505000 0.103333 0.596667
148 37.587333 0.503333 0.157333 0.786667
615 37.770667 0.500000 0.229333 1.146667
1008 37.899667 0.493333 0.048667 0.346667
871 37.951333 0.501667 0.068000 0.350000
452 38.006333 0.510000 0.058000 0.340000
589 38.084333 0.495000 0.111333 0.496667
410 38.178333 0.503333 0.090000 0.393333
1000 38.238667 0.495000 0.050667 0.370000
837 38.308333 0.505000 0.104667 0.516667
564 38.414667 0.491667 0.128000 0.263333
976 38.493667 0.496667 0.044667 0.340000
558 38.544000 0.508333 0.072000 0.350000
175 38.655333 0.496667 0.169333 0.846667
341 38.768000 0.510000 0.076000 0.333333
915 38.838667 0.488333 0.082667 0.676667
265 38.936000 0.500000 0.132000 0.506667
293 39.032000 0.488333 0.080000 0.303333
714 39.172667 0.506667 0.218667 1.093333
242 39.338000 0.503333 0.129333 0.506667
786 39.426667 0.495000 0.065333 0.396667
302 39.481333 0.500000 0.058667 0.326667
795 39.542000 0.495000 0.078667 0.483333
154 39.605333 0.505000 0.065333 0.336667
440 39.664000 0.503333 0.066667 0.340000
461 39.724667 0.505000 0.074667 0.390000
520 39.808000 0.500000 0.105333 0.333333
595 39.922000 0.501667 0.138667 0.410000
755 40.043333 0.510000 0.120000 0.340000
929 40.112667 0.495000 0.034667 0.256667
824 40.187000 0.491667 0.130000 0.536667
448 40.278000 0.503333 0.066667 0.360000
789 40.336667 0.505000 0.068000 0.423333
741 40.419333 0.503333 0.114667 0.406667
770 40.558667 0.510000 0.177333 0.886667
937 40.664333 0.506667 0.048667 0.353333
901 40.774000 0.496667 0.189333 0.946667
514 40.913667 0.508333 0.103333 0.323333
967 40.976667 0.496667 0.040000 0.306667
114 41.034000 0.493333 0.090667 0.446667
350 41.148333 0.495000 0.154000 0.483333
473 41.247333 0.508333 0.064000 0.363333
817 41.325333 0.491667 0.112000 0.283333
268 41.475333 0.506667 0.205333 1.026667
999 41.594333 0.495000 0.050000 0.363333
89 41.726667 0.503333 0.229333 1.146667
991 41.847667 0.501667 0.032667 0.263333
435 41.882000 0.496667 0.050667 0.240000
277 41.943000 0.495000 0.091333 0.430000
529 42.043333 0.500000 0.122667 0.513333
578 42.152000 0.510000 0.113333 0.446667
767 42.251333 0.491667 0.102667 0.296667
732 42.329667 0.505000 0.070000 0.350000
430 42.401333 0.498333 0.086667 0.370000
746 42.512000 0.510000 0.153333 0.493333
467 42.615667 0.505000 0.074000 0.370000
405 42.687667 0.490000 0.086000 0.326667
198 42.767000 0.488333 0.088667 0.436667
272 42.873000 0.501667 0.143333 0.403333
102 43.043333 0.500000 0.213333 0.460000
542 43.204667 0.506667 0.122667 0.480000
139 43.297667 0.495000 0.079333 0.456667
515 43.398000 0.503333 0.134667 0.426667
416 43.492000 0.496667 0.070667 0.346667
391 43.577000 0.498333 0.114000 0.336667
334 43.698667 0.500000 0.142667 0.453333
540 43.858000 0.505000 0.196000 0.716667
850 44.002333 0.488333 0.108667 0.496667
225 44.109333 0.503333 0.122667 0.506667
888 44.219333 0.500000 0.110667 0.333333
119 44.305333 0.501667 0.077333 0.456667
916 44.416667 0.496667 0.164000 0.820000
723 44.540667 0.506667 0.101333 0.346667
524 44.643667 0.488333 0.123333 0.383333
921 44.728667 0.510000 0.060000 0.360000
396 44.808333 0.488333 0.114000 0.330000
397 44.898000 0.510000 0.085333 0.353333
592 45.040333 0.505000 0.218000 1.090000
191 45.194333 0.500000 0.104667 0.460000
599 45.307667 0.508333 0.142000 0.430000
500 45.409333 0.500000 0.080000 0.353333
307 45.473000 0.490000 0.067333 0.366667
288 45.565333 0.500000 0.130667 0.493333
99 45.718000 0.506667 0.188000 0.406667
845 45.864000 0.493333 0.120000 0.500000
189 45.965333 0.505000 0.097333 0.490000
267 46.108333 0.508333 0.208667 1.043333
15 46.253000 0.496667 0.094000 0.333333
667 46.354333 0.506667 0.122000 0.453333
174 46.462000 0.501667 0.108000 0.376667
502 46.547667 0.503333 0.082000 0.386667
204 46.642667 0.488333 0.124000 0.536667
827 46.757667 0.490000 0.124667 0.526667
389 46.886333 0.491667 0.147333 0.390000
187 47.001667 0.490000 0.098000 0.500000
6 47.094333 0.506667 0.104667 0.393333
696 47.197333 0.490000 0.117333 0.266667
330 47.288667 0.498333 0.080000 0.310000
386 47.396667 0.488333 0.153333 0.483333
423 47.535000 0.505000 0.142000 0.463333
818 47.670000 0.498333 0.144000 0.403333
924 47.751667 0.500000 0.036667 0.293333
284 47.832333 0.506667 0.140667 0.513333
101 48.005333 0.496667 0.221333 1.106667
48 48.233667 0.505000 0.250000 0.516667
798 48.390667 0.488333 0.078667 0.310000
851 48.467333 0.488333 0.089333 0.370000
97 48.600667 0.488333 0.192000 0.416667
562 48.756000 0.508333 0.134667 0.303333
993 48.831667 0.501667 0.035333 0.270000
1018 48.859000 0.496667 0.035333 0.286667
458 48.901667 0.493333 0.068667 0.353333
415 49.018333 0.501667 0.179333 0.896667
432 49.154667 0.496667 0.112000 0.240000
876 49.289333 0.498333 0.174667 0.456667
306 49.396667 0.496667 0.060000 0.333333
172 49.479333 0.496667 0.122667 0.446667
299 49.577333 0.510000 0.089333 0.346667
383 49.683000 0.490000 0.142000 0.386667
255 49.823333 0.496667 0.152000 0.580000
36 49.947000 0.500000 0.111333 0.373333
1023 50.013333 0.506667 0.037333 0.286667
882 50.069000 0.503333 0.087333 0.346667
633 50.188333 0.505000 0.170000 0.850000
120 50.377000 0.498333 0.227333 1.136667
402 50.553333 0.508333 0.138667 0.356667
374 50.699667 0.498333 0.172667 0.863333
593 50.854333 0.491667 0.150000 0.470000
41 50.995333 0.496667 0.152000 0.453333
488 51.103000 0.495000 0.076667 0.390000
50 51.209667 0.490000 0.155333 0.446667
134 51.318333 0.498333 0.080667 0.336667
658 51.376333 0.488333 0.052667 0.296667
830 51.436667 0.510000 0.082667 0.366667
451 51.514000 0.505000 0.086667 0.443333
860 51.647000 0.491667 0.196667 0.983333
525 51.793667 0.491667 0.110000 0.363333
239 51.885667 0.510000 0.091333 0.553333
522 51.980000 0.500000 0.117333 0.366667
80 52.085333 0.503333 0.112000 0.540000
137 52.161333 0.490000 0.056000 0.326667
865 52.236000 0.496667 0.112000 0.373333
959 52.302333 0.508333 0.036667 0.310000
453 52.344000 0.508333 0.060000 0.316667
393 52.472667 0.500000 0.217333 1.086667
557 52.621333 0.496667 0.094667 0.613333
912 52.699333 0.505000 0.078667 0.310000
790 52.764667 0.495000 0.072000 0.443333
332 52.898000 0.510000 0.214667 0.486667
653 53.080667 0.505000 0.166667 0.550000
406 53.206333 0.491667 0.102000 0.396667
819 53.325333 0.508333 0.149333 0.510000
247 53.431667 0.500000 0.082000 0.413333
392 53.523000 0.491667 0.118000 0.330000
144 53.613000 0.510000 0.076667 0.320000
808 53.689667 0.506667 0.092667 0.340000
285 53.789000 0.495000 0.126000 0.416667
803 53.919000 0.498333 0.148667 0.450000
869 54.018000 0.503333 0.065333 0.393333
972 54.067000 0.496667 0.048667 0.353333
607 54.136667 0.490000 0.106667 0.326667
511 54.236000 0.500000 0.106667 0.340000
81 54.326333 0.495000 0.088667 0.363333
1017 54.381333 0.501667 0.041333 0.296667
181 54.475667 0.508333 0.167333 0.836667
44 54.601667 0.510000 0.100667 0.406667
634 54.693667 0.503333 0.096667 0.400000
895 54.805000 0.498333 0.142000 0.390000
685 54.913333 0.488333 0.090667 0.356667
167 54.999000 0.501667 0.098000 0.350000
537 55.172667 0.506667 0.268000 0.426667
546 55.348667 0.501667 0.104000 0.416667
501 55.434000 0.496667 0.086667 0.386667
9 55.518000 0.493333 0.098667 0.440000
273 55.590667 0.500000 0.064000 0.393333
672 55.673667 0.498333 0.119333 0.436667
226 55.774000 0.505000 0.100000 0.470000
518 55.879000 0.510000 0.124667 0.413333
480 55.961667 0.496667 0.054000 0.286667
867 56.035000 0.510000 0.107333 0.360000
676 56.149667 0.496667 0.136667 0.473333
135 56.257333 0.508333 0.097333 0.296667
346 56.394667 0.500000 0.197333 0.986667
482 56.527000 0.491667 0.082000 0.423333
7 56.630333 0.495000 0.139333 0.503333
276 56.720000 0.496667 0.058667 0.366667
180 56.786333 0.493333 0.092667 0.346667
156 56.896667 0.490000 0.148000 0.460000
978 56.986333 0.500000 0.044667 0.333333
832 57.058333 0.501667 0.119333 0.483333
371 57.181000 0.495000 0.146000 0.456667
11 57.294667 0.488333 0.101333 0.343333
897 57.411000 0.510000 0.146000 0.393333
704 57.532000 0.488333 0.114667 0.403333
108 57.693333 0.500000 0.224000 0.480000
648 57.833667 0.500000 0.075333 0.326667
79 57.960000 0.490000 0.197333 0.986667
834 58.099000 0.495000 0.099333 0.430000
292 58.196333 0.506667 0.114000 0.446667
555 58.262000 0.503333 0.033333 0.333333
964 58.292667 0.495000 0.048000 0.350000
509 58.360000 0.506667 0.104000 0.346667
33 58.469333 0.506667 0.128000 0.426667
753 58.601000 0.506667 0.150000 0.500000
1014 58.682333 0.495000 0.032667 0.263333
16 58.748000 0.510000 0.113333 0.366667
984 58.815000 0.506667 0.039333 0.306667
737 58.855333 0.498333 0.054667 0.343333
359 58.970667 0.506667 0.194667 0.973333
708 59.175667 0.501667 0.231333 1.156667
782 59.336667 0.488333 0.108000 0.523333
785 59.414000 0.495000 0.062667 0.270000
143 59.487000 0.496667 0.103333 0.473333
235 59.574667 0.508333 0.088000 0.390000
717 59.699000 0.498333 0.174000 0.436667
517 59.830333 0.510000 0.103333 0.346667
618 59.903667 0.488333 0.058000 0.376667
846 59.973000 0.498333 0.098000 0.410000
550 60.043667 0.508333 0.058000 0.290000
378 60.130667 0.508333 0.132000 0.376667
184 60.241000 0.491667 0.106000 0.483333
682 60.345000 0.505000 0.116667 0.430000
348 60.472000 0.501667 0.150667 0.463333
439 60.588000 0.498333 0.100000 0.403333
291 60.699667 0.493333 0.139333 0.546667
229 60.812333 0.493333 0.102000 0.493333
636 60.924000 0.496667 0.140000 0.366667
825 61.032667 0.505000 0.092000 0.430000
3 61.111333 0.495000 0.085333 0.396667
150 61.195000 0.488333 0.102000 0.416667
436 61.303667 0.508333 0.130000 0.350000
568 61.411667 0.495000 0.104667 0.523333
1015 61.475667 0.496667 0.043333 0.340000
950 61.507667 0.501667 0.034000 0.263333
660 61.566000 0.500000 0.101333 0.340000
1001 61.631333 0.491667 0.044000 0.336667
223 61.702333 0.500000 0.115333 0.466667
116 61.820000 0.490000 0.140000 0.433333
582 61.960667 0.493333 0.161333 0.806667
254 62.101333 0.506667 0.134667 0.526667
109 62.271667 0.503333 0.219333 0.480000
571 62.419333 0.496667 0.092000 0.373333
31 62.534333 0.491667 0.156667 0.463333
764 62.649667 0.495000 0.090000 0.430000
821 62.795667 0.496667 0.220667 1.106667
304 62.930000 0.505000 0.062667 0.350000
951 62.971333 0.490000 0.036000 0.280000
425 63.024667 0.510000 0.088000 0.500000
258 63.120000 0.496667 0.116000 0.406667
301 63.201000 0.493333 0.063333 0.360000
289 63.331333 0.493333 0.217333 0.426667
535 63.547667 0.498333 0.231333 1.156667
365 63.714000 0.498333 0.117333 0.343333
39 63.809333 0.493333 0.093333 0.353333
207 63.897333 0.500000 0.101333 0.406667
663 63.987000 0.495000 0.096667 0.336667
936 64.048000 0.505000 0.040000 0.316667
762 64.092667 0.490000 0.065333 0.300000
797 64.173000 0.510000 0.110000 0.406667
956 64.235667 0.496667 0.034000 0.253333
505 64.268667 0.501667 0.052000 0.216667
315 64.343000 0.493333 0.110000 0.373333
151 64.438000 0.496667 0.097333 0.440000
863 64.524000 0.505000 0.088000 0.423333
220 64.607333 0.505000 0.092000 0.370000
616 64.750333 0.491667 0.212667 1.063333
495 64.888667 0.501667 0.078667 0.376667
946 64.939333 0.488333 0.038667 0.283333
381 65.019333 0.493333 0.137333 0.413333
919 65.119667 0.505000 0.076667 0.323333
401 65.194333 0.503333 0.086000 0.440000
35 65.284333 0.503333 0.110000 0.360000
417 65.377333 0.503333 0.092000 0.446667
934 65.434000 0.508333 0.034667 0.290000
216 65.489333 0.491667 0.094667 0.483333
706 65.565000 0.493333 0.072667 0.386667
640 65.625333 0.505000 0.068000 0.343333
669 65.712667 0.490000 0.120000 0.426667
51 65.821000 0.498333 0.114000 0.383333
621 65.900333 0.503333 0.059333 0.626667
775 65.966667 0.503333 0.088000 0.440000
928 66.025333 0.498333 0.045333 0.336667
628 66.128000 0.490000 0.173333 0.866667
852 66.267667 0.503333 0.120667 0.500000
771 66.360333 0.498333 0.080667 0.430000
674 66.450667 0.498333 0.113333 0.396667
1003 66.523333 0.501667 0.045333 0.336667
758 66.617000 0.496667 0.155333 0.446667
802 66.766667 0.495000 0.161333 0.330000
492 66.874000 0.500000 0.070667 0.366667
654 67.003667 0.505000 0.202000 1.010000
549 67.151667 0.510000 0.107333 0.366667
92 67.296667 0.503333 0.200000 0.420000
981 67.404333 0.503333 0.034000 0.280000
205 67.501667 0.488333 0.179333 0.896667
303 67.611667 0.495000 0.058000 0.323333
149 67.717000 0.496667 0.168667 0.433333
734 67.867333 0.508333 0.150667 0.403333
222 67.985667 0.500000 0.100667 0.493333
202 68.084333 0.510000 0.110000 0.420000
95 68.235333 0.508333 0.206667 0.436667
954 68.353000 0.490000 0.046000 0.360000
221 68.424000 0.490000 0.114667 0.480000
490 68.505667 0.503333 0.062000 0.320000
248 68.566667 0.503333 0.080000 0.433333
280 68.664667 0.490000 0.136000 0.500000
457 68.769667 0.488333 0.090000 0.456667
342 68.842000 0.510000 0.069333 0.320000
757 68.935667 0.498333 0.135333 0.390000
421 69.060000 0.503333 0.126667 0.386667
1011 69.136333 0.510000 0.042000 0.326667
59 69.253333 0.500000 0.206667 0.540000
129 69.414000 0.500000 0.133333 0.526667
499 69.502667 0.488333 0.064000 0.383333
25 69.591000 0.503333 0.128667 0.453333
489 69.674667 0.488333 0.056000 0.296667
910 69.761000 0.501667 0.132667 0.403333
649 69.869667 0.490000 0.104667 0.586667
454 69.956333 0.503333 0.084667 0.433333
208 70.099333 0.490000 0.214667 1.073333
799 70.251000 0.506667 0.104667 0.413333
385 70.395000 0.488333 0.199333 0.996667
657 70.533667 0.495000 0.096667 0.410000
804 70.635667 0.493333 0.126000 0.360000
873 70.741000 0.506667 0.098000 0.433333
49 70.880333 0.508333 0.199333 0.996667
647 71.000667 0.510000 0.060000 0.300000
678 71.073333 0.490000 0.100000 0.353333
652 71.185667 0.501667 0.142000 0.476667
185 71.314667 0.495000 0.132000 0.530000
996 71.387667 0.493333 0.034000 0.280000
807 71.509667 0.498333 0.223333 1.116667
966 71.632667 0.493333 0.040000 0.300000
781 71.674000 0.505000 0.061333 0.316667
670 71.756667 0.505000 0.118667 0.396667
431 71.854667 0.510000 0.094667 0.326667
476 71.919667 0.493333 0.055333 0.333333
875 72.047000 0.505000 0.215333 1.076667
465 72.185000 0.490000 0.074000 0.440000
377 72.282000 0.491667 0.134667 0.390000
750 72.387667 0.506667 0.092667 0.346667
366 72.500667 0.493333 0.152000 0.406667
681 72.590667 0.510000 0.042667 0.386667
826 72.655667 0.490000 0.104667 0.433333
635 72.739667 0.495000 0.078000 0.323333
496 72.823333 0.503333 0.105333 0.446667
74 72.948000 0.505000 0.162667 0.503333
274 73.071667 0.505000 0.104667 0.490000
584 73.194333 0.500000 0.159333 0.493333
219 73.328333 0.505000 0.122000 0.490000
244 73.450333 0.508333 0.136667 0.363333
351 73.568333 0.503333 0.119333 0.346667
899 73.690333 0.510000 0.140667 0.386667
622 73.842333 0.495000 0.180667 0.903333
57 73.951667 0.498333 0.054000 0.256667
413 74.024667 0.490000 0.109333 0.460000
217 74.176667 0.493333 0.210667 1.053333
544 74.324000 0.490000 0.100000 0.360000
759 74.436667 0.496667 0.140000 0.406667
409 74.542333 0.496667 0.091333 0.460000
357 74.686333 0.488333 0.211333 1.056667
510 74.851000 0.496667 0.135333 0.420000
64 74.948000 0.498333 0.073333 0.403333
898 75.046667 0.498333 0.142667 0.436667
911 75.152000 0.506667 0.088000 0.353333
478 75.221667 0.508333 0.067333 0.350000
533 75.316667 0.493333 0.136000 0.460000
611 75.412667 0.495000 0.072000 0.303333
487 75.478000 0.491667 0.078667 0.430000
742 75.569000 0.498333 0.116667 0.490000
931 75.637000 0.506667 0.038000 0.273333
690 75.697667 0.508333 0.103333 0.503333
373 75.797667 0.490000 0.110000 0.300000
585 75.906667 0.503333 0.128000 0.393333
810 76.009333 0.500000 0.096000 0.400000
127 76.128667 0.496667 0.161333 0.806667
703 76.270667 0.493333 0.138667 0.446667
527 76.403333 0.506667 0.144000 0.426667
123 76.524667 0.500000 0.116000 0.686667
637 76.602667 0.508333 0.056000 0.290000
538 76.702000 0.503333 0.157333 0.380000
561 76.847000 0.493333 0.151333 0.326667
403 76.979333 0.496667 0.126667 0.360000
422 77.084667 0.498333 0.098667 0.356667
85 77.174000 0.508333 0.100000 0.396667
598 77.264667 0.505000 0.100000 0.316667
170 77.368667 0.506667 0.125333 0.460000
369 77.504667 0.506667 0.161333 0.433333
182 77.656333 0.508333 0.159333 0.796667
553 77.779000 0.498333 0.106000 0.363333
177 77.873333 0.501667 0.101333 0.390000
196 77.980000 0.505000 0.125333 0.530000
610 78.099000 0.506667 0.127333 0.393333
353 78.210667 0.488333 0.116000 0.323333
481 78.302667 0.506667 0.085333 0.433333
158 78.440667 0.510000 0.205333 1.026667
576 78.574667 0.491667 0.080000 0.310000
464 78.645000 0.510000 0.079333 0.420000
777 78.741000 0.488333 0.130000 0.530000
586 78.860333 0.506667 0.123333 0.360000
923 78.938333 0.501667 0.047333 0.343333
534 79.003000 0.510000 0.102000 0.393333
259 79.103667 0.506667 0.112667 0.566667
745 79.204000 0.498333 0.108000 0.410000
193 79.294667 0.498333 0.090667 0.376667
8 79.390000 0.490000 0.120000 0.440000
952 79.459000 0.495000 0.036667 0.270000
600 79.536000 0.498333 0.137333 0.436667
581 79.649000 0.508333 0.108667 0.510000
694 79.731333 0.505000 0.076000 0.376667
233 79.855000 0.501667 0.187333 0.936667
836 79.989333 0.488333 0.101333 0.510000
88 80.140667 0.495000 0.221333 0.476667
370 80.321000 0.505000 0.156667 0.430000
740 80.470000 0.505000 0.161333 0.370000
890 80.595333 0.505000 0.104000 0.436667
625 80.709333 0.501667 0.141333 0.470000
729 80.785333 0.490000 0.028000 0.346667
864 80.837000 0.505000 0.095333 0.376667
508 80.911667 0.493333 0.070000 0.400000
575 80.988333 0.508333 0.098000 0.323333
965 81.052000 0.491667 0.045333 0.356667
104 81.154333 0.505000 0.176667 0.376667
930 81.258000 0.496667 0.044000 0.313333
646 81.320333 0.510000 0.099333 0.453333
338 81.434667 0.495000 0.142667 0.743333
987 81.514667 0.488333 0.034667 0.256667
140 81.630000 0.493333 0.209333 1.046667
28 81.784333 0.493333 0.112667 0.366667
944 81.854333 0.505000 0.046000 0.356667
466 81.908000 0.500000 0.081333 0.426667
203 81.997667 0.493333 0.114000 0.466667
788 82.158333 0.501667 0.224667 1.123333
927 82.284000 0.493333 0.042667 0.346667
319 82.343000 0.493333 0.092667 0.333333
940 82.403667 0.510000 0.044667 0.346667
312 82.474000 0.500000 0.112000 0.406667
629 82.606333 0.501667 0.172667 0.863333
209 82.742000 0.500000 0.112000 0.553333
838 82.847333 0.501667 0.117333 0.483333
574 82.932333 0.496667 0.072667 0.293333
945 82.983333 0.510000 0.044000 0.326667
632 83.083333 0.496667 0.170667 0.546667
843 83.206333 0.498333 0.091333 0.390000
855 83.273667 0.495000 0.063333 0.163333
698 83.323333 0.493333 0.054667 0.286667
398 83.390333 0.496667 0.092667 0.473333
1010 83.444667 0.501667 0.034667 0.276667
218 83.510333 0.506667 0.116667 0.480000
444 83.596667 0.493333 0.076000 0.380000
627 83.717333 0.495000 0.178667 0.596667
130 83.910333 0.508333 0.224667 1.123333
644 84.059667 0.506667 0.092667 0.426667
256 84.160667 0.496667 0.129333 0.453333
470 84.259333 0.500000 0.085333 0.440000
429 84.354000 0.510000 0.121333 0.406667
963 84.425667 0.491667 0.035333 0.290000
739 84.470000 0.508333 0.069333 0.556667
411 84.594333 0.508333 0.196667 0.983333
691 84.727667 0.506667 0.084667 0.413333
12 84.809333 0.496667 0.096000 0.340000
86 84.904000 0.505000 0.108000 0.470000
556 85.010667 0.490000 0.118667 0.486667
724 85.098667 0.498333 0.072000 0.383333
14 85.171667 0.508333 0.090000 0.310000
112 85.269000 0.496667 0.124667 0.426667
462 85.359667 0.510000 0.072667 0.380000
283 85.439000 0.501667 0.099333 0.336667
988 85.495000 0.505000 0.031333 0.256667
1019 85.521333 0.500000 0.037333 0.286667
250 85.589667 0.488333 0.116667 0.556667
323 85.759333 0.498333 0.238667 0.570000
543 85.945333 0.501667 0.146667 0.476667
630 86.078333 0.495000 0.132667 0.443333
73 86.199667 0.508333 0.128667 0.423333
145 86.306000 0.505000 0.097333 0.423333
769 86.410333 0.490000 0.127333 0.360000
194 86.527000 0.498333 0.122000 0.516667
569 86.631667 0.508333 0.104667 0.423333
567 86.736667 0.505000 0.124000 0.510000
779 86.806333 0.491667 0.032667 0.323333
237 86.857667 0.493333 0.083333 0.520000
989 86.916333 0.500000 0.052667 0.373333
983 86.960667 0.500000 0.050667 0.366667
744 87.038000 0.506667 0.124000 0.513333
590 87.144667 0.505000 0.108000 0.416667
344 87.266333 0.510000 0.152667 0.440000
907 87.393000 0.510000 0.114000 0.366667
479 87.478333 0.493333 0.072667 0.386667
887 87.582667 0.508333 0.153333 0.483333
69 87.705333 0.503333 0.112000 0.586667
387 87.834000 0.488333 0.158667 0.450000
1020 87.928333 0.495000 0.043333 0.336667
241 87.989000 0.488333 0.094000 0.516667
783 88.070000 0.501667 0.088000 0.483333
298 88.148667 0.493333 0.088000 0.446667
206 88.241333 0.498333 0.113333 0.456667
469 88.329000 0.496667 0.076667 0.393333
0 88.383667 0.488333 0.052667 0.423333
671 88.459333 0.506667 0.117333 0.386667
756 88.590667 0.493333 0.160000 0.480000
118 88.722000 0.488333 0.116000 0.456667
84 88.831667 0.500000 0.116667 0.326667
257 88.948000 0.508333 0.132000 0.403333
594 89.061333 0.508333 0.110667 0.336667
953 89.128000 0.491667 0.037333 0.270000
494 89.181333 0.505000 0.086667 0.383333
878 89.258333 0.508333 0.087333 0.450000
693 89.331667 0.488333 0.076667 0.383333
336 89.407667 0.493333 0.090000 0.426667
98 89.540333 0.498333 0.190000 0.950000
661 89.683333 0.490000 0.113333 0.386667
531 89.818000 0.506667 0.172000 0.366667
328 89.987667 0.491667 0.187333 0.936667
399 90.137000 0.510000 0.127333 0.440000
749 90.249000 0.505000 0.115333 0.463333
932 90.316667 0.508333 0.037333 0.283333
721 90.416667 0.493333 0.180000 0.900000
45 90.541000 0.498333 0.082000 0.410000
848 90.637667 0.491667 0.127333 0.390000
176 90.750667 0.490000 0.118667 0.426667
614 90.878667 0.496667 0.156000 0.780000
504 91.005333 0.506667 0.117333 0.346667
131 91.118667 0.503333 0.128000 0.493333
67 91.271000 0.505000 0.190000 0.950000
404 91.441000 0.498333 0.166000 0.830000
105 91.607000 0.495000 0.179333 0.896667
305 91.717000 0.501667 0.060667 0.343333
686 91.789333 0.491667 0.097333 0.476667
597 91.882667 0.495000 0.108000 0.330000
418 91.970667 0.493333 0.085333 0.413333
854 92.087000 0.508333 0.164667 0.563333
445 92.196333 0.505000 0.072667 0.383333
720 92.302333 0.501667 0.158000 0.396667
728 92.400667 0.500000 0.054667 0.493333
266 92.496333 0.488333 0.154000 0.463333
275 92.597333 0.490000 0.062667 0.386667
197 92.678000 0.496667 0.112000 0.466667
263 92.825000 0.488333 0.199333 0.996667
859 92.989667 0.493333 0.143333 0.426667
352 93.130667 0.496667 0.153333 0.420000
638 93.247000 0.495000 0.096667 0.383333
718 93.390667 0.503333 0.208000 1.040000
252 93.555000 0.500000 0.134000 0.533333
486 93.647667 0.498333 0.067333 0.356667
908 93.718667 0.498333 0.090667 0.330000
23 93.835333 0.501667 0.160000 0.470000
608 93.957333 0.490000 0.102667 0.340000
407 94.048667 0.510000 0.098667 0.380000
1002 94.108000 0.490000 0.034667 0.253333
892 94.214667 0.495000 0.192000 0.590000
761 94.371667 0.508333 0.135333 0.390000
735 94.488667 0.508333 0.117333 0.483333
606 94.606000 0.488333 0.134667 0.410000
997 94.686333 0.491667 0.044667 0.343333
666 94.766667 0.506667 0.129333 0.460000
142 94.865333 0.496667 0.081333 0.400000
1 94.936333 0.506667 0.080667 0.393333
311 95.011667 0.503333 0.087333 0.373333
539 95.080000 0.498333 0.066667 0.296667
673 95.160333 0.503333 0.112667 0.366667
281 95.273333 0.488333 0.126667 0.430000
971 95.347333 0.505000 0.034667 0.270000
17 95.401000 0.505000 0.088667 0.310000
456 95.470667 0.501667 0.070667 0.376667
839 95.541333 0.508333 0.090667 0.396667
1013 95.596333 0.508333 0.039333 0.316667
805 95.677333 0.493333 0.138667 0.426667
110 95.807000 0.501667 0.134000 0.470000
519 95.926333 0.490000 0.120667 0.393333
612 96.050667 0.510000 0.142667 0.373333
572 96.167667 0.505000 0.104667 0.430000
446 96.253000 0.491667 0.080667 0.423333
604 96.337333 0.505000 0.104000 0.316667
748 96.437667 0.500000 0.112667 0.386667
132 96.533000 0.498333 0.095333 0.436667
536 96.654000 0.495000 0.162667 0.650000
136 96.785333 0.503333 0.114667 0.506667
286 96.887333 0.496667 0.102667 0.380000
270 97.004333 0.501667 0.146000 0.436667
325 97.174333 0.488333 0.207333 1.036667
532 97.325333 0.496667 0.109333 0.560000
943 97.396000 0.498333 0.048000 0.370000
545 97.448667 0.500000 0.074667 0.306667
587 97.539667 0.505000 0.124667 0.376667
111 97.642333 0.501667 0.096667 0.450000
787 97.720333 0.496667 0.075333 0.453333
605 97.811000 0.505000 0.120667 0.316667
450 97.901333 0.508333 0.073333 0.403333
743 97.970667 0.498333 0.081333 0.336667
294 98.107667 0.505000 0.207333 0.323333
659 98.253667 0.491667 0.099333 0.396667
459 98.331333 0.488333 0.070667 0.363333
626 98.425667 0.505000 0.138000 0.463333
76 98.565667 0.490000 0.155333 0.486667
736 98.673333 0.508333 0.074667 0.490000
709 98.804333 0.508333 0.202000 1.010000
70 98.958000 0.495000 0.118667 0.443333
695 99.083000 0.503333 0.147333 0.420000
885 99.186000 0.488333 0.073333 0.336667
55 99.263667 0.488333 0.102000 0.283333
475 99.339333 0.506667 0.065333 0.353333
262 99.427000 0.495000 0.127333 0.650000
957 99.499333 0.508333 0.037333 0.303333
922 99.528000 0.505000 0.040000 0.316667
358 99.623000 0.500000 0.164667 0.466667
942 99.721333 0.510000 0.050667 0.373333
503 99.803667 0.501667 0.127333 0.376667
477 99.896333 0.496667 0.078000 0.400000
163 99.972667 0.491667 0.094667 0.363333
227 100.056333 0.503333 0.092667 0.380000
655 100.133667 0.495000 0.076667 0.343333
794 100.204333 0.488333 0.078000 0.483333
214 100.293000 0.498333 0.119333 0.603333
155 100.393000 0.500000 0.099333 0.500000
58 100.462000 0.493333 0.054667 0.246667
920 100.539000 0.506667 0.114000 0.420000
349 100.649667 0.488333 0.126000 0.363333
278 100.760333 0.508333 0.111333 0.343333
609 100.838667 0.495000 0.062667 0.256667
253 100.891000 0.498333 0.060667 0.536667
474 100.943333 0.488333 0.064000 0.383333
122 101.011667 0.510000 0.088667 0.326667
121 101.056667 0.498333 0.021333 0.336667
1012 101.076333 0.510000 0.035333 0.273333
18 101.141667 0.508333 0.114000 0.376667
126 101.306667 0.500000 0.230667 1.153333
238 101.472667 0.503333 0.120000 0.466667
173 101.571667 0.493333 0.094000 0.426667
201 101.653333 0.498333 0.086667 0.436667
157 101.757333 0.503333 0.140000 0.593333
813 101.883667 0.503333 0.128667 0.446667
190 101.982333 0.503333 0.088667 0.406667
773 102.095333 0.498333 0.157333 0.470000
337 102.277000 0.498333 0.219333 1.096667
2 102.410000 0.496667 0.060000 0.286667
1021 102.450667 0.510000 0.034667 0.286667
433 102.540000 0.491667 0.158667 0.383333
949 102.629000 0.510000 0.038000 0.280000
460 102.675333 0.488333 0.069333 0.350000
1022 102.722667 0.500000 0.042667 0.353333
900 102.821000 0.508333 0.170000 0.850000
778 102.951000 0.503333 0.106000 0.680000
840 103.051000 0.488333 0.111333 0.503333
713 103.173000 0.510000 0.150000 0.380000
66 103.295333 0.501667 0.109333 0.550000
516 103.407333 0.491667 0.133333 0.430000
700 103.564667 0.510000 0.196000 0.980000
295 103.707667 0.508333 0.110000 0.470000
61 103.796000 0.503333 0.081333 0.420000
364 103.906667 0.510000 0.157333 0.786667
684 104.035333 0.491667 0.116000 0.410000
463 104.123333 0.503333 0.074667 0.440000
623 104.261333 0.500000 0.220000 1.100000
985 104.381000 0.508333 0.032667 0.256667
107 104.484000 0.505000 0.188000 0.410000
