250 0.084667 0.510000 0.162667 0.813333
773 0.226000 0.498333 0.137333 0.430000
380 0.367333 0.505000 0.161333 0.430000
980 0.457333 0.510000 0.038667 0.280000
339 0.523000 0.498333 0.106000 0.530000
355 0.645667 0.490000 0.159333 0.460000
124 0.770333 0.510000 0.107333 0.380000
285 0.889000 0.498333 0.143333 0.470000
803 1.027333 0.501667 0.150667 0.436667
598 1.145000 0.501667 0.100667 0.296667
236 1.247667 0.491667 0.118000 0.463333
717 1.387000 0.508333 0.175333 0.523333
721 1.546667 0.503333 0.164000 0.820000
562 1.712667 0.510000 0.181333 0.426667
781 1.826000 0.508333 0.060000 0.310000
555 1.866667 0.506667 0.038667 0.386667
661 1.933000 0.493333 0.112667 0.406667
530 2.037333 0.508333 0.112000 0.516667
259 2.182667 0.506667 0.193333 0.966667
85 2.327667 0.490000 0.112667 0.446667
179 2.446000 0.508333 0.137333 0.483333
388 2.563667 0.495000 0.115333 0.330000
206 2.666000 0.503333 0.105333 0.453333
145 2.752333 0.495000 0.080667 0.350000
899 2.858667 0.491667 0.150667 0.410000
282 2.998667 0.495000 0.148000 0.510000
28 3.109000 0.490000 0.092667 0.306667
947 3.166667 0.495000 0.040000 0.310000
451 3.217333 0.503333 0.078667 0.426667
570 3.298667 0.501667 0.100000 0.423333
215 3.403333 0.490000 0.122667 0.486667
552 3.488333 0.490000 0.066000 0.413333
660 3.566333 0.490000 0.106000 0.393333
142 3.719667 0.495000 0.220667 1.103333
395 3.882000 0.498333 0.118667 0.323333
398 3.974667 0.490000 0.086667 0.466667
125 4.058333 0.510000 0.094000 0.420000
138 4.128000 0.490000 0.065333 0.373333
512 4.218000 0.503333 0.134667 0.440000
360 4.341667 0.495000 0.126000 0.356667
161 4.457000 0.508333 0.118000 0.410000
829 4.560667 0.506667 0.105333 0.440000
329 4.693333 0.503333 0.177333 0.886667
155 4.814000 0.496667 0.078667 0.453333
710 4.932333 0.500000 0.171333 0.433333
981 5.035000 0.493333 0.048667 0.360000
841 5.106333 0.496667 0.112667 0.553333
964 5.174667 0.506667 0.038667 0.300000
403 5.251000 0.496667 0.127333 0.353333
1009 5.330333 0.506667 0.048667 0.353333
1006 5.367000 0.493333 0.040667 0.313333
547 5.423667 0.498333 0.086000 0.476667
209 5.506000 0.488333 0.093333 0.470000
8 5.602000 0.488333 0.116000 0.423333
872 5.733667 0.501667 0.167333 0.836667
518 5.907667 0.495000 0.200667 1.003333
992 6.017333 0.508333 0.034667 0.290000
808 6.082333 0.506667 0.112667 0.413333
950 6.150333 0.510000 0.036667 0.293333
732 6.201333 0.506667 0.080000 0.420000
929 6.247000 0.493333 0.031333 0.260000
607 6.318333 0.496667 0.126000 0.380000
856 6.461000 0.500000 0.178000 0.446667
19 6.580667 0.493333 0.081333 0.286667
233 6.662000 0.503333 0.097333 0.433333
835 6.749667 0.493333 0.094000 0.366667
123 6.846333 0.506667 0.115333 0.713333
541 6.965333 0.500000 0.142667 0.293333
936 7.046333 0.493333 0.035333 0.273333
35 7.118333 0.495000 0.127333 0.423333
933 7.189667 0.505000 0.034000 0.270000
449 7.225667 0.500000 0.055333 0.293333
744 7.316667 0.510000 0.142667 0.593333
440 7.409000 0.500000 0.055333 0.293333
270 7.522000 0.503333 0.189333 0.946667
384 7.667667 0.508333 0.115333 0.316667
346 7.773333 0.508333 0.114667 0.350000
621 7.854333 0.500000 0.062000 0.566667
834 7.933667 0.498333 0.116667 0.563333
797 8.035333 0.503333 0.101333 0.406667
897 8.142667 0.508333 0.128000 0.376667
572 8.247667 0.488333 0.098000 0.383333
176 8.349333 0.496667 0.120000 0.413333
0 8.427000 0.488333 0.052667 0.430000
665 8.510667 0.496667 0.133333 0.460000
171 8.625333 0.488333 0.116000 0.443333
873 8.723333 0.505000 0.097333 0.436667
309 8.795000 0.508333 0.064667 0.356667
667 8.881000 0.508333 0.120667 0.430000
507 8.962000 0.508333 0.058667 0.330000
913 9.039667 0.490000 0.110000 0.333333
764 9.133000 0.496667 0.091333 0.426667
64 9.202667 0.496667 0.068000 0.380000
830 9.281667 0.500000 0.103333 0.493333
577 9.373333 0.510000 0.094667 0.366667
244 9.484333 0.506667 0.146000 0.400000
416 9.584000 0.508333 0.072000 0.350000
374 9.669333 0.508333 0.114667 0.330000
474 9.756000 0.490000 0.072000 0.400000
173 9.840000 0.503333 0.113333 0.506667
559 9.926667 0.501667 0.073333 0.363333
456 9.989333 0.490000 0.068000 0.406667
63 10.079667 0.506667 0.128667 0.460000
186 10.186000 0.510000 0.097333 0.393333
387 10.296333 0.488333 0.138000 0.363333
1008 10.379667 0.505000 0.044667 0.336667
671 10.448667 0.508333 0.112000 0.390000
774 10.533000 0.501667 0.071333 0.376667
310 10.592333 0.508333 0.063333 0.350000
230 10.700333 0.505000 0.166000 0.830000
20 10.835667 0.490000 0.119333 0.406667
213 10.934000 0.501667 0.097333 0.483333
591 11.049667 0.505000 0.148667 0.436667
15 11.174667 0.491667 0.117333 0.416667
543 11.324000 0.488333 0.196000 0.603333
483 11.450000 0.501667 0.070667 0.370000
100 11.585667 0.498333 0.218000 1.090000
308 11.723333 0.501667 0.070667 0.396667
424 11.821000 0.493333 0.139333 0.440000
386 11.962333 0.496667 0.162000 0.440000
634 12.073000 0.503333 0.079333 0.333333
658 12.136667 0.495000 0.068000 0.383333
911 12.214333 0.501667 0.106000 0.376667
978 12.280000 0.493333 0.040000 0.326667
800 12.344000 0.510000 0.108000 0.393333
810 12.437000 0.510000 0.094000 0.426667
681 12.497667 0.503333 0.047333 0.413333
712 12.605000 0.495000 0.183333 0.916667
6 12.743000 0.508333 0.111333 0.416667
443 12.834333 0.501667 0.084667 0.436667
136 12.922333 0.498333 0.104667 0.463333
767 13.032000 0.501667 0.128000 0.363333
949 13.110667 0.508333 0.049333 0.383333
976 13.146333 0.508333 0.035333 0.290000
549 13.213000 0.493333 0.114000 0.386667
631 13.335667 0.491667 0.146000 0.490000
39 13.458333 0.508333 0.116667 0.383333
362 13.584333 0.493333 0.155333 0.426667
584 13.710000 0.498333 0.112000 0.336667
10 13.813000 0.495000 0.108667 0.356667
9 13.915000 0.495000 0.112667 0.443333
612 14.055000 0.500000 0.183333 0.460000
795 14.179333 0.508333 0.080000 0.483333
40 14.263333 0.503333 0.102667 0.340000
513 14.359333 0.510000 0.104000 0.326667
630 14.480333 0.500000 0.151333 0.506667
247 14.586000 0.501667 0.080000 0.396667
725 14.667667 0.505000 0.102000 0.430000
361 14.766667 0.498333 0.116000 0.330000
1001 14.835000 0.490000 0.040667 0.313333
935 14.865667 0.493333 0.035333 0.293333
38 14.925000 0.490000 0.098000 0.333333
573 15.007333 0.493333 0.081333 0.333333
294 15.176333 0.501667 0.271333 0.510000
131 15.359667 0.506667 0.108667 0.426667
185 15.467000 0.498333 0.120667 0.496667
982 15.541333 0.506667 0.041333 0.333333
684 15.609667 0.488333 0.112667 0.390000
70 15.728000 0.503333 0.142667 0.506667
662 15.847000 0.496667 0.114000 0.393333
902 15.955000 0.491667 0.118000 0.370000
114 16.042333 0.508333 0.076667 0.383333
715 16.185000 0.491667 0.226000 1.130000
522 16.351000 0.506667 0.123333 0.386667
561 16.490333 0.491667 0.172667 0.423333
147 16.603333 0.493333 0.072000 0.380000
707 16.693333 0.506667 0.122667 0.506667
194 16.810333 0.498333 0.131333 0.536667
363 16.943333 0.490000 0.150667 0.400000
750 17.075333 0.506667 0.129333 0.486667
86 17.184333 0.500000 0.102000 0.433333
88 17.331000 0.495000 0.206000 1.030000
69 17.484667 0.501667 0.116000 0.616667
243 17.616000 0.498333 0.162667 0.536667
17 17.738000 0.490000 0.100000 0.346667
843 17.843000 0.488333 0.123333 0.516667
569 17.945000 0.488333 0.096667 0.396667
312 18.031667 0.493333 0.090000 0.326667
445 18.103000 0.506667 0.067333 0.353333
826 18.171000 0.493333 0.084667 0.406667
317 18.268667 0.495000 0.125333 0.503333
537 18.430333 0.501667 0.211333 1.056667
68 18.592667 0.505000 0.132000 0.376667
642 18.706667 0.493333 0.109333 0.433333
524 18.803000 0.505000 0.099333 0.336667
143 18.888333 0.503333 0.084667 0.446667
776 18.989667 0.503333 0.138000 0.313333
450 19.088667 0.506667 0.077333 0.400000
207 19.180333 0.505000 0.119333 0.603333
241 19.279000 0.505000 0.092667 0.510000
602 19.377333 0.498333 0.120000 0.370000
400 19.449667 0.505000 0.044667 0.390000
663 19.509000 0.495000 0.092667 0.296667
148 19.608667 0.495000 0.125333 0.343333
67 19.751667 0.491667 0.176667 0.883333
983 19.853000 0.503333 0.042000 0.326667
141 19.910000 0.508333 0.085333 0.376667
318 19.984000 0.491667 0.076000 0.376667
928 20.036333 0.488333 0.046000 0.370000
464 20.087667 0.500000 0.076667 0.460000
554 20.190667 0.490000 0.149333 0.406667
558 20.289667 0.505000 0.066000 0.323333
886 20.376333 0.506667 0.124667 0.426667
516 20.482667 0.510000 0.102667 0.346667
852 20.567333 0.496667 0.085333 0.393333
267 20.699667 0.508333 0.195333 0.603333
180 20.842000 0.508333 0.109333 0.396667
165 20.953667 0.491667 0.127333 0.443333
255 21.069333 0.506667 0.121333 0.466667
792 21.176333 0.490000 0.110000 0.453333
989 21.242000 0.503333 0.036000 0.260000
82 21.293333 0.506667 0.081333 0.620000
743 21.371333 0.501667 0.094667 0.390000
535 21.506667 0.496667 0.196000 0.426667
57 21.622333 0.501667 0.050000 0.263333
92 21.732667 0.510000 0.185333 0.406667
332 21.931333 0.510000 0.230667 1.153333
729 22.052667 0.496667 0.029333 0.413333
199 22.112333 0.495000 0.104667 0.510000
815 22.230000 0.508333 0.144000 0.356667
289 22.389667 0.505000 0.190000 0.383333
280 22.548000 0.488333 0.142667 0.463333
593 22.670000 0.503333 0.117333 0.386667
254 22.797333 0.508333 0.157333 0.596667
746 22.938667 0.508333 0.142667 0.476667
885 23.040000 0.508333 0.073333 0.316667
342 23.113000 0.500000 0.087333 0.400000
824 23.207333 0.501667 0.117333 0.543333
326 23.296333 0.505000 0.078000 0.356667
347 23.387333 0.490000 0.117333 0.313333
389 23.493667 0.506667 0.111333 0.300000
55 23.613000 0.506667 0.140667 0.353333
970 23.692667 0.501667 0.034667 0.263333
410 23.758667 0.505000 0.110667 0.503333
105 23.924000 0.501667 0.233333 0.503333
367 24.091333 0.496667 0.114667 0.333333
480 24.167000 0.510000 0.055333 0.320000
320 24.247000 0.488333 0.119333 0.363333
868 24.342333 0.495000 0.087333 0.490000
676 24.445000 0.490000 0.132667 0.453333
344 24.565333 0.501667 0.125333 0.330000
788 24.698000 0.488333 0.158667 0.496667
197 24.829667 0.493333 0.120667 0.506667
501 24.919333 0.506667 0.074667 0.333333
632 25.027000 0.501667 0.155333 0.776667
531 25.180333 0.491667 0.166000 0.476667
857 25.357000 0.500000 0.203333 0.460000
153 25.487000 0.506667 0.076667 0.340000
281 25.585000 0.510000 0.135333 0.466667
304 25.682667 0.496667 0.080000 0.453333
505 25.746667 0.495000 0.064000 0.270000
539 25.804667 0.495000 0.072000 0.323333
985 25.851333 0.495000 0.036000 0.303333
226 25.911333 0.503333 0.097333 0.466667
925 25.969667 0.510000 0.039333 0.286667
22 26.048000 0.496667 0.130667 0.440000
599 26.176000 0.496667 0.141333 0.433333
919 26.273667 0.506667 0.072667 0.346667
212 26.366000 0.503333 0.132000 0.526667
931 26.449000 0.488333 0.047333 0.343333
766 26.514667 0.500000 0.100000 0.293333
637 26.579667 0.510000 0.048667 0.260000
1013 26.617000 0.503333 0.040667 0.346667
625 26.697667 0.500000 0.140667 0.473333
139 26.800667 0.510000 0.082667 0.480000
120 26.911000 0.501667 0.156667 0.783333
669 27.036333 0.491667 0.107333 0.376667
825 27.130333 0.505000 0.098000 0.490000
896 27.232333 0.495000 0.119333 0.363333
867 27.336667 0.498333 0.104000 0.350000
908 27.421000 0.490000 0.084667 0.313333
375 27.529000 0.498333 0.146000 0.443333
526 27.668000 0.491667 0.150667 0.396667
482 27.770000 0.488333 0.072000 0.423333
849 27.841667 0.496667 0.086000 0.360000
691 27.928000 0.510000 0.100000 0.493333
376 28.039000 0.500000 0.136667 0.366667
811 28.170333 0.490000 0.139333 0.433333
751 28.288000 0.508333 0.110667 0.476667
121 28.341667 0.490000 0.016667 0.320000
59 28.412333 0.490000 0.140667 0.353333
110 28.546667 0.496667 0.144000 0.506667
638 28.658667 0.503333 0.093333 0.366667
581 28.739333 0.495000 0.081333 0.363333
724 28.820333 0.496667 0.094000 0.460000
608 28.899667 0.508333 0.084667 0.310000
848 28.995667 0.488333 0.120667 0.370000
81 29.095000 0.510000 0.094000 0.380000
144 29.247667 0.505000 0.231333 1.156667
635 29.393000 0.500000 0.074000 0.333333
582 29.483000 0.503333 0.122000 0.433333
926 29.552333 0.501667 0.032667 0.270000
335 29.628000 0.491667 0.137333 0.436667
611 29.737667 0.495000 0.095333 0.370000
937 29.798000 0.498333 0.042667 0.323333
352 29.891333 0.510000 0.158667 0.420000
945 29.983667 0.495000 0.044667 0.323333
546 30.043333 0.501667 0.090667 0.323333
157 30.167000 0.505000 0.174000 0.696667
116 30.309000 0.501667 0.128667 0.383333
796 30.437667 0.503333 0.144667 0.500000
300 30.532000 0.503333 0.057333 0.180000
369 30.619333 0.500000 0.132000 0.380000
639 30.711000 0.500000 0.064667 0.320000
299 30.775667 0.508333 0.080667 0.316667
758 30.882000 0.506667 0.152000 0.473333
162 31.017000 0.491667 0.136667 0.483333
205 31.187000 0.498333 0.220667 1.103333
351 31.348667 0.508333 0.117333 0.310000
977 31.416333 0.510000 0.035333 0.260000
875 31.517000 0.510000 0.179333 0.466667
735 31.669667 0.498333 0.142000 0.583333
193 31.787000 0.508333 0.107333 0.430000
553 31.888000 0.501667 0.113333 0.410000
74 32.008333 0.505000 0.147333 0.470000
785 32.112000 0.503333 0.073333 0.313333
820 32.177333 0.506667 0.077333 0.320000
901 32.281000 0.491667 0.144667 0.436667
657 32.394333 0.488333 0.096667 0.390000
1023 32.456000 0.493333 0.045333 0.340000
688 32.514667 0.496667 0.092000 0.453333
943 32.574000 0.505000 0.040000 0.296667
946 32.602667 0.500000 0.037333 0.280000
359 32.675333 0.488333 0.125333 0.350000
742 32.807667 0.508333 0.155333 0.636667
511 32.941667 0.488333 0.127333 0.410000
397 33.055667 0.491667 0.115333 0.476667
377 33.182000 0.500000 0.152000 0.473333
656 33.322000 0.490000 0.141333 0.346667
27 33.442000 0.493333 0.112000 0.380000
719 33.598667 0.506667 0.221333 1.106667
311 33.742333 0.510000 0.086000 0.373333
251 33.804667 0.493333 0.052000 0.293333
407 33.876000 0.491667 0.105333 0.410000
880 33.981667 0.488333 0.123333 0.396667
557 34.075667 0.503333 0.078000 0.553333
726 34.146000 0.488333 0.077333 0.403333
887 34.247000 0.501667 0.143333 0.436667
756 34.379667 0.501667 0.139333 0.423333
958 34.465667 0.496667 0.046000 0.340000
181 34.594333 0.495000 0.227333 1.136667
736 34.735000 0.510000 0.074000 0.493333
83 34.799000 0.501667 0.074000 0.343333
435 34.859333 0.503333 0.060000 0.326667
754 34.947667 0.510000 0.130000 0.633333
462 35.030000 0.491667 0.052000 0.296667
687 35.096000 0.498333 0.098667 0.483333
548 35.204000 0.488333 0.133333 0.416667
341 35.297000 0.501667 0.072667 0.310000
340 35.396667 0.490000 0.141333 0.426667
54 35.489667 0.491667 0.064667 0.363333
140 35.621333 0.493333 0.214667 1.073333
942 35.738000 0.501667 0.032000 0.250000
533 35.796667 0.498333 0.105333 0.356667
303 35.867667 0.496667 0.055333 0.313333
812 35.951333 0.491667 0.132000 0.310000
314 36.064333 0.505000 0.114000 0.396667
805 36.183000 0.488333 0.140667 0.410000
399 36.290000 0.500000 0.092000 0.306667
95 36.444667 0.493333 0.237333 0.513333
986 36.575333 0.491667 0.038667 0.303333
733 36.630667 0.500000 0.088000 0.520000
878 36.713000 0.495000 0.095333 0.483333
103 36.858667 0.500000 0.210667 1.053333
201 37.006333 0.490000 0.103333 0.413333
96 37.151667 0.505000 0.202000 0.430000
790 37.274667 0.490000 0.062667 0.380000
877 37.339667 0.508333 0.084667 0.430000
264 37.432333 0.501667 0.120667 0.463333
404 37.531333 0.503333 0.093333 0.473333
894 37.652000 0.500000 0.164000 0.820000
396 37.782667 0.506667 0.117333 0.313333
58 37.863333 0.493333 0.061333 0.353333
379 37.976667 0.500000 0.184000 0.920000
716 38.162667 0.510000 0.201333 1.006667
190 38.311000 0.503333 0.110000 0.533333
291 38.423667 0.498333 0.135333 0.523333
571 38.528667 0.501667 0.088000 0.383333
697 38.605333 0.490000 0.078667 0.393333
713 38.710667 0.498333 0.146667 0.456667
813 38.846000 0.491667 0.137333 0.410000
75 38.981000 0.508333 0.147333 0.450000
759 39.112000 0.503333 0.128000 0.406667
932 39.187333 0.495000 0.037333 0.316667
858 39.265000 0.503333 0.131333 0.400000
2 39.359667 0.488333 0.074000 0.383333
659 39.433000 0.488333 0.091333 0.363333
968 39.489333 0.505000 0.040000 0.290000
934 39.516667 0.496667 0.034667 0.280000
107 39.632333 0.495000 0.215333 1.076667
576 39.775333 0.500000 0.086667 0.340000
838 39.864333 0.493333 0.107333 0.440000
798 39.954000 0.506667 0.089333 0.326667
984 40.010333 0.495000 0.042000 0.323333
847 40.092333 0.501667 0.140667 0.430000
237 40.197667 0.508333 0.087333 0.570000
640 40.278667 0.496667 0.088000 0.453333
129 40.386667 0.503333 0.148000 0.566667
1018 40.472000 0.498333 0.036000 0.290000
72 40.531000 0.506667 0.095333 0.460000
802 40.671667 0.490000 0.202000 0.486667
198 40.814333 0.503333 0.100667 0.480000
46 40.878333 0.488333 0.046000 0.410000
1015 40.911667 0.505000 0.034000 0.263333
272 41.020333 0.508333 0.202000 1.010000
971 41.131667 0.500000 0.036667 0.306667
799 41.196000 0.495000 0.106667 0.403333
920 41.289333 0.491667 0.096000 0.356667
586 41.388667 0.495000 0.122667 0.343333
860 41.540000 0.496667 0.200000 1.000000
49 41.713000 0.495000 0.164667 0.823333
504 41.861333 0.491667 0.150667 0.436667
60 41.965667 0.500000 0.074000 0.306667
90 42.107000 0.503333 0.226000 0.480000
224 42.260000 0.496667 0.093333 0.386667
187 42.356667 0.498333 0.114667 0.503333
974 42.428333 0.491667 0.046000 0.350000
1003 42.459333 0.508333 0.033333 0.263333
749 42.517333 0.500000 0.100000 0.420000
566 42.624000 0.501667 0.128000 0.523333
601 42.729333 0.490000 0.097333 0.293333
772 42.881000 0.501667 0.224667 1.123333
257 43.055667 0.493333 0.143333 0.493333
252 43.192000 0.500000 0.144000 0.580000
278 43.314000 0.488333 0.114667 0.350000
16 43.412000 0.503333 0.094667 0.333333
427 43.528333 0.508333 0.155333 0.776667
679 43.639667 0.500000 0.082000 0.493333
706 43.704333 0.505000 0.060667 0.310000
472 43.757333 0.493333 0.064000 0.333333
93 43.863667 0.491667 0.166000 0.830000
219 43.989000 0.496667 0.099333 0.406667
888 44.108000 0.508333 0.156000 0.483333
693 44.223333 0.498333 0.092000 0.443333
778 44.303333 0.505000 0.084000 0.550000
1000 44.356667 0.505000 0.036000 0.276667
127 44.463667 0.508333 0.198000 0.990000
1002 44.573000 0.488333 0.040667 0.330000
14 44.637333 0.496667 0.101333 0.326667
753 44.791000 0.501667 0.223333 1.116667
227 44.956333 0.500000 0.124667 0.553333
239 45.055667 0.506667 0.090000 0.553333
783 45.139667 0.503333 0.098000 0.540000
823 45.223333 0.495000 0.082667 0.356667
175 45.345667 0.498333 0.175333 0.876667
274 45.477333 0.508333 0.106667 0.503333
874 45.553333 0.493333 0.065333 0.320000
446 45.614000 0.508333 0.074667 0.416667
135 45.713000 0.496667 0.138000 0.400000
991 45.790000 0.505000 0.032000 0.250000
678 45.851333 0.496667 0.109333 0.380000
854 45.980667 0.500000 0.164000 0.493333
452 46.086333 0.496667 0.066000 0.380000
590 46.222667 0.490000 0.225333 1.126667
864 46.370000 0.505000 0.086667 0.343333
434 46.458667 0.508333 0.105333 0.356667
904 46.543000 0.498333 0.082000 0.436667
128 46.652000 0.503333 0.153333 0.466667
338 46.794000 0.506667 0.150667 0.780000
401 46.902333 0.493333 0.086000 0.440000
160 46.973333 0.493333 0.073333 0.406667
182 47.079333 0.490000 0.154667 0.773333
4 47.189000 0.491667 0.084667 0.356667
302 47.257333 0.503333 0.069333 0.386667
695 47.363667 0.495000 0.163333 0.816667
210 47.486667 0.498333 0.102667 0.416667
3 47.565667 0.510000 0.075333 0.340000
987 47.614667 0.510000 0.042667 0.353333
1016 47.645667 0.495000 0.039333 0.303333
701 47.740667 0.493333 0.168000 0.840000
651 47.879000 0.503333 0.126000 0.433333
498 47.963333 0.503333 0.062667 0.386667
276 48.017667 0.500000 0.060667 0.386667
668 48.101667 0.498333 0.120667 0.416667
952 48.174333 0.498333 0.040667 0.343333
527 48.264000 0.488333 0.156000 0.450000
390 48.400333 0.490000 0.135333 0.393333
895 48.535333 0.500000 0.150667 0.446667
969 48.622000 0.508333 0.038667 0.296667
752 48.666333 0.490000 0.070000 0.186667
47 48.753000 0.495000 0.119333 0.576667
966 48.827000 0.501667 0.044667 0.343333
927 48.860000 0.500000 0.037333 0.306667
159 48.891000 0.488333 0.038000 0.290000
563 48.980000 0.508333 0.160000 0.330000
996 49.068000 0.503333 0.029333 0.240000
488 49.109000 0.508333 0.070000 0.343333
466 49.168667 0.510000 0.065333 0.340000
502 49.240000 0.503333 0.094667 0.420000
221 49.341333 0.508333 0.128000 0.516667
146 49.445667 0.498333 0.098000 0.476667
158 49.555667 0.508333 0.140667 0.430000
305 49.651000 0.488333 0.068667 0.383333
323 49.788333 0.503333 0.220667 0.560000
975 49.910000 0.493333 0.042667 0.313333
150 49.976000 0.488333 0.109333 0.416667
600 50.077000 0.491667 0.106000 0.323333
603 50.238333 0.505000 0.231333 1.156667
998 50.365667 0.488333 0.043333 0.336667
837 50.441000 0.503333 0.123333 0.520000
358 50.566667 0.510000 0.142667 0.400000
421 50.700000 0.505000 0.137333 0.403333
876 50.847000 0.491667 0.172667 0.436667
714 51.026333 0.488333 0.202000 0.556667
850 51.178667 0.508333 0.118667 0.496667
112 51.287000 0.500000 0.114000 0.380000
801 51.381000 0.506667 0.094000 0.373333
152 51.469333 0.500000 0.098667 0.446667
191 51.566000 0.488333 0.112000 0.490000
912 51.652333 0.493333 0.079333 0.306667
467 51.714667 0.501667 0.061333 0.303333
306 51.772667 0.495000 0.072000 0.403333
840 51.848333 0.496667 0.092667 0.466667
589 51.932000 0.508333 0.088000 0.343333
238 52.024667 0.488333 0.116000 0.450000
118 52.130000 0.501667 0.112000 0.443333
508 52.211333 0.510000 0.064000 0.366667
1014 52.256333 0.503333 0.044667 0.320000
438 52.335667 0.491667 0.130000 0.390000
769 52.447000 0.488333 0.111333 0.323333
967 52.512667 0.505000 0.034667 0.283333
827 52.578000 0.506667 0.116000 0.493333
647 52.662667 0.501667 0.066667 0.336667
747 52.735000 0.503333 0.096667 0.420000
149 52.854333 0.500000 0.159333 0.433333
350 52.982667 0.498333 0.117333 0.323333
866 53.135667 0.508333 0.203333 1.016667
172 53.343333 0.493333 0.226667 1.133333
960 53.466333 0.496667 0.032667 0.273333
953 53.495667 0.493333 0.043333 0.353333
130 53.602333 0.488333 0.186000 0.930000
349 53.740333 0.488333 0.110000 0.336667
745 53.838333 0.496667 0.103333 0.386667
66 53.945333 0.488333 0.128000 0.623333
740 54.061000 0.508333 0.123333 0.283333
106 54.230333 0.510000 0.230000 0.493333
479 54.364667 0.493333 0.058667 0.346667
900 54.464667 0.490000 0.157333 0.493333
893 54.617667 0.501667 0.168667 0.843333
565 54.780333 0.508333 0.171333 0.363333
944 54.878333 0.500000 0.040667 0.293333
269 54.988333 0.491667 0.195333 0.976667
295 55.125667 0.496667 0.092667 0.386667
372 55.232333 0.506667 0.134000 0.393333
286 55.339000 0.501667 0.099333 0.363333
870 55.404000 0.495000 0.049333 0.250000
536 55.488333 0.498333 0.136667 0.510000
988 55.572000 0.495000 0.045333 0.336667
249 55.613333 0.498333 0.057333 0.450000
418 55.672667 0.491667 0.074667 0.356667
702 55.797000 0.505000 0.187333 0.936667
196 55.944000 0.501667 0.120000 0.476667
234 56.056333 0.491667 0.118000 0.470000
794 56.147000 0.503333 0.076667 0.466667
263 56.283667 0.491667 0.215333 1.076667
402 56.456000 0.491667 0.145333 0.376667
617 56.562667 0.496667 0.082667 0.366667
948 56.615333 0.505000 0.036000 0.290000
461 56.657000 0.506667 0.066000 0.340000
170 56.749000 0.495000 0.136667 0.483333
471 56.839000 0.498333 0.059333 0.356667
476 56.889000 0.501667 0.058000 0.336667
231 56.952667 0.501667 0.089333 0.410000
806 57.098000 0.490000 0.218667 1.093333
290 57.268333 0.495000 0.139333 0.430000
737 57.351000 0.488333 0.044667 0.323333
218 57.404000 0.488333 0.078667 0.396667
575 57.490000 0.510000 0.113333 0.366667
333 57.616667 0.506667 0.157333 0.353333
938 57.710000 0.495000 0.048000 0.370000
200 57.784333 0.505000 0.120667 0.483333
955 57.859667 0.491667 0.046000 0.350000
525 57.937667 0.495000 0.127333 0.423333
698 58.031000 0.496667 0.074000 0.386667
463 58.088667 0.501667 0.061333 0.316667
757 58.169000 0.510000 0.116667 0.333333
723 58.267667 0.493333 0.096667 0.333333
436 58.370667 0.501667 0.128000 0.363333
412 58.471000 0.501667 0.087333 0.450000
831 58.546333 0.506667 0.082000 0.393333
780 58.643000 0.496667 0.127333 0.393333
865 58.739000 0.496667 0.083333 0.280000
429 58.815000 0.488333 0.088667 0.323333
5 58.894000 0.488333 0.089333 0.396667
26 58.982667 0.501667 0.104000 0.356667
183 59.080667 0.503333 0.112000 0.533333
917 59.146667 0.503333 0.037333 0.280000
297 59.190000 0.493333 0.064000 0.333333
853 59.262333 0.500000 0.095333 0.453333
417 59.348333 0.495000 0.090000 0.430000
184 59.425333 0.501667 0.080000 0.396667
256 59.501667 0.491667 0.090000 0.296667
616 59.618667 0.496667 0.160000 0.800000
580 59.772333 0.510000 0.160667 0.413333
619 59.890667 0.503333 0.092000 0.473333
615 59.990667 0.506667 0.124000 0.553333
382 60.133333 0.503333 0.178667 0.893333
653 60.298667 0.510000 0.172000 0.560000
283 60.450333 0.500000 0.146000 0.500000
606 60.581333 0.498333 0.129333 0.403333
497 60.715333 0.488333 0.157333 0.403333
301 60.817667 0.500000 0.063333 0.360000
475 60.880333 0.498333 0.079333 0.410000
629 60.985000 0.500000 0.144667 0.480000
30 61.110667 0.498333 0.122667 0.363333
431 61.207667 0.490000 0.088667 0.293333
499 61.272333 0.501667 0.054000 0.330000
422 61.334000 0.491667 0.089333 0.343333
104 61.462000 0.510000 0.186667 0.406667
229 61.598333 0.495000 0.099333 0.503333
31 61.713333 0.505000 0.145333 0.423333
465 61.807000 0.503333 0.055333 0.306667
594 61.883333 0.491667 0.117333 0.356667
941 61.951667 0.488333 0.032667 0.256667
415 62.074333 0.505000 0.228667 1.143333
645 62.218000 0.496667 0.072000 0.333333
646 62.286000 0.488333 0.082667 0.376667
636 62.368333 0.508333 0.096667 0.230000
356 62.483667 0.493333 0.151333 0.426667
709 62.599667 0.491667 0.096667 0.430000
353 62.711000 0.508333 0.143333 0.410000
532 62.825000 0.500000 0.100667 0.520000
821 62.914333 0.496667 0.094000 0.580000
643 63.007333 0.490000 0.112000 0.386667
574 63.098667 0.498333 0.089333 0.356667
844 63.187333 0.493333 0.108000 0.480000
890 63.278333 0.491667 0.087333 0.436667
481 63.343667 0.500000 0.062000 0.326667
328 63.466333 0.503333 0.203333 0.446667
168 63.610000 0.503333 0.102667 0.393333
500 63.694000 0.503333 0.081333 0.386667
394 63.789000 0.493333 0.123333 0.373333
817 63.903667 0.500000 0.124667 0.460000
538 64.065667 0.505000 0.212667 1.063333
768 64.206000 0.496667 0.088000 0.206667
490 64.275667 0.505000 0.066000 0.396667
167 64.392667 0.490000 0.181333 0.906667
748 64.527667 0.506667 0.102000 0.380000
670 64.631667 0.506667 0.120667 0.406667
520 64.738667 0.510000 0.108000 0.340000
392 64.854000 0.498333 0.140000 0.430000
690 64.963000 0.491667 0.096667 0.476667
491 65.060667 0.495000 0.112000 0.556667
18 65.173333 0.505000 0.129333 0.423333
62 65.269000 0.491667 0.076667 0.356667
741 65.357333 0.496667 0.113333 0.386667
722 65.474667 0.488333 0.134667 0.403333
25 65.584000 0.495000 0.101333 0.363333
214 65.690000 0.510000 0.124000 0.513333
923 65.764000 0.488333 0.041333 0.316667
910 65.841667 0.493333 0.128667 0.433333
137 65.929000 0.490000 0.064667 0.373333
755 66.029667 0.505000 0.156667 0.503333
32 66.153000 0.510000 0.107333 0.360000
337 66.282667 0.510000 0.166667 0.833333
951 66.375667 0.498333 0.038000 0.296667
489 66.416667 0.500000 0.062667 0.313333
814 66.495000 0.488333 0.112667 0.363333
648 66.578000 0.510000 0.070667 0.313333
1004 66.619667 0.498333 0.032667 0.263333
818 66.705000 0.490000 0.154000 0.360000
406 66.816000 0.506667 0.088000 0.340000
37 66.910333 0.501667 0.114000 0.363333
855 66.993333 0.491667 0.068000 0.176667
699 67.077000 0.510000 0.112667 0.346667
680 67.189667 0.493333 0.131333 0.446667
177 67.307333 0.503333 0.117333 0.453333
13 67.411667 0.491667 0.108667 0.356667
1020 67.481000 0.498333 0.043333 0.336667
393 67.568000 0.490000 0.150667 0.406667
391 67.690333 0.505000 0.114000 0.323333
588 67.783333 0.501667 0.090667 0.403333
61 67.865333 0.496667 0.088000 0.446667
307 67.936000 0.501667 0.072000 0.396667
686 68.008667 0.510000 0.090667 0.453333
211 68.102333 0.495000 0.114000 0.463333
739 68.183000 0.501667 0.067333 0.563333
675 68.256667 0.508333 0.098667 0.336667
763 68.320000 0.496667 0.044000 0.333333
775 68.379333 0.510000 0.093333 0.453333
284 68.467667 0.510000 0.102000 0.366667
111 68.565000 0.506667 0.107333 0.466667
696 68.678333 0.500000 0.138000 0.320000
133 68.787333 0.490000 0.094667 0.433333
918 68.892000 0.488333 0.128000 0.416667
220 68.990667 0.500000 0.082667 0.400000
324 69.093333 0.488333 0.140000 0.683333
677 69.213333 0.505000 0.117333 0.416667
24 69.312000 0.498333 0.100000 0.336667
506 69.369000 0.506667 0.030000 0.333333
956 69.391333 0.498333 0.032000 0.263333
316 69.461333 0.496667 0.122667 0.433333
564 69.579333 0.503333 0.128000 0.273333
641 69.677333 0.495000 0.081333 0.396667
119 69.760000 0.498333 0.097333 0.583333
189 69.839667 0.498333 0.080667 0.403333
521 69.979333 0.493333 0.217333 1.086667
470 70.118667 0.490000 0.074667 0.420000
672 70.214667 0.508333 0.136000 0.470000
578 70.333333 0.510000 0.118667 0.466667
178 70.445000 0.510000 0.119333 0.440000
268 70.574000 0.490000 0.154667 0.513333
441 70.671333 0.495000 0.056000 0.330000
240 70.727333 0.498333 0.070667 0.363333
845 70.806000 0.493333 0.106667 0.513333
89 70.970333 0.496667 0.240667 0.513333
916 71.172000 0.506667 0.177333 0.366667
87 71.352000 0.503333 0.196000 0.980000
430 71.501000 0.493333 0.115333 0.486667
385 71.619333 0.493333 0.138667 0.433333
595 71.750000 0.493333 0.141333 0.420000
202 71.872000 0.501667 0.121333 0.476667
99 72.005667 0.501667 0.162000 0.356667
685 72.131667 0.501667 0.110000 0.423333
626 72.262000 0.503333 0.169333 0.846667
930 72.355000 0.496667 0.031333 0.246667
793 72.420333 0.500000 0.119333 0.486667
97 72.562333 0.498333 0.180667 0.903333
79 72.760000 0.506667 0.229333 1.146667
994 72.886000 0.505000 0.037333 0.270000
411 72.980000 0.488333 0.169333 0.356667
592 73.134000 0.493333 0.154667 0.773333
587 73.259333 0.498333 0.116000 0.343333
689 73.355667 0.496667 0.095333 0.466667
861 73.418333 0.488333 0.048667 0.376667
21 73.489667 0.488333 0.111333 0.370000
903 73.601333 0.503333 0.126667 0.340000
343 73.734667 0.503333 0.156000 0.460000
760 73.865333 0.508333 0.122667 0.410000
965 73.936000 0.508333 0.038667 0.310000
905 74.018667 0.506667 0.140000 0.446667
544 74.124667 0.488333 0.088000 0.323333
225 74.228000 0.496667 0.134667 0.540000
126 74.340667 0.490000 0.108000 0.380000
134 74.450667 0.488333 0.125333 0.403333
664 74.558667 0.490000 0.106667 0.353333
102 74.687667 0.506667 0.167333 0.360000
45 74.802667 0.493333 0.076000 0.380000
426 74.855000 0.493333 0.046000 0.286667
683 74.964000 0.493333 0.188000 0.940000
879 75.108333 0.491667 0.116667 0.343333
288 75.230000 0.493333 0.144000 0.533333
1021 75.312667 0.491667 0.041333 0.316667
560 75.406000 0.506667 0.161333 0.493333
485 75.515333 0.506667 0.077333 0.440000
163 75.653000 0.505000 0.212667 1.063333
1010 75.769333 0.488333 0.036000 0.290000
279 75.833667 0.493333 0.106000 0.593333
1019 75.899333 0.505000 0.040000 0.310000
1005 75.932333 0.506667 0.043333 0.340000
11 75.989333 0.503333 0.088000 0.293333
882 76.086333 0.510000 0.126000 0.486667
782 76.192667 0.495000 0.102667 0.496667
509 76.301667 0.491667 0.128667 0.423333
871 76.391333 0.488333 0.065333 0.303333
115 76.451333 0.500000 0.070667 0.406667
959 76.495333 0.493333 0.034667 0.253333
84 76.571000 0.500000 0.136667 0.380000
1017 76.649000 0.490000 0.039333 0.293333
117 76.729000 0.508333 0.136667 0.436667
762 76.829667 0.496667 0.078000 0.353333
71 76.891667 0.510000 0.062000 0.326667
704 76.967000 0.506667 0.103333 0.373333
188 77.054333 0.510000 0.091333 0.386667
493 77.136333 0.506667 0.087333 0.446667
655 77.223333 0.510000 0.104000 0.420000
682 77.319000 0.510000 0.104667 0.386667
420 77.415333 0.500000 0.101333 0.373333
154 77.496000 0.490000 0.074667 0.373333
804 77.608000 0.488333 0.162667 0.516667
650 77.752667 0.493333 0.140000 0.460000
819 77.879667 0.506667 0.127333 0.293333
517 77.983000 0.503333 0.094000 0.313333
836 78.075667 0.510000 0.104667 0.453333
585 78.187667 0.508333 0.132667 0.403333
1007 78.267000 0.503333 0.039333 0.286667
604 78.336000 0.500000 0.112000 0.333333
515 78.436333 0.496667 0.106000 0.333333
331 78.575333 0.496667 0.189333 0.946667
448 78.703000 0.491667 0.082000 0.423333
514 78.794000 0.506667 0.116000 0.386667
496 78.897333 0.488333 0.105333 0.403333
728 78.974333 0.488333 0.063333 0.556667
44 79.049667 0.508333 0.107333 0.416667
786 79.125000 0.500000 0.060667 0.380000
23 79.227333 0.500000 0.158667 0.453333
510 79.350000 0.500000 0.100000 0.306667
542 79.470333 0.506667 0.156667 0.546667
246 79.624667 0.488333 0.168000 0.603333
889 79.778333 0.510000 0.154000 0.473333
618 79.882333 0.500000 0.068667 0.433333
609 79.949000 0.501667 0.083333 0.343333
727 80.014667 0.495000 0.062667 0.296667
822 80.099000 0.503333 0.124667 0.440000
906 80.223333 0.506667 0.140000 0.386667
432 80.348333 0.498333 0.124667 0.263333
455 80.435333 0.500000 0.064000 0.326667
628 80.555000 0.500000 0.194000 0.646667
550 80.677667 0.510000 0.068667 0.340000
33 80.764000 0.498333 0.117333 0.403333
613 80.899667 0.506667 0.170000 0.453333
596 81.038000 0.510000 0.126667 0.380000
654 81.190000 0.501667 0.192000 0.370000
972 81.297333 0.501667 0.037333 0.276667
787 81.347667 0.501667 0.076667 0.476667
248 81.414667 0.505000 0.072000 0.363333
711 81.522000 0.505000 0.162667 0.416667
354 81.679667 0.488333 0.168667 0.843333
842 81.800667 0.506667 0.090667 0.440000
700 81.941667 0.498333 0.210000 1.050000
262 82.131000 0.491667 0.187333 0.936667
65 82.259000 0.491667 0.087333 0.230000
357 82.369667 0.493333 0.152667 0.406667
534 82.491667 0.503333 0.106000 0.413333
694 82.586333 0.510000 0.103333 0.506667
413 82.692333 0.493333 0.127333 0.540000
556 82.794000 0.506667 0.096000 0.386667
77 82.902333 0.503333 0.140667 0.353333
381 83.041000 0.510000 0.156667 0.466667
12 83.171000 0.498333 0.116667 0.396667
334 83.296667 0.496667 0.149333 0.506667
523 83.423667 0.488333 0.124667 0.416667
151 83.515333 0.500000 0.076000 0.386667
458 83.571667 0.500000 0.056667 0.306667
907 83.644333 0.505000 0.108667 0.363333
730 83.756333 0.505000 0.128667 0.543333
869 83.839333 0.508333 0.052000 0.330000
409 83.955000 0.491667 0.196667 0.983333
898 84.102333 0.498333 0.115333 0.363333
492 84.192333 0.493333 0.082000 0.406667
990 84.247667 0.503333 0.042000 0.326667
273 84.289000 0.495000 0.059333 0.376667
494 84.342667 0.505000 0.068000 0.316667
261 84.427667 0.498333 0.116667 0.563333
53 84.531000 0.493333 0.108667 0.393333
620 84.628000 0.500000 0.098667 0.420000
292 84.728000 0.501667 0.121333 0.476667
164 84.846333 0.496667 0.135333 0.486667
174 84.951333 0.495000 0.094667 0.350000
275 85.021667 0.500000 0.059333 0.360000
862 85.079667 0.510000 0.072667 0.380000
166 85.162000 0.503333 0.106667 0.400000
235 85.272333 0.496667 0.127333 0.520000
232 85.381000 0.491667 0.104667 0.516667
98 85.509333 0.500000 0.166667 0.360000
529 85.643333 0.506667 0.116000 0.566667
76 85.752333 0.508333 0.119333 0.376667
94 85.887000 0.501667 0.164667 0.356667
7 86.020000 0.490000 0.118667 0.400000
528 86.126000 0.491667 0.108000 0.363333
995 86.190667 0.508333 0.040000 0.330000
271 86.283667 0.501667 0.163333 0.816667
770 86.426000 0.501667 0.138667 0.390000
447 86.518333 0.491667 0.064667 0.383333
993 86.558667 0.503333 0.036000 0.273333
851 86.614667 0.510000 0.089333 0.406667
41 86.758333 0.505000 0.216667 1.083333
623 86.947333 0.493333 0.181333 0.593333
487 87.067000 0.505000 0.074000 0.383333
265 87.162333 0.496667 0.130000 0.500000
109 87.310667 0.503333 0.185333 0.393333
633 87.488333 0.496667 0.188667 0.566667
223 87.627000 0.491667 0.103333 0.496667
963 87.694000 0.501667 0.049333 0.363333
298 87.746667 0.498333 0.069333 0.343333
78 87.852000 0.490000 0.154667 0.773333
169 87.980333 0.498333 0.122000 0.456667
495 88.069000 0.510000 0.074000 0.346667
921 88.124333 0.508333 0.055333 0.330000
287 88.198000 0.510000 0.105333 0.386667
597 88.306000 0.491667 0.126667 0.390000
52 88.415000 0.495000 0.106000 0.356667
999 88.477000 0.490000 0.031333 0.253333
315 88.533333 0.505000 0.100000 0.376667
892 88.665000 0.505000 0.178000 0.516667
833 88.795000 0.506667 0.102000 0.493333
979 88.859333 0.505000 0.041333 0.296667
540 88.958333 0.505000 0.170000 0.670000
325 89.118333 0.508333 0.170000 0.710000
884 89.248667 0.488333 0.109333 0.396667
80 89.337000 0.510000 0.086000 0.433333
48 89.510000 0.488333 0.280000 0.530000
545 89.685667 0.488333 0.087333 0.323333
605 89.805333 0.498333 0.165333 0.456667
414 89.940667 0.491667 0.120000 0.563333
468 90.021000 0.501667 0.059333 0.310000
258 90.086667 0.491667 0.089333 0.323333
296 90.172667 0.490000 0.096000 0.353333
192 90.256000 0.508333 0.084000 0.423333
734 90.362000 0.500000 0.142667 0.380000
846 90.473000 0.506667 0.092667 0.433333
666 90.566333 0.505000 0.112667 0.390000
473 90.646333 0.493333 0.064667 0.333333
419 90.722000 0.506667 0.100000 0.480000
368 90.845000 0.496667 0.159333 0.473333
383 91.007667 0.501667 0.183333 0.916667
378 91.161333 0.503333 0.137333 0.420000
321 91.275667 0.508333 0.104667 0.516667
222 91.360333 0.506667 0.083333 0.386667
113 91.438000 0.506667 0.085333 0.460000
519 91.527333 0.505000 0.112000 0.390000
319 91.621333 0.498333 0.090667 0.330000
43 91.723000 0.490000 0.130000 0.513333
551 91.832333 0.500000 0.104667 0.320000
705 91.929333 0.488333 0.108000 0.350000
583 92.012000 0.490000 0.072000 0.426667
673 92.097000 0.488333 0.116667 0.443333
322 92.197000 0.496667 0.102000 0.120000
34 92.301667 0.510000 0.120667 0.386667
761 92.429333 0.503333 0.154667 0.466667
457 92.528667 0.491667 0.064000 0.363333
652 92.628667 0.488333 0.156000 0.516667
614 92.770667 0.505000 0.142667 0.370000
789 92.862667 0.498333 0.061333 0.376667
204 92.936000 0.495000 0.105333 0.483333
29 93.051000 0.491667 0.138000 0.370000
1022 93.133000 0.495000 0.046000 0.343333
720 93.227333 0.490000 0.156000 0.400000
366 93.371000 0.491667 0.146000 0.416667
484 93.482667 0.495000 0.096000 0.370000
365 93.598000 0.506667 0.154667 0.413333
809 93.728000 0.488333 0.118667 0.630000
459 93.810333 0.491667 0.063333 0.376667
644 93.879000 0.498333 0.091333 0.456667
1012 93.933000 0.505000 0.036667 0.283333
954 93.961333 0.498333 0.034667 0.270000
437 94.006667 0.503333 0.073333 0.360000
674 94.096667 0.491667 0.120000 0.396667
718 94.250000 0.506667 0.201333 1.006667
260 94.410333 0.505000 0.138000 0.383333
373 94.539333 0.490000 0.138667 0.380000
924 94.619333 0.505000 0.038667 0.330000
832 94.687667 0.506667 0.111333 0.453333
433 94.792667 0.501667 0.118667 0.290000
649 94.884667 0.490000 0.080000 0.426667
253 94.943667 0.488333 0.052667 0.503333
91 95.052667 0.493333 0.184000 0.920000
765 95.180667 0.510000 0.086667 0.406667
1 95.253000 0.503333 0.078000 0.373333
428 95.333000 0.488333 0.098000 0.643333
453 95.404333 0.500000 0.064667 0.326667
622 95.513333 0.496667 0.173333 0.866667
442 95.636667 0.503333 0.088000 0.446667
266 95.757667 0.503333 0.172667 0.866667
122 95.896333 0.490000 0.118000 0.420000
703 96.002333 0.493333 0.110000 0.373333
364 96.154333 0.488333 0.212667 1.063333
961 96.272333 0.510000 0.040667 0.306667
915 96.331667 0.505000 0.094000 0.756667
245 96.408333 0.491667 0.075333 0.356667
132 96.480333 0.491667 0.084667 0.363333
568 96.576333 0.493333 0.120667 0.606667
784 96.655000 0.501667 0.050000 0.410000
816 96.730000 0.503333 0.117333 0.326667
370 96.855667 0.488333 0.152667 0.443333
203 96.980667 0.490000 0.110667 0.553333
313 97.091000 0.498333 0.126000 0.496667
56 97.181000 0.500000 0.074000 0.100000
777 97.264333 0.491667 0.108667 0.470000
503 97.418000 0.503333 0.216000 1.080000
839 97.562000 0.493333 0.090667 0.453333
408 97.651333 0.496667 0.106667 0.406667
731 97.740333 0.491667 0.084667 0.416667
478 97.818667 0.510000 0.088000 0.446667
228 97.915000 0.493333 0.118000 0.480000
50 98.030333 0.496667 0.132667 0.406667
336 98.139667 0.495000 0.104667 0.503333
692 98.235667 0.490000 0.103333 0.513333
610 98.348000 0.496667 0.138667 0.426667
217 98.465333 0.508333 0.116000 0.563333
883 98.630333 0.498333 0.227333 1.136667
460 98.773667 0.498333 0.074000 0.376667
277 98.849333 0.503333 0.090667 0.413333
771 98.926000 0.503333 0.077333 0.386667
624 99.042667 0.490000 0.170667 0.853333
42 99.154667 0.496667 0.072000 0.400000
439 99.241667 0.508333 0.119333 0.483333
997 99.315000 0.495000 0.040667 0.303333
327 99.387667 0.493333 0.122000 0.373333
962 99.457000 0.506667 0.031333 0.260000
293 99.515000 0.490000 0.104667 0.440000
469 99.601333 0.488333 0.081333 0.416667
242 99.679000 0.510000 0.094000 0.366667
708 99.834667 0.503333 0.230667 1.153333
36 100.006333 0.506667 0.131333 0.420000
195 100.112333 0.506667 0.096667 0.393333
425 100.198000 0.505000 0.090667 0.536667
477 100.266333 0.500000 0.064667 0.333333
1011 100.308667 0.501667 0.036000 0.310000
909 100.367667 0.490000 0.098000 0.460000
371 100.496333 0.498333 0.176667 0.883333
73 100.656667 0.496667 0.162667 0.526667
807 100.827667 0.488333 0.199333 0.996667
108 101.001667 0.495000 0.167333 0.836667
914 101.151667 0.510000 0.146000 0.453333
779 101.232333 0.488333 0.035333 0.316667
208 101.305333 0.495000 0.125333 0.510000
405 101.417667 0.500000 0.118000 0.446667
348 101.567667 0.488333 0.200667 1.003333
216 101.704333 0.505000 0.087333 0.436667
579 101.830000 0.495000 0.178667 0.430000
330 101.958000 0.498333 0.096000 0.370000
939 102.018000 0.490000 0.044000 0.340000
51 102.098667 0.498333 0.134667 0.423333
922 102.180000 0.491667 0.046667 0.356667
444 102.236000 0.508333 0.080000 0.416667
828 102.325667 0.488333 0.118000 0.483333
345 102.435000 0.493333 0.118000 0.333333
891 102.514000 0.508333 0.058667 0.250000
101 102.647000 0.488333 0.226000 1.130000
567 102.818000 0.506667 0.133333 0.546667
881 102.944667 0.498333 0.133333 0.450000
423 103.099000 0.491667 0.194000 0.970000
957 103.211333 0.505000 0.044000 0.323333
859 103.272667 0.496667 0.096000 0.273333
791 103.339333 0.493333 0.057333 0.353333
156 103.452667 0.493333 0.182667 0.913333
454 103.571333 0.491667 0.069333 0.356667
863 103.651667 0.506667 0.111333 0.533333
627 103.796667 0.510000 0.197333 0.646667
486 103.915000 0.488333 0.058000 0.296667
973 103.960000 0.498333 0.049333 0.370000
940 103.995000 0.505000 0.040667 0.323333
738 104.047333 0.500000 0.081333 0.393333
