621 0.031667 0.498333 0.056667 0.510000
23 0.131000 0.496667 0.162000 0.460000
654 0.322333 0.488333 0.235333 0.430000
507 0.460333 0.491667 0.054000 0.323333
137 0.513333 0.490000 0.066667 0.386667
677 0.598333 0.496667 0.119333 0.393333
272 0.737333 0.490000 0.174667 0.506667
840 0.872000 0.496667 0.114667 0.540000
670 0.967000 0.495000 0.090000 0.330000
155 1.049333 0.508333 0.092000 0.470000
848 1.153333 0.490000 0.129333 0.393333
296 1.247667 0.503333 0.079333 0.293333
933 1.299333 0.490000 0.042667 0.313333
20 1.364333 0.501667 0.102000 0.350000
915 1.439000 0.490000 0.066000 0.533333
499 1.487667 0.508333 0.050000 0.303333
514 1.551333 0.495000 0.096000 0.303333
661 1.658667 0.495000 0.133333 0.463333
589 1.758667 0.501667 0.081333 0.383333
445 1.823667 0.501667 0.062000 0.363333
252 1.938333 0.501667 0.183333 0.916667
1001 2.046000 0.503333 0.052000 0.373333
867 2.126000 0.496667 0.124000 0.406667
640 2.216333 0.491667 0.074000 0.370000
205 2.299333 0.491667 0.105333 0.530000
1013 2.364667 0.488333 0.038667 0.276667
558 2.419000 0.495000 0.090000 0.443333
274 2.501667 0.498333 0.090000 0.423333
256 2.583333 0.505000 0.089333 0.323333
335 2.682667 0.505000 0.126667 0.443333
10 2.782333 0.493333 0.090000 0.293333
249 2.850000 0.488333 0.058667 0.463333
510 2.937000 0.506667 0.132667 0.413333
923 3.018333 0.488333 0.047333 0.370000
340 3.107000 0.490000 0.143333 0.453333
436 3.226333 0.498333 0.110000 0.290000
955 3.290667 0.508333 0.033333 0.256667
83 3.338667 0.503333 0.077333 0.380000
390 3.425667 0.508333 0.115333 0.330000
828 3.522667 0.503333 0.096000 0.466667
412 3.604667 0.493333 0.084000 0.426667
225 3.686667 0.491667 0.097333 0.456667
820 3.780667 0.498333 0.104000 0.430000
519 3.881667 0.498333 0.112667 0.370000
597 3.984667 0.501667 0.108000 0.330000
702 4.129667 0.488333 0.195333 0.976667
240 4.256333 0.505000 0.078000 0.403333
1007 4.306000 0.510000 0.036000 0.286667
179 4.364000 0.506667 0.096000 0.340000
682 4.464000 0.493333 0.118667 0.466667
288 4.567667 0.491667 0.102000 0.383333
120 4.706333 0.503333 0.191333 0.486667
942 4.818000 0.488333 0.049333 0.376667
245 4.862333 0.508333 0.056667 0.323333
982 4.904333 0.506667 0.043333 0.326667
54 4.945000 0.498333 0.055333 0.316667
556 5.021333 0.493333 0.110667 0.446667
984 5.089000 0.496667 0.040667 0.320000
706 5.135667 0.498333 0.067333 0.336667
74 5.228000 0.493333 0.130667 0.406667
648 5.324000 0.498333 0.081333 0.363333
960 5.376333 0.510000 0.042000 0.346667
368 5.484667 0.493333 0.192000 0.960000
447 5.611333 0.503333 0.077333 0.400000
720 5.739333 0.496667 0.197333 0.986667
149 5.900667 0.505000 0.141333 0.370000
760 6.036333 0.505000 0.146000 0.423333
626 6.178667 0.488333 0.157333 0.536667
152 6.289000 0.488333 0.083333 0.403333
569 6.377667 0.508333 0.110000 0.476667
6 6.475667 0.505000 0.100667 0.383333
920 6.573000 0.508333 0.108667 0.416667
1012 6.637333 0.506667 0.033333 0.253333
31 6.702667 0.491667 0.112000 0.323333
709 6.806667 0.495000 0.116000 0.516667
357 6.923333 0.508333 0.137333 0.396667
451 7.015667 0.496667 0.067333 0.400000
512 7.097667 0.488333 0.111333 0.370000
715 7.259667 0.501667 0.227333 1.136667
574 7.413667 0.503333 0.095333 0.380000
966 7.477333 0.498333 0.048000 0.350000
730 7.560667 0.503333 0.133333 0.533333
791 7.652667 0.496667 0.070667 0.413333
631 7.753333 0.496667 0.150667 0.506667
204 7.867333 0.491667 0.093333 0.376667
285 7.967333 0.501667 0.124000 0.430000
375 8.091333 0.491667 0.144000 0.416667
126 8.208333 0.488333 0.108667 0.376667
346 8.366000 0.506667 0.224000 1.120000
98 8.590333 0.493333 0.238000 0.500000
110 8.758000 0.491667 0.116000 0.403333
978 8.829000 0.493333 0.046000 0.333333
787 8.875000 0.501667 0.066000 0.390000
541 8.998667 0.500000 0.201333 1.006667
271 9.170333 0.505000 0.159333 0.483333
250 9.318000 0.508333 0.152000 0.743333
40 9.428667 0.493333 0.085333 0.306667
829 9.511333 0.500000 0.097333 0.400000
125 9.602000 0.506667 0.100000 0.473333
185 9.693000 0.501667 0.102000 0.410000
698 9.767333 0.510000 0.061333 0.320000
299 9.830333 0.498333 0.082000 0.316667
630 9.973333 0.503333 0.221333 1.106667
36 10.138667 0.500000 0.128000 0.420000
417 10.237333 0.510000 0.089333 0.426667
781 10.311000 0.508333 0.075333 0.390000
329 10.428333 0.505000 0.174000 0.870000
752 10.546000 0.491667 0.080000 0.210000
374 10.662000 0.490000 0.170667 0.853333
588 10.782333 0.491667 0.084667 0.383333
351 10.892667 0.506667 0.156000 0.480000
193 11.014333 0.501667 0.100667 0.403333
980 11.074333 0.495000 0.036667 0.276667
792 11.138333 0.490000 0.107333 0.433333
428 11.224667 0.490000 0.081333 0.573333
674 11.313333 0.508333 0.110667 0.383333
878 11.401667 0.488333 0.084667 0.430000
13 11.495000 0.488333 0.116667 0.383333
794 11.583667 0.506667 0.078000 0.486667
46 11.644333 0.491667 0.058000 0.510000
725 11.724000 0.495000 0.121333 0.510000
738 11.830667 0.488333 0.105333 0.463333
45 11.908667 0.510000 0.065333 0.326667
5 11.981333 0.506667 0.098667 0.433333
429 12.078000 0.500000 0.109333 0.380000
196 12.176667 0.490000 0.105333 0.506667
789 12.256333 0.503333 0.067333 0.420000
658 12.315333 0.496667 0.068000 0.400000
127 12.444667 0.496667 0.209333 1.046667
663 12.606000 0.498333 0.129333 0.436667
684 12.711333 0.493333 0.094667 0.320000
105 12.844333 0.488333 0.188667 0.943333
111 12.982333 0.505000 0.104667 0.490000
64 13.054333 0.496667 0.059333 0.286667
261 13.137667 0.493333 0.126000 0.606667
870 13.219667 0.505000 0.056667 0.283333
882 13.302000 0.505000 0.125333 0.496667
819 13.418333 0.501667 0.124667 0.290000
756 13.534000 0.498333 0.126667 0.363333
593 13.678333 0.495000 0.175333 0.510000
874 13.803667 0.510000 0.094000 0.460000
932 13.860000 0.506667 0.034667 0.280000
342 13.913667 0.510000 0.092667 0.413333
612 14.035333 0.493333 0.170667 0.853333
748 14.156333 0.503333 0.087333 0.300000
918 14.256000 0.503333 0.126667 0.466667
1014 14.327333 0.498333 0.036000 0.263333
201 14.397000 0.510000 0.120667 0.533333
768 14.486000 0.488333 0.076000 0.210000
407 14.572000 0.490000 0.113333 0.426667
197 14.662333 0.498333 0.082000 0.376667
411 14.800667 0.495000 0.213333 0.463333
839 14.950667 0.498333 0.106667 0.503333
213 15.052333 0.498333 0.114000 0.463333
433 15.181667 0.501667 0.162000 0.423333
693 15.302333 0.500000 0.099333 0.486667
187 15.387333 0.495000 0.086667 0.436667
484 15.480000 0.493333 0.112000 0.393333
16 15.583000 0.510000 0.108667 0.360000
198 15.680000 0.505000 0.102667 0.476667
503 15.781667 0.501667 0.120667 0.310000
812 15.899667 0.496667 0.130000 0.340000
463 15.993333 0.501667 0.072000 0.370000
607 16.090667 0.498333 0.138667 0.416667
938 16.172667 0.506667 0.044000 0.326667
117 16.239333 0.501667 0.106667 0.316667
814 16.345000 0.488333 0.123333 0.290000
452 16.439333 0.488333 0.078667 0.403333
366 16.529333 0.510000 0.121333 0.380000
475 16.613000 0.498333 0.064667 0.343333
841 16.690000 0.506667 0.104000 0.453333
78 16.839000 0.508333 0.211333 0.543333
243 17.014333 0.501667 0.155333 0.543333
572 17.128000 0.500000 0.089333 0.380000
170 17.229667 0.495000 0.128667 0.476667
866 17.360667 0.508333 0.150667 0.410000
184 17.476333 0.491667 0.100667 0.410000
171 17.566000 0.490000 0.094667 0.366667
287 17.663667 0.500000 0.115333 0.420000
131 17.782667 0.488333 0.138667 0.536667
192 17.901000 0.488333 0.116667 0.483333
278 18.018333 0.508333 0.138000 0.416667
311 18.122667 0.510000 0.088000 0.380000
352 18.221000 0.488333 0.126000 0.370000
609 18.304333 0.508333 0.058000 0.236667
967 18.346333 0.495000 0.042000 0.330000
825 18.415667 0.488333 0.114000 0.550000
645 18.500333 0.493333 0.070000 0.320000
93 18.610000 0.488333 0.169333 0.363333
423 18.748667 0.496667 0.122667 0.453333
89 18.890000 0.501667 0.177333 0.376667
284 19.024333 0.496667 0.111333 0.400000
87 19.160667 0.493333 0.180000 0.900000
917 19.267333 0.508333 0.049333 0.356667
533 19.352333 0.505000 0.138000 0.470000
652 19.511667 0.498333 0.196667 0.983333
899 19.680667 0.508333 0.154667 0.470000
830 19.794667 0.503333 0.092000 0.426667
1 19.865667 0.500000 0.068667 0.333333
124 19.934667 0.503333 0.085333 0.300000
997 19.990333 0.505000 0.043333 0.336667
248 20.049333 0.496667 0.088000 0.480000
786 20.113667 0.495000 0.058000 0.363333
701 20.247000 0.508333 0.224667 1.123333
591 20.425333 0.500000 0.152000 0.440000
365 20.545333 0.500000 0.108000 0.306667
699 20.653667 0.491667 0.127333 0.383333
175 20.768333 0.501667 0.116667 0.416667
619 20.864000 0.505000 0.094667 0.496667
441 20.940333 0.505000 0.078000 0.470000
53 21.018000 0.493333 0.093333 0.313333
757 21.128667 0.498333 0.141333 0.416667
56 21.230333 0.505000 0.082000 0.110000
537 21.351667 0.498333 0.178000 0.890000
275 21.461667 0.506667 0.062000 0.366667
212 21.578333 0.491667 0.184667 0.923333
582 21.762333 0.505000 0.196667 0.983333
182 21.967667 0.501667 0.231333 1.156667
413 22.167333 0.493333 0.186667 0.933333
389 22.343333 0.496667 0.180000 0.900000
845 22.471333 0.493333 0.096000 0.400000
947 22.529000 0.508333 0.036667 0.296667
890 22.596667 0.496667 0.116000 0.573333
405 22.692000 0.510000 0.088000 0.340000
283 22.780333 0.488333 0.103333 0.356667
930 22.844333 0.501667 0.043333 0.330000
263 22.947000 0.491667 0.180667 0.903333
999 23.054000 0.508333 0.048000 0.343333
951 23.090333 0.500000 0.042000 0.333333
772 23.203667 0.508333 0.202000 1.010000
189 23.351333 0.498333 0.109333 0.443333
727 23.440000 0.510000 0.086667 0.400000
746 23.552667 0.495000 0.152000 0.436667
745 23.672667 0.505000 0.106667 0.436667
578 23.773667 0.488333 0.111333 0.430000
469 23.858333 0.505000 0.076667 0.396667
678 23.948000 0.510000 0.120000 0.386667
700 24.062333 0.495000 0.127333 0.510000
308 24.151000 0.490000 0.070000 0.393333
798 24.231000 0.495000 0.107333 0.430000
241 24.312333 0.500000 0.072667 0.406667
615 24.403000 0.505000 0.124667 0.576667
349 24.528000 0.500000 0.141333 0.440000
163 24.703667 0.488333 0.228667 1.143333
236 24.856333 0.493333 0.094000 0.466667
672 24.955000 0.496667 0.118000 0.440000
544 25.055667 0.501667 0.102000 0.370000
526 25.156667 0.498333 0.118667 0.316667
320 25.272333 0.510000 0.132667 0.440000
949 25.353667 0.505000 0.044667 0.363333
785 25.407333 0.488333 0.076000 0.323333
471 25.470000 0.500000 0.068000 0.346667
576 25.556000 0.495000 0.117333 0.456667
711 25.689000 0.501667 0.167333 0.836667
916 25.856000 0.493333 0.181333 0.906667
398 25.980000 0.500000 0.084000 0.460000
65 26.060667 0.488333 0.097333 0.250000
414 26.199333 0.490000 0.194667 0.973333
62 26.322667 0.496667 0.065333 0.313333
716 26.442333 0.496667 0.192667 0.593333
19 26.581000 0.503333 0.100667 0.353333
584 26.681000 0.498333 0.112667 0.350000
650 26.794667 0.506667 0.129333 0.420000
489 26.894333 0.491667 0.083333 0.436667
889 26.984667 0.488333 0.117333 0.423333
410 27.092667 0.493333 0.114667 0.520000
34 27.198667 0.506667 0.114667 0.366667
710 27.348333 0.506667 0.204667 0.546667
251 27.472333 0.503333 0.063333 0.360000
567 27.554333 0.500000 0.115333 0.473333
826 27.668000 0.495000 0.126667 0.523333
21 27.767333 0.496667 0.088000 0.286667
924 27.823333 0.510000 0.042667 0.333333
1023 27.858000 0.493333 0.041333 0.326667
150 27.930333 0.506667 0.118000 0.466667
968 27.998000 0.488333 0.032000 0.263333
14 28.066333 0.500000 0.119333 0.393333
55 28.172333 0.503333 0.111333 0.293333
802 28.291000 0.500000 0.143333 0.313333
856 28.439333 0.496667 0.166667 0.413333
504 28.577333 0.501667 0.129333 0.376667
773 28.699667 0.500000 0.130000 0.413333
130 28.828000 0.498333 0.144000 0.303333
750 28.960000 0.500000 0.136000 0.506667
239 29.123000 0.498333 0.204667 1.023333
994 29.238667 0.501667 0.044000 0.343333
153 29.290000 0.505000 0.078667 0.350000
382 29.400667 0.496667 0.162667 0.813333
480 29.515000 0.491667 0.082000 0.423333
600 29.601667 0.493333 0.108667 0.326667
356 29.727000 0.500000 0.158000 0.473333
536 29.856667 0.490000 0.116000 0.460000
689 29.954000 0.500000 0.098667 0.486667
795 30.033667 0.505000 0.079333 0.476667
509 30.126000 0.488333 0.118667 0.376667
41 30.252333 0.488333 0.150000 0.436667
72 30.373333 0.495000 0.108000 0.516667
952 30.441667 0.490000 0.043333 0.320000
928 30.472000 0.490000 0.037333 0.306667
897 30.585667 0.495000 0.203333 1.016667
570 30.720000 0.498333 0.081333 0.350000
378 30.819000 0.510000 0.130000 0.360000
707 30.930000 0.506667 0.112000 0.520000
831 31.041667 0.493333 0.126000 0.520000
453 31.133333 0.496667 0.073333 0.440000
610 31.221000 0.500000 0.118000 0.360000
280 31.330667 0.503333 0.114667 0.373333
751 31.424333 0.490000 0.092667 0.400000
22 31.536000 0.493333 0.145333 0.486667
594 31.656333 0.506667 0.112667 0.346667
495 31.735333 0.508333 0.065333 0.350000
759 31.841333 0.506667 0.162667 0.486667
168 32.028333 0.501667 0.230000 1.150000
169 32.183667 0.495000 0.096667 0.350000
705 32.277333 0.501667 0.109333 0.336667
372 32.380333 0.496667 0.110000 0.320000
1010 32.446667 0.495000 0.037333 0.296667
552 32.483000 0.506667 0.050000 0.340000
577 32.544000 0.508333 0.085333 0.330000
520 32.645667 0.491667 0.135333 0.423333
821 32.748333 0.493333 0.084667 0.606667
731 32.820000 0.490000 0.077333 0.400000
540 32.924333 0.506667 0.146000 0.553333
666 33.042333 0.493333 0.107333 0.360000
247 33.137333 0.508333 0.100000 0.510000
254 33.243667 0.495000 0.128667 0.496667
585 33.370333 0.490000 0.139333 0.393333
498 33.457667 0.500000 0.055333 0.340000
813 33.535000 0.496667 0.114000 0.280000
24 33.640000 0.510000 0.114667 0.386667
293 33.742667 0.501667 0.109333 0.423333
82 33.836667 0.496667 0.093333 0.653333
44 33.924000 0.496667 0.098667 0.386667
616 34.036667 0.491667 0.141333 0.350000
934 34.121000 0.493333 0.047333 0.366667
109 34.234667 0.506667 0.200000 1.000000
948 34.346667 0.500000 0.041333 0.333333
515 34.412000 0.510000 0.109333 0.360000
145 34.507333 0.498333 0.100000 0.483333
203 34.594667 0.510000 0.092000 0.386667
42 34.674000 0.498333 0.080000 0.450000
210 34.756333 0.505000 0.098000 0.430000
454 34.824000 0.508333 0.056000 0.323333
639 34.887000 0.506667 0.083333 0.420000
844 34.979000 0.503333 0.118000 0.486667
641 35.072333 0.503333 0.087333 0.420000
664 35.169000 0.510000 0.124667 0.400000
718 35.308000 0.500000 0.168000 0.453333
32 35.445333 0.501667 0.126667 0.396667
832 35.563333 0.488333 0.124000 0.536667
92 35.724333 0.505000 0.218000 0.463333
220 35.873333 0.506667 0.096000 0.400000
634 35.954667 0.498333 0.082667 0.343333
869 36.021667 0.503333 0.066000 0.413333
852 36.098333 0.498333 0.107333 0.436667
636 36.193000 0.496667 0.102000 0.233333
326 36.276333 0.490000 0.079333 0.360000
944 36.329000 0.488333 0.044667 0.336667
976 36.363667 0.500000 0.040667 0.300000
843 36.422000 0.488333 0.089333 0.443333
33 36.512667 0.505000 0.110667 0.356667
632 36.645333 0.510000 0.174667 0.553333
637 36.759333 0.508333 0.066667 0.343333
269 36.852333 0.491667 0.134000 0.403333
822 36.961000 0.506667 0.098000 0.326667
562 37.078000 0.505000 0.150667 0.310000
492 37.180333 0.500000 0.067333 0.366667
722 37.278667 0.508333 0.142667 0.416667
564 37.432333 0.496667 0.179333 0.366667
894 37.606667 0.493333 0.189333 0.946667
643 37.752667 0.508333 0.118667 0.430000
551 37.871000 0.496667 0.132667 0.406667
1020 37.944667 0.491667 0.030667 0.256667
331 38.075333 0.493333 0.248000 0.600000
229 38.231333 0.508333 0.084000 0.356667
776 38.335333 0.491667 0.140000 0.330000
590 38.469333 0.491667 0.141333 0.510000
439 38.580333 0.500000 0.096667 0.380000
467 38.655333 0.503333 0.070667 0.346667
47 38.723000 0.498333 0.084667 0.410000
669 38.823000 0.491667 0.130000 0.463333
397 38.927000 0.500000 0.091333 0.373333
146 39.008667 0.488333 0.086667 0.456667
908 39.085667 0.501667 0.087333 0.323333
559 39.165000 0.495000 0.087333 0.423333
929 39.223000 0.491667 0.042000 0.303333
671 39.293333 0.493333 0.117333 0.380000
226 39.409667 0.501667 0.130000 0.530000
675 39.523333 0.490000 0.112000 0.373333
765 39.615000 0.488333 0.088667 0.416667
886 39.764000 0.500000 0.222667 1.113333
548 39.935333 0.505000 0.137333 0.430000
747 40.041000 0.503333 0.094000 0.400000
255 40.159000 0.510000 0.155333 0.606667
457 40.263667 0.491667 0.071333 0.370000
529 40.334333 0.498333 0.087333 0.403333
546 40.413667 0.496667 0.091333 0.346667
422 40.511667 0.500000 0.118000 0.426667
601 40.619333 0.490000 0.110667 0.340000
158 40.763333 0.506667 0.196000 0.980000
668 40.906333 0.501667 0.110000 0.370000
681 40.973333 0.501667 0.040000 0.356667
922 41.006667 0.496667 0.046667 0.360000
406 41.063000 0.501667 0.084667 0.323333
491 41.140667 0.508333 0.090667 0.443333
970 41.197667 0.510000 0.043333 0.333333
135 41.277333 0.496667 0.132000 0.520000
904 41.374000 0.500000 0.077333 0.360000
4 41.447000 0.506667 0.082000 0.353333
505 41.506333 0.501667 0.052667 0.223333
470 41.557667 0.506667 0.068667 0.346667
7 41.638000 0.500000 0.110667 0.366667
721 41.781000 0.503333 0.191333 0.486667
80 41.916333 0.493333 0.099333 0.486667
355 42.065333 0.506667 0.214667 1.073333
534 42.209667 0.500000 0.087333 0.380000
824 42.289667 0.490000 0.091333 0.413333
100 42.416333 0.508333 0.180667 0.903333
673 42.547667 0.495000 0.095333 0.330000
726 42.622667 0.498333 0.070667 0.370000
853 42.688333 0.500000 0.079333 0.373333
420 42.773333 0.491667 0.105333 0.396667
200 42.931667 0.495000 0.226000 1.130000
667 43.080333 0.510000 0.090000 0.306667
101 43.213333 0.500000 0.193333 0.966667
134 43.366667 0.506667 0.130667 0.426667
568 43.483667 0.508333 0.116667 0.583333
348 43.612000 0.510000 0.153333 0.406667
887 43.752667 0.495000 0.148000 0.476667
595 43.871667 0.503333 0.104667 0.320000
602 43.972000 0.496667 0.116000 0.353333
900 44.094667 0.491667 0.149333 0.430000
399 44.218000 0.490000 0.112000 0.426667
440 44.293667 0.510000 0.054000 0.326667
391 44.369000 0.493333 0.115333 0.313333
596 44.481333 0.501667 0.125333 0.376667
207 44.621000 0.501667 0.171333 0.856667
680 44.748333 0.498333 0.098000 0.336667
921 44.823667 0.505000 0.070000 0.403333
162 44.906667 0.496667 0.110667 0.406667
113 44.988667 0.491667 0.072000 0.383333
685 45.052000 0.506667 0.073333 0.286667
367 45.158333 0.488333 0.156667 0.443333
521 45.304667 0.505000 0.149333 0.416667
479 45.406000 0.505000 0.068000 0.350000
974 45.451000 0.491667 0.038000 0.310000
222 45.521000 0.508333 0.122000 0.503333
1017 45.594667 0.488333 0.038667 0.310000
455 45.636333 0.510000 0.063333 0.346667
297 45.690333 0.495000 0.058000 0.316667
84 45.760667 0.498333 0.101333 0.283333
418 45.843000 0.510000 0.078000 0.380000
860 45.984333 0.491667 0.220667 0.596667
341 46.127000 0.501667 0.084667 0.383333
139 46.187000 0.495000 0.055333 0.323333
218 46.255000 0.493333 0.095333 0.393333
394 46.367333 0.488333 0.146667 0.456667
907 46.487333 0.505000 0.113333 0.356667
935 46.554333 0.493333 0.040667 0.313333
723 46.617000 0.491667 0.102000 0.350000
703 46.729333 0.506667 0.142667 0.486667
177 46.838000 0.503333 0.092000 0.353333
494 46.912667 0.501667 0.074667 0.330000
644 46.987333 0.510000 0.093333 0.453333
221 47.106000 0.490000 0.158667 0.793333
1021 47.198333 0.488333 0.042000 0.323333
989 47.229333 0.490000 0.037333 0.286667
573 47.290333 0.503333 0.102000 0.413333
234 47.380000 0.491667 0.094667 0.383333
39 47.471667 0.493333 0.106000 0.360000
528 47.569667 0.495000 0.108667 0.350000
12 47.662000 0.490000 0.093333 0.306667
987 47.722667 0.488333 0.046667 0.370000
914 47.806333 0.503333 0.140667 0.426667
998 47.893000 0.501667 0.046000 0.336667
818 47.981333 0.493333 0.146667 0.413333
827 48.104333 0.490000 0.119333 0.493333
766 48.213000 0.503333 0.112667 0.333333
57 48.289333 0.508333 0.053333 0.310000
911 48.356667 0.498333 0.094667 0.370000
244 48.486333 0.503333 0.179333 0.473333
142 48.604667 0.488333 0.074667 0.316667
543 48.737333 0.510000 0.204000 1.020000
713 48.942000 0.500000 0.222667 1.113333
486 49.083000 0.500000 0.078000 0.453333
195 49.168333 0.508333 0.108667 0.450000
724 49.264333 0.491667 0.099333 0.396667
408 49.363333 0.508333 0.117333 0.443333
81 49.468000 0.491667 0.106667 0.423333
314 49.575000 0.491667 0.127333 0.430000
603 49.718333 0.501667 0.178000 0.890000
194 49.850333 0.491667 0.099333 0.476667
317 49.954667 0.493333 0.126667 0.460000
48 50.143333 0.503333 0.264000 0.533333
774 50.300000 0.496667 0.068000 0.346667
842 50.374000 0.496667 0.093333 0.453333
242 50.461333 0.488333 0.097333 0.383333
0 50.523667 0.493333 0.046000 0.380000
157 50.604000 0.493333 0.130667 0.526667
857 50.771333 0.505000 0.224000 0.490000
704 50.927000 0.498333 0.100667 0.350000
227 51.026000 0.503333 0.113333 0.506667
430 51.134333 0.491667 0.120667 0.523333
426 51.221000 0.508333 0.070000 0.416667
988 51.273333 0.496667 0.053333 0.386667
1008 51.316000 0.491667 0.048000 0.370000
560 51.424333 0.510000 0.183333 0.546667
809 51.571333 0.501667 0.130667 0.670000
535 51.722000 0.493333 0.186667 0.433333
769 51.878333 0.503333 0.140667 0.433333
488 51.975000 0.496667 0.070000 0.353333
695 52.090667 0.498333 0.176000 0.483333
782 52.221333 0.491667 0.105333 0.510000
993 52.287667 0.498333 0.044667 0.350000
49 52.413667 0.501667 0.224667 1.123333
304 52.546667 0.496667 0.057333 0.320000
233 52.612000 0.506667 0.093333 0.480000
780 52.718333 0.506667 0.136667 0.386667
581 52.820667 0.510000 0.081333 0.373333
623 52.938667 0.510000 0.172000 0.860000
209 53.077333 0.506667 0.118667 0.493333
17 53.180000 0.495000 0.101333 0.356667
665 53.279667 0.495000 0.118000 0.430000
538 53.408667 0.503333 0.156000 0.780000
996 53.497000 0.506667 0.035333 0.293333
61 53.551667 0.495000 0.090000 0.463333
783 53.629333 0.500000 0.080000 0.420000
963 53.679000 0.490000 0.038000 0.293333
456 53.731000 0.496667 0.080667 0.413333
385 53.864667 0.500000 0.202667 1.013333
86 54.008000 0.508333 0.100000 0.436667
37 54.097000 0.490000 0.095333 0.326667
403 54.232000 0.506667 0.194667 0.973333
954 54.339333 0.498333 0.033333 0.276667
138 54.375667 0.490000 0.059333 0.333333
300 54.436000 0.508333 0.080000 0.263333
550 54.509000 0.510000 0.079333 0.393333
850 54.584667 0.496667 0.088000 0.373333
369 54.702000 0.506667 0.165333 0.486667
1002 54.795333 0.496667 0.038667 0.326667
215 54.855000 0.505000 0.099333 0.410000
361 54.994333 0.488333 0.196667 0.983333
231 55.136667 0.501667 0.106667 0.423333
266 55.262667 0.510000 0.164000 0.820000
99 55.428000 0.505000 0.182667 0.390000
3 55.547333 0.506667 0.069333 0.300000
788 55.654333 0.505000 0.160667 0.803333
755 55.782667 0.506667 0.110667 0.346667
604 55.893000 0.500000 0.130000 0.380000
289 56.037667 0.491667 0.178000 0.890000
891 56.147000 0.498333 0.059333 0.296667
264 56.239667 0.505000 0.140667 0.536667
945 56.322667 0.491667 0.044000 0.336667
691 56.385667 0.506667 0.098000 0.486667
847 56.483667 0.508333 0.118000 0.356667
97 56.619667 0.491667 0.174000 0.363333
971 56.718667 0.495000 0.038667 0.296667
986 56.748000 0.508333 0.040000 0.290000
808 56.801667 0.501667 0.087333 0.403333
729 56.851667 0.498333 0.026000 0.383333
547 56.889000 0.498333 0.066000 0.370000
253 56.935667 0.506667 0.044667 0.386667
761 57.007333 0.508333 0.118667 0.370000
635 57.095000 0.495000 0.074000 0.303333
872 57.189333 0.491667 0.128000 0.363333
905 57.327667 0.493333 0.167333 0.546667
583 57.435333 0.506667 0.068000 0.400000
957 57.481000 0.501667 0.040667 0.336667
345 57.565333 0.491667 0.142667 0.396667
805 57.708667 0.490000 0.162667 0.813333
178 57.898667 0.506667 0.230667 1.153333
121 58.018667 0.491667 0.022667 0.390000
450 58.054333 0.500000 0.067333 0.353333
232 58.132333 0.508333 0.102000 0.490000
739 58.204667 0.498333 0.060000 0.503333
377 58.290333 0.510000 0.131333 0.366667
118 58.392667 0.508333 0.089333 0.350000
837 58.482000 0.496667 0.105333 0.460000
191 58.575000 0.490000 0.099333 0.413333
995 58.639667 0.493333 0.046000 0.353333
362 58.726667 0.496667 0.146667 0.393333
633 58.894333 0.510000 0.207333 0.580000
438 59.091333 0.500000 0.205333 1.026667
279 59.228667 0.498333 0.089333 0.516667
359 59.331000 0.491667 0.131333 0.390000
18 59.428667 0.496667 0.084000 0.286667
642 59.508667 0.495000 0.093333 0.370000
102 59.657000 0.508333 0.222000 1.110000
740 59.821000 0.493333 0.126000 0.293333
880 59.925667 0.488333 0.100667 0.363333
477 60.000333 0.493333 0.062000 0.320000
313 60.088000 0.493333 0.126667 0.486667
743 60.191667 0.490000 0.096667 0.413333
771 60.278667 0.491667 0.094667 0.496667
298 60.367333 0.505000 0.096000 0.483333
599 60.462333 0.490000 0.114000 0.340000
472 60.546000 0.490000 0.070667 0.353333
159 60.591667 0.498333 0.034000 0.283333
620 60.680000 0.503333 0.158667 0.793333
913 60.804667 0.501667 0.104000 0.316667
434 60.898000 0.498333 0.102667 0.350000
728 60.970000 0.490000 0.056000 0.473333
566 61.038667 0.490000 0.096000 0.386667
877 61.114667 0.508333 0.073333 0.350000
571 61.194000 0.488333 0.105333 0.436667
508 61.265667 0.498333 0.058000 0.303333
854 61.363333 0.506667 0.153333 0.453333
888 61.504333 0.503333 0.143333 0.453333
803 61.668000 0.500000 0.204000 1.020000
823 61.805667 0.510000 0.088667 0.440000
444 61.869667 0.510000 0.055333 0.326667
52 61.932667 0.508333 0.085333 0.290000
330 62.019333 0.503333 0.106667 0.406667
465 62.097333 0.503333 0.069333 0.360000
26 62.179333 0.495000 0.114667 0.383333
383 62.298667 0.495000 0.138667 0.390000
458 62.402667 0.503333 0.085333 0.433333
875 62.518333 0.501667 0.162000 0.416667
717 62.678333 0.498333 0.178000 0.890000
985 62.785333 0.498333 0.049333 0.370000
1022 62.820667 0.500000 0.041333 0.340000
265 62.887667 0.501667 0.112667 0.430000
151 62.968667 0.490000 0.069333 0.320000
309 63.023333 0.510000 0.058667 0.326667
763 63.072667 0.506667 0.057333 0.486667
502 63.127667 0.506667 0.071333 0.333333
160 63.184667 0.498333 0.061333 0.343333
473 63.239000 0.506667 0.063333 0.353333
144 63.313333 0.488333 0.101333 0.423333
376 63.414000 0.491667 0.116000 0.310000
437 63.504333 0.488333 0.084667 0.423333
75 63.608333 0.503333 0.140667 0.446667
708 63.712000 0.500000 0.081333 0.373333
166 63.802667 0.500000 0.114667 0.413333
373 63.930000 0.493333 0.157333 0.440000
628 64.115333 0.496667 0.230667 1.153333
302 64.250000 0.505000 0.056000 0.316667
659 64.312333 0.506667 0.086000 0.346667
926 64.368667 0.510000 0.044000 0.326667
627 64.493667 0.498333 0.226000 1.130000
835 64.665667 0.498333 0.135333 0.543333
402 64.808333 0.488333 0.170000 0.456667
754 64.943667 0.501667 0.119333 0.583333
858 65.049667 0.490000 0.112667 0.346667
527 65.200333 0.508333 0.202000 1.010000
936 65.318000 0.503333 0.046667 0.346667
443 65.378333 0.493333 0.087333 0.446667
895 65.490000 0.500000 0.149333 0.446667
228 65.601333 0.496667 0.093333 0.426667
161 65.684667 0.498333 0.092000 0.343333
364 65.790000 0.506667 0.138667 0.340000
676 65.912667 0.506667 0.126667 0.433333
370 66.038667 0.503333 0.141333 0.373333
884 66.174667 0.505000 0.148000 0.550000
553 66.299333 0.508333 0.114667 0.396667
419 66.389333 0.493333 0.078667 0.380000
744 66.480000 0.493333 0.122667 0.500000
511 66.595333 0.496667 0.121333 0.373333
358 66.720333 0.508333 0.148667 0.410000
991 66.808333 0.510000 0.046000 0.346667
112 66.887667 0.510000 0.126000 0.426667
961 66.967000 0.491667 0.046000 0.350000
686 67.031667 0.505000 0.098000 0.483333
224 67.114333 0.505000 0.086000 0.356667
25 67.222667 0.503333 0.146667 0.540000
128 67.394333 0.501667 0.212667 1.063333
864 67.534000 0.498333 0.085333 0.336667
392 67.634667 0.505000 0.134667 0.416667
321 67.745000 0.496667 0.099333 0.493333
549 67.846667 0.493333 0.122667 0.413333
476 67.925667 0.490000 0.054000 0.320000
598 67.996000 0.496667 0.104000 0.313333
164 68.085667 0.505000 0.095333 0.350000
416 68.161000 0.488333 0.074000 0.356667
481 68.219667 0.506667 0.059333 0.346667
898 68.328667 0.493333 0.173333 0.866667
608 68.459333 0.491667 0.105333 0.343333
649 68.551667 0.508333 0.096667 0.503333
903 68.677333 0.496667 0.169333 0.846667
790 68.788333 0.498333 0.067333 0.410000
969 68.829333 0.506667 0.034667 0.280000
855 68.871667 0.508333 0.070000 0.183333
714 68.983000 0.505000 0.168667 0.470000
737 69.088667 0.496667 0.058667 0.380000
605 69.167667 0.490000 0.119333 0.313333
482 69.244000 0.503333 0.052000 0.286667
816 69.321667 0.496667 0.123333 0.306667
992 69.394667 0.506667 0.036000 0.266667
646 69.448333 0.496667 0.090000 0.386667
696 69.556000 0.498333 0.140000 0.323333
762 69.650000 0.496667 0.066667 0.293333
801 69.726333 0.505000 0.106000 0.396667
797 69.818333 0.506667 0.094000 0.380000
793 69.915667 0.488333 0.120667 0.496667
712 70.050000 0.493333 0.165333 0.826667
611 70.166000 0.506667 0.084000 0.333333
96 70.310667 0.501667 0.225333 0.496667
435 70.447667 0.488333 0.062000 0.310000
50 70.536667 0.491667 0.132000 0.410000
301 70.627667 0.510000 0.068667 0.386667
395 70.726667 0.501667 0.142667 0.403333
347 70.867000 0.493333 0.158000 0.466667
119 70.982000 0.506667 0.088000 0.520000
516 71.079333 0.505000 0.125333 0.416667
11 71.180000 0.506667 0.094667 0.320000
799 71.265333 0.506667 0.094667 0.346667
1006 71.325333 0.488333 0.038667 0.283333
606 71.410333 0.506667 0.146000 0.440000
501 71.524000 0.491667 0.100000 0.496667
871 71.591667 0.495000 0.048667 0.250000
360 71.681000 0.505000 0.148667 0.456667
506 71.767667 0.503333 0.040667 0.453333
496 71.840667 0.505000 0.121333 0.456667
174 71.950667 0.491667 0.112000 0.416667
337 72.078667 0.493333 0.162667 0.813333
660 72.212333 0.501667 0.118000 0.410000
555 72.281000 0.490000 0.039333 0.373333
638 72.350000 0.503333 0.118667 0.473333
618 72.430667 0.496667 0.060000 0.380000
753 72.520333 0.503333 0.134000 0.440000
396 72.677667 0.501667 0.199333 0.996667
981 72.788333 0.496667 0.039333 0.300000
487 72.837000 0.500000 0.076667 0.440000
333 72.934667 0.505000 0.134667 0.316667
530 73.034667 0.506667 0.078667 0.366667
292 73.112333 0.493333 0.096667 0.386667
432 73.215667 0.510000 0.127333 0.253333
777 73.326333 0.503333 0.110000 0.473333
662 73.425333 0.508333 0.108000 0.396667
71 73.500000 0.500000 0.061333 0.326667
9 73.564667 0.496667 0.085333 0.340000
647 73.631000 0.488333 0.060667 0.303333
1009 73.675000 0.505000 0.042000 0.323333
688 73.727000 0.495000 0.079333 0.390000
865 73.813667 0.488333 0.114000 0.403333
94 73.977333 0.508333 0.228000 0.483333
400 74.109000 0.505000 0.052667 0.410000
202 74.174000 0.505000 0.096000 0.370000
129 74.283333 0.496667 0.141333 0.540000
69 74.401000 0.506667 0.107333 0.546667
778 74.499333 0.493333 0.106667 0.673333
925 74.567333 0.496667 0.045333 0.340000
90 74.701667 0.505000 0.239333 0.516667
896 74.873333 0.500000 0.118667 0.333333
524 74.977333 0.510000 0.108000 0.340000
211 75.086333 0.510000 0.124667 0.533333
88 75.241667 0.508333 0.206000 1.030000
180 75.383667 0.495000 0.098000 0.343333
862 75.463000 0.493333 0.075333 0.393333
1003 75.512333 0.493333 0.036667 0.293333
106 75.628000 0.503333 0.213333 1.066667
734 75.809333 0.488333 0.169333 0.456667
910 75.954333 0.488333 0.134000 0.483333
306 76.051333 0.500000 0.073333 0.413333
28 76.131333 0.510000 0.105333 0.346667
273 76.209000 0.500000 0.063333 0.380000
940 76.258333 0.505000 0.048667 0.370000
614 76.357667 0.503333 0.168667 0.453333
518 76.488667 0.510000 0.108000 0.340000
466 76.570000 0.498333 0.069333 0.363333
1018 76.613333 0.501667 0.037333 0.276667
322 76.680333 0.500000 0.116667 0.113333
176 76.780000 0.490000 0.101333 0.353333
354 76.933333 0.510000 0.224000 1.120000
1005 77.061000 0.506667 0.044667 0.340000
624 77.160667 0.508333 0.170667 0.563333
846 77.295667 0.500000 0.119333 0.593333
165 77.410000 0.501667 0.124000 0.476667
557 77.510333 0.508333 0.094000 0.630000
281 77.609333 0.505000 0.118667 0.410000
586 77.721667 0.503333 0.123333 0.353333
990 77.796667 0.505000 0.045333 0.356667
468 77.842000 0.488333 0.058667 0.343333
811 77.928000 0.510000 0.133333 0.406667
136 78.040667 0.495000 0.106667 0.470000
115 78.116333 0.503333 0.063333 0.333333
95 78.241667 0.505000 0.200667 1.003333
946 78.354333 0.496667 0.040667 0.320000
485 78.397667 0.510000 0.064667 0.333333
143 78.465333 0.508333 0.090667 0.390000
975 78.523667 0.500000 0.046000 0.333333
133 78.595333 0.506667 0.117333 0.506667
141 78.687333 0.500000 0.080000 0.366667
580 78.783000 0.491667 0.128667 0.323333
319 78.882667 0.488333 0.090667 0.330000
312 78.978000 0.506667 0.113333 0.413333
27 79.082667 0.510000 0.110667 0.373333
327 79.202667 0.498333 0.145333 0.456667
2 79.303333 0.493333 0.072000 0.366667
336 79.392667 0.505000 0.122667 0.590000
70 79.552000 0.500000 0.209333 1.046667
500 79.693000 0.490000 0.091333 0.406667
807 79.806000 0.503333 0.154667 0.773333
427 79.966333 0.505000 0.182000 0.910000
859 80.099000 0.490000 0.102000 0.306667
67 80.238000 0.493333 0.189333 0.946667
277 80.371000 0.488333 0.090000 0.423333
199 80.460667 0.488333 0.104000 0.416667
892 80.597667 0.488333 0.184667 0.530000
815 80.755667 0.508333 0.148667 0.483333
307 80.852333 0.501667 0.060667 0.343333
962 80.888667 0.496667 0.030667 0.253333
883 81.002000 0.493333 0.213333 0.466667
879 81.178333 0.491667 0.154000 0.476667
868 81.291333 0.491667 0.088000 0.503333
148 81.394667 0.505000 0.136000 0.390000
353 81.534333 0.500000 0.163333 0.446667
1000 81.623333 0.490000 0.033333 0.280000
303 81.659667 0.498333 0.059333 0.336667
291 81.736000 0.503333 0.113333 0.453333
318 81.832333 0.490000 0.095333 0.420000
937 81.892000 0.496667 0.044000 0.360000
35 81.962333 0.508333 0.112667 0.436667
116 82.082667 0.495000 0.144000 0.430000
873 82.200000 0.510000 0.108000 0.480000
235 82.305000 0.500000 0.119333 0.493333
909 82.409667 0.491667 0.107333 0.476667
692 82.503667 0.496667 0.095333 0.466667
404 82.610333 0.491667 0.131333 0.643333
363 82.737667 0.508333 0.143333 0.456667
901 82.856667 0.491667 0.114667 0.336667
262 82.988333 0.488333 0.168667 0.843333
276 83.092667 0.500000 0.057333 0.333333
386 83.174333 0.493333 0.124667 0.393333
679 83.265333 0.491667 0.073333 0.456667
217 83.344000 0.503333 0.098667 0.393333
104 83.487333 0.493333 0.206667 1.033333
230 83.698000 0.510000 0.230667 1.153333
741 83.861333 0.510000 0.109333 0.373333
810 83.976333 0.505000 0.134000 0.556667
384 84.091333 0.496667 0.113333 0.346667
172 84.194000 0.490000 0.110667 0.406667
651 84.323000 0.495000 0.164667 0.536667
338 84.465333 0.496667 0.140000 0.726667
76 84.598333 0.495000 0.140667 0.430000
1004 84.683333 0.496667 0.045333 0.346667
927 84.715667 0.488333 0.035333 0.276667
103 84.803667 0.498333 0.158000 0.790000
58 84.903333 0.498333 0.061333 0.336667
107 85.022333 0.508333 0.196667 0.423333
977 85.132000 0.506667 0.037333 0.280000
838 85.195333 0.490000 0.106667 0.440000
849 85.299000 0.500000 0.118000 0.486667
1015 85.367667 0.488333 0.034000 0.256667
43 85.435000 0.496667 0.119333 0.473333
625 85.584333 0.501667 0.194000 0.656667
290 85.732333 0.508333 0.122000 0.363333
259 85.886333 0.505000 0.199333 0.996667
687 86.021333 0.495000 0.085333 0.416667
490 86.084000 0.498333 0.058667 0.343333
735 86.181667 0.488333 0.151333 0.590000
1016 86.271000 0.488333 0.042000 0.303333
381 86.344667 0.495000 0.125333 0.370000
219 86.451333 0.510000 0.104000 0.526667
767 86.546667 0.500000 0.106667 0.306667
919 86.629333 0.498333 0.078667 0.376667
51 86.731667 0.508333 0.139333 0.470000
523 86.849333 0.505000 0.116000 0.363333
732 86.944000 0.506667 0.088000 0.440000
132 87.017000 0.505000 0.074000 0.336667
912 87.091000 0.503333 0.091333 0.366667
804 87.238667 0.496667 0.222667 1.113333
388 87.405667 0.488333 0.124667 0.376667
324 87.539000 0.503333 0.155333 0.760000
60 87.650000 0.496667 0.084000 0.346667
122 87.731000 0.493333 0.095333 0.333333
563 87.851333 0.501667 0.161333 0.343333
575 87.980000 0.491667 0.114667 0.376667
156 88.100333 0.510000 0.139333 0.353333
483 88.201333 0.505000 0.081333 0.423333
246 88.327333 0.498333 0.190667 0.656667
902 88.501667 0.495000 0.176667 0.883333
545 88.622000 0.496667 0.077333 0.313333
959 88.672000 0.488333 0.037333 0.290000
742 88.738333 0.495000 0.110000 0.456667
561 88.858000 0.500000 0.149333 0.380000
154 88.969333 0.510000 0.086667 0.386667
653 89.085000 0.501667 0.158000 0.510000
208 89.235000 0.495000 0.155333 0.776667
379 89.395667 0.505000 0.184667 0.923333
474 89.510333 0.508333 0.063333 0.356667
796 89.607333 0.490000 0.144000 0.493333
79 89.747333 0.490000 0.154667 0.773333
579 89.908667 0.495000 0.185333 0.490000
817 90.069333 0.493333 0.153333 0.413333
223 90.189667 0.493333 0.103333 0.473333
983 90.252333 0.488333 0.038000 0.290000
459 90.294333 0.505000 0.060667 0.323333
186 90.374000 0.508333 0.116000 0.583333
237 90.460667 0.491667 0.074667 0.476667
861 90.516667 0.491667 0.056000 0.430000
316 90.581000 0.500000 0.090000 0.320000
73 90.678333 0.501667 0.123333 0.383333
834 90.779000 0.505000 0.091333 0.410000
460 90.852667 0.503333 0.070667 0.373333
836 90.927333 0.491667 0.098667 0.456667
690 91.009667 0.496667 0.083333 0.406667
15 91.104333 0.505000 0.124667 0.416667
206 91.255667 0.505000 0.191333 0.956667
260 91.411000 0.500000 0.132667 0.373333
295 91.535333 0.503333 0.130667 0.546667
953 91.612000 0.493333 0.041333 0.333333
697 91.662667 0.506667 0.076000 0.380000
617 91.732667 0.501667 0.082667 0.336667
140 91.829333 0.491667 0.129333 0.590000
539 91.929000 0.493333 0.087333 0.413333
806 92.078333 0.488333 0.224667 0.530000
183 92.232000 0.490000 0.102667 0.473333
258 92.337333 0.498333 0.125333 0.436667
267 92.473000 0.506667 0.166000 0.506667
415 92.616000 0.510000 0.134667 0.446667
613 92.767667 0.510000 0.183333 0.920000
863 92.900000 0.503333 0.097333 0.466667
876 93.018333 0.491667 0.155333 0.383333
941 93.107667 0.503333 0.039333 0.313333
449 93.154000 0.503333 0.073333 0.373333
294 93.276333 0.495000 0.184667 0.923333
63 93.412667 0.490000 0.101333 0.360000
779 93.479000 0.493333 0.044667 0.386667
325 93.602333 0.498333 0.222000 1.110000
214 93.758667 0.501667 0.108000 0.436667
464 93.836667 0.508333 0.065333 0.343333
656 93.933667 0.493333 0.146000 0.380000
893 94.089000 0.488333 0.183333 0.916667
542 94.251667 0.488333 0.158000 0.790000
885 94.368667 0.498333 0.089333 0.390000
387 94.494333 0.491667 0.179333 0.896667
592 94.637000 0.503333 0.119333 0.386667
764 94.727333 0.510000 0.080000 0.386667
906 94.826667 0.498333 0.132000 0.370000
770 94.955667 0.496667 0.142000 0.486667
478 95.049000 0.496667 0.059333 0.306667
147 95.114000 0.491667 0.090667 0.436667
38 95.211667 0.510000 0.119333 0.413333
461 95.298667 0.503333 0.069333 0.353333
532 95.381333 0.510000 0.110667 0.566667
800 95.493333 0.495000 0.126667 0.483333
257 95.599000 0.493333 0.103333 0.313333
931 95.663333 0.503333 0.042667 0.333333
950 95.693667 0.503333 0.032667 0.253333
525 95.759667 0.488333 0.118000 0.383333
8 95.864000 0.500000 0.108000 0.433333
188 95.960333 0.510000 0.098000 0.426667
401 96.038000 0.493333 0.070667 0.380000
409 96.146000 0.493333 0.161333 0.806667
68 96.274667 0.510000 0.113333 0.326667
448 96.354000 0.503333 0.061333 0.313333
965 96.396667 0.496667 0.041333 0.346667
344 96.480333 0.491667 0.142000 0.410000
513 96.607333 0.488333 0.130667 0.430000
371 96.725333 0.498333 0.125333 0.383333
91 96.885000 0.498333 0.212667 0.450000
939 96.999000 0.501667 0.035333 0.283333
85 97.053333 0.488333 0.090667 0.350000
305 97.133333 0.503333 0.082667 0.460000
758 97.223333 0.503333 0.113333 0.380000
497 97.334667 0.498333 0.126667 0.323333
851 97.436333 0.503333 0.092667 0.440000
339 97.524667 0.508333 0.101333 0.490000
881 97.644333 0.496667 0.151333 0.506667
328 97.809667 0.500000 0.195333 0.460000
622 97.979000 0.505000 0.160667 0.803333
323 98.133667 0.495000 0.163333 0.816667
310 98.247667 0.491667 0.078000 0.436667
393 98.368000 0.500000 0.176000 0.880000
238 98.510333 0.498333 0.126000 0.490000
424 98.644667 0.506667 0.158667 0.506667
517 98.774000 0.505000 0.114667 0.376667
114 98.865333 0.495000 0.085333 0.423333
268 98.969000 0.493333 0.138000 0.413333
733 99.072000 0.498333 0.082667 0.490000
775 99.141000 0.493333 0.072667 0.333333
66 99.220333 0.496667 0.103333 0.553333
554 99.320000 0.503333 0.110667 0.313333
943 99.383333 0.488333 0.034667 0.276667
657 99.435333 0.496667 0.089333 0.353333
216 99.518333 0.500000 0.094000 0.473333
1011 99.576000 0.510000 0.036000 0.260000
315 99.641333 0.501667 0.113333 0.396667
181 99.801667 0.498333 0.223333 1.116667
565 99.977667 0.503333 0.147333 0.326667
286 100.101667 0.505000 0.118000 0.436667
958 100.168000 0.496667 0.034667 0.273333
77 100.242333 0.501667 0.128667 0.323333
431 100.344667 0.488333 0.092000 0.303333
270 100.478667 0.500000 0.196000 0.586667
972 100.586667 0.510000 0.034667 0.260000
343 100.652667 0.508333 0.112000 0.343333
123 100.739333 0.500000 0.081333 0.526667
425 100.811333 0.506667 0.080000 0.446667
522 100.899333 0.495000 0.114667 0.363333
964 100.975333 0.496667 0.050667 0.373333
190 101.058333 0.500000 0.131333 0.533333
655 101.155667 0.510000 0.076667 0.326667
446 101.226667 0.510000 0.078667 0.406667
30 101.318333 0.496667 0.124667 0.373333
462 101.410333 0.503333 0.076667 0.393333
587 101.493667 0.503333 0.107333 0.320000
979 101.561000 0.501667 0.043333 0.316667
694 101.623667 0.493333 0.096667 0.473333
1019 101.683000 0.495000 0.035333 0.263333
749 101.748667 0.500000 0.114667 0.466667
334 101.874333 0.505000 0.151333 0.516667
719 102.017000 0.501667 0.148667 0.370000
59 102.169000 0.488333 0.168667 0.843333
956 102.261000 0.503333 0.031333 0.266667
531 102.346667 0.488333 0.157333 0.456667
29 102.475333 0.498333 0.114667 0.330000
167 102.581000 0.498333 0.112667 0.396667
173 102.681000 0.495000 0.107333 0.490000
683 102.800000 0.506667 0.149333 0.413333
629 102.967667 0.488333 0.206000 1.030000
973 103.080667 0.498333 0.038667 0.296667
833 103.150000 0.498333 0.118667 0.490000
108 103.304000 0.510000 0.205333 1.026667
421 103.469667 0.506667 0.142000 0.480000
350 103.594000 0.510000 0.126667 0.340000
332 103.744000 0.496667 0.188000 0.940000
380 103.890000 0.490000 0.121333 0.380000
282 103.996667 0.506667 0.112000 0.400000
736 104.075000 0.493333 0.060667 0.400000
442 104.131000 0.488333 0.070000 0.416667
493 104.188667 0.495000 0.060000 0.310000
784 104.242333 0.490000 0.060667 0.493333
