897 0.061333 0.500000 0.116000 0.320000
78 0.222000 0.503333 0.225333 1.126667
204 0.375333 0.505000 0.094667 0.450000
389 0.477000 0.496667 0.124667 0.366667
269 0.609000 0.495000 0.159333 0.796667
417 0.721333 0.498333 0.082667 0.396667
549 0.808667 0.498333 0.106667 0.356667
526 0.920000 0.493333 0.130667 0.333333
903 1.089667 0.488333 0.226000 1.130000
266 1.290000 0.488333 0.194667 0.616667
470 1.409667 0.500000 0.063333 0.333333
169 1.489333 0.488333 0.109333 0.390000
913 1.595000 0.506667 0.122000 0.380000
749 1.697000 0.503333 0.095333 0.406667
306 1.765000 0.506667 0.055333 0.313333
949 1.802000 0.493333 0.036000 0.300000
158 1.882667 0.495000 0.144000 0.450000
27 2.021000 0.498333 0.152667 0.516667
960 2.110667 0.498333 0.046667 0.370000
754 2.196000 0.493333 0.141333 0.686667
567 2.311000 0.510000 0.102000 0.426667
753 2.407000 0.506667 0.110000 0.400000
867 2.505000 0.508333 0.104667 0.363333
969 2.574667 0.501667 0.048000 0.356667
3 2.637333 0.508333 0.097333 0.450000
776 2.752667 0.493333 0.150667 0.346667
876 2.884333 0.503333 0.130000 0.360000
25 2.995333 0.496667 0.112000 0.413333
902 3.112667 0.496667 0.141333 0.393333
832 3.229000 0.491667 0.106000 0.423333
842 3.328667 0.503333 0.106667 0.520000
18 3.426000 0.500000 0.101333 0.340000
138 3.502667 0.508333 0.069333 0.396667
841 3.584000 0.508333 0.108000 0.530000
517 3.690000 0.491667 0.118667 0.376667
628 3.831333 0.503333 0.181333 0.906667
725 3.973000 0.491667 0.115333 0.490000
977 4.044333 0.505000 0.043333 0.323333
256 4.114667 0.503333 0.116000 0.393333
916 4.253333 0.496667 0.180000 0.900000
612 4.446000 0.490000 0.224000 1.120000
463 4.576667 0.510000 0.054667 0.306667
985 4.616333 0.495000 0.040667 0.316667
57 4.662000 0.488333 0.064000 0.303333
52 4.741000 0.510000 0.114000 0.406667
622 4.879333 0.495000 0.176000 0.590000
744 5.031333 0.506667 0.148000 0.620000
315 5.154000 0.506667 0.110667 0.426667
183 5.241000 0.510000 0.083333 0.400000
287 5.337000 0.496667 0.122000 0.453333
385 5.445667 0.496667 0.110000 0.286667
1013 5.516000 0.506667 0.044000 0.340000
733 5.573333 0.500000 0.088000 0.533333
473 5.640333 0.491667 0.062000 0.356667
397 5.709667 0.491667 0.094000 0.390000
633 5.836667 0.506667 0.180000 0.900000
538 6.034000 0.510000 0.229333 1.146667
108 6.236333 0.505000 0.191333 0.956667
597 6.388000 0.498333 0.128000 0.376667
667 6.496667 0.493333 0.105333 0.340000
8 6.596000 0.510000 0.109333 0.380000
912 6.682667 0.505000 0.081333 0.316667
233 6.764667 0.495000 0.101333 0.463333
359 6.908333 0.501667 0.199333 0.996667
284 7.064333 0.495000 0.128667 0.463333
843 7.172333 0.510000 0.102000 0.506667
640 7.255333 0.488333 0.082667 0.416667
220 7.333000 0.491667 0.088667 0.436667
1019 7.393000 0.501667 0.046000 0.356667
373 7.480333 0.488333 0.148667 0.430000
741 7.600000 0.510000 0.104000 0.366667
573 7.681333 0.508333 0.076000 0.310000
20 7.768667 0.510000 0.118667 0.413333
335 7.880000 0.510000 0.120000 0.400000
109 8.044000 0.506667 0.224000 0.480000
1008 8.168667 0.490000 0.040000 0.320000
63 8.239333 0.491667 0.117333 0.416667
643 8.347000 0.505000 0.118000 0.436667
523 8.453667 0.493333 0.115333 0.366667
131 8.551333 0.498333 0.097333 0.376667
783 8.644000 0.488333 0.102667 0.536667
590 8.750333 0.491667 0.124667 0.463333
333 8.912667 0.503333 0.214667 1.073333
221 9.065000 0.501667 0.104667 0.430000
433 9.192000 0.503333 0.165333 0.360000
980 9.284333 0.500000 0.039333 0.300000
312 9.342333 0.500000 0.090000 0.326667
7 9.424667 0.490000 0.093333 0.313333
506 9.480667 0.508333 0.038667 0.416667
948 9.508000 0.503333 0.033333 0.260000
119 9.561000 0.495000 0.090000 0.530000
747 9.645333 0.488333 0.098667 0.430000
70 9.757333 0.506667 0.144000 0.513333
452 9.862333 0.508333 0.079333 0.403333
1004 9.909333 0.503333 0.032000 0.260000
318 9.967667 0.500000 0.100667 0.500000
438 10.067000 0.506667 0.118000 0.360000
931 10.144000 0.506667 0.050667 0.373333
325 10.274333 0.488333 0.226000 1.130000
863 10.418667 0.491667 0.081333 0.390000
1005 10.473333 0.493333 0.048000 0.366667
72 10.543667 0.496667 0.106000 0.513333
767 10.646667 0.493333 0.117333 0.340000
316 10.756667 0.503333 0.120000 0.413333
780 10.879667 0.498333 0.142000 0.410000
152 10.975667 0.506667 0.070000 0.340000
801 11.057000 0.498333 0.108667 0.396667
554 11.176667 0.498333 0.146667 0.410000
586 11.301667 0.490000 0.123333 0.346667
858 11.412667 0.508333 0.113333 0.343333
176 11.511667 0.495000 0.103333 0.376667
795 11.592000 0.490000 0.073333 0.453333
918 11.686000 0.493333 0.129333 0.446667
415 11.808333 0.495000 0.131333 0.456667
649 11.907667 0.508333 0.082000 0.436667
468 11.970333 0.490000 0.056667 0.326667
180 12.068000 0.510000 0.157333 0.786667
185 12.190667 0.490000 0.108000 0.520000
345 12.322333 0.505000 0.170000 0.850000
336 12.451333 0.506667 0.102667 0.500000
466 12.528667 0.505000 0.069333 0.410000
907 12.608000 0.496667 0.106667 0.353333
150 12.710000 0.493333 0.113333 0.440000
576 12.816000 0.491667 0.114667 0.443333
575 12.911333 0.505000 0.093333 0.303333
535 13.049667 0.498333 0.199333 0.443333
381 13.222333 0.490000 0.164667 0.473333
537 13.405000 0.508333 0.218000 1.090000
55 13.561000 0.510000 0.108667 0.266667
700 13.676667 0.503333 0.138667 0.560000
492 13.771333 0.498333 0.066667 0.356667
214 13.851667 0.500000 0.112667 0.566667
77 13.968000 0.493333 0.133333 0.333333
254 14.095000 0.495000 0.134000 0.516667
997 14.171333 0.490000 0.037333 0.273333
304 14.214333 0.503333 0.064667 0.366667
177 14.305667 0.490000 0.135333 0.473333
313 14.425667 0.510000 0.120667 0.453333
213 14.524667 0.506667 0.097333 0.493333
914 14.633667 0.501667 0.138000 0.430000
248 14.743667 0.501667 0.100667 0.550000
378 14.854333 0.488333 0.140667 0.410000
87 15.024000 0.500000 0.216000 1.080000
251 15.151667 0.508333 0.055333 0.316667
669 15.222000 0.505000 0.105333 0.363333
172 15.335667 0.490000 0.136667 0.520000
615 15.484000 0.506667 0.173333 0.866667
250 15.663333 0.500000 0.200000 1.000000
758 15.822667 0.491667 0.134667 0.390000
831 15.929000 0.508333 0.095333 0.443333
645 16.004333 0.488333 0.072667 0.330000
289 16.118667 0.500000 0.170667 0.853333
500 16.234000 0.501667 0.076000 0.363333
280 16.316667 0.505000 0.106667 0.350000
707 16.418333 0.491667 0.110000 0.456667
457 16.493667 0.493333 0.059333 0.340000
541 16.592333 0.496667 0.158000 0.326667
880 16.713000 0.491667 0.099333 0.350000
937 16.776333 0.491667 0.040667 0.310000
892 16.883000 0.501667 0.186000 0.930000
1012 16.989667 0.490000 0.040667 0.326667
510 17.064333 0.506667 0.126000 0.406667
499 17.147333 0.506667 0.057333 0.340000
156 17.251667 0.506667 0.167333 0.420000
496 17.386000 0.501667 0.120000 0.463333
231 17.480000 0.495000 0.085333 0.356667
518 17.601000 0.505000 0.176667 0.883333
126 17.739667 0.488333 0.119333 0.396667
495 17.832333 0.495000 0.079333 0.356667
884 17.934667 0.506667 0.144000 0.506667
139 18.028333 0.490000 0.060667 0.340000
909 18.090000 0.496667 0.076000 0.366667
650 18.201000 0.508333 0.159333 0.516667
781 18.307333 0.503333 0.066667 0.340000
228 18.386000 0.505000 0.109333 0.456667
370 18.511000 0.508333 0.156667 0.456667
195 18.629333 0.491667 0.094667 0.410000
217 18.729000 0.496667 0.118000 0.486667
224 18.835667 0.488333 0.114000 0.490000
403 18.974333 0.490000 0.179333 0.493333
774 19.084667 0.508333 0.058667 0.336667
363 19.184333 0.498333 0.156667 0.423333
740 19.313333 0.488333 0.121333 0.276667
476 19.400000 0.503333 0.072000 0.386667
174 19.513667 0.495000 0.172667 0.863333
861 19.611667 0.500000 0.042000 0.333333
398 19.664333 0.490000 0.079333 0.420000
149 19.767667 0.505000 0.146000 0.383333
851 19.883000 0.501667 0.103333 0.470000
491 19.969333 0.488333 0.085333 0.416667
816 20.074333 0.500000 0.140667 0.340000
763 20.163333 0.498333 0.053333 0.423333
908 20.238333 0.506667 0.111333 0.400000
917 20.305000 0.490000 0.042000 0.286667
855 20.354333 0.495000 0.071333 0.183333
886 20.451667 0.506667 0.136667 0.460000
32 20.569667 0.493333 0.112667 0.360000
797 20.659667 0.508333 0.082000 0.303333
330 20.734333 0.501667 0.080667 0.310000
65 20.817000 0.495000 0.102000 0.256667
588 20.908667 0.501667 0.098667 0.436667
490 20.983000 0.506667 0.067333 0.346667
837 21.054333 0.490000 0.090000 0.433333
84 21.142333 0.490000 0.104667 0.293333
789 21.225333 0.510000 0.074667 0.460000
826 21.299000 0.496667 0.091333 0.393333
790 21.371333 0.503333 0.069333 0.426667
300 21.439333 0.496667 0.084000 0.266667
756 21.525667 0.510000 0.107333 0.360000
619 21.625667 0.505000 0.111333 0.570000
239 21.728667 0.508333 0.113333 0.703333
274 21.818667 0.506667 0.084000 0.400000
730 21.912000 0.503333 0.116000 0.493333
616 22.050333 0.508333 0.178000 0.890000
480 22.159667 0.498333 0.060667 0.316667
427 22.237000 0.493333 0.114000 0.540000
61 22.334333 0.500000 0.094000 0.466667
390 22.447667 0.493333 0.150000 0.420000
920 22.570000 0.493333 0.114667 0.426667
34 22.685333 0.503333 0.130667 0.413333
504 22.820667 0.508333 0.154667 0.436667
605 22.951667 0.503333 0.122000 0.320000
505 23.036667 0.500000 0.062667 0.260000
812 23.138333 0.498333 0.158000 0.363333
657 23.261333 0.501667 0.101333 0.430000
924 23.325000 0.493333 0.046000 0.366667
766 23.389000 0.508333 0.102000 0.296667
921 23.465333 0.503333 0.064000 0.380000
121 23.500667 0.491667 0.022667 0.396667
810 23.558333 0.503333 0.106000 0.480000
806 23.704000 0.510000 0.204000 0.513333
140 23.852333 0.506667 0.106000 0.580000
484 23.956000 0.506667 0.114667 0.420000
258 24.068333 0.503333 0.127333 0.433333
819 24.183667 0.496667 0.116667 0.333333
701 24.317667 0.488333 0.171333 0.543333
436 24.456333 0.488333 0.126000 0.350000
854 24.597000 0.490000 0.168667 0.593333
475 24.710667 0.501667 0.072000 0.423333
1006 24.758333 0.503333 0.042000 0.306667
844 24.820667 0.510000 0.098667 0.420000
399 24.909000 0.505000 0.095333 0.310000
817 25.002333 0.510000 0.110000 0.353333
978 25.074000 0.510000 0.049333 0.373333
608 25.132333 0.495000 0.086000 0.303333
731 25.209667 0.491667 0.088667 0.450000
11 25.296000 0.503333 0.104000 0.380000
338 25.408333 0.493333 0.134000 0.693333
536 25.535333 0.503333 0.133333 0.526667
585 25.648000 0.491667 0.108000 0.336667
157 25.784333 0.491667 0.184667 0.736667
932 25.889667 0.495000 0.042000 0.316667
581 25.941000 0.490000 0.079333 0.340000
160 26.010667 0.505000 0.078667 0.476667
724 26.078333 0.503333 0.072667 0.320000
739 26.138667 0.503333 0.064000 0.566667
104 26.274000 0.503333 0.226667 1.133333
845 26.439333 0.491667 0.117333 0.523333
975 26.505333 0.510000 0.033333 0.266667
877 26.556000 0.490000 0.086667 0.426667
718 26.690667 0.508333 0.200000 0.543333
613 26.885333 0.493333 0.208000 1.040000
771 27.034667 0.503333 0.108000 0.533333
547 27.116333 0.498333 0.068667 0.390000
0 27.166000 0.500000 0.049333 0.400000
890 27.243667 0.510000 0.124667 0.493333
423 27.356667 0.498333 0.116000 0.383333
689 27.446000 0.491667 0.078667 0.383333
653 27.548667 0.505000 0.145333 0.476667
331 27.711000 0.508333 0.192667 0.963333
369 27.876000 0.501667 0.156000 0.423333
182 28.025667 0.488333 0.162000 0.810000
562 28.174000 0.490000 0.152000 0.320000
186 28.297667 0.495000 0.110000 0.543333
167 28.404667 0.488333 0.122667 0.476667
834 28.503667 0.488333 0.092667 0.390000
115 28.568333 0.496667 0.050000 0.293333
64 28.613667 0.490000 0.059333 0.326667
530 28.685000 0.503333 0.096667 0.466667
1000 28.748000 0.496667 0.042667 0.340000
54 28.796333 0.493333 0.070000 0.406667
514 28.868333 0.493333 0.092667 0.313333
142 28.947000 0.510000 0.084667 0.366667
891 29.009000 0.493333 0.056667 0.286667
698 29.057000 0.498333 0.052667 0.283333
288 29.139333 0.498333 0.132000 0.503333
965 29.213333 0.490000 0.036000 0.293333
323 29.325333 0.510000 0.205333 0.413333
479 29.455667 0.498333 0.072667 0.383333
600 29.545333 0.505000 0.125333 0.370000
14 29.651000 0.498333 0.102000 0.356667
22 29.768333 0.491667 0.146000 0.490000
340 29.884333 0.488333 0.102000 0.303333
928 29.941000 0.493333 0.028667 0.246667
830 29.989000 0.493333 0.082000 0.386667
91 30.105000 0.495000 0.166000 0.830000
594 30.239000 0.493333 0.115333 0.360000
292 30.341000 0.496667 0.104667 0.386667
809 30.450000 0.500000 0.128000 0.653333
984 30.527333 0.506667 0.041333 0.346667
44 30.595333 0.501667 0.112000 0.450000
95 30.724667 0.495000 0.162667 0.343333
471 30.835333 0.496667 0.074667 0.386667
543 30.944667 0.491667 0.160000 0.530000
326 31.050667 0.496667 0.069333 0.313333
1002 31.100333 0.498333 0.046000 0.363333
223 31.178667 0.503333 0.125333 0.533333
986 31.251333 0.493333 0.036000 0.260000
302 31.296667 0.498333 0.073333 0.410000
103 31.417000 0.491667 0.183333 0.390000
927 31.528667 0.501667 0.053333 0.383333
636 31.598333 0.505000 0.103333 0.230000
512 31.697000 0.488333 0.107333 0.363333
634 31.790333 0.505000 0.096667 0.410000
244 31.902000 0.488333 0.145333 0.396667
846 32.012667 0.500000 0.092000 0.460000
923 32.071667 0.501667 0.043333 0.343333
29 32.150667 0.495000 0.132000 0.356667
625 32.306333 0.501667 0.196667 0.983333
1016 32.413667 0.498333 0.036667 0.276667
175 32.529333 0.503333 0.210667 1.053333
1001 32.648667 0.496667 0.044000 0.320000
563 32.727000 0.490000 0.130000 0.273333
428 32.829667 0.508333 0.092667 0.603333
592 32.936667 0.496667 0.136000 0.386667
531 33.102333 0.508333 0.212667 0.456667
246 33.273333 0.495000 0.149333 0.516667
852 33.391667 0.498333 0.104667 0.430000
328 33.518333 0.501667 0.168667 0.843333
750 33.655333 0.498333 0.121333 0.450000
955 33.726667 0.503333 0.040000 0.293333
218 33.798000 0.506667 0.120000 0.553333
906 33.928000 0.490000 0.156000 0.460000
1003 34.013667 0.493333 0.035333 0.300000
607 34.072667 0.508333 0.098667 0.296667
732 34.157333 0.505000 0.084000 0.443333
994 34.209000 0.488333 0.035333 0.290000
193 34.275667 0.508333 0.114000 0.576667
972 34.349333 0.496667 0.046667 0.346667
599 34.422333 0.495000 0.115333 0.350000
271 34.558000 0.498333 0.172000 0.523333
144 34.678667 0.500000 0.086667 0.360000
429 34.761667 0.491667 0.096667 0.350000
642 34.854667 0.501667 0.109333 0.423333
807 35.012333 0.506667 0.223333 0.580000
813 35.180667 0.491667 0.130667 0.436667
135 35.303333 0.491667 0.132000 0.403333
341 35.399333 0.506667 0.078667 0.326667
424 35.506667 0.508333 0.150667 0.470000
349 35.625667 0.506667 0.107333 0.326667
532 35.732333 0.506667 0.122000 0.626667
956 35.806000 0.490000 0.042667 0.313333
37 35.876000 0.488333 0.112000 0.423333
47 35.970000 0.506667 0.090667 0.433333
898 36.083667 0.495000 0.151333 0.430000
238 36.221667 0.505000 0.142000 0.543333
690 36.327667 0.510000 0.090000 0.440000
618 36.406333 0.506667 0.087333 0.520000
860 36.540000 0.510000 0.193333 0.966667
695 36.714000 0.491667 0.170667 0.463333
259 36.843333 0.490000 0.108000 0.540000
379 36.948000 0.508333 0.121333 0.350000
862 37.031667 0.501667 0.064667 0.296667
192 37.111000 0.505000 0.114000 0.463333
857 37.250333 0.495000 0.183333 0.410000
552 37.357667 0.493333 0.046000 0.306667
635 37.409333 0.501667 0.073333 0.303333
782 37.481667 0.491667 0.087333 0.403333
785 37.554000 0.493333 0.072000 0.306667
513 37.651000 0.488333 0.135333 0.450000
422 37.757000 0.496667 0.094000 0.346667
145 37.830333 0.491667 0.068667 0.363333
556 37.910333 0.496667 0.106000 0.440000
94 38.065000 0.493333 0.220667 0.480000
439 38.213000 0.496667 0.088667 0.346667
651 38.312333 0.506667 0.128667 0.413333
298 38.414000 0.495000 0.088000 0.456667
1 38.486667 0.501667 0.077333 0.403333
521 38.578667 0.510000 0.120000 0.320000
1017 38.651000 0.505000 0.043333 0.343333
405 38.713667 0.491667 0.099333 0.383333
595 38.820667 0.506667 0.129333 0.393333
374 38.943667 0.508333 0.132667 0.376667
324 39.079667 0.508333 0.152667 0.750000
283 39.203333 0.501667 0.112000 0.390000
124 39.300667 0.501667 0.097333 0.363333
666 39.391000 0.493333 0.099333 0.346667
703 39.493667 0.495000 0.123333 0.403333
676 39.604000 0.506667 0.110667 0.373333
685 39.705667 0.508333 0.106000 0.410000
286 39.797667 0.496667 0.095333 0.360000
364 39.940667 0.493333 0.209333 1.046667
421 40.117667 0.490000 0.160667 0.466667
97 40.308000 0.506667 0.238667 0.500000
911 40.475667 0.488333 0.110000 0.443333
502 40.556000 0.490000 0.070667 0.333333
409 40.662667 0.500000 0.158667 0.793333
17 40.776000 0.501667 0.088000 0.303333
630 40.891333 0.493333 0.161333 0.533333
230 41.025333 0.505000 0.124000 0.503333
524 41.142333 0.505000 0.124667 0.390000
786 41.226000 0.490000 0.061333 0.373333
234 41.290667 0.488333 0.082667 0.370000
745 41.367667 0.506667 0.090000 0.360000
10 41.466000 0.508333 0.122667 0.450000
664 41.570000 0.506667 0.098667 0.366667
850 41.672333 0.493333 0.124667 0.513333
548 41.786333 0.506667 0.119333 0.400000
638 41.880333 0.493333 0.087333 0.346667
957 41.938333 0.503333 0.044667 0.333333
856 42.036667 0.491667 0.168000 0.416667
654 42.223333 0.503333 0.221333 1.106667
655 42.362333 0.508333 0.071333 0.283333
672 42.457333 0.501667 0.132000 0.463333
727 42.551333 0.501667 0.070667 0.336667
792 42.641000 0.505000 0.127333 0.503333
71 42.724667 0.506667 0.054667 0.286667
205 42.808333 0.501667 0.128667 0.510000
305 42.895667 0.491667 0.066000 0.376667
358 43.007333 0.510000 0.174667 0.873333
723 43.151333 0.491667 0.129333 0.443333
515 43.261000 0.496667 0.106000 0.340000
354 43.386333 0.508333 0.163333 0.816667
967 43.479000 0.505000 0.040667 0.330000
112 43.557333 0.501667 0.130667 0.436667
355 43.685000 0.495000 0.143333 0.390000
966 43.771000 0.493333 0.047333 0.360000
21 43.828000 0.505000 0.082667 0.283333
761 43.916333 0.498333 0.111333 0.330000
582 44.034667 0.493333 0.138667 0.573333
788 44.183000 0.488333 0.172667 0.863333
814 44.313667 0.501667 0.106000 0.310000
593 44.459667 0.505000 0.206000 1.030000
42 44.582667 0.491667 0.058667 0.323333
1007 44.623667 0.498333 0.040667 0.330000
12 44.687667 0.500000 0.106000 0.353333
106 44.826333 0.505000 0.190000 0.410000
30 44.974000 0.495000 0.120000 0.350000
465 45.062667 0.495000 0.077333 0.443333
528 45.150333 0.488333 0.112667 0.376667
896 45.264667 0.490000 0.133333 0.406667
320 45.383333 0.506667 0.117333 0.386667
885 45.482333 0.508333 0.094000 0.450000
488 45.563000 0.495000 0.083333 0.416667
226 45.652667 0.498333 0.113333 0.570000
935 45.717667 0.506667 0.032667 0.273333
570 45.773667 0.508333 0.095333 0.396667
432 45.887000 0.508333 0.146000 0.283333
760 46.030333 0.496667 0.158000 0.506667
143 46.147000 0.490000 0.088667 0.433333
688 46.230333 0.490000 0.092667 0.460000
293 46.320000 0.508333 0.101333 0.390000
963 46.385000 0.508333 0.043333 0.323333
729 46.412667 0.493333 0.028000 0.366667
147 46.455000 0.491667 0.070000 0.336667
76 46.541333 0.505000 0.117333 0.356667
402 46.659000 0.501667 0.138000 0.370000
346 46.788667 0.491667 0.137333 0.376667
69 46.898667 0.495000 0.100000 0.543333
15 46.994000 0.510000 0.110667 0.386667
853 47.095667 0.505000 0.106000 0.436667
129 47.204000 0.498333 0.124000 0.476667
317 47.308333 0.493333 0.102000 0.380000
148 47.418333 0.503333 0.134000 0.393333
714 47.574000 0.506667 0.193333 0.966667
474 47.694333 0.498333 0.064667 0.383333
388 47.791667 0.498333 0.147333 0.436667
19 47.907667 0.491667 0.098000 0.323333
48 48.050667 0.496667 0.205333 1.026667
376 48.212667 0.496667 0.132000 0.360000
883 48.361333 0.500000 0.182667 0.913333
85 48.490667 0.495000 0.090667 0.350000
268 48.613333 0.500000 0.173333 0.866667
637 48.722667 0.503333 0.064000 0.340000
493 48.783667 0.500000 0.074000 0.346667
793 48.862000 0.491667 0.098667 0.403333
81 48.952333 0.500000 0.099333 0.406667
241 49.034333 0.491667 0.079333 0.443333
940 49.086333 0.503333 0.039333 0.320000
161 49.145667 0.500000 0.092667 0.340000
420 49.221667 0.496667 0.074000 0.300000
299 49.297333 0.508333 0.093333 0.363333
393 49.411667 0.510000 0.154000 0.420000
559 49.524333 0.506667 0.087333 0.426667
56 49.602333 0.491667 0.082000 0.110000
971 49.651667 0.508333 0.031333 0.270000
693 49.700000 0.491667 0.084000 0.410000
485 49.768333 0.500000 0.068667 0.360000
66 49.849000 0.510000 0.111333 0.553333
455 49.941000 0.506667 0.087333 0.440000
716 50.053667 0.498333 0.154000 0.390000
668 50.182667 0.493333 0.117333 0.406667
101 50.334333 0.501667 0.202000 1.010000
1023 50.442667 0.491667 0.029333 0.243333
100 50.553333 0.490000 0.205333 0.446667
558 50.692333 0.490000 0.086000 0.420000
448 50.754000 0.510000 0.057333 0.300000
726 50.818667 0.498333 0.088000 0.456667
872 50.914667 0.505000 0.118667 0.336667
894 51.025667 0.508333 0.118000 0.316667
151 51.123333 0.490000 0.093333 0.433333
245 51.199667 0.490000 0.072667 0.286667
242 51.287000 0.508333 0.122000 0.476667
802 51.423667 0.495000 0.164667 0.363333
706 51.529000 0.505000 0.062000 0.330000
735 51.610000 0.503333 0.118667 0.486667
290 51.738333 0.491667 0.155333 0.410000
671 51.872667 0.488333 0.126667 0.416667
322 51.981000 0.503333 0.106000 0.113333
692 52.076667 0.495000 0.100000 0.496667
96 52.237000 0.503333 0.234000 0.500000
67 52.421667 0.505000 0.155333 0.776667
461 52.527000 0.501667 0.068667 0.376667
691 52.588667 0.495000 0.073333 0.363333
765 52.659667 0.493333 0.083333 0.446667
348 52.750000 0.505000 0.113333 0.330000
702 52.895000 0.490000 0.192667 0.600000
275 53.006333 0.495000 0.046000 0.296667
215 53.084667 0.510000 0.128000 0.513333
871 53.170667 0.501667 0.062667 0.330000
551 53.260000 0.491667 0.134667 0.443333
598 53.384000 0.498333 0.133333 0.403333
361 53.507667 0.495000 0.134000 0.410000
216 53.623667 0.490000 0.114000 0.566667
915 53.712000 0.496667 0.080000 0.646667
310 53.773667 0.501667 0.058000 0.323333
675 53.849333 0.503333 0.112000 0.366667
550 53.928667 0.488333 0.065333 0.323333
684 54.017667 0.498333 0.127333 0.436667
652 54.156000 0.491667 0.166667 0.563333
279 54.272667 0.491667 0.084000 0.476667
196 54.373333 0.491667 0.130667 0.536667
444 54.465000 0.491667 0.070000 0.370000
41 54.556333 0.503333 0.132667 0.366667
247 54.662000 0.501667 0.094667 0.463333
889 54.787000 0.508333 0.172667 0.863333
811 54.937000 0.500000 0.147333 0.406667
414 55.083667 0.508333 0.160667 0.803333
757 55.217667 0.493333 0.120667 0.346667
611 55.311667 0.503333 0.082000 0.326667
240 55.380000 0.508333 0.069333 0.343333
946 55.429000 0.490000 0.042000 0.300000
534 55.494000 0.495000 0.102667 0.416667
9 55.599000 0.510000 0.122000 0.506667
477 55.688000 0.503333 0.076000 0.433333
784 55.741000 0.506667 0.046000 0.380000
999 55.775667 0.496667 0.043333 0.346667
219 55.851000 0.505000 0.123333 0.516667
713 55.992333 0.488333 0.178000 0.890000
968 56.092333 0.505000 0.039333 0.303333
656 56.167667 0.493333 0.131333 0.360000
199 56.281667 0.495000 0.112667 0.463333
580 56.412000 0.491667 0.162667 0.390000
426 56.508333 0.493333 0.044667 0.293333
391 56.619000 0.488333 0.194000 0.970000
945 56.723000 0.510000 0.032667 0.253333
497 56.812000 0.490000 0.158667 0.400000
614 56.950333 0.508333 0.132667 0.356667
840 57.049667 0.510000 0.086000 0.420000
641 57.128000 0.491667 0.084000 0.396667
342 57.205333 0.501667 0.086667 0.410000
710 57.336000 0.503333 0.194667 0.973333
188 57.475333 0.498333 0.101333 0.510000
372 57.594000 0.506667 0.152000 0.433333
772 57.770667 0.503333 0.216000 1.080000
564 57.936000 0.496667 0.129333 0.266667
352 58.061667 0.508333 0.139333 0.396667
922 58.138000 0.495000 0.033333 0.276667
478 58.192333 0.490000 0.091333 0.466667
1020 58.255667 0.488333 0.051333 0.376667
773 58.355333 0.493333 0.164000 0.500000
450 58.457000 0.505000 0.058000 0.343333
75 58.533667 0.490000 0.112667 0.353333
339 58.620667 0.498333 0.078667 0.430000
829 58.694667 0.503333 0.086667 0.366667
377 58.825667 0.498333 0.191333 0.956667
80 58.953000 0.488333 0.079333 0.410000
356 59.091000 0.501667 0.210000 1.050000
155 59.233333 0.510000 0.093333 0.473333
332 59.361333 0.506667 0.180000 0.900000
658 59.481000 0.506667 0.072667 0.426667
941 59.525667 0.510000 0.036667 0.306667
839 59.582667 0.490000 0.092000 0.466667
1015 59.639667 0.506667 0.040667 0.320000
899 59.724000 0.493333 0.144000 0.420000
40 59.848667 0.505000 0.124000 0.410000
419 59.951000 0.501667 0.099333 0.483333
694 60.030000 0.500000 0.076000 0.373333
833 60.109333 0.505000 0.101333 0.490000
719 60.224667 0.493333 0.145333 0.400000
467 60.326333 0.496667 0.076667 0.413333
579 60.448667 0.501667 0.186667 0.436667
360 60.601000 0.488333 0.131333 0.383333
951 60.676667 0.506667 0.040000 0.333333
235 60.731667 0.500000 0.084667 0.380000
309 60.807333 0.510000 0.081333 0.446667
262 60.897667 0.490000 0.118000 0.606667
849 61.003667 0.490000 0.111333 0.480000
125 61.092667 0.510000 0.080000 0.386667
307 61.161667 0.491667 0.075333 0.423333
261 61.258333 0.491667 0.132667 0.603333
847 61.367333 0.488333 0.101333 0.303333
938 61.425000 0.491667 0.031333 0.250000
38 61.488000 0.510000 0.112000 0.373333
995 61.552000 0.508333 0.036000 0.296667
1022 61.585000 0.491667 0.043333 0.336667
86 61.654667 0.508333 0.109333 0.463333
620 61.806333 0.488333 0.211333 1.056667
869 61.945333 0.495000 0.086667 0.516667
539 62.018000 0.510000 0.076000 0.333333
344 62.110667 0.505000 0.125333 0.370000
202 62.267667 0.498333 0.203333 1.016667
587 62.459333 0.490000 0.198667 0.993333
736 62.586333 0.503333 0.074000 0.400000
243 62.690333 0.501667 0.148667 0.490000
39 62.817000 0.505000 0.123333 0.390000
779 62.884333 0.501667 0.031333 0.303333
118 62.934000 0.496667 0.085333 0.313333
711 63.049333 0.493333 0.165333 0.826667
943 63.145333 0.488333 0.045333 0.350000
722 63.219667 0.508333 0.119333 0.343333
822 63.326333 0.488333 0.108667 0.376667
255 63.438000 0.490000 0.134667 0.520000
469 63.526333 0.496667 0.062000 0.353333
425 63.596000 0.503333 0.092000 0.520000
764 63.671000 0.505000 0.076667 0.363333
868 63.745000 0.495000 0.091333 0.516667
617 63.839000 0.506667 0.111333 0.426667
1011 63.907667 0.505000 0.039333 0.303333
759 63.991667 0.508333 0.142000 0.410000
184 64.107000 0.491667 0.108667 0.443333
252 64.240333 0.501667 0.178000 0.890000
662 64.377667 0.493333 0.114000 0.393333
983 64.448667 0.498333 0.046667 0.343333
232 64.520000 0.498333 0.116000 0.470000
546 64.612333 0.508333 0.087333 0.323333
24 64.701000 0.490000 0.103333 0.353333
929 64.763000 0.496667 0.036667 0.286667
507 64.807000 0.500000 0.064667 0.373333
162 64.880333 0.505000 0.102000 0.363333
435 64.956000 0.498333 0.066667 0.343333
717 65.062667 0.503333 0.162667 0.813333
487 65.178333 0.505000 0.084667 0.430000
482 65.241667 0.490000 0.058000 0.320000
520 65.317000 0.491667 0.112667 0.383333
82 65.402667 0.503333 0.074667 0.520000
437 65.475333 0.498333 0.084000 0.423333
529 65.563333 0.490000 0.106667 0.480000
639 65.643000 0.496667 0.070000 0.346667
26 65.744667 0.510000 0.150667 0.513333
882 65.877667 0.506667 0.128667 0.506667
873 65.984000 0.493333 0.098667 0.446667
557 66.060333 0.508333 0.072667 0.496667
561 66.162667 0.496667 0.152000 0.320000
624 66.302667 0.503333 0.141333 0.480000
460 66.404667 0.488333 0.081333 0.410000
696 66.514333 0.496667 0.155333 0.353333
107 66.661000 0.506667 0.158000 0.340000
270 66.815333 0.491667 0.168000 0.510000
90 66.977333 0.500000 0.170667 0.853333
601 67.116000 0.505000 0.121333 0.356667
571 67.208000 0.506667 0.078667 0.326667
974 67.255667 0.506667 0.034000 0.280000
458 67.301333 0.491667 0.073333 0.383333
486 67.373333 0.500000 0.084000 0.426667
825 67.459000 0.510000 0.106000 0.486667
207 67.552000 0.506667 0.093333 0.466667
46 67.616667 0.500000 0.049333 0.406667
334 67.705667 0.503333 0.148667 0.513333
555 67.787000 0.488333 0.034000 0.350000
545 67.842667 0.503333 0.096000 0.386667
35 67.934667 0.503333 0.104000 0.400000
933 67.996667 0.506667 0.034667 0.260000
712 68.086000 0.500000 0.162667 0.813333
958 68.178667 0.508333 0.036000 0.276667
321 68.239667 0.496667 0.100667 0.400000
947 68.299333 0.501667 0.032000 0.250000
23 68.386333 0.498333 0.159333 0.456667
314 68.508000 0.488333 0.102667 0.370000
173 68.594000 0.506667 0.088000 0.400000
296 68.685000 0.506667 0.114000 0.413333
503 68.811667 0.496667 0.159333 0.426667
738 68.929000 0.490000 0.088667 0.413333
950 68.982000 0.505000 0.034667 0.256667
805 69.093000 0.495000 0.206000 1.030000
508 69.219000 0.501667 0.059333 0.356667
874 69.275333 0.508333 0.069333 0.336667
472 69.335333 0.510000 0.064000 0.380000
820 69.404333 0.506667 0.088667 0.366667
211 69.486667 0.488333 0.090667 0.456667
516 69.574667 0.506667 0.102667 0.340000
683 69.696333 0.510000 0.160667 0.500000
827 69.816333 0.488333 0.096667 0.443333
291 69.919667 0.491667 0.128667 0.516667
835 70.038667 0.500000 0.124000 0.540000
569 70.145333 0.500000 0.104000 0.420000
1010 70.210000 0.503333 0.044000 0.326667
942 70.244333 0.503333 0.044667 0.340000
778 70.300333 0.506667 0.086000 0.546667
704 70.402000 0.506667 0.136000 0.406667
277 70.497667 0.488333 0.075333 0.336667
163 70.572667 0.496667 0.093333 0.340000
5 70.658667 0.503333 0.096000 0.460000
925 70.715667 0.500000 0.031333 0.253333
413 70.782000 0.503333 0.118667 0.480000
384 70.908667 0.495000 0.153333 0.430000
98 71.058667 0.503333 0.166667 0.833333
43 71.188667 0.510000 0.112000 0.440000
632 71.312333 0.491667 0.154000 0.503333
210 71.435667 0.488333 0.111333 0.450000
715 71.565000 0.490000 0.160667 0.426667
282 71.691000 0.495000 0.104667 0.363333
527 71.799000 0.508333 0.126000 0.363333
866 71.955333 0.506667 0.204000 1.020000
660 72.095667 0.495000 0.091333 0.336667
900 72.192667 0.488333 0.120000 0.376667
566 72.312667 0.495000 0.133333 0.550000
709 72.430333 0.505000 0.122000 0.530000
661 72.539667 0.503333 0.116667 0.440000
565 72.660000 0.508333 0.144000 0.330000
769 72.803000 0.488333 0.156667 0.783333
383 72.960667 0.490000 0.174667 0.873333
646 73.088333 0.491667 0.100667 0.436667
939 73.148333 0.491667 0.039333 0.296667
603 73.248333 0.501667 0.180667 0.903333
225 73.387000 0.498333 0.115333 0.496667
166 73.485000 0.510000 0.098000 0.346667
273 73.558667 0.496667 0.064000 0.413333
996 73.600667 0.501667 0.036000 0.290000
987 73.629000 0.505000 0.036667 0.270000
755 73.700667 0.500000 0.120000 0.346667
2 73.787667 0.500000 0.070000 0.326667
411 73.924333 0.498333 0.220667 1.103333
743 74.070000 0.495000 0.084000 0.356667
133 74.160000 0.491667 0.113333 0.383333
434 74.255000 0.488333 0.092667 0.316667
386 74.347667 0.506667 0.111333 0.346667
278 74.449333 0.498333 0.110667 0.330000
276 74.528667 0.506667 0.062667 0.400000
122 74.605333 0.503333 0.104000 0.366667
762 74.693333 0.500000 0.086667 0.373333
16 74.780667 0.491667 0.104000 0.390000
952 74.840333 0.503333 0.032667 0.273333
678 74.896667 0.498333 0.097333 0.363333
446 74.977333 0.490000 0.077333 0.400000
136 75.073667 0.488333 0.128667 0.470000
351 75.197667 0.488333 0.135333 0.370000
721 75.362333 0.491667 0.212667 1.063333
705 75.525333 0.490000 0.128000 0.406667
159 75.601667 0.491667 0.044667 0.343333
337 75.713333 0.500000 0.192000 0.960000
560 75.892667 0.506667 0.185333 0.593333
800 76.014000 0.498333 0.077333 0.303333
297 76.077000 0.510000 0.066000 0.366667
462 76.130000 0.498333 0.053333 0.316667
191 76.196667 0.495000 0.096000 0.456667
798 76.287667 0.495000 0.099333 0.370000
647 76.371000 0.501667 0.083333 0.423333
201 76.447667 0.505000 0.084667 0.423333
659 76.522333 0.500000 0.082000 0.333333
610 76.616000 0.498333 0.125333 0.383333
134 76.723667 0.490000 0.107333 0.373333
200 76.815333 0.488333 0.093333 0.383333
249 76.888667 0.510000 0.073333 0.586667
680 76.970000 0.493333 0.102667 0.340000
353 77.123667 0.508333 0.223333 1.116667
981 77.243333 0.493333 0.032000 0.253333
31 77.322000 0.501667 0.138667 0.403333
445 77.414667 0.500000 0.062667 0.320000
602 77.494333 0.498333 0.116667 0.350000
742 77.659333 0.490000 0.226667 1.133333
875 77.838667 0.495000 0.152000 0.410000
50 77.985667 0.500000 0.160667 0.513333
404 78.120333 0.505000 0.126000 0.616667
418 78.211333 0.498333 0.072000 0.350000
365 78.293667 0.498333 0.112667 0.330000
442 78.378667 0.496667 0.076000 0.386667
362 78.489000 0.508333 0.162000 0.810000
494 78.598333 0.503333 0.075333 0.406667
990 78.642000 0.488333 0.029333 0.243333
674 78.712667 0.498333 0.125333 0.456667
197 78.811667 0.495000 0.092667 0.370000
194 78.904000 0.505000 0.105333 0.430000
253 78.980667 0.506667 0.061333 0.573333
367 79.071000 0.495000 0.134000 0.376667
828 79.179333 0.496667 0.101333 0.500000
976 79.243000 0.505000 0.040667 0.310000
132 79.296667 0.505000 0.086667 0.356667
522 79.396667 0.503333 0.128000 0.406667
954 79.469333 0.508333 0.036000 0.283333
181 79.550667 0.501667 0.145333 0.483333
540 79.708667 0.488333 0.189333 0.703333
443 79.832000 0.508333 0.073333 0.390000
542 79.936000 0.501667 0.152000 0.543333
498 80.029000 0.493333 0.051333 0.313333
930 80.066333 0.493333 0.042000 0.340000
88 80.158333 0.491667 0.156667 0.783333
553 80.320333 0.491667 0.180667 0.903333
859 80.471333 0.508333 0.140000 0.390000
970 80.552000 0.508333 0.037333 0.283333
327 80.632333 0.508333 0.136667 0.363333
751 80.747667 0.488333 0.114000 0.490000
904 80.829667 0.490000 0.068667 0.326667
350 80.932667 0.500000 0.152000 0.473333
92 81.092333 0.488333 0.184667 0.396667
572 81.223667 0.508333 0.094000 0.390000
89 81.371000 0.503333 0.219333 0.460000
368 81.530667 0.510000 0.117333 0.346667
770 81.633000 0.491667 0.107333 0.310000
127 81.792000 0.506667 0.229333 1.146667
577 81.946667 0.501667 0.096000 0.383333
648 82.031333 0.503333 0.089333 0.426667
626 82.162667 0.496667 0.186667 0.933333
137 82.283667 0.488333 0.068667 0.336667
808 82.367000 0.498333 0.116667 0.423333
295 82.460333 0.490000 0.090000 0.380000
392 82.571000 0.490000 0.147333 0.440000
574 82.686000 0.488333 0.101333 0.410000
165 82.776000 0.510000 0.096000 0.373333
836 82.864667 0.490000 0.094667 0.393333
116 82.961667 0.493333 0.116667 0.346667
281 83.061667 0.506667 0.100667 0.366667
395 83.159000 0.508333 0.114000 0.330000
934 83.231333 0.493333 0.049333 0.360000
79 83.339333 0.493333 0.181333 0.906667
198 83.477667 0.496667 0.114000 0.546667
544 83.577333 0.490000 0.104000 0.380000
737 83.654000 0.491667 0.069333 0.436667
596 83.745667 0.508333 0.131333 0.403333
865 83.846667 0.488333 0.085333 0.316667
128 83.956667 0.496667 0.153333 0.453333
357 84.080000 0.493333 0.106667 0.333333
110 84.175333 0.501667 0.101333 0.376667
519 84.265667 0.506667 0.098000 0.320000
36 84.361333 0.501667 0.110667 0.356667
141 84.448333 0.488333 0.082000 0.363333
237 84.525000 0.508333 0.086000 0.543333
665 84.612000 0.501667 0.104000 0.383333
483 84.686000 0.505000 0.060000 0.356667
73 84.768667 0.506667 0.125333 0.413333
285 84.893667 0.505000 0.143333 0.503333
366 85.027667 0.506667 0.139333 0.393333
343 85.166333 0.491667 0.151333 0.416667
449 85.270000 0.490000 0.069333 0.400000
962 85.313333 0.503333 0.036000 0.273333
881 85.397667 0.506667 0.146000 0.493333
113 85.512000 0.495000 0.101333 0.490000
818 85.630667 0.506667 0.154667 0.413333
13 85.763667 0.490000 0.124667 0.413333
387 85.881333 0.490000 0.128000 0.353333
171 85.992667 0.508333 0.108000 0.410000
803 86.119667 0.505000 0.162000 0.470000
459 86.220333 0.508333 0.054000 0.310000
509 86.287333 0.508333 0.094667 0.296667
746 86.385333 0.490000 0.118667 0.346667
400 86.465333 0.491667 0.054667 0.436667
697 86.524333 0.508333 0.080667 0.403333
394 86.628667 0.490000 0.148000 0.406667
511 86.752667 0.490000 0.114667 0.386667
456 86.838333 0.498333 0.071333 0.370000
260 86.947000 0.505000 0.163333 0.423333
206 87.082667 0.495000 0.126667 0.510000
663 87.200333 0.505000 0.128667 0.430000
294 87.341667 0.488333 0.171333 0.856667
787 87.461667 0.506667 0.082000 0.486667
905 87.550667 0.496667 0.113333 0.360000
111 87.637667 0.496667 0.080667 0.346667
105 87.777667 0.495000 0.216667 0.463333
791 87.913000 0.491667 0.072667 0.443333
58 87.968333 0.496667 0.058000 0.326667
821 88.045000 0.488333 0.112667 0.710000
264 88.194667 0.503333 0.200000 1.000000
621 88.310333 0.506667 0.050000 0.493333
407 88.371667 0.508333 0.087333 0.330000
117 88.468333 0.496667 0.120667 0.373333
59 88.631000 0.505000 0.223333 1.116667
992 88.750333 0.493333 0.031333 0.253333
720 88.840667 0.493333 0.166667 0.426667
629 88.997333 0.498333 0.162667 0.550000
212 89.126000 0.510000 0.108000 0.533333
203 89.231333 0.506667 0.116000 0.586667
936 89.303000 0.496667 0.043333 0.346667
823 89.368333 0.498333 0.107333 0.523333
130 89.503667 0.505000 0.176667 0.396667
431 89.642000 0.493333 0.114667 0.420000
45 89.728000 0.488333 0.076000 0.376667
748 89.814000 0.505000 0.116000 0.430000
799 89.902667 0.491667 0.081333 0.296667
272 90.007667 0.496667 0.146000 0.420000
775 90.117000 0.503333 0.088667 0.406667
412 90.199000 0.506667 0.092667 0.473333
209 90.333000 0.495000 0.190000 0.950000
401 90.461333 0.500000 0.084000 0.466667
168 90.562667 0.498333 0.133333 0.503333
699 90.730000 0.510000 0.216000 1.080000
227 90.876000 0.506667 0.096000 0.453333
1009 90.932667 0.503333 0.030667 0.246667
83 90.974667 0.488333 0.068000 0.330000
988 91.019000 0.496667 0.038000 0.300000
989 91.050667 0.498333 0.041333 0.316667
631 91.134667 0.503333 0.145333 0.486667
1014 91.218000 0.490000 0.036000 0.280000
301 91.262333 0.501667 0.068667 0.383333
441 91.317667 0.505000 0.058000 0.330000
681 91.363333 0.508333 0.048000 0.443333
311 91.429000 0.495000 0.103333 0.470000
584 91.531333 0.500000 0.114667 0.326667
583 91.602000 0.498333 0.045333 0.283333
382 91.696000 0.503333 0.161333 0.806667
371 91.854000 0.496667 0.173333 0.866667
489 91.973000 0.505000 0.078000 0.396667
991 92.027333 0.503333 0.046667 0.360000
49 92.136667 0.500000 0.186667 0.933333
815 92.296667 0.508333 0.150667 0.403333
910 92.423333 0.491667 0.120000 0.383333
102 92.590667 0.505000 0.234667 0.510000
895 92.770333 0.491667 0.143333 0.403333
888 92.937667 0.508333 0.206000 1.030000
627 93.101000 0.495000 0.136667 0.456667
406 93.208667 0.488333 0.093333 0.356667
464 93.291000 0.500000 0.087333 0.453333
953 93.344000 0.496667 0.033333 0.273333
53 93.417000 0.510000 0.130000 0.453333
51 93.542333 0.490000 0.134000 0.453333
263 93.657667 0.500000 0.116667 0.433333
879 93.784000 0.491667 0.150667 0.436667
870 93.879333 0.505000 0.054667 0.263333
926 93.918667 0.506667 0.042667 0.326667
606 93.987333 0.505000 0.114667 0.343333
682 94.088667 0.500000 0.101333 0.373333
677 94.198000 0.490000 0.133333 0.440000
687 94.298000 0.503333 0.086667 0.426667
804 94.419000 0.491667 0.175333 0.876667
578 94.539333 0.490000 0.085333 0.333333
734 94.647333 0.493333 0.144000 0.380000
838 94.756333 0.493333 0.087333 0.360000
961 94.816000 0.503333 0.048000 0.353333
670 94.898000 0.500000 0.134667 0.466667
878 94.997333 0.490000 0.082667 0.420000
93 95.152000 0.498333 0.242667 0.503333
623 95.368333 0.491667 0.206000 1.030000
979 95.482667 0.505000 0.042667 0.330000
265 95.552333 0.490000 0.112667 0.433333
568 95.657667 0.503333 0.112667 0.560000
1018 95.726000 0.500000 0.044000 0.340000
447 95.777333 0.491667 0.073333 0.383333
959 95.820000 0.496667 0.029333 0.240000
120 95.902000 0.491667 0.152000 0.436667
752 96.000333 0.491667 0.059333 0.163333
864 96.064000 0.493333 0.084000 0.333333
375 96.157333 0.508333 0.120000 0.336667
114 96.250667 0.503333 0.084000 0.413333
679 96.334000 0.506667 0.096000 0.586667
123 96.424667 0.495000 0.098667 0.630000
728 96.497000 0.496667 0.066000 0.573333
170 96.587000 0.503333 0.128667 0.453333
501 96.688333 0.500000 0.092667 0.420000
609 96.766667 0.493333 0.077333 0.320000
589 96.855000 0.496667 0.119333 0.506667
848 96.954000 0.490000 0.096000 0.313333
33 97.044667 0.503333 0.105333 0.346667
329 97.171333 0.506667 0.168000 0.840000
153 97.285667 0.505000 0.080667 0.356667
303 97.352667 0.496667 0.069333 0.393333
887 97.438667 0.490000 0.118667 0.360000
4 97.534000 0.493333 0.089333 0.360000
416 97.619000 0.506667 0.094000 0.446667
308 97.687000 0.495000 0.055333 0.316667
189 97.755333 0.510000 0.097333 0.400000
708 97.836333 0.506667 0.082000 0.340000
673 97.927000 0.505000 0.112667 0.416667
964 97.992333 0.495000 0.038000 0.276667
60 98.044333 0.508333 0.079333 0.323333
591 98.147000 0.490000 0.146000 0.413333
229 98.261667 0.488333 0.096667 0.396667
777 98.349667 0.498333 0.092667 0.383333
440 98.427667 0.496667 0.083333 0.420000
973 98.480000 0.510000 0.038667 0.286667
993 98.507667 0.496667 0.032667 0.266667
187 98.562667 0.493333 0.097333 0.393333
6 98.658667 0.493333 0.110667 0.433333
525 98.764000 0.491667 0.116000 0.363333
901 98.917667 0.491667 0.210000 1.050000
267 99.104333 0.491667 0.182000 0.910000
481 99.213667 0.496667 0.052667 0.313333
451 99.266333 0.508333 0.072667 0.370000
319 99.346667 0.490000 0.104000 0.386667
644 99.425333 0.495000 0.070667 0.310000
533 99.518000 0.488333 0.134667 0.456667
154 99.616333 0.506667 0.078000 0.360000
347 99.708000 0.495000 0.120000 0.350000
768 99.802000 0.493333 0.088000 0.220000
164 99.894333 0.505000 0.111333 0.403333
236 99.990667 0.495000 0.097333 0.476667
454 100.064333 0.510000 0.063333 0.380000
410 100.130000 0.505000 0.085333 0.356667
686 100.216667 0.490000 0.101333 0.500000
222 100.325333 0.506667 0.132000 0.540000
944 100.401667 0.510000 0.038000 0.313333
794 100.445333 0.501667 0.065333 0.390000
824 100.520667 0.500000 0.102667 0.506667
893 100.658000 0.491667 0.188000 0.543333
604 100.806667 0.503333 0.122667 0.373333
257 100.927000 0.501667 0.136667 0.430000
179 101.053333 0.491667 0.133333 0.490000
190 101.164667 0.495000 0.109333 0.496667
982 101.226667 0.500000 0.030667 0.253333
998 101.257000 0.496667 0.043333 0.360000
430 101.349333 0.506667 0.161333 0.806667
1021 101.446000 0.503333 0.045333 0.333333
453 101.504000 0.503333 0.085333 0.440000
796 101.605333 0.508333 0.132000 0.450000
178 101.728333 0.498333 0.131333 0.503333
62 101.823000 0.491667 0.078000 0.370000
208 101.909667 0.493333 0.108667 0.486667
380 102.018000 0.510000 0.124000 0.380000
28 102.129667 0.493333 0.116667 0.400000
74 102.259000 0.500000 0.159333 0.486667
408 102.382000 0.495000 0.101333 0.383333
99 102.509000 0.488333 0.171333 0.363333
919 102.620667 0.490000 0.072000 0.346667
68 102.722667 0.498333 0.146667 0.416667
396 102.858333 0.495000 0.140667 0.376667
146 102.960000 0.500000 0.081333 0.426667
