785 0.044333 0.500000 0.082000 0.353333
681 0.102000 0.493333 0.049333 0.426667
899 0.192333 0.498333 0.151333 0.436667
578 0.310667 0.490000 0.101333 0.393333
673 0.397667 0.510000 0.091333 0.313333
655 0.475000 0.510000 0.080667 0.326667
91 0.617667 0.491667 0.223333 1.116667
842 0.765667 0.496667 0.088667 0.446667
687 0.849667 0.505000 0.095333 0.470000
46 0.918333 0.488333 0.056667 0.510000
159 0.953667 0.493333 0.032667 0.260000
76 1.020000 0.493333 0.117333 0.360000
863 1.110333 0.496667 0.083333 0.400000
125 1.194667 0.506667 0.101333 0.466667
357 1.294333 0.488333 0.114000 0.330000
1015 1.364000 0.490000 0.044000 0.320000
290 1.435667 0.490000 0.116667 0.333333
81 1.536333 0.505000 0.099333 0.403333
815 1.639333 0.495000 0.124000 0.283333
96 1.807667 0.488333 0.228667 1.143333
148 1.998333 0.491667 0.170000 0.470000
746 2.142000 0.501667 0.136000 0.490000
254 2.283667 0.506667 0.160667 0.620000
822 2.409333 0.500000 0.110667 0.373333
29 2.518000 0.488333 0.125333 0.336667
763 2.596333 0.488333 0.048667 0.376667
479 2.638000 0.505000 0.052000 0.296667
147 2.692667 0.496667 0.076000 0.400000
798 2.776667 0.510000 0.105333 0.393333
896 2.897000 0.503333 0.155333 0.446667
198 3.029667 0.500000 0.123333 0.513333
844 3.145000 0.501667 0.124667 0.550000
580 3.285000 0.496667 0.170000 0.446667
389 3.431000 0.500000 0.142000 0.380000
621 3.526333 0.493333 0.064667 0.653333
375 3.609000 0.505000 0.115333 0.316667
199 3.715333 0.505000 0.117333 0.476667
140 3.828000 0.500000 0.122667 0.620000
967 3.899000 0.490000 0.035333 0.273333
34 3.966333 0.491667 0.118000 0.390000
408 4.066000 0.498333 0.094667 0.356667
493 4.147000 0.501667 0.083333 0.430000
508 4.212667 0.510000 0.068000 0.400000
737 4.268000 0.493333 0.058667 0.433333
989 4.309333 0.503333 0.044000 0.353333
458 4.350333 0.490000 0.058000 0.346667
367 4.434667 0.493333 0.126667 0.380000
900 4.552333 0.508333 0.124667 0.336667
263 4.690000 0.506667 0.169333 0.846667
339 4.809667 0.500000 0.088667 0.486667
514 4.905000 0.490000 0.118000 0.386667
864 5.004000 0.503333 0.096000 0.380000
765 5.074667 0.503333 0.061333 0.333333
446 5.133000 0.498333 0.071333 0.423333
740 5.221667 0.505000 0.123333 0.283333
848 5.331333 0.503333 0.110667 0.333333
31 5.441000 0.505000 0.128667 0.370000
997 5.516333 0.503333 0.038000 0.293333
239 5.591333 0.491667 0.129333 0.783333
529 5.701333 0.491667 0.109333 0.496667
126 5.820333 0.510000 0.146000 0.500000
996 5.901667 0.500000 0.036667 0.293333
78 5.993667 0.498333 0.167333 0.383333
646 6.118667 0.488333 0.098667 0.430000
1011 6.174000 0.508333 0.032000 0.250000
947 6.201667 0.491667 0.038000 0.303333
720 6.288333 0.500000 0.154000 0.400000
725 6.423333 0.491667 0.129333 0.550000
355 6.558000 0.500000 0.157333 0.446667
851 6.682333 0.508333 0.111333 0.496667
456 6.761667 0.496667 0.067333 0.346667
167 6.839333 0.508333 0.108000 0.403333
686 6.935667 0.501667 0.102000 0.503333
265 7.076667 0.490000 0.198667 0.993333
625 7.262333 0.496667 0.192667 0.633333
208 7.401667 0.508333 0.099333 0.490000
429 7.499667 0.510000 0.112667 0.400000
812 7.618667 0.510000 0.138667 0.313333
699 7.735667 0.501667 0.114000 0.350000
552 7.814333 0.488333 0.056667 0.383333
946 7.853667 0.506667 0.036667 0.306667
390 7.938000 0.498333 0.145333 0.396667
423 8.073667 0.503333 0.140667 0.440000
515 8.186333 0.493333 0.098000 0.320000
152 8.261000 0.496667 0.066000 0.326667
305 8.318333 0.510000 0.068667 0.380000
402 8.429000 0.500000 0.171333 0.453333
340 8.567333 0.500000 0.125333 0.373333
392 8.734333 0.495000 0.227333 1.136667
284 8.911000 0.498333 0.144667 0.523333
35 9.027667 0.506667 0.103333 0.340000
121 9.084667 0.495000 0.028000 0.423333
741 9.144000 0.506667 0.105333 0.373333
259 9.238000 0.493333 0.101333 0.506667
599 9.345333 0.510000 0.128000 0.386667
341 9.442000 0.500000 0.078667 0.353333
799 9.527000 0.493333 0.104667 0.393333
482 9.612333 0.500000 0.082000 0.426667
404 9.707667 0.510000 0.122000 0.606667
677 9.825000 0.501667 0.128667 0.436667
478 9.922667 0.491667 0.081333 0.423333
321 10.007667 0.490000 0.104667 0.466667
1012 10.071000 0.491667 0.038000 0.310000
800 10.131000 0.491667 0.095333 0.383333
623 10.269667 0.491667 0.199333 0.996667
592 10.445000 0.500000 0.170000 0.486667
986 10.547000 0.508333 0.054000 0.383333
506 10.587000 0.505000 0.042000 0.430000
828 10.653000 0.508333 0.107333 0.516667
990 10.720333 0.496667 0.043333 0.340000
859 10.785333 0.491667 0.106667 0.310000
530 10.875333 0.491667 0.092000 0.430000
711 11.017000 0.508333 0.204667 1.023333
715 11.191000 0.505000 0.160667 0.803333
275 11.291333 0.510000 0.057333 0.373333
304 11.342333 0.500000 0.059333 0.333333
565 11.455333 0.488333 0.181333 0.370000
86 11.576333 0.510000 0.079333 0.333333
480 11.637333 0.488333 0.061333 0.316667
747 11.699000 0.505000 0.079333 0.336667
454 11.766333 0.510000 0.072667 0.373333
752 11.827333 0.506667 0.064000 0.166667
109 11.953000 0.491667 0.202000 1.010000
11 12.103000 0.490000 0.118000 0.393333
504 12.212667 0.491667 0.121333 0.356667
6 12.321333 0.508333 0.114667 0.443333
163 12.418333 0.508333 0.096667 0.350000
18 12.514667 0.491667 0.112000 0.383333
135 12.621667 0.506667 0.120667 0.473333
907 12.723000 0.506667 0.095333 0.313333
1000 12.778333 0.500000 0.035333 0.266667
837 12.847333 0.498333 0.120000 0.496667
257 12.953333 0.496667 0.110667 0.380000
258 13.059000 0.508333 0.119333 0.403333
545 13.155333 0.500000 0.088000 0.360000
1022 13.216333 0.495000 0.048667 0.363333
487 13.271667 0.503333 0.076667 0.446667
518 13.367667 0.500000 0.131333 0.433333
244 13.493333 0.490000 0.134667 0.353333
998 13.576667 0.496667 0.046667 0.353333
174 13.647333 0.500000 0.110667 0.400000
706 13.738000 0.496667 0.084000 0.426667
280 13.820333 0.493333 0.099333 0.326667
430 13.960333 0.501667 0.196667 0.983333
564 14.120333 0.490000 0.139333 0.286667
471 14.214667 0.491667 0.062667 0.336667
762 14.278000 0.490000 0.077333 0.360000
231 14.365667 0.500000 0.115333 0.480000
772 14.497000 0.498333 0.166000 0.830000
51 14.636667 0.506667 0.126667 0.406667
461 14.727333 0.496667 0.068000 0.353333
579 14.828333 0.491667 0.150000 0.410000
200 14.996667 0.490000 0.205333 1.026667
796 15.147000 0.500000 0.111333 0.420000
544 15.240333 0.493333 0.088667 0.320000
16 15.331333 0.500000 0.108000 0.380000
834 15.426000 0.493333 0.098667 0.473333
470 15.500333 0.488333 0.068667 0.410000
804 15.603000 0.503333 0.152667 0.460000
695 15.755000 0.505000 0.164667 0.823333
583 15.866667 0.503333 0.073333 0.420000
398 15.931000 0.510000 0.072667 0.373333
266 16.037667 0.506667 0.154000 0.480000
877 16.148667 0.508333 0.084000 0.410000
12 16.242333 0.496667 0.116667 0.426667
916 16.377667 0.488333 0.174000 0.870000
995 16.476333 0.510000 0.038000 0.280000
0 16.506333 0.508333 0.042000 0.350000
622 16.622000 0.490000 0.204000 1.020000
801 16.758667 0.493333 0.089333 0.340000
932 16.811000 0.500000 0.030000 0.240000
282 16.879333 0.495000 0.125333 0.450000
940 16.960667 0.500000 0.050667 0.366667
501 17.010333 0.488333 0.066000 0.296667
574 17.073333 0.505000 0.077333 0.310000
269 17.217333 0.500000 0.225333 1.126667
28 17.367000 0.498333 0.091333 0.296667
383 17.467667 0.503333 0.128667 0.380000
360 17.591667 0.503333 0.138000 0.420000
189 17.704000 0.503333 0.100000 0.440000
205 17.805667 0.495000 0.118000 0.596667
696 17.916333 0.498333 0.120667 0.276667
909 18.011333 0.496667 0.089333 0.393333
759 18.100333 0.510000 0.106000 0.353333
992 18.159667 0.500000 0.030000 0.246667
632 18.250333 0.505000 0.167333 0.536667
927 18.344333 0.500000 0.036667 0.266667
780 18.431667 0.498333 0.156667 0.450000
853 18.546333 0.505000 0.092667 0.383333
1017 18.599667 0.488333 0.034000 0.276667
633 18.703667 0.495000 0.194000 0.970000
573 18.829667 0.495000 0.074000 0.323333
1016 18.880000 0.503333 0.042667 0.333333
700 18.942333 0.496667 0.102000 0.400000
466 19.019667 0.508333 0.067333 0.403333
369 19.105000 0.498333 0.118000 0.316667
749 19.209667 0.495000 0.107333 0.463333
66 19.308333 0.498333 0.104667 0.610000
354 19.405667 0.505000 0.107333 0.283333
728 19.485000 0.488333 0.068667 0.610000
874 19.551000 0.503333 0.082000 0.373333
327 19.643000 0.488333 0.115333 0.310000
750 19.742333 0.503333 0.099333 0.366667
195 19.842667 0.506667 0.117333 0.466667
865 19.949333 0.505000 0.116000 0.390000
591 20.072333 0.490000 0.150000 0.433333
631 20.235667 0.501667 0.190000 0.950000
733 20.361333 0.490000 0.080000 0.486667
751 20.442000 0.490000 0.094667 0.413333
177 20.546000 0.503333 0.132000 0.500000
906 20.681333 0.500000 0.152000 0.420000
111 20.792667 0.505000 0.089333 0.383333
969 20.848667 0.506667 0.036000 0.273333
854 20.946333 0.491667 0.176667 0.883333
841 21.073667 0.493333 0.094000 0.460000
380 21.173667 0.510000 0.126000 0.353333
716 21.320000 0.500000 0.186667 0.933333
994 21.429667 0.506667 0.046000 0.333333
22 21.517333 0.488333 0.146667 0.483333
964 21.608333 0.496667 0.051333 0.386667
764 21.666000 0.491667 0.077333 0.390000
789 21.729667 0.501667 0.064667 0.396667
379 21.814667 0.498333 0.118667 0.336667
490 21.893000 0.500000 0.052667 0.306667
519 21.958333 0.500000 0.095333 0.326667
585 22.073667 0.508333 0.148667 0.430000
362 22.213000 0.491667 0.144667 0.423333
424 22.356667 0.495000 0.158667 0.510000
976 22.451667 0.508333 0.048667 0.356667
385 22.547000 0.508333 0.155333 0.456667
769 22.681333 0.490000 0.133333 0.400000
694 22.779667 0.506667 0.078000 0.380000
846 22.863333 0.506667 0.104000 0.493333
496 22.956333 0.500000 0.095333 0.380000
219 23.044000 0.488333 0.096000 0.396667
1003 23.106333 0.488333 0.043333 0.356667
267 23.201667 0.505000 0.160667 0.503333
326 23.314333 0.508333 0.078000 0.350000
985 23.365667 0.491667 0.038000 0.276667
103 23.475000 0.501667 0.198000 0.430000
196 23.617000 0.490000 0.099333 0.406667
920 23.704667 0.510000 0.093333 0.353333
775 23.783333 0.496667 0.081333 0.393333
849 23.861667 0.503333 0.091333 0.420000
32 23.948000 0.501667 0.096000 0.356667
99 24.071000 0.488333 0.170000 0.850000
214 24.206000 0.488333 0.113333 0.456667
526 24.330000 0.510000 0.154667 0.460000
974 24.422667 0.488333 0.046667 0.336667
702 24.523667 0.488333 0.170000 0.850000
110 24.654333 0.495000 0.107333 0.390000
291 24.764000 0.491667 0.128000 0.523333
455 24.851667 0.491667 0.066000 0.376667
779 24.899333 0.508333 0.046667 0.410000
617 24.960667 0.506667 0.096000 0.420000
724 25.045000 0.498333 0.091333 0.410000
891 25.111333 0.506667 0.061333 0.266667
251 25.161333 0.505000 0.058667 0.343333
453 25.214000 0.510000 0.065333 0.340000
422 25.289667 0.498333 0.099333 0.363333
730 25.405000 0.488333 0.150000 0.556667
534 25.522000 0.496667 0.101333 0.406667
319 25.611000 0.491667 0.096667 0.343333
516 25.698000 0.495000 0.097333 0.330000
416 25.782000 0.488333 0.090667 0.436667
324 25.877667 0.505000 0.114000 0.563333
511 25.979000 0.501667 0.103333 0.343333
528 26.078667 0.493333 0.112000 0.373333
813 26.191667 0.493333 0.128667 0.420000
64 26.277333 0.493333 0.062667 0.320000
601 26.357667 0.495000 0.111333 0.356667
505 26.437333 0.506667 0.065333 0.273333
213 26.522667 0.510000 0.118667 0.540000
950 26.591667 0.510000 0.034000 0.260000
38 26.652000 0.510000 0.105333 0.380000
676 26.755000 0.493333 0.118000 0.406667
220 26.859667 0.503333 0.111333 0.553333
40 26.961000 0.501667 0.110000 0.350000
373 27.065000 0.508333 0.112667 0.330000
235 27.160000 0.501667 0.094667 0.383333
17 27.263000 0.496667 0.130000 0.420000
171 27.369667 0.506667 0.103333 0.360000
207 27.510667 0.493333 0.193333 0.966667
241 27.651333 0.490000 0.108000 0.566667
426 27.728667 0.495000 0.064000 0.423333
850 27.811667 0.496667 0.118000 0.480000
588 27.906333 0.491667 0.087333 0.383333
130 28.033333 0.488333 0.184000 0.390000
987 28.135667 0.493333 0.039333 0.306667
124 28.192333 0.495000 0.092667 0.330000
278 28.313333 0.496667 0.162667 0.486667
157 28.471667 0.508333 0.174000 0.696667
784 28.577000 0.510000 0.056667 0.460000
204 28.643000 0.488333 0.094000 0.470000
710 28.775333 0.493333 0.188000 0.940000
382 28.944667 0.500000 0.169333 0.846667
879 29.097333 0.490000 0.150667 0.426667
262 29.277667 0.501667 0.228667 1.143333
667 29.443333 0.501667 0.122667 0.416667
460 29.531333 0.490000 0.073333 0.366667
4 29.599333 0.495000 0.080000 0.310000
882 29.691667 0.496667 0.122000 0.480000
146 29.785667 0.503333 0.084667 0.413333
255 29.875667 0.493333 0.110000 0.426667
563 30.011333 0.493333 0.178667 0.386667
707 30.146000 0.500000 0.109333 0.453333
498 30.219667 0.491667 0.058000 0.350000
980 30.260667 0.491667 0.038667 0.283333
350 30.334333 0.495000 0.123333 0.383333
185 30.484333 0.498333 0.190000 0.950000
68 30.635333 0.490000 0.125333 0.360000
738 30.724333 0.508333 0.070000 0.350000
342 30.782333 0.495000 0.063333 0.296667
817 30.860000 0.493333 0.110667 0.280000
186 30.959000 0.501667 0.106000 0.436667
102 31.099000 0.505000 0.190000 0.950000
761 31.243000 0.510000 0.118000 0.340000
870 31.320000 0.493333 0.052000 0.273333
349 31.401667 0.490000 0.131333 0.353333
634 31.505000 0.493333 0.088667 0.373333
445 31.568333 0.498333 0.055333 0.316667
93 31.710000 0.498333 0.242667 0.503333
926 31.846000 0.488333 0.049333 0.363333
843 31.906000 0.501667 0.084000 0.416667
653 32.024667 0.508333 0.172000 0.556667
486 32.135667 0.506667 0.064667 0.340000
388 32.230000 0.505000 0.137333 0.376667
3 32.329000 0.490000 0.074000 0.313333
818 32.435000 0.503333 0.156667 0.386667
194 32.561000 0.510000 0.110000 0.453333
549 32.662333 0.506667 0.107333 0.360000
876 32.788000 0.496667 0.160000 0.433333
364 32.955667 0.493333 0.191333 0.453333
952 33.061000 0.490000 0.032667 0.266667
547 33.106667 0.508333 0.078667 0.443333
328 33.206667 0.493333 0.141333 0.320000
712 33.365333 0.500000 0.194667 0.580000
268 33.530333 0.495000 0.151333 0.483333
1010 33.623333 0.503333 0.048000 0.373333
890 33.681000 0.491667 0.084667 0.423333
166 33.762000 0.496667 0.096000 0.353333
533 33.855333 0.505000 0.108000 0.370000
943 33.920333 0.493333 0.035333 0.280000
824 33.979000 0.510000 0.098000 0.406667
787 34.053000 0.496667 0.070000 0.426667
344 34.144000 0.495000 0.130667 0.343333
10 34.263667 0.493333 0.128667 0.413333
643 34.368667 0.506667 0.094667 0.340000
238 34.451333 0.503333 0.090667 0.360000
830 34.537333 0.508333 0.101333 0.490000
179 34.644000 0.508333 0.125333 0.443333
396 34.766667 0.498333 0.138667 0.436667
756 34.904000 0.498333 0.153333 0.443333
898 35.028333 0.500000 0.111333 0.320000
802 35.178333 0.491667 0.203333 0.436667
524 35.332667 0.498333 0.125333 0.396667
77 35.461000 0.488333 0.148667 0.370000
586 35.596667 0.501667 0.141333 0.423333
536 35.740667 0.508333 0.165333 0.656667
400 35.838000 0.496667 0.046667 0.420000
735 35.929667 0.500000 0.151333 0.613333
87 36.117333 0.508333 0.240000 0.516667
237 36.269000 0.498333 0.079333 0.583333
951 36.319000 0.510000 0.039333 0.293333
1006 36.348333 0.498333 0.038000 0.283333
930 36.376000 0.510000 0.034667 0.286667
376 36.439000 0.498333 0.110000 0.310000
993 36.501333 0.498333 0.034667 0.270000
814 36.576000 0.498333 0.128000 0.330000
475 36.672667 0.500000 0.085333 0.433333
310 36.739000 0.503333 0.066000 0.373333
377 36.834333 0.488333 0.138000 0.410000
962 36.913667 0.508333 0.034000 0.270000
532 36.977667 0.498333 0.108667 0.556667
542 37.089333 0.496667 0.133333 0.466667
577 37.194000 0.496667 0.093333 0.360000
53 37.286000 0.501667 0.109333 0.383333
62 37.374667 0.508333 0.088000 0.423333
420 37.459667 0.506667 0.102000 0.413333
192 37.549333 0.491667 0.092000 0.463333
246 37.683667 0.498333 0.192667 0.963333
881 37.841667 0.498333 0.140667 0.470000
330 37.948667 0.501667 0.090667 0.343333
857 38.076333 0.510000 0.184667 0.413333
384 38.234000 0.508333 0.148000 0.456667
92 38.402667 0.503333 0.209333 1.046667
74 38.565667 0.495000 0.134000 0.416667
45 38.653667 0.495000 0.062000 0.310000
223 38.726333 0.498333 0.103333 0.423333
481 38.802000 0.498333 0.065333 0.390000
921 38.850667 0.488333 0.050667 0.303333
303 38.908000 0.488333 0.078667 0.443333
136 38.994333 0.506667 0.112667 0.373333
929 39.064667 0.495000 0.041333 0.336667
306 39.112333 0.496667 0.067333 0.373333
703 39.233000 0.505000 0.192667 0.963333
556 39.367000 0.491667 0.091333 0.370000
938 39.426000 0.498333 0.045333 0.356667
438 39.526667 0.498333 0.169333 0.503333
365 39.664000 0.496667 0.120000 0.340000
941 39.733000 0.505000 0.032667 0.256667
795 39.782333 0.488333 0.084667 0.503333
144 39.868667 0.506667 0.104000 0.440000
811 39.964000 0.500000 0.101333 0.360000
618 40.045000 0.491667 0.074000 0.476667
467 40.108333 0.508333 0.066000 0.330000
448 40.160667 0.491667 0.053333 0.310000
366 40.240333 0.510000 0.123333 0.326667
44 40.361000 0.491667 0.131333 0.516667
708 40.522000 0.510000 0.204000 1.020000
394 40.678667 0.491667 0.122667 0.323333
726 40.769333 0.488333 0.074667 0.390000
316 40.853667 0.505000 0.107333 0.376667
871 40.936667 0.506667 0.073333 0.333333
809 41.031667 0.508333 0.132667 0.683333
832 41.149667 0.508333 0.119333 0.490000
180 41.267000 0.506667 0.134000 0.480000
650 41.395667 0.501667 0.140667 0.456667
276 41.487333 0.488333 0.058667 0.356667
272 41.605000 0.496667 0.190000 0.540000
42 41.733000 0.493333 0.079333 0.446667
149 41.877333 0.493333 0.224000 1.120000
27 42.047333 0.493333 0.133333 0.453333
150 42.167333 0.491667 0.122667 0.496667
334 42.291000 0.501667 0.139333 0.483333
411 42.448333 0.490000 0.188667 0.426667
884 42.607333 0.493333 0.146667 0.520000
546 42.713667 0.495000 0.083333 0.303333
399 42.798667 0.510000 0.100000 0.366667
201 42.892333 0.488333 0.102000 0.423333
261 42.988333 0.496667 0.106000 0.480000
218 43.136333 0.488333 0.207333 1.036667
665 43.289333 0.495000 0.114667 0.376667
892 43.435000 0.488333 0.190000 0.950000
755 43.581333 0.506667 0.118667 0.360000
80 43.674333 0.495000 0.082000 0.416667
757 43.775667 0.500000 0.138000 0.393333
656 43.909333 0.506667 0.142667 0.353333
825 44.023667 0.500000 0.103333 0.460000
612 44.137000 0.505000 0.142000 0.383333
845 44.247667 0.493333 0.095333 0.413333
723 44.341000 0.496667 0.108667 0.373333
370 44.465333 0.493333 0.160000 0.433333
778 44.593667 0.498333 0.114000 0.723333
30 44.703333 0.490000 0.125333 0.373333
243 44.827000 0.506667 0.135333 0.440000
67 44.971333 0.510000 0.168000 0.840000
187 45.104667 0.490000 0.113333 0.500000
485 45.190667 0.495000 0.073333 0.376667
936 45.236333 0.488333 0.031333 0.263333
922 45.262000 0.495000 0.036000 0.270000
397 45.311667 0.503333 0.083333 0.380000
436 45.402333 0.506667 0.111333 0.286667
1009 45.467000 0.495000 0.034000 0.276667
867 45.528667 0.496667 0.109333 0.373333
972 45.595333 0.498333 0.040000 0.303333
589 45.659000 0.496667 0.103333 0.406667
509 45.764333 0.503333 0.122000 0.380000
957 45.838000 0.496667 0.044000 0.333333
803 45.929667 0.491667 0.155333 0.776667
905 46.059333 0.500000 0.118667 0.373333
14 46.164667 0.500000 0.110667 0.406667
386 46.277667 0.498333 0.132667 0.376667
821 46.384000 0.490000 0.097333 0.666667
21 46.465333 0.498333 0.080000 0.283333
872 46.590000 0.496667 0.185333 0.926667
36 46.724333 0.490000 0.096667 0.313333
860 46.856333 0.505000 0.186000 0.930000
590 47.026667 0.503333 0.172000 0.860000
607 47.155667 0.501667 0.106000 0.316667
678 47.250333 0.493333 0.102000 0.360000
215 47.344000 0.493333 0.098667 0.466667
979 47.402000 0.506667 0.037333 0.273333
113 47.454667 0.495000 0.084000 0.383333
1 47.519000 0.503333 0.063333 0.306667
773 47.613667 0.505000 0.139333 0.416667
435 47.708667 0.490000 0.069333 0.333333
176 47.793000 0.506667 0.115333 0.440000
558 47.879667 0.490000 0.074000 0.366667
409 47.964000 0.498333 0.113333 0.576667
975 48.028000 0.510000 0.032000 0.246667
561 48.125333 0.491667 0.178667 0.390000
576 48.264667 0.495000 0.117333 0.450000
663 48.362333 0.493333 0.091333 0.346667
670 48.454333 0.491667 0.110000 0.370000
236 48.543000 0.510000 0.087333 0.413333
919 48.607333 0.493333 0.060000 0.300000
116 48.708000 0.510000 0.157333 0.506667
381 48.857333 0.503333 0.158667 0.426667
270 49.004667 0.498333 0.156000 0.470000
212 49.134000 0.490000 0.117333 0.546667
551 49.250667 0.500000 0.130667 0.393333
417 49.352333 0.501667 0.090000 0.436667
168 49.445000 0.488333 0.108667 0.423333
709 49.544333 0.506667 0.104667 0.420000
256 49.646667 0.506667 0.113333 0.400000
59 49.784000 0.488333 0.176000 0.450000
970 49.887000 0.495000 0.043333 0.316667
94 50.015333 0.506667 0.229333 1.146667
47 50.170333 0.505000 0.098000 0.476667
553 50.273333 0.490000 0.126667 0.433333
991 50.348667 0.493333 0.041333 0.320000
797 50.409333 0.490000 0.094667 0.353333
9 50.494667 0.506667 0.092000 0.400000
307 50.571333 0.506667 0.074667 0.420000
285 50.656667 0.491667 0.113333 0.370000
154 50.749667 0.491667 0.086000 0.436667
635 50.830000 0.503333 0.092000 0.380000
555 50.882333 0.505000 0.032667 0.323333
685 50.945667 0.495000 0.114000 0.430000
570 51.042000 0.496667 0.098667 0.413333
559 51.126667 0.505000 0.085333 0.423333
61 51.216000 0.496667 0.106667 0.533333
338 51.336667 0.498333 0.152000 0.783333
713 51.484000 0.510000 0.162667 0.813333
657 51.612333 0.506667 0.107333 0.413333
674 51.712667 0.508333 0.108000 0.356667
661 51.816667 0.495000 0.116000 0.390000
517 51.928333 0.500000 0.124667 0.413333
173 52.030000 0.498333 0.097333 0.443333
960 52.087333 0.493333 0.032000 0.260000
474 52.125667 0.488333 0.063333 0.330000
351 52.251667 0.498333 0.202000 1.010000
903 52.412667 0.508333 0.137333 0.356667
806 52.577000 0.503333 0.204667 0.493333
52 52.712667 0.503333 0.086667 0.306667
230 52.799667 0.503333 0.103333 0.406667
352 52.909667 0.493333 0.135333 0.380000
543 53.065000 0.501667 0.192667 0.963333
855 53.187000 0.500000 0.068667 0.173333
440 53.254333 0.490000 0.086000 0.440000
287 53.345333 0.506667 0.113333 0.426667
550 53.420667 0.493333 0.056000 0.280000
301 53.466667 0.488333 0.056000 0.310000
883 53.568000 0.498333 0.165333 0.350000
472 53.681333 0.500000 0.078667 0.400000
717 53.816333 0.505000 0.208667 1.043333
329 54.022333 0.501667 0.218000 1.090000
497 54.191000 0.510000 0.132667 0.340000
281 54.304667 0.501667 0.108000 0.370000
868 54.388000 0.493333 0.074667 0.426667
1013 54.439667 0.500000 0.042000 0.320000
954 54.475000 0.493333 0.042000 0.333333
939 54.510000 0.510000 0.041333 0.340000
178 54.585667 0.498333 0.127333 0.470000
169 54.705667 0.493333 0.128667 0.493333
541 54.861667 0.506667 0.198000 0.446667
227 55.012333 0.495000 0.120667 0.483333
748 55.121333 0.500000 0.110667 0.380000
122 55.214000 0.488333 0.092000 0.323333
925 55.269333 0.490000 0.034667 0.273333
300 55.314333 0.490000 0.072667 0.233333
403 55.426000 0.508333 0.170667 0.463333
164 55.560000 0.490000 0.117333 0.426667
794 55.643333 0.496667 0.065333 0.393333
520 55.730667 0.508333 0.129333 0.403333
776 55.852000 0.491667 0.129333 0.350000
137 55.943667 0.508333 0.074000 0.356667
937 55.989667 0.488333 0.038000 0.303333
914 56.053000 0.496667 0.106000 0.326667
337 56.190333 0.495000 0.187333 0.403333
615 56.368333 0.498333 0.186000 0.930000
107 56.560667 0.506667 0.214667 1.073333
641 56.697333 0.510000 0.074667 0.346667
391 56.802000 0.505000 0.148000 0.436667
887 56.934667 0.488333 0.130667 0.396667
434 57.051333 0.510000 0.122667 0.413333
161 57.148667 0.501667 0.092000 0.350000
353 57.276333 0.505000 0.180667 0.903333
347 57.416000 0.496667 0.114667 0.353333
664 57.514667 0.505000 0.097333 0.316667
619 57.602333 0.495000 0.095333 0.470000
253 57.668667 0.508333 0.056000 0.503333
343 57.747000 0.503333 0.114000 0.353333
264 57.849667 0.490000 0.110000 0.420000
294 57.972667 0.496667 0.156000 0.780000
112 58.106333 0.493333 0.128667 0.433333
934 58.183333 0.491667 0.045333 0.350000
283 58.251333 0.510000 0.109333 0.393333
48 58.383000 0.508333 0.172667 0.863333
119 58.506333 0.490000 0.094000 0.553333
718 58.643333 0.506667 0.197333 0.986667
671 58.792667 0.503333 0.116000 0.393333
206 58.909667 0.490000 0.131333 0.533333
477 59.000667 0.495000 0.066667 0.370000
557 59.061000 0.495000 0.070000 0.476667
736 59.124667 0.491667 0.073333 0.410000
190 59.195000 0.493333 0.084667 0.413333
183 59.273667 0.495000 0.092667 0.410000
286 59.362333 0.498333 0.100667 0.370000
999 59.428333 0.501667 0.046000 0.343333
606 59.494667 0.510000 0.102667 0.306667
70 59.596000 0.501667 0.113333 0.383333
692 59.692667 0.491667 0.098667 0.490000
739 59.770000 0.495000 0.069333 0.576667
123 59.848000 0.496667 0.100000 0.646667
58 59.923000 0.488333 0.063333 0.290000
247 60.001667 0.510000 0.111333 0.453333
298 60.083333 0.500000 0.070667 0.353333
912 60.149000 0.501667 0.080667 0.323333
807 60.293667 0.490000 0.223333 0.566667
535 60.480667 0.493333 0.164000 0.820000
431 60.605000 0.493333 0.102000 0.326667
554 60.742333 0.501667 0.191333 0.956667
105 60.936000 0.496667 0.213333 1.066667
858 61.087000 0.510000 0.106000 0.346667
808 61.181000 0.510000 0.102000 0.373333
767 61.274667 0.491667 0.104000 0.303333
483 61.358333 0.500000 0.079333 0.406667
292 61.461333 0.490000 0.142667 0.546667
953 61.543000 0.498333 0.040667 0.336667
197 61.597000 0.495000 0.084667 0.416667
273 61.657000 0.510000 0.051333 0.340000
489 61.712333 0.505000 0.072667 0.370000
358 61.803667 0.488333 0.123333 0.330000
451 61.890333 0.510000 0.067333 0.353333
222 61.958667 0.495000 0.085333 0.403333
983 62.013000 0.498333 0.042000 0.323333
1014 62.040667 0.488333 0.029333 0.243333
831 62.088000 0.506667 0.084000 0.406667
372 62.193000 0.498333 0.142000 0.396667
594 62.306000 0.498333 0.101333 0.303333
138 62.378667 0.501667 0.060000 0.330000
43 62.454333 0.506667 0.106000 0.426667
584 62.555000 0.506667 0.115333 0.340000
521 62.675667 0.495000 0.139333 0.370000
172 62.793000 0.498333 0.112667 0.430000
1004 62.857667 0.491667 0.035333 0.256667
425 62.911000 0.493333 0.091333 0.540000
875 63.017000 0.505000 0.135333 0.336667
232 63.122000 0.495000 0.088000 0.450000
792 63.200333 0.508333 0.087333 0.356667
83 63.279667 0.496667 0.088667 0.413333
252 63.384667 0.501667 0.137333 0.550000
569 63.491000 0.493333 0.095333 0.406667
203 63.571667 0.508333 0.082000 0.410000
640 63.643667 0.510000 0.078000 0.400000
608 63.719000 0.506667 0.087333 0.313333
963 63.779333 0.496667 0.048000 0.353333
539 63.837667 0.506667 0.088667 0.420000
754 63.941667 0.501667 0.139333 0.676667
902 64.082667 0.500000 0.158667 0.493333
131 64.209000 0.498333 0.107333 0.416667
450 64.283000 0.501667 0.055333 0.290000
151 64.343333 0.505000 0.080000 0.370000
693 64.415333 0.510000 0.082667 0.413333
98 64.546667 0.503333 0.194667 0.973333
833 64.688667 0.500000 0.104000 0.426667
393 64.798000 0.510000 0.133333 0.393333
63 64.909333 0.503333 0.106667 0.380000
540 65.035667 0.498333 0.160667 0.610000
297 65.141333 0.495000 0.069333 0.363333
457 65.197667 0.503333 0.056667 0.326667
522 65.275667 0.498333 0.112667 0.356667
120 65.408000 0.503333 0.165333 0.826667
414 65.544667 0.510000 0.126667 0.613333
491 65.655000 0.501667 0.112667 0.550000
313 65.752000 0.493333 0.094667 0.346667
873 65.830333 0.496667 0.078000 0.373333
894 65.938333 0.500000 0.151333 0.453333
463 66.038333 0.490000 0.066000 0.346667
965 66.079333 0.501667 0.029333 0.250000
439 66.149333 0.505000 0.124000 0.483333
296 66.259000 0.505000 0.108667 0.396667
115 66.339333 0.493333 0.065333 0.313333
760 66.443000 0.501667 0.158000 0.510000
768 66.556000 0.500000 0.085333 0.246667
973 66.606333 0.500000 0.031333 0.266667
690 66.655000 0.503333 0.083333 0.406667
325 66.791333 0.490000 0.208000 1.040000
181 66.953667 0.495000 0.134000 0.483333
234 67.065000 0.488333 0.107333 0.463333
165 67.160000 0.510000 0.098667 0.373333
924 67.216333 0.503333 0.030000 0.240000
100 67.318667 0.505000 0.190667 0.416667
104 67.506333 0.495000 0.198000 0.990000
248 67.646333 0.496667 0.102000 0.546667
826 67.739667 0.501667 0.100667 0.416667
315 67.843333 0.506667 0.124000 0.466667
320 67.949000 0.506667 0.104667 0.313333
71 68.022000 0.501667 0.060000 0.316667
624 68.123333 0.495000 0.157333 0.523333
893 68.290000 0.493333 0.192000 0.613333
616 68.486000 0.506667 0.218667 1.093333
531 68.672000 0.498333 0.170667 0.370000
288 68.818667 0.506667 0.140000 0.533333
494 68.921000 0.490000 0.083333 0.386667
911 69.000333 0.491667 0.090000 0.316667
271 69.130667 0.508333 0.189333 0.596667
260 69.281667 0.488333 0.130000 0.336667
322 69.379000 0.498333 0.084667 0.163333
5 69.453667 0.491667 0.083333 0.383333
495 69.518667 0.491667 0.066667 0.356667
345 69.626667 0.505000 0.164000 0.483333
819 69.757333 0.503333 0.114667 0.246667
476 69.835667 0.500000 0.055333 0.306667
346 69.926333 0.491667 0.139333 0.383333
626 70.103667 0.505000 0.230000 1.150000
65 70.249667 0.493333 0.080667 0.206667
277 70.316333 0.505000 0.066000 0.316667
89 70.455333 0.503333 0.232000 0.500000
443 70.601000 0.505000 0.072667 0.370000
697 70.727000 0.505000 0.194000 0.970000
638 70.876000 0.506667 0.117333 0.460000
781 70.968333 0.501667 0.080667 0.416667
659 71.052333 0.500000 0.102000 0.413333
838 71.147667 0.490000 0.107333 0.433333
7 71.260000 0.488333 0.137333 0.443333
401 71.363333 0.488333 0.086667 0.450000
627 71.489000 0.501667 0.179333 0.896667
153 71.620667 0.506667 0.097333 0.440000
228 71.724667 0.488333 0.124000 0.496667
548 71.838333 0.503333 0.119333 0.380000
69 71.949000 0.503333 0.116667 0.633333
418 72.044333 0.496667 0.087333 0.426667
348 72.136333 0.500000 0.115333 0.320000
766 72.255333 0.503333 0.136000 0.400000
636 72.372333 0.490000 0.118000 0.266667
317 72.479333 0.496667 0.113333 0.453333
170 72.578333 0.508333 0.100667 0.390000
945 72.635000 0.508333 0.030000 0.250000
593 72.751333 0.490000 0.220000 1.100000
598 72.914333 0.506667 0.120667 0.366667
513 73.022000 0.493333 0.109333 0.346667
134 73.116000 0.496667 0.098667 0.380000
648 73.202667 0.498333 0.093333 0.416667
33 73.289667 0.488333 0.094000 0.323333
363 73.384667 0.505000 0.114667 0.316667
981 73.456667 0.500000 0.045333 0.360000
827 73.528667 0.510000 0.114667 0.506667
57 73.610000 0.506667 0.068000 0.326667
878 73.686000 0.506667 0.102667 0.526667
915 73.772333 0.488333 0.087333 0.710000
918 73.864667 0.488333 0.110667 0.370000
886 73.997333 0.496667 0.172000 0.860000
901 74.138333 0.490000 0.123333 0.353333
308 74.220667 0.510000 0.061333 0.340000
689 74.292667 0.503333 0.096000 0.466667
368 74.410000 0.510000 0.152000 0.433333
935 74.492333 0.493333 0.032667 0.253333
162 74.566000 0.498333 0.132000 0.490000
942 74.640333 0.500000 0.036667 0.266667
777 74.713000 0.490000 0.124667 0.533333
60 74.805667 0.503333 0.075333 0.320000
73 74.905333 0.490000 0.137333 0.433333
823 75.006000 0.505000 0.082667 0.430000
250 75.098000 0.495000 0.118667 0.576667
312 75.211333 0.488333 0.122667 0.450000
97 75.372333 0.503333 0.212667 0.453333
869 75.502000 0.491667 0.065333 0.410000
948 75.548667 0.510000 0.041333 0.333333
188 75.608000 0.500000 0.094667 0.440000
361 75.722000 0.488333 0.146667 0.403333
141 75.824667 0.501667 0.076000 0.323333
897 75.928000 0.493333 0.148000 0.406667
462 76.025667 0.500000 0.063333 0.373333
233 76.106667 0.491667 0.118667 0.483333
37 76.225000 0.498333 0.131333 0.430000
473 76.313333 0.505000 0.064000 0.336667
602 76.401000 0.501667 0.126000 0.376667
654 76.535667 0.508333 0.162000 0.810000
502 76.650000 0.493333 0.085333 0.406667
413 76.745667 0.491667 0.124667 0.523333
955 76.822000 0.498333 0.041333 0.316667
510 76.892333 0.510000 0.116667 0.360000
649 76.996333 0.493333 0.111333 0.593333
595 77.092333 0.500000 0.100667 0.313333
249 77.167000 0.490000 0.068667 0.546667
117 77.254333 0.505000 0.119333 0.383333
314 77.365667 0.496667 0.118000 0.400000
132 77.451333 0.498333 0.073333 0.303333
572 77.531333 0.506667 0.100000 0.413333
604 77.645000 0.493333 0.140667 0.426667
680 77.755000 0.510000 0.094000 0.326667
810 77.841333 0.491667 0.093333 0.430000
441 77.912667 0.505000 0.062667 0.343333
847 78.003667 0.500000 0.135333 0.406667
698 78.088000 0.503333 0.053333 0.280000
805 78.174000 0.495000 0.137333 0.403333
447 78.268000 0.506667 0.064000 0.380000
852 78.340333 0.493333 0.100667 0.406667
729 78.401333 0.496667 0.034667 0.406667
299 78.454667 0.490000 0.089333 0.353333
567 78.536000 0.495000 0.090667 0.383333
791 78.601000 0.503333 0.058000 0.346667
101 78.730333 0.491667 0.218000 1.090000
492 78.870667 0.500000 0.080000 0.380000
668 78.969000 0.496667 0.134000 0.480000
191 79.074667 0.503333 0.093333 0.373333
628 79.211333 0.500000 0.197333 0.986667
679 79.335333 0.508333 0.069333 0.430000
614 79.447000 0.495000 0.168667 0.430000
732 79.566667 0.500000 0.089333 0.440000
603 79.684000 0.503333 0.164000 0.820000
560 79.832333 0.506667 0.148667 0.453333
500 79.939000 0.491667 0.080667 0.370000
704 80.027667 0.493333 0.116667 0.393333
15 80.119667 0.500000 0.086000 0.286667
523 80.214667 0.493333 0.124000 0.393333
8 80.309000 0.496667 0.082000 0.293333
217 80.397000 0.496667 0.112667 0.460000
701 80.521333 0.510000 0.152000 0.473333
464 80.624333 0.491667 0.068667 0.410000
323 80.748333 0.508333 0.198000 0.990000
318 80.896333 0.496667 0.118000 0.473333
839 80.993333 0.508333 0.092000 0.470000
242 81.088667 0.505000 0.114667 0.443333
437 81.176000 0.508333 0.080000 0.390000
433 81.272667 0.488333 0.132000 0.316667
240 81.371333 0.496667 0.082667 0.400000
949 81.423000 0.506667 0.034000 0.253333
793 81.474667 0.505000 0.086667 0.356667
459 81.540333 0.500000 0.058000 0.346667
727 81.598000 0.503333 0.077333 0.366667
895 81.692667 0.506667 0.128000 0.353333
889 81.842000 0.503333 0.185333 0.926667
39 81.981333 0.503333 0.112000 0.360000
913 82.094667 0.508333 0.128000 0.403333
421 82.233000 0.496667 0.167333 0.500000
41 82.380667 0.491667 0.141333 0.403333
645 82.487667 0.491667 0.090000 0.396667
956 82.545333 0.491667 0.041333 0.303333
90 82.638667 0.495000 0.160000 0.343333
840 82.770333 0.510000 0.119333 0.506667
1005 82.847000 0.505000 0.050000 0.383333
581 82.906667 0.488333 0.088000 0.376667
407 82.988000 0.510000 0.093333 0.353333
605 83.101333 0.503333 0.148000 0.386667
525 83.212333 0.488333 0.091333 0.303333
82 83.291667 0.510000 0.086000 0.606667
743 83.378667 0.493333 0.101333 0.433333
966 83.437667 0.503333 0.034000 0.266667
452 83.481000 0.496667 0.067333 0.346667
684 83.570333 0.495000 0.124667 0.450000
931 83.642667 0.508333 0.040000 0.310000
719 83.725333 0.488333 0.138667 0.430000
49 83.882667 0.505000 0.193333 0.970000
405 84.011333 0.503333 0.084000 0.320000
72 84.091333 0.488333 0.093333 0.450000
910 84.193667 0.491667 0.127333 0.396667
527 84.307000 0.508333 0.119333 0.350000
880 84.418333 0.496667 0.119333 0.400000
1019 84.486667 0.491667 0.034667 0.263333
331 84.627333 0.493333 0.261333 0.593333
988 84.768333 0.491667 0.039333 0.303333
537 84.937667 0.495000 0.314000 0.496667
295 85.135667 0.506667 0.102000 0.433333
279 85.238333 0.506667 0.118000 0.673333
302 85.330667 0.500000 0.080000 0.446667
224 85.405000 0.506667 0.086000 0.366667
958 85.458000 0.505000 0.040000 0.316667
449 85.507667 0.501667 0.074000 0.376667
742 85.605333 0.493333 0.137333 0.560000
642 85.714333 0.493333 0.094000 0.373333
744 85.812667 0.501667 0.120000 0.490000
20 85.921333 0.508333 0.113333 0.410000
410 86.011333 0.488333 0.086667 0.363333
129 86.108667 0.491667 0.122667 0.450000
406 86.219000 0.495000 0.115333 0.450000
412 86.314333 0.506667 0.094000 0.486667
209 86.408667 0.501667 0.110667 0.556667
274 86.502667 0.506667 0.097333 0.466667
158 86.608333 0.496667 0.130000 0.406667
19 86.708333 0.498333 0.088667 0.310000
758 86.802333 0.506667 0.118000 0.373333
660 86.910667 0.495000 0.114667 0.403333
54 86.996333 0.506667 0.070000 0.406667
644 87.064667 0.510000 0.086667 0.420000
156 87.182000 0.490000 0.161333 0.486667
788 87.337333 0.493333 0.166667 0.446667
106 87.508667 0.493333 0.193333 0.966667
630 87.665667 0.490000 0.135333 0.453333
216 87.779333 0.493333 0.106667 0.533333
1020 87.844667 0.508333 0.037333 0.290000
55 87.920667 0.506667 0.134667 0.360000
782 88.022333 0.508333 0.086000 0.403333
571 88.104333 0.493333 0.096667 0.420000
442 88.182333 0.498333 0.075333 0.396667
23 88.307667 0.498333 0.191333 0.956667
904 88.435667 0.491667 0.078000 0.390000
118 88.509333 0.506667 0.085333 0.340000
182 88.639333 0.510000 0.190667 0.953333
566 88.774333 0.505000 0.099333 0.423333
374 88.875333 0.498333 0.117333 0.350000
128 88.998667 0.496667 0.144000 0.473333
469 89.091333 0.510000 0.058667 0.306667
484 89.161333 0.500000 0.094667 0.346667
210 89.242000 0.490000 0.085333 0.353333
672 89.331000 0.498333 0.106000 0.370000
613 89.448333 0.490000 0.148667 0.393333
229 89.559333 0.510000 0.089333 0.453333
88 89.698333 0.500000 0.204667 0.440000
721 89.889333 0.488333 0.197333 0.590000
647 90.009333 0.490000 0.062667 0.313333
662 90.085000 0.488333 0.108667 0.363333
24 90.187000 0.500000 0.108667 0.366667
1021 90.248667 0.506667 0.030667 0.253333
587 90.328333 0.510000 0.142000 0.440000
395 90.463667 0.500000 0.143333 0.433333
968 90.547667 0.488333 0.044667 0.336667
984 90.581000 0.505000 0.042000 0.343333
2 90.632333 0.503333 0.079333 0.406667
597 90.730333 0.495000 0.131333 0.390000
786 90.830000 0.490000 0.081333 0.493333
1001 90.883333 0.491667 0.044000 0.316667
669 90.962333 0.495000 0.130000 0.423333
688 91.066000 0.498333 0.093333 0.463333
866 91.180333 0.500000 0.152667 0.420000
1007 91.265333 0.488333 0.037333 0.290000
862 91.311333 0.493333 0.073333 0.400000
609 91.372667 0.493333 0.066667 0.280000
79 91.495333 0.490000 0.196000 0.980000
114 91.627667 0.505000 0.088667 0.443333
465 91.702000 0.498333 0.076000 0.410000
468 91.759333 0.493333 0.052000 0.286667
731 91.820667 0.495000 0.084000 0.423333
888 91.924333 0.508333 0.139333 0.430000
620 92.067667 0.488333 0.160667 0.803333
861 92.162000 0.508333 0.044000 0.343333
575 92.225667 0.498333 0.100667 0.323333
211 92.312000 0.508333 0.088000 0.376667
1002 92.365000 0.501667 0.035333 0.276667
637 92.398667 0.490000 0.048000 0.253333
499 92.442000 0.495000 0.056000 0.336667
944 92.484333 0.510000 0.044667 0.346667
142 92.544000 0.496667 0.092000 0.413333
596 92.644000 0.490000 0.125333 0.380000
84 92.746000 0.496667 0.094667 0.273333
488 92.815667 0.500000 0.060667 0.306667
444 92.874333 0.503333 0.074000 0.386667
982 92.926000 0.493333 0.042667 0.353333
611 92.983000 0.510000 0.090000 0.346667
923 93.041667 0.493333 0.044667 0.333333
335 93.135000 0.500000 0.160667 0.526667
774 93.246333 0.508333 0.082000 0.423333
56 93.311667 0.501667 0.064667 0.103333
371 93.414333 0.488333 0.156667 0.783333
311 93.523333 0.493333 0.078667 0.340000
127 93.617667 0.491667 0.126000 0.443333
160 93.706333 0.506667 0.068667 0.386667
356 93.798667 0.505000 0.129333 0.403333
387 93.923000 0.493333 0.139333 0.413333
332 94.095000 0.508333 0.223333 1.116667
1018 94.220333 0.508333 0.047333 0.363333
977 94.251333 0.500000 0.033333 0.273333
13 94.308667 0.510000 0.096000 0.313333
928 94.366000 0.493333 0.034667 0.280000
50 94.442000 0.506667 0.132000 0.433333
971 94.519333 0.498333 0.041333 0.323333
675 94.591000 0.496667 0.119333 0.440000
507 94.683333 0.501667 0.082667 0.430000
226 94.774333 0.510000 0.116667 0.520000
908 94.868333 0.496667 0.087333 0.320000
978 94.923333 0.493333 0.037333 0.300000
221 94.983000 0.493333 0.100667 0.513333
193 95.078333 0.490000 0.104667 0.526667
856 95.217000 0.501667 0.187333 0.456667
959 95.321667 0.503333 0.036667 0.300000
658 95.369333 0.508333 0.074667 0.430000
885 95.444667 0.496667 0.089333 0.393333
933 95.495333 0.508333 0.032000 0.250000
289 95.588667 0.493333 0.174667 0.873333
155 95.718000 0.493333 0.104000 0.540000
683 95.828333 0.501667 0.135333 0.410000
790 95.919333 0.493333 0.065333 0.406667
538 96.030333 0.490000 0.174000 0.420000
691 96.155667 0.510000 0.096667 0.473333
629 96.277333 0.501667 0.160000 0.536667
562 96.440000 0.510000 0.181333 0.373333
836 96.569000 0.503333 0.096667 0.400000
184 96.654333 0.498333 0.091333 0.383333
568 96.741333 0.490000 0.098667 0.493333
714 96.873333 0.490000 0.181333 0.906667
835 97.015667 0.496667 0.123333 0.560000
26 97.129667 0.490000 0.120667 0.406667
917 97.204667 0.508333 0.042667 0.303333
378 97.269667 0.508333 0.107333 0.290000
961 97.331667 0.490000 0.035333 0.260000
816 97.395000 0.493333 0.108667 0.280000
652 97.526000 0.488333 0.173333 0.583333
1008 97.621000 0.503333 0.036667 0.273333
143 97.679667 0.506667 0.096667 0.413333
582 97.783667 0.501667 0.127333 0.496667
133 97.884667 0.491667 0.093333 0.290000
753 98.029000 0.488333 0.211333 1.056667
25 98.177333 0.490000 0.101333 0.366667
85 98.260667 0.488333 0.080000 0.330000
427 98.345667 0.505000 0.110000 0.536667
419 98.440667 0.506667 0.094667 0.453333
175 98.526333 0.493333 0.094000 0.333333
359 98.637000 0.508333 0.140667 0.436667
745 98.746667 0.503333 0.094667 0.353333
225 98.830000 0.503333 0.089333 0.373333
293 98.918333 0.503333 0.103333 0.433333
108 99.062000 0.500000 0.201333 1.006667
512 99.201000 0.503333 0.095333 0.313333
829 99.298667 0.505000 0.118667 0.523333
145 99.395667 0.503333 0.090000 0.400000
503 99.503000 0.506667 0.143333 0.366667
734 99.660000 0.508333 0.184000 0.503333
600 99.811000 0.505000 0.132667 0.390000
428 99.918667 0.501667 0.098667 0.676667
1023 99.979667 0.501667 0.036667 0.276667
336 100.046333 0.508333 0.114000 0.543333
309 100.133000 0.493333 0.072667 0.413333
722 100.237667 0.508333 0.154000 0.450000
202 100.349667 0.496667 0.090000 0.380000
333 100.459333 0.495000 0.149333 0.330000
705 100.586333 0.491667 0.124667 0.396667
651 100.726333 0.488333 0.172667 0.863333
415 100.896333 0.495000 0.184667 0.923333
139 101.010667 0.503333 0.060000 0.353333
820 101.074000 0.506667 0.081333 0.340000
770 101.160333 0.503333 0.110000 0.326667
610 101.258333 0.506667 0.106000 0.326667
666 101.358000 0.500000 0.112000 0.406667
771 101.446000 0.491667 0.077333 0.403333
783 101.519667 0.506667 0.086000 0.473333
682 101.608000 0.503333 0.106667 0.400000
245 101.687667 0.503333 0.067333 0.346667
639 101.752667 0.500000 0.080000 0.400000
432 101.843667 0.500000 0.120667 0.240000
75 101.952333 0.508333 0.115333 0.356667
95 102.091000 0.508333 0.178000 0.890000
