358 0.069667 0.493333 0.132667 0.373333
272 0.213333 0.510000 0.168000 0.486667
18 0.346667 0.500000 0.117333 0.380000
995 0.416000 0.495000 0.040000 0.330000
0 0.452667 0.496667 0.046667 0.380000
250 0.546667 0.503333 0.158667 0.793333
387 0.691667 0.505000 0.151333 0.403333
622 0.870333 0.488333 0.226000 1.130000
715 1.076000 0.493333 0.202667 1.013333
681 1.185333 0.490000 0.034667 0.306667
76 1.267000 0.495000 0.143333 0.450000
21 1.374667 0.493333 0.089333 0.320000
706 1.440333 0.505000 0.056667 0.296667
647 1.495667 0.508333 0.074000 0.370000
720 1.607667 0.488333 0.163333 0.816667
292 1.751667 0.496667 0.139333 0.533333
140 1.912333 0.508333 0.200667 1.003333
940 2.022333 0.510000 0.039333 0.320000
334 2.095000 0.500000 0.123333 0.393333
66 2.209667 0.508333 0.119333 0.543333
892 2.350667 0.503333 0.181333 0.526667
756 2.497333 0.500000 0.126667 0.360000
718 2.638000 0.500000 0.168000 0.840000
711 2.802000 0.505000 0.180000 0.463333
883 2.998000 0.501667 0.228000 0.496667
524 3.158000 0.491667 0.105333 0.376667
116 3.280333 0.510000 0.158000 0.473333
1001 3.367667 0.506667 0.036667 0.286667
938 3.394667 0.493333 0.036000 0.280000
907 3.468667 0.510000 0.129333 0.446667
594 3.595667 0.500000 0.138000 0.420000
741 3.700667 0.491667 0.088000 0.303333
172 3.802000 0.510000 0.134667 0.466667
722 3.918000 0.498333 0.117333 0.336667
982 3.987667 0.493333 0.036667 0.300000
708 4.040333 0.495000 0.086000 0.390000
991 4.095667 0.510000 0.038000 0.306667
279 4.155667 0.488333 0.099333 0.556667
137 4.232667 0.495000 0.074667 0.370000
965 4.279333 0.510000 0.033333 0.273333
683 4.366000 0.508333 0.153333 0.423333
809 4.498667 0.505000 0.128000 0.663333
999 4.577667 0.510000 0.044667 0.346667
865 4.649667 0.506667 0.115333 0.433333
121 4.708333 0.506667 0.016667 0.313333
293 4.745000 0.510000 0.076667 0.300000
533 4.843000 0.503333 0.135333 0.460000
403 4.966667 0.498333 0.130667 0.383333
316 5.083333 0.500000 0.117333 0.406667
484 5.176333 0.493333 0.087333 0.306667
860 5.311667 0.498333 0.199333 0.996667
953 5.425333 0.503333 0.045333 0.326667
956 5.461667 0.498333 0.042000 0.310000
728 5.509000 0.490000 0.067333 0.580000
611 5.575333 0.501667 0.084000 0.330000
93 5.696000 0.503333 0.176000 0.880000
884 5.842333 0.506667 0.134000 0.480000
198 6.000667 0.506667 0.196000 0.980000
87 6.194333 0.501667 0.210000 0.456667
5 6.326333 0.496667 0.067333 0.300000
504 6.421333 0.488333 0.142667 0.416667
466 6.530333 0.496667 0.090000 0.460000
972 6.584667 0.491667 0.036000 0.256667
812 6.651000 0.498333 0.111333 0.296667
651 6.782000 0.503333 0.164000 0.540000
44 6.904667 0.508333 0.098667 0.390000
506 6.962667 0.496667 0.037333 0.440000
468 7.016333 0.495000 0.087333 0.443333
150 7.106333 0.510000 0.106000 0.433333
707 7.193000 0.490000 0.083333 0.340000
699 7.301000 0.488333 0.148667 0.470000
819 7.425000 0.495000 0.119333 0.363333
830 7.524333 0.498333 0.099333 0.410000
765 7.603667 0.488333 0.072667 0.390000
934 7.650000 0.490000 0.037333 0.280000
1020 7.679667 0.493333 0.035333 0.266667
886 7.793667 0.491667 0.206000 1.030000
688 7.934667 0.500000 0.090667 0.440000
713 8.060333 0.495000 0.180667 0.536667
888 8.209333 0.506667 0.133333 0.406667
993 8.285333 0.500000 0.037333 0.293333
307 8.332000 0.508333 0.069333 0.390000
794 8.394667 0.505000 0.072000 0.436667
319 8.458667 0.501667 0.073333 0.276667
55 8.540000 0.508333 0.104000 0.256667
645 8.630667 0.501667 0.093333 0.423333
133 8.730667 0.490000 0.121333 0.406667
795 8.819000 0.508333 0.068667 0.423333
776 8.923333 0.505000 0.158667 0.356667
751 9.047000 0.506667 0.107333 0.466667
216 9.140333 0.510000 0.092667 0.373333
790 9.208333 0.503333 0.056667 0.353333
835 9.289333 0.491667 0.124000 0.563333
294 9.437000 0.498333 0.191333 0.956667
60 9.563000 0.496667 0.074000 0.300000
565 9.671667 0.510000 0.160667 0.333333
833 9.806000 0.493333 0.121333 0.526667
326 9.890333 0.498333 0.064667 0.296667
905 9.996000 0.506667 0.164000 0.533333
912 10.119000 0.503333 0.098000 0.413333
846 10.211000 0.490000 0.100667 0.500000
254 10.310000 0.493333 0.113333 0.426667
268 10.457667 0.498333 0.199333 0.996667
332 10.684667 0.508333 0.268000 0.643333
937 10.828667 0.496667 0.038667 0.313333
323 10.948000 0.501667 0.217333 0.423333
920 11.103000 0.493333 0.106000 0.386667
305 11.183667 0.495000 0.075333 0.416667
768 11.247000 0.505000 0.067333 0.176667
469 11.299333 0.488333 0.054667 0.330000
235 11.366000 0.496667 0.093333 0.373333
866 11.486000 0.506667 0.166667 0.446667
251 11.586333 0.500000 0.051333 0.286667
856 11.666667 0.495000 0.126667 0.310000
447 11.759000 0.508333 0.071333 0.383333
1014 11.808667 0.495000 0.044000 0.343333
159 11.843667 0.506667 0.046000 0.373333
165 11.911000 0.491667 0.103333 0.370000
987 11.977000 0.503333 0.046000 0.360000
1016 12.007000 0.493333 0.031333 0.240000
916 12.113333 0.493333 0.197333 0.986667
485 12.246000 0.506667 0.084000 0.440000
882 12.339000 0.498333 0.119333 0.483333
315 12.442333 0.506667 0.104667 0.400000
192 12.538000 0.496667 0.100000 0.506667
1010 12.601667 0.490000 0.044667 0.360000
200 12.664667 0.505000 0.097333 0.496667
587 12.765667 0.500000 0.123333 0.373333
814 12.886667 0.505000 0.132000 0.323333
463 12.979667 0.505000 0.072667 0.390000
964 13.031000 0.498333 0.050000 0.376667
968 13.069000 0.495000 0.042000 0.330000
474 13.116000 0.510000 0.070667 0.413333
476 13.176000 0.495000 0.066667 0.383333
417 13.252333 0.490000 0.106000 0.506667
407 13.341667 0.510000 0.091333 0.360000
374 13.438333 0.493333 0.119333 0.346667
660 13.544333 0.495000 0.112667 0.376667
19 13.645333 0.498333 0.108000 0.363333
429 13.743000 0.506667 0.107333 0.380000
925 13.803667 0.495000 0.028667 0.243333
328 13.897000 0.498333 0.176667 0.403333
329 14.062000 0.506667 0.168000 0.840000
735 14.204333 0.501667 0.136667 0.550000
45 14.294333 0.490000 0.059333 0.293333
391 14.385667 0.500000 0.140667 0.440000
432 14.515667 0.506667 0.139333 0.280000
174 14.626333 0.506667 0.099333 0.353333
602 14.718667 0.506667 0.098667 0.300000
266 14.843333 0.503333 0.168000 0.840000
345 14.974667 0.490000 0.108000 0.286667
845 15.079667 0.505000 0.115333 0.523333
491 15.175667 0.505000 0.096667 0.470000
662 15.275667 0.498333 0.123333 0.403333
273 15.352000 0.498333 0.045333 0.290000
201 15.425667 0.500000 0.120667 0.486667
904 15.509333 0.508333 0.060000 0.290000
669 15.591000 0.506667 0.122000 0.420000
46 15.667333 0.506667 0.045333 0.406667
367 15.748333 0.495000 0.130000 0.390000
626 15.877000 0.491667 0.147333 0.490000
344 16.017333 0.490000 0.148000 0.420000
911 16.125333 0.506667 0.086667 0.333333
377 16.218333 0.495000 0.119333 0.336667
572 16.308667 0.500000 0.081333 0.346667
915 16.381000 0.496667 0.080667 0.660000
693 16.457333 0.505000 0.086667 0.423333
505 16.527667 0.510000 0.067333 0.280000
148 16.613000 0.503333 0.119333 0.326667
203 16.705000 0.501667 0.083333 0.350000
539 16.782667 0.498333 0.085333 0.403333
910 16.867667 0.508333 0.103333 0.363333
211 16.956667 0.498333 0.093333 0.470000
721 17.071000 0.501667 0.148667 0.463333
160 17.167000 0.508333 0.062000 0.336667
456 17.229000 0.506667 0.076667 0.393333
1004 17.273667 0.498333 0.030000 0.250000
51 17.332667 0.501667 0.101333 0.323333
733 17.407333 0.496667 0.066667 0.400000
217 17.493333 0.491667 0.118667 0.496667
692 17.595000 0.495000 0.103333 0.510000
629 17.704000 0.496667 0.134667 0.446667
128 17.842333 0.498333 0.162000 0.810000
789 17.954333 0.503333 0.080667 0.493333
284 18.046667 0.493333 0.117333 0.426667
567 18.206000 0.506667 0.220000 1.100000
540 18.416333 0.495000 0.218000 1.090000
14 18.566667 0.500000 0.097333 0.333333
16 18.657000 0.505000 0.099333 0.343333
38 18.766000 0.501667 0.133333 0.436667
117 18.890000 0.496667 0.129333 0.386667
97 19.038000 0.505000 0.181333 0.383333
139 19.155333 0.498333 0.073333 0.416667
665 19.244333 0.488333 0.120667 0.416667
500 19.344333 0.488333 0.094000 0.450000
134 19.443333 0.488333 0.124000 0.403333
126 19.577667 0.488333 0.160667 0.803333
731 19.687333 0.510000 0.076000 0.386667
218 19.770000 0.501667 0.102667 0.443333
691 19.866000 0.496667 0.104000 0.513333
238 20.002000 0.490000 0.186667 0.933333
558 20.125333 0.493333 0.077333 0.373333
127 20.239000 0.488333 0.166000 0.830000
461 20.353667 0.493333 0.078000 0.393333
877 20.434667 0.501667 0.100000 0.496667
664 20.528667 0.500000 0.106667 0.366667
257 20.635333 0.510000 0.125333 0.373333
397 20.726333 0.501667 0.074000 0.303333
162 20.861000 0.495000 0.212667 1.063333
147 21.004333 0.505000 0.088667 0.463333
171 21.087667 0.508333 0.098000 0.343333
475 21.169667 0.500000 0.080667 0.420000
71 21.233000 0.510000 0.060667 0.340000
395 21.332333 0.491667 0.154000 0.490000
393 21.465333 0.493333 0.130667 0.406667
772 21.588333 0.488333 0.130000 0.363333
642 21.682667 0.500000 0.077333 0.300000
839 21.772667 0.505000 0.121333 0.523333
79 21.920333 0.495000 0.187333 0.936667
312 22.058667 0.503333 0.102667 0.373333
849 22.156333 0.501667 0.106000 0.470000
183 22.267333 0.491667 0.133333 0.536667
936 22.348667 0.495000 0.045333 0.336667
616 22.467667 0.498333 0.207333 1.036667
975 22.582000 0.510000 0.040000 0.313333
743 22.629333 0.500000 0.073333 0.313333
584 22.739000 0.491667 0.164667 0.823333
740 22.893333 0.495000 0.158667 0.363333
677 23.007667 0.490000 0.090000 0.320000
98 23.153333 0.503333 0.216000 0.466667
748 23.304333 0.510000 0.103333 0.353333
785 23.382667 0.510000 0.069333 0.300000
858 23.470667 0.491667 0.121333 0.370000
425 23.571333 0.488333 0.097333 0.563333
339 23.648000 0.506667 0.072000 0.380000
437 23.717000 0.490000 0.079333 0.393333
780 23.824667 0.496667 0.156000 0.466667
253 23.921667 0.503333 0.051333 0.466667
215 23.988333 0.496667 0.100667 0.486667
758 24.113000 0.488333 0.162000 0.463333
792 24.241000 0.508333 0.114000 0.470000
280 24.360333 0.490000 0.144667 0.513333
426 24.456667 0.500000 0.066667 0.386667
663 24.536333 0.510000 0.111333 0.400000
559 24.628667 0.495000 0.088000 0.430000
245 24.692333 0.491667 0.058000 0.310000
330 24.757667 0.505000 0.087333 0.330000
501 24.830667 0.506667 0.073333 0.360000
634 24.902333 0.506667 0.086000 0.366667
477 24.980000 0.503333 0.089333 0.453333
430 25.129667 0.495000 0.226000 1.130000
726 25.280000 0.500000 0.088000 0.460000
753 25.392000 0.496667 0.150667 0.473333
601 25.522667 0.493333 0.125333 0.366667
389 25.660333 0.498333 0.166000 0.830000
1002 25.753667 0.493333 0.039333 0.313333
644 25.802667 0.503333 0.073333 0.353333
460 25.867333 0.496667 0.074667 0.380000
952 25.915333 0.506667 0.037333 0.286667
959 25.945667 0.496667 0.043333 0.320000
507 25.990000 0.506667 0.060000 0.320000
603 26.091333 0.490000 0.157333 0.786667
985 26.181667 0.488333 0.038000 0.290000
3 26.236333 0.490000 0.086000 0.393333
386 26.326000 0.493333 0.110667 0.320000
472 26.405667 0.491667 0.066000 0.396667
810 26.472667 0.508333 0.084000 0.376667
787 26.545333 0.506667 0.081333 0.500000
480 26.609667 0.490000 0.063333 0.333333
302 26.671667 0.508333 0.078000 0.443333
373 26.806333 0.488333 0.206000 1.030000
354 26.965667 0.503333 0.132667 0.380000
1006 27.045667 0.503333 0.044667 0.340000
685 27.105000 0.488333 0.087333 0.356667
843 27.189667 0.493333 0.100667 0.493333
405 27.283667 0.500000 0.100667 0.386667
931 27.344000 0.495000 0.038667 0.303333
350 27.434000 0.503333 0.154667 0.440000
716 27.588000 0.510000 0.173333 0.433333
73 27.729667 0.493333 0.128667 0.413333
989 27.802667 0.510000 0.037333 0.273333
199 27.871000 0.506667 0.119333 0.480000
950 27.941333 0.498333 0.040000 0.303333
954 27.969667 0.498333 0.036667 0.276667
255 28.049000 0.500000 0.135333 0.513333
226 28.164667 0.501667 0.112000 0.483333
686 28.256333 0.495000 0.090000 0.443333
754 28.364333 0.490000 0.144667 0.706667
123 28.481667 0.510000 0.110000 0.713333
619 28.573000 0.503333 0.090000 0.466667
823 28.659667 0.506667 0.103333 0.440000
189 28.746000 0.491667 0.088000 0.396667
53 28.830667 0.488333 0.098667 0.336667
212 28.916333 0.491667 0.092667 0.376667
813 29.018000 0.496667 0.129333 0.360000
269 29.168000 0.500000 0.189333 0.946667
609 29.291333 0.488333 0.074667 0.310000
854 29.400000 0.510000 0.160000 0.540000
523 29.535667 0.496667 0.126000 0.400000
153 29.628333 0.506667 0.078000 0.353333
803 29.728000 0.498333 0.137333 0.396667
438 29.884667 0.493333 0.190667 0.953333
331 30.079667 0.506667 0.214000 0.500000
445 30.218667 0.505000 0.080000 0.403333
600 30.313667 0.510000 0.124667 0.373333
15 30.411667 0.491667 0.091333 0.310000
441 30.484333 0.501667 0.074000 0.376667
875 30.590667 0.491667 0.152000 0.383333
143 30.699000 0.488333 0.080667 0.343333
990 30.753333 0.491667 0.042667 0.330000
944 30.790000 0.488333 0.046667 0.350000
902 30.872667 0.501667 0.137333 0.416667
633 31.035667 0.490000 0.206000 0.600000
357 31.191333 0.498333 0.122667 0.363333
671 31.306000 0.500000 0.124000 0.400000
130 31.461000 0.506667 0.206000 0.433333
836 31.609333 0.495000 0.104000 0.430000
243 31.739667 0.510000 0.175333 0.586667
170 31.897667 0.498333 0.159333 0.796667
750 32.033667 0.503333 0.128667 0.480000
288 32.141333 0.506667 0.101333 0.380000
239 32.235333 0.506667 0.105333 0.633333
1012 32.300667 0.490000 0.044000 0.320000
67 32.411667 0.495000 0.195333 0.976667
304 32.534000 0.496667 0.068000 0.380000
473 32.589667 0.501667 0.059333 0.350000
223 32.669667 0.510000 0.118000 0.473333
406 32.763333 0.491667 0.084000 0.316667
327 32.874667 0.503333 0.157333 0.420000
857 33.036000 0.510000 0.181333 0.906667
773 33.233333 0.490000 0.228000 1.140000
455 33.379000 0.491667 0.076667 0.450000
227 33.466000 0.505000 0.112000 0.463333
295 33.562667 0.498333 0.094667 0.396667
41 33.679000 0.506667 0.154000 0.440000
9 33.790667 0.495000 0.088000 0.383333
967 33.846000 0.491667 0.041333 0.343333
859 33.915667 0.503333 0.115333 0.366667
4 34.018000 0.496667 0.104000 0.420000
232 34.114667 0.510000 0.105333 0.426667
246 34.235667 0.500000 0.156667 0.553333
963 34.325333 0.496667 0.041333 0.313333
113 34.425000 0.498333 0.171333 0.856667
78 34.596333 0.496667 0.186000 0.500000
154 34.720667 0.510000 0.082667 0.373333
852 34.806333 0.491667 0.106000 0.496667
712 34.962333 0.495000 0.223333 1.116667
301 35.107333 0.496667 0.082667 0.466667
155 35.194000 0.503333 0.106667 0.573333
862 35.270000 0.500000 0.064000 0.293333
850 35.353000 0.506667 0.116667 0.480000
252 35.463333 0.506667 0.117333 0.466667
739 35.549667 0.493333 0.075333 0.573333
980 35.601000 0.500000 0.040667 0.300000
237 35.650000 0.501667 0.073333 0.550000
306 35.708000 0.505000 0.060000 0.336667
908 35.782667 0.488333 0.105333 0.403333
510 35.886000 0.500000 0.121333 0.440000
894 35.996000 0.490000 0.114667 0.333333
659 36.088333 0.508333 0.083333 0.343333
1008 36.150000 0.496667 0.053333 0.380000
1011 36.184000 0.510000 0.029333 0.246667
415 36.252000 0.508333 0.122667 0.430000
318 36.350000 0.501667 0.088000 0.436667
817 36.462333 0.500000 0.151333 0.353333
778 36.566000 0.510000 0.074667 0.480000
43 36.641000 0.501667 0.092667 0.363333
606 36.737333 0.488333 0.116000 0.350000
695 36.900333 0.505000 0.224667 1.123333
370 37.060333 0.510000 0.114000 0.340000
176 37.160667 0.491667 0.104000 0.383333
240 37.243667 0.510000 0.075333 0.400000
585 37.341667 0.505000 0.139333 0.423333
736 37.440667 0.503333 0.077333 0.440000
214 37.529000 0.506667 0.118000 0.500000
826 37.627333 0.495000 0.096000 0.423333
521 37.722667 0.495000 0.114667 0.310000
462 37.812000 0.501667 0.081333 0.416667
891 37.873333 0.508333 0.061333 0.276667
95 37.993000 0.498333 0.196667 0.983333
560 38.172000 0.490000 0.177333 0.886667
573 38.303000 0.501667 0.100667 0.410000
586 38.397000 0.498333 0.107333 0.310000
801 38.488000 0.500000 0.094667 0.346667
898 38.638000 0.500000 0.225333 1.126667
581 38.779667 0.506667 0.075333 0.320000
551 38.864000 0.491667 0.109333 0.370000
402 38.978667 0.491667 0.138667 0.376667
624 39.144000 0.496667 0.212000 1.060000
450 39.269333 0.500000 0.053333 0.313333
903 39.368667 0.506667 0.158667 0.433333
793 39.482333 0.503333 0.086000 0.353333
310 39.548000 0.506667 0.065333 0.366667
135 39.637333 0.498333 0.129333 0.496667
1007 39.717000 0.488333 0.047333 0.356667
166 39.790667 0.505000 0.116000 0.416667
947 39.857000 0.503333 0.035333 0.300000
520 39.911667 0.491667 0.092667 0.303333
742 40.063000 0.495000 0.230000 1.150000
867 40.215333 0.506667 0.090667 0.326667
637 40.277667 0.508333 0.048667 0.256667
336 40.352333 0.496667 0.116667 0.560000
341 40.441667 0.493333 0.080667 0.340000
2 40.506333 0.508333 0.062000 0.323333
775 40.570667 0.503333 0.082667 0.400000
670 40.658000 0.506667 0.112000 0.366667
464 40.735667 0.508333 0.060667 0.336667
568 40.807667 0.506667 0.098000 0.486667
889 40.922333 0.498333 0.151333 0.470000
868 41.035667 0.501667 0.092667 0.530000
7 41.142000 0.491667 0.138667 0.483333
864 41.250333 0.490000 0.098000 0.386667
508 41.330667 0.500000 0.080000 0.406667
90 41.460667 0.488333 0.197333 0.416667
423 41.608667 0.501667 0.114667 0.416667
324 41.734333 0.508333 0.156667 0.770000
482 41.845667 0.505000 0.079333 0.410000
986 41.894667 0.503333 0.036000 0.286667
311 41.940000 0.505000 0.074667 0.323333
552 41.997000 0.506667 0.056667 0.366667
579 42.087667 0.508333 0.142000 0.416667
380 42.212667 0.505000 0.128000 0.363333
378 42.327667 0.496667 0.115333 0.353333
313 42.423333 0.490000 0.090667 0.320000
494 42.496333 0.491667 0.074000 0.396667
431 42.587000 0.503333 0.124667 0.406667
479 42.681000 0.506667 0.076667 0.393333
413 42.776000 0.505000 0.130667 0.556667
649 42.882000 0.508333 0.096000 0.523333
418 42.957333 0.491667 0.073333 0.356667
439 43.041333 0.488333 0.113333 0.470000
22 43.155000 0.490000 0.134000 0.446667
122 43.276667 0.506667 0.122667 0.426667
110 43.387333 0.508333 0.113333 0.410000
36 43.481667 0.488333 0.095333 0.323333
372 43.585333 0.500000 0.130667 0.373333
20 43.701000 0.488333 0.115333 0.390000
84 43.803667 0.503333 0.108667 0.306667
719 43.932333 0.496667 0.166000 0.426667
492 44.051333 0.500000 0.092000 0.413333
163 44.154000 0.500000 0.130667 0.466667
981 44.232333 0.505000 0.043333 0.336667
919 44.277667 0.501667 0.060667 0.256667
65 44.336667 0.505000 0.076000 0.190000
497 44.423667 0.491667 0.115333 0.296667
652 44.558667 0.491667 0.168000 0.550000
400 44.656333 0.503333 0.043333 0.366667
362 44.733000 0.491667 0.130000 0.363333
554 44.847000 0.491667 0.118000 0.323333
433 44.966000 0.498333 0.134667 0.283333
308 45.054333 0.510000 0.058000 0.320000
628 45.160000 0.510000 0.173333 0.580000
808 45.296333 0.496667 0.112667 0.406667
436 45.396333 0.501667 0.104667 0.310000
340 45.502000 0.501667 0.126667 0.396667
48 45.653000 0.491667 0.194000 0.970000
369 45.804667 0.508333 0.129333 0.376667
951 45.885000 0.496667 0.046000 0.366667
181 45.997667 0.508333 0.199333 0.996667
186 46.132000 0.488333 0.089333 0.450000
746 46.233667 0.505000 0.134000 0.496667
244 46.370333 0.501667 0.158000 0.436667
234 46.490000 0.488333 0.101333 0.510000
541 46.633333 0.501667 0.204000 0.443333
630 46.806667 0.488333 0.162667 0.543333
224 46.925000 0.506667 0.092667 0.380000
701 47.070333 0.508333 0.211333 1.056667
984 47.192667 0.506667 0.052000 0.380000
142 47.260333 0.510000 0.099333 0.433333
556 47.346667 0.505000 0.093333 0.390000
338 47.458333 0.493333 0.144667 0.753333
289 47.646333 0.496667 0.250000 0.480000
361 47.842000 0.488333 0.156000 0.423333
976 47.935667 0.488333 0.048667 0.356667
526 48.010000 0.493333 0.113333 0.300000
791 48.096333 0.508333 0.079333 0.483333
970 48.149000 0.496667 0.044667 0.366667
641 48.200333 0.490000 0.078000 0.366667
576 48.274667 0.495000 0.090667 0.363333
710 48.391333 0.496667 0.162667 0.446667
286 48.507667 0.510000 0.088667 0.320000
282 48.593667 0.493333 0.099333 0.340000
545 48.687667 0.496667 0.108667 0.413333
870 48.758667 0.505000 0.050667 0.256667
325 48.864000 0.506667 0.174667 0.766667
913 49.001000 0.503333 0.114000 0.346667
617 49.102000 0.503333 0.105333 0.433333
734 49.245667 0.490000 0.198000 0.540000
935 49.357667 0.500000 0.040667 0.333333
933 49.385333 0.496667 0.033333 0.260000
92 49.504333 0.500000 0.220667 0.466667
514 49.671667 0.500000 0.134000 0.426667
804 49.796667 0.508333 0.130667 0.376667
236 49.893000 0.498333 0.080667 0.403333
185 49.966000 0.505000 0.084000 0.423333
256 50.050667 0.491667 0.104000 0.356667
532 50.137333 0.490000 0.088000 0.453333
195 50.217667 0.503333 0.092667 0.466667
672 50.302333 0.505000 0.096667 0.310000
538 50.427333 0.510000 0.166667 0.400000
648 50.541333 0.501667 0.074667 0.343333
495 50.611667 0.491667 0.086000 0.463333
909 50.691333 0.488333 0.092000 0.403333
205 50.781000 0.493333 0.103333 0.520000
89 50.922667 0.500000 0.193333 0.966667
786 51.048667 0.490000 0.078667 0.486667
829 51.134333 0.505000 0.110000 0.456667
962 51.204000 0.493333 0.045333 0.353333
265 51.288667 0.491667 0.144000 0.550000
853 51.409333 0.490000 0.116000 0.473333
317 51.505000 0.510000 0.090000 0.333333
563 51.625667 0.505000 0.170000 0.350000
220 51.761333 0.508333 0.117333 0.570000
298 51.850667 0.501667 0.076000 0.383333
974 51.899333 0.506667 0.038667 0.273333
661 51.966333 0.500000 0.110000 0.380000
131 52.114333 0.488333 0.203333 1.016667
169 52.274667 0.490000 0.130667 0.493333
546 52.376667 0.498333 0.088000 0.336667
366 52.473667 0.496667 0.122000 0.346667
61 52.570333 0.488333 0.088667 0.450000
906 52.679667 0.490000 0.146000 0.406667
230 52.800333 0.498333 0.111333 0.430000
487 52.882667 0.508333 0.066667 0.403333
627 52.990333 0.503333 0.163333 0.540000
767 53.126333 0.510000 0.126000 0.386667
141 53.223333 0.508333 0.082667 0.363333
457 53.289000 0.508333 0.066000 0.343333
188 53.364333 0.501667 0.103333 0.523333
608 53.468000 0.510000 0.118667 0.426667
346 53.586333 0.505000 0.135333 0.416667
769 53.717667 0.498333 0.144667 0.423333
208 53.842333 0.510000 0.119333 0.493333
454 53.922667 0.503333 0.056000 0.333333
63 53.992000 0.501667 0.100000 0.356667
673 54.085667 0.500000 0.104667 0.393333
831 54.176667 0.490000 0.090667 0.373333
502 54.255333 0.501667 0.080000 0.350000
697 54.380333 0.488333 0.187333 0.936667
488 54.503667 0.493333 0.078000 0.386667
11 54.578333 0.500000 0.090000 0.293333
550 54.655000 0.501667 0.079333 0.390000
519 54.766333 0.488333 0.158000 0.790000
656 54.925667 0.491667 0.179333 0.423333
788 55.090667 0.496667 0.168000 0.840000
997 55.183000 0.508333 0.035333 0.263333
392 55.265333 0.506667 0.145333 0.453333
72 55.383667 0.508333 0.104667 0.503333
655 55.464000 0.510000 0.073333 0.326667
74 55.570333 0.493333 0.158000 0.493333
625 55.753000 0.491667 0.223333 1.116667
614 55.944667 0.493333 0.180000 0.466667
978 56.047667 0.488333 0.042000 0.310000
825 56.112000 0.491667 0.104000 0.430000
219 56.200333 0.506667 0.088667 0.426667
322 56.286333 0.506667 0.103333 0.180000
548 56.403333 0.498333 0.146667 0.456667
355 56.533333 0.495000 0.130667 0.390000
412 56.639667 0.495000 0.099333 0.496667
419 56.721333 0.496667 0.082667 0.406667
922 56.771000 0.488333 0.034000 0.283333
618 56.819667 0.491667 0.079333 0.483333
157 56.917667 0.500000 0.135333 0.560000
979 57.003000 0.496667 0.048667 0.360000
941 57.036667 0.510000 0.036000 0.293333
518 57.092667 0.491667 0.096000 0.316667
379 57.192333 0.501667 0.118000 0.376667
511 57.301333 0.498333 0.120000 0.396667
590 57.451667 0.495000 0.199333 0.996667
258 57.595000 0.500000 0.100667 0.333333
781 57.671333 0.496667 0.068000 0.353333
35 57.753333 0.495000 0.112000 0.370000
68 57.856000 0.490000 0.109333 0.313333
878 57.951000 0.488333 0.098000 0.503333
764 58.030333 0.493333 0.075333 0.380000
535 58.154333 0.491667 0.192667 0.423333
10 58.300333 0.498333 0.119333 0.390000
342 58.396000 0.508333 0.088000 0.416667
901 58.487667 0.503333 0.114000 0.300000
32 58.584000 0.500000 0.096000 0.313333
807 58.704000 0.501667 0.164000 0.396667
899 58.892667 0.503333 0.229333 1.146667
598 59.054333 0.488333 0.114000 0.350000
885 59.143333 0.508333 0.082667 0.376667
448 59.211333 0.505000 0.073333 0.403333
848 59.288000 0.493333 0.098667 0.306667
966 59.351333 0.505000 0.046667 0.350000
969 59.390333 0.510000 0.050000 0.366667
481 59.436667 0.495000 0.061333 0.363333
229 59.570000 0.510000 0.220000 1.100000
821 59.711333 0.501667 0.082667 0.550000
86 59.785667 0.493333 0.082000 0.380000
709 59.872667 0.501667 0.105333 0.450000
948 59.941000 0.491667 0.051333 0.376667
570 59.996333 0.508333 0.074000 0.310000
37 60.084667 0.493333 0.122667 0.453333
352 60.197333 0.495000 0.122667 0.376667
343 60.315667 0.503333 0.127333 0.346667
797 60.426667 0.506667 0.113333 0.406667
30 60.540333 0.508333 0.127333 0.376667
643 60.657333 0.503333 0.124000 0.433333
50 60.788667 0.508333 0.153333 0.476667
52 60.910667 0.508333 0.105333 0.363333
486 60.997333 0.490000 0.086667 0.440000
420 61.072333 0.501667 0.083333 0.343333
274 61.150333 0.505000 0.086000 0.403333
694 61.233333 0.503333 0.093333 0.460000
732 61.308333 0.498333 0.074000 0.356667
56 61.378000 0.501667 0.081333 0.110000
175 61.462667 0.493333 0.104000 0.373333
151 61.542667 0.501667 0.074667 0.383333
99 61.664000 0.503333 0.185333 0.926667
62 61.788333 0.488333 0.080667 0.370000
531 61.921667 0.491667 0.199333 0.996667
42 62.042000 0.505000 0.056000 0.316667
194 62.104333 0.503333 0.088667 0.366667
832 62.202667 0.490000 0.124000 0.500000
876 62.332333 0.491667 0.152667 0.376667
209 62.452667 0.505000 0.108000 0.510000
923 62.521667 0.495000 0.048667 0.363333
928 62.559667 0.505000 0.044667 0.336667
512 62.627333 0.500000 0.106667 0.360000
837 62.721000 0.501667 0.096667 0.450000
861 62.789333 0.506667 0.053333 0.413333
180 62.916333 0.491667 0.219333 1.096667
197 63.059000 0.510000 0.086000 0.433333
561 63.161667 0.488333 0.136667 0.330000
360 63.323667 0.505000 0.207333 1.036667
729 63.428667 0.505000 0.020000 0.296667
337 63.517333 0.496667 0.172000 0.860000
842 63.639667 0.490000 0.091333 0.440000
314 63.734667 0.505000 0.117333 0.436667
381 63.863333 0.490000 0.157333 0.466667
39 63.994000 0.508333 0.124000 0.403333
221 64.097000 0.503333 0.100667 0.413333
766 64.200333 0.488333 0.122000 0.356667
1021 64.271333 0.508333 0.037333 0.296667
449 64.317667 0.488333 0.068667 0.350000
869 64.376667 0.503333 0.064000 0.413333
525 64.450333 0.500000 0.103333 0.340000
759 64.554000 0.491667 0.122667 0.396667
8 64.660333 0.488333 0.106000 0.390000
723 64.752667 0.501667 0.094667 0.323333
156 64.867000 0.505000 0.151333 0.403333
704 64.987000 0.506667 0.108667 0.346667
657 65.069333 0.505000 0.076000 0.310000
926 65.120333 0.491667 0.044667 0.356667
774 65.168667 0.490000 0.066667 0.346667
278 65.256667 0.498333 0.128000 0.390000
271 65.389333 0.506667 0.150667 0.486667
528 65.524333 0.488333 0.136667 0.463333
129 65.663000 0.503333 0.156667 0.593333
820 65.778000 0.508333 0.086667 0.363333
747 65.864667 0.508333 0.102667 0.430000
206 65.962000 0.501667 0.105333 0.430000
164 66.069667 0.503333 0.126000 0.480000
309 66.165000 0.501667 0.079333 0.436667
411 66.309333 0.496667 0.228000 0.486667
453 66.450333 0.495000 0.074000 0.443333
738 66.514000 0.505000 0.068000 0.330000
887 66.595667 0.498333 0.114000 0.376667
1019 66.666667 0.496667 0.041333 0.346667
682 66.734667 0.491667 0.114667 0.443333
800 66.824000 0.495000 0.082667 0.330000
483 66.884333 0.508333 0.056667 0.323333
782 66.963333 0.493333 0.114667 0.526667
427 67.067667 0.505000 0.111333 0.543333
347 67.173667 0.488333 0.119333 0.343333
607 67.291333 0.508333 0.130667 0.416667
612 67.440000 0.506667 0.181333 0.906667
927 67.542000 0.508333 0.038667 0.310000
108 67.653000 0.495000 0.200667 1.003333
678 67.797000 0.490000 0.104667 0.353333
517 67.899000 0.488333 0.115333 0.383333
749 68.002333 0.503333 0.110000 0.466667
161 68.106333 0.508333 0.115333 0.416667
752 68.189333 0.495000 0.068000 0.183333
815 68.292333 0.495000 0.152667 0.376667
414 68.423000 0.495000 0.127333 0.603333
384 68.548000 0.490000 0.140000 0.393333
757 68.677000 0.488333 0.132667 0.390000
705 68.804667 0.503333 0.136000 0.440000
509 68.927333 0.491667 0.125333 0.396667
24 69.053333 0.488333 0.144000 0.490000
799 69.162000 0.493333 0.092000 0.333333
422 69.253333 0.500000 0.106667 0.386667
213 69.356667 0.490000 0.113333 0.466667
1018 69.426667 0.498333 0.044000 0.330000
119 69.478000 0.493333 0.077333 0.466667
467 69.543667 0.500000 0.067333 0.340000
863 69.611333 0.508333 0.086667 0.416667
971 69.664333 0.500000 0.036667 0.293333
553 69.733333 0.500000 0.117333 0.400000
459 69.826667 0.510000 0.084000 0.426667
261 69.928333 0.493333 0.138000 0.653333
961 70.012000 0.505000 0.049333 0.376667
816 70.078000 0.506667 0.102667 0.333333
471 70.160000 0.503333 0.077333 0.420000
23 70.265000 0.495000 0.148667 0.423333
597 70.401333 0.490000 0.141333 0.453333
75 70.535000 0.488333 0.143333 0.450000
416 70.637000 0.488333 0.079333 0.383333
700 70.752667 0.506667 0.170667 0.853333
375 70.890000 0.503333 0.118667 0.320000
34 70.996000 0.495000 0.108000 0.356667
17 71.089000 0.490000 0.096667 0.313333
530 71.187667 0.490000 0.116667 0.546667
28 71.278000 0.500000 0.082667 0.293333
690 71.365000 0.493333 0.104667 0.513333
595 71.460000 0.493333 0.102667 0.306667
228 71.561000 0.506667 0.112667 0.573333
259 71.655000 0.498333 0.092667 0.463333
138 71.722000 0.496667 0.060000 0.353333
703 71.810000 0.501667 0.132000 0.456667
498 71.892000 0.505000 0.050667 0.310000
1003 71.928667 0.510000 0.038667 0.306667
881 71.998667 0.498333 0.121333 0.410000
874 72.101333 0.501667 0.101333 0.450000
478 72.180333 0.496667 0.076667 0.413333
57 72.239667 0.490000 0.059333 0.260000
638 72.317667 0.498333 0.112667 0.450000
111 72.407667 0.508333 0.083333 0.390000
1022 72.466333 0.491667 0.050000 0.376667
675 72.548000 0.491667 0.128000 0.476667
871 72.633333 0.496667 0.057333 0.293333
841 72.700000 0.490000 0.096000 0.393333
496 72.790333 0.491667 0.104667 0.443333
591 72.915333 0.493333 0.162667 0.473333
557 73.036000 0.491667 0.092000 0.596667
988 73.099000 0.488333 0.048667 0.363333
202 73.184333 0.490000 0.142000 0.540000
680 73.306000 0.488333 0.117333 0.390000
465 73.394333 0.500000 0.079333 0.406667
283 73.478000 0.498333 0.104000 0.376667
880 73.571333 0.501667 0.100000 0.336667
893 73.706333 0.496667 0.186000 0.533333
446 73.829333 0.495000 0.074667 0.390000
281 73.919333 0.505000 0.118667 0.403333
1013 73.986000 0.508333 0.032000 0.250000
107 74.084667 0.510000 0.180000 0.900000
118 74.212333 0.505000 0.094000 0.356667
549 74.296000 0.501667 0.093333 0.310000
654 74.424333 0.495000 0.176667 0.883333
333 74.585667 0.490000 0.164667 0.420000
592 74.737333 0.500000 0.152000 0.440000
104 74.898667 0.508333 0.190667 0.410000
187 75.029667 0.508333 0.088667 0.410000
145 75.120667 0.488333 0.112000 0.490000
193 75.219000 0.495000 0.100667 0.410000
666 75.327333 0.501667 0.136000 0.476667
303 75.417667 0.490000 0.058000 0.326667
1023 75.462333 0.491667 0.046000 0.363333
571 75.526000 0.508333 0.097333 0.390000
534 75.608667 0.498333 0.082667 0.330000
173 75.687667 0.496667 0.095333 0.426667
596 75.775333 0.493333 0.098667 0.306667
640 75.852333 0.506667 0.070000 0.353333
784 75.908333 0.500000 0.056667 0.453333
574 75.971000 0.510000 0.087333 0.353333
658 76.039000 0.505000 0.063333 0.350000
631 76.158333 0.488333 0.194000 0.643333
149 76.335333 0.510000 0.174667 0.873333
103 76.514333 0.501667 0.200667 1.003333
811 76.664667 0.491667 0.117333 0.396667
599 76.785000 0.491667 0.139333 0.410000
158 76.912333 0.505000 0.134000 0.403333
623 77.082667 0.493333 0.224000 1.120000
717 77.265000 0.508333 0.154000 0.443333
840 77.382000 0.506667 0.094667 0.400000
838 77.476333 0.505000 0.114000 0.463333
152 77.567667 0.493333 0.088667 0.433333
396 77.686667 0.503333 0.169333 0.846667
190 77.814333 0.508333 0.102000 0.410000
977 77.874000 0.490000 0.034667 0.286667
262 77.996000 0.493333 0.226667 1.133333
267 78.198667 0.500000 0.197333 0.986667
667 78.349667 0.503333 0.122000 0.400000
385 78.464667 0.498333 0.124000 0.390000
390 78.584000 0.501667 0.130667 0.376667
930 78.657000 0.510000 0.031333 0.246667
296 78.719000 0.498333 0.110000 0.416667
577 78.814000 0.496667 0.096000 0.373333
58 78.876333 0.508333 0.047333 0.296667
513 78.939667 0.498333 0.095333 0.316667
321 79.029667 0.496667 0.100667 0.440000
233 79.126000 0.508333 0.106667 0.476667
668 79.219333 0.495000 0.094667 0.323333
247 79.298333 0.501667 0.079333 0.310000
435 79.358667 0.496667 0.061333 0.326667
855 79.417333 0.506667 0.073333 0.193333
106 79.548333 0.490000 0.204667 0.433333
368 79.715000 0.503333 0.147333 0.413333
834 79.836333 0.500000 0.115333 0.480000
674 79.935667 0.501667 0.102000 0.330000
132 80.018333 0.505000 0.080667 0.363333
583 80.083667 0.498333 0.064667 0.403333
59 80.210667 0.496667 0.206667 1.033333
575 80.359667 0.501667 0.107333 0.356667
745 80.455000 0.493333 0.096667 0.380000
762 80.542333 0.498333 0.096667 0.423333
724 80.615333 0.500000 0.068000 0.413333
6 80.682667 0.506667 0.085333 0.333333
737 80.739000 0.506667 0.043333 0.313333
260 80.854000 0.503333 0.200000 1.000000
702 81.028667 0.506667 0.168000 0.520000
822 81.146333 0.490000 0.087333 0.293333
490 81.219333 0.498333 0.076000 0.390000
632 81.334667 0.506667 0.174667 0.873333
639 81.446667 0.506667 0.064000 0.313333
204 81.530000 0.508333 0.120000 0.510000
408 81.627000 0.503333 0.091333 0.346667
847 81.726333 0.493333 0.123333 0.373333
349 81.864667 0.500000 0.172000 0.860000
196 81.993333 0.506667 0.098667 0.400000
270 82.133667 0.501667 0.200667 1.003333
760 82.300667 0.491667 0.146667 0.423333
621 82.392000 0.500000 0.054667 0.566667
184 82.516000 0.496667 0.213333 1.066667
275 82.638667 0.510000 0.045333 0.293333
529 82.711667 0.493333 0.114000 0.426667
101 82.851000 0.491667 0.180667 0.390000
356 83.010333 0.488333 0.151333 0.416667
992 83.094667 0.498333 0.032000 0.250000
771 83.148667 0.505000 0.090667 0.443333
777 83.238667 0.508333 0.106667 0.443333
779 83.304333 0.500000 0.042000 0.406667
798 83.369667 0.493333 0.102000 0.373333
730 83.495000 0.498333 0.164667 0.583333
844 83.627667 0.506667 0.120667 0.493333
827 83.737333 0.500000 0.116000 0.486667
960 83.806333 0.491667 0.038000 0.283333
522 83.879000 0.491667 0.120667 0.376667
96 84.035333 0.506667 0.206667 1.033333
727 84.167667 0.488333 0.074000 0.330000
69 84.256667 0.493333 0.121333 0.593333
806 84.402333 0.510000 0.186000 0.486667
124 84.543667 0.498333 0.110000 0.403333
516 84.654333 0.491667 0.130000 0.436667
91 84.812000 0.501667 0.201333 0.430000
945 84.925000 0.496667 0.043333 0.326667
949 84.962333 0.491667 0.044667 0.330000
263 85.061667 0.508333 0.167333 0.836667
291 85.191333 0.500000 0.112000 0.446667
900 85.315667 0.510000 0.150000 0.433333
687 85.428667 0.508333 0.096000 0.463333
897 85.550667 0.506667 0.162667 0.486667
544 85.678000 0.498333 0.108000 0.430000
946 85.745333 0.501667 0.044000 0.343333
1009 85.776333 0.488333 0.034000 0.256667
998 85.810333 0.496667 0.047333 0.340000
564 85.900333 0.491667 0.146000 0.296667
802 86.054333 0.488333 0.182000 0.390000
770 86.248667 0.490000 0.221333 1.106667
1015 86.368667 0.498333 0.036000 0.263333
744 86.458000 0.500000 0.160000 0.800000
82 86.573000 0.495000 0.086000 0.616667
1000 86.628000 0.505000 0.040000 0.290000
277 86.688000 0.503333 0.093333 0.426667
1005 86.744000 0.488333 0.038667 0.310000
285 86.822333 0.500000 0.134000 0.440000
248 86.927000 0.496667 0.088667 0.473333
442 86.999000 0.503333 0.070000 0.413333
452 87.057000 0.490000 0.062000 0.326667
615 87.150000 0.510000 0.141333 0.620000
249 87.244667 0.505000 0.068000 0.530000
957 87.288333 0.508333 0.039333 0.290000
929 87.324667 0.493333 0.046667 0.340000
105 87.420333 0.501667 0.164667 0.350000
241 87.535333 0.493333 0.082667 0.433333
828 87.612333 0.496667 0.087333 0.393333
503 87.714000 0.495000 0.132000 0.336667
917 87.795667 0.498333 0.050000 0.350000
287 87.869667 0.500000 0.111333 0.413333
376 87.981000 0.501667 0.128667 0.383333
371 88.110667 0.496667 0.148000 0.413333
144 88.215667 0.505000 0.079333 0.356667
824 88.292667 0.508333 0.088000 0.410000
851 88.381000 0.498333 0.106000 0.496667
13 88.469333 0.498333 0.089333 0.296667
939 88.524667 0.496667 0.041333 0.313333
890 88.591667 0.490000 0.112667 0.566667
207 88.685333 0.505000 0.090667 0.363333
136 88.782000 0.500000 0.117333 0.460000
588 88.891333 0.506667 0.114667 0.500000
178 89.042000 0.493333 0.205333 1.026667
493 89.173000 0.496667 0.075333 0.406667
763 89.233667 0.500000 0.064667 0.493333
300 89.289667 0.495000 0.063333 0.203333
755 89.371333 0.490000 0.113333 0.326667
29 89.475667 0.495000 0.108667 0.303333
179 89.579000 0.501667 0.116667 0.423333
297 89.669667 0.496667 0.079333 0.406667
351 89.776000 0.495000 0.148000 0.456667
580 89.926667 0.508333 0.170667 0.403333
761 90.061000 0.508333 0.118000 0.390000
696 90.186333 0.503333 0.148667 0.340000
70 90.327000 0.510000 0.148667 0.526667
684 90.451667 0.505000 0.118000 0.416667
114 90.548667 0.488333 0.094667 0.463333
543 90.675333 0.490000 0.172000 0.526667
914 90.804333 0.495000 0.102000 0.310000
689 90.897000 0.488333 0.103333 0.503333
589 91.000000 0.493333 0.118667 0.486667
409 91.104000 0.490000 0.109333 0.553333
942 91.174333 0.500000 0.046000 0.353333
805 91.299000 0.508333 0.223333 1.116667
620 91.493333 0.506667 0.182667 0.913333
434 91.638000 0.508333 0.120000 0.410000
276 91.716333 0.498333 0.056667 0.370000
320 91.800333 0.495000 0.126000 0.383333
120 91.936667 0.490000 0.165333 0.826667
359 92.095000 0.495000 0.167333 0.836667
1 92.202000 0.493333 0.065333 0.333333
593 92.329667 0.501667 0.206000 1.030000
555 92.440667 0.501667 0.034667 0.343333
932 92.464333 0.491667 0.032667 0.270000
547 92.516667 0.493333 0.085333 0.466667
879 92.622333 0.503333 0.144667 0.400000
167 92.740667 0.491667 0.108000 0.416667
47 92.837000 0.490000 0.103333 0.506667
222 92.982000 0.496667 0.206667 1.033333
348 93.156333 0.488333 0.158000 0.450000
383 93.303000 0.503333 0.154000 0.473333
1017 93.392000 0.496667 0.041333 0.340000
112 93.496333 0.495000 0.184667 0.923333
470 93.610667 0.510000 0.058667 0.306667
85 93.686667 0.498333 0.108000 0.410000
299 93.783333 0.493333 0.102667 0.393333
443 93.862000 0.501667 0.073333 0.390000
896 93.946667 0.501667 0.113333 0.343333
54 94.022000 0.501667 0.052000 0.283333
872 94.106667 0.505000 0.136000 0.383333
88 94.254333 0.505000 0.178000 0.890000
404 94.389000 0.503333 0.107333 0.533333
578 94.485667 0.491667 0.100667 0.396667
605 94.606667 0.488333 0.154667 0.403333
996 94.701000 0.491667 0.047333 0.350000
394 94.797333 0.495000 0.158667 0.436667
64 94.896000 0.496667 0.058667 0.293333
873 94.955000 0.488333 0.079333 0.376667
613 95.061333 0.500000 0.152000 0.440000
401 95.165000 0.495000 0.070000 0.376667
231 95.257000 0.493333 0.128667 0.520000
653 95.387667 0.495000 0.147333 0.483333
225 95.512333 0.501667 0.120667 0.610000
125 95.604667 0.506667 0.082667 0.366667
146 95.678000 0.491667 0.080000 0.356667
49 95.792333 0.505000 0.166000 0.830000
115 95.904333 0.491667 0.072667 0.343333
363 95.988000 0.493333 0.112000 0.333333
102 96.145333 0.503333 0.218667 1.093333
12 96.296333 0.500000 0.099333 0.326667
489 96.369333 0.506667 0.066667 0.346667
458 96.425333 0.495000 0.060000 0.350000
921 96.476000 0.495000 0.058667 0.350000
725 96.565333 0.491667 0.138667 0.590000
421 96.696000 0.493333 0.141333 0.433333
242 96.818667 0.508333 0.124000 0.476667
650 96.953667 0.510000 0.163333 0.533333
499 97.055333 0.500000 0.058667 0.353333
77 97.140667 0.496667 0.128000 0.320000
440 97.238000 0.508333 0.082667 0.423333
562 97.335333 0.500000 0.130667 0.280000
636 97.453000 0.491667 0.122000 0.296667
365 97.601333 0.506667 0.194667 0.973333
398 97.735000 0.501667 0.090000 0.476667
399 97.829333 0.506667 0.113333 0.400000
566 97.945333 0.493333 0.137333 0.560000
264 98.062333 0.503333 0.112667 0.433333
610 98.158667 0.501667 0.100000 0.310000
388 98.295667 0.498333 0.191333 0.956667
646 98.428000 0.500000 0.092000 0.420000
895 98.540000 0.505000 0.146667 0.463333
536 98.685333 0.506667 0.162667 0.646667
958 98.778667 0.501667 0.041333 0.310000
94 98.872667 0.503333 0.165333 0.346667
40 98.997000 0.491667 0.100667 0.383333
335 99.113667 0.505000 0.148667 0.516667
714 99.262000 0.490000 0.168000 0.840000
527 99.418667 0.510000 0.158667 0.480000
955 99.511667 0.491667 0.042000 0.316667
83 99.566000 0.488333 0.082667 0.403333
33 99.650000 0.496667 0.101333 0.340000
177 99.749667 0.503333 0.118000 0.453333
100 99.882000 0.505000 0.164000 0.356667
569 100.011333 0.501667 0.109333 0.456667
424 100.134000 0.508333 0.152000 0.483333
444 100.237667 0.493333 0.071333 0.373333
410 100.316667 0.490000 0.104000 0.400000
918 100.408333 0.503333 0.092667 0.346667
943 100.463667 0.496667 0.031333 0.246667
604 100.525000 0.506667 0.108667 0.326667
191 100.619000 0.501667 0.094000 0.476667
676 100.704333 0.508333 0.094000 0.316667
983 100.764667 0.501667 0.041333 0.330000
81 100.834333 0.490000 0.111333 0.446667
582 100.981333 0.500000 0.200000 1.000000
109 101.185667 0.505000 0.226000 1.130000
353 101.376333 0.488333 0.171333 0.856667
924 101.477667 0.490000 0.048667 0.360000
168 101.587667 0.501667 0.190000 0.950000
428 101.717333 0.503333 0.082667 0.566667
994 101.768667 0.493333 0.036000 0.266667
80 101.822000 0.506667 0.084000 0.400000
537 101.952333 0.508333 0.190000 0.950000
27 102.103000 0.501667 0.124667 0.423333
679 102.202333 0.496667 0.088667 0.546667
290 102.313000 0.491667 0.146000 0.423333
973 102.395667 0.506667 0.032667 0.253333
26 102.474667 0.503333 0.144000 0.486667
31 102.600000 0.498333 0.122667 0.356667
783 102.690333 0.500000 0.072667 0.400000
382 102.780667 0.491667 0.122667 0.330000
796 102.904667 0.500000 0.144000 0.506667
451 103.012667 0.496667 0.086667 0.440000
25 103.106667 0.510000 0.117333 0.433333
210 103.199000 0.506667 0.086000 0.406667
635 103.269000 0.498333 0.072667 0.303333
515 103.361667 0.491667 0.128667 0.430000
542 103.488000 0.505000 0.138667 0.496667
818 103.627333 0.495000 0.157333 0.343333
698 103.733000 0.498333 0.068667 0.363333
364 103.858333 0.505000 0.196667 0.510000
182 104.065333 0.496667 0.230667 1.153333
