375 0.057000 0.505000 0.107333 0.310000
286 0.161667 0.488333 0.120667 0.450000
963 0.238667 0.501667 0.049333 0.356667
178 0.323667 0.491667 0.135333 0.510000
701 0.490000 0.490000 0.212000 1.060000
522 0.656667 0.498333 0.137333 0.430000
285 0.774000 0.503333 0.114667 0.373333
185 0.872667 0.500000 0.101333 0.473333
724 0.963000 0.491667 0.096667 0.410000
818 1.064333 0.510000 0.122000 0.386667
640 1.156000 0.491667 0.077333 0.396667
206 1.235000 0.505000 0.098000 0.490000
1005 1.298000 0.496667 0.041333 0.320000
485 1.344000 0.490000 0.070667 0.386667
208 1.430333 0.493333 0.115333 0.473333
538 1.568667 0.506667 0.178667 0.893333
738 1.693333 0.506667 0.088000 0.420000
298 1.773667 0.496667 0.092667 0.460000
662 1.867667 0.508333 0.111333 0.383333
1017 1.934667 0.495000 0.037333 0.310000
104 2.031000 0.510000 0.174000 0.380000
122 2.167000 0.493333 0.114000 0.393333
629 2.294667 0.510000 0.160000 0.800000
123 2.420000 0.498333 0.108000 0.683333
425 2.507000 0.501667 0.082000 0.476667
639 2.576667 0.495000 0.076000 0.383333
547 2.638333 0.498333 0.060667 0.343333
109 2.772333 0.493333 0.227333 0.493333
19 2.922333 0.488333 0.092667 0.323333
2 3.004667 0.493333 0.085333 0.440000
510 3.090333 0.490000 0.099333 0.360000
165 3.189333 0.500000 0.113333 0.420000
385 3.301000 0.498333 0.123333 0.330000
5 3.388333 0.496667 0.066000 0.286667
723 3.465000 0.490000 0.100667 0.346667
1002 3.527333 0.501667 0.037333 0.276667
590 3.607667 0.498333 0.140667 0.476667
487 3.699000 0.500000 0.059333 0.346667
747 3.780667 0.510000 0.124000 0.500000
768 3.873667 0.495000 0.075333 0.176667
322 3.947000 0.493333 0.084667 0.133333
126 4.054333 0.495000 0.148667 0.503333
501 4.157000 0.496667 0.075333 0.346667
870 4.211000 0.495000 0.050000 0.230000
635 4.271000 0.506667 0.084667 0.346667
733 4.345667 0.496667 0.080667 0.473333
59 4.455000 0.501667 0.156667 0.430000
437 4.570667 0.495000 0.093333 0.443333
1020 4.632333 0.498333 0.043333 0.356667
221 4.693667 0.500000 0.096667 0.486667
594 4.784667 0.510000 0.105333 0.313333
954 4.851667 0.501667 0.046000 0.336667
887 4.936000 0.496667 0.141333 0.433333
359 5.069000 0.508333 0.142000 0.416667
611 5.178333 0.508333 0.096667 0.356667
620 5.278000 0.495000 0.120000 0.516667
67 5.422667 0.500000 0.186667 0.933333
772 5.584667 0.496667 0.156000 0.780000
518 5.705667 0.498333 0.106000 0.376667
475 5.782000 0.503333 0.064000 0.380000
974 5.829333 0.501667 0.046667 0.356667
1022 5.864667 0.510000 0.040000 0.300000
443 5.908333 0.510000 0.060667 0.313333
66 5.982333 0.500000 0.104667 0.686667
43 6.069667 0.501667 0.088667 0.356667
637 6.140667 0.491667 0.070667 0.363333
483 6.203667 0.496667 0.070000 0.420000
930 6.246333 0.510000 0.034000 0.266667
986 6.273333 0.505000 0.036000 0.263333
253 6.304667 0.496667 0.042667 0.426667
125 6.361667 0.500000 0.091333 0.393333
317 6.445333 0.496667 0.094667 0.346667
824 6.528000 0.491667 0.089333 0.370000
1008 6.586333 0.496667 0.047333 0.360000
985 6.622000 0.493333 0.038667 0.320000
708 6.675000 0.501667 0.082000 0.370000
529 6.751000 0.506667 0.083333 0.406667
247 6.835333 0.510000 0.100000 0.406667
886 6.989667 0.495000 0.226000 1.130000
330 7.145333 0.498333 0.101333 0.390000
464 7.215667 0.505000 0.059333 0.356667
34 7.296333 0.506667 0.122000 0.433333
713 7.429333 0.506667 0.158667 0.793333
168 7.616000 0.490000 0.229333 1.146667
481 7.752333 0.506667 0.060667 0.346667
107 7.855000 0.508333 0.163333 0.816667
192 7.976333 0.506667 0.092667 0.380000
899 8.083667 0.495000 0.135333 0.390000
978 8.161000 0.500000 0.038000 0.286667
362 8.257667 0.501667 0.168667 0.843333
182 8.388333 0.498333 0.108667 0.370000
756 8.510667 0.503333 0.152000 0.440000
238 8.629000 0.510000 0.102000 0.400000
382 8.728667 0.500000 0.110667 0.346667
944 8.794000 0.490000 0.033333 0.266667
628 8.886667 0.493333 0.165333 0.826667
849 9.008333 0.495000 0.095333 0.410000
593 9.125333 0.490000 0.158667 0.453333
167 9.305333 0.506667 0.220000 1.100000
17 9.462667 0.508333 0.109333 0.376667
98 9.607000 0.505000 0.192667 0.963333
207 9.797000 0.491667 0.204667 1.023333
4 9.945667 0.498333 0.106000 0.410000
242 10.038000 0.491667 0.098667 0.383333
599 10.140333 0.496667 0.122000 0.366667
324 10.268333 0.491667 0.154000 0.750000
112 10.449333 0.500000 0.225333 1.126667
922 10.574667 0.508333 0.044000 0.356667
811 10.647667 0.506667 0.118000 0.386667
68 10.759000 0.508333 0.120667 0.350000
977 10.832667 0.495000 0.044000 0.363333
703 10.893667 0.498333 0.098000 0.343333
667 10.990000 0.496667 0.113333 0.426667
540 11.123667 0.508333 0.174000 0.870000
424 11.258667 0.506667 0.110667 0.353333
115 11.336000 0.505000 0.060000 0.316667
957 11.375667 0.506667 0.036667 0.306667
690 11.436000 0.503333 0.100000 0.493333
1019 11.497333 0.495000 0.037333 0.283333
225 11.555667 0.488333 0.095333 0.483333
60 11.624667 0.496667 0.060000 0.253333
670 11.712000 0.508333 0.129333 0.423333
926 11.791667 0.510000 0.044667 0.360000
92 11.891000 0.491667 0.171333 0.856667
444 12.006667 0.505000 0.076000 0.403333
565 12.108333 0.498333 0.142000 0.290000
652 12.281667 0.501667 0.222000 1.110000
118 12.438000 0.501667 0.106667 0.416667
820 12.537000 0.496667 0.107333 0.440000
305 12.613000 0.488333 0.062000 0.350000
632 12.708667 0.496667 0.149333 0.480000
959 12.801000 0.488333 0.048667 0.363333
851 12.882000 0.510000 0.129333 0.540000
428 12.974667 0.498333 0.076000 0.490000
895 13.112000 0.496667 0.212000 1.060000
387 13.278333 0.493333 0.134000 0.400000
625 13.427667 0.505000 0.178000 0.596667
45 13.542000 0.491667 0.066667 0.330000
932 13.582667 0.490000 0.034667 0.280000
760 13.663000 0.488333 0.140667 0.403333
462 13.754000 0.490000 0.058667 0.306667
704 13.834667 0.493333 0.117333 0.406667
864 13.930000 0.500000 0.089333 0.353333
223 14.028000 0.498333 0.122667 0.550000
338 14.151000 0.501667 0.136667 0.703333
117 14.283667 0.506667 0.144667 0.433333
871 14.376667 0.501667 0.060000 0.303333
12 14.460333 0.491667 0.123333 0.403333
742 14.582333 0.496667 0.134000 0.540000
258 14.707667 0.506667 0.132667 0.453333
561 14.834000 0.498333 0.140000 0.363333
618 14.927333 0.501667 0.066667 0.436667
520 15.015000 0.495000 0.127333 0.403333
706 15.111333 0.505000 0.078667 0.396667
612 15.254000 0.490000 0.226667 1.133333
775 15.392333 0.508333 0.063333 0.310000
941 15.438000 0.506667 0.046667 0.346667
574 15.503333 0.496667 0.102667 0.413333
1007 15.570000 0.510000 0.046667 0.360000
855 15.619000 0.505000 0.066000 0.170000
917 15.664000 0.498333 0.042667 0.323333
938 15.694667 0.488333 0.038667 0.323333
403 15.772333 0.510000 0.132667 0.420000
598 15.886333 0.493333 0.114000 0.340000
868 15.969667 0.496667 0.072667 0.413333
596 16.068000 0.498333 0.138667 0.436667
928 16.146000 0.498333 0.032000 0.263333
288 16.219667 0.505000 0.131333 0.496667
364 16.356000 0.506667 0.156000 0.360000
614 16.502667 0.500000 0.156000 0.433333
137 16.606667 0.505000 0.070667 0.363333
209 16.697667 0.508333 0.124667 0.510000
751 16.804667 0.498333 0.109333 0.470000
243 16.930333 0.508333 0.156667 0.516667
248 17.052333 0.491667 0.102000 0.510000
808 17.148667 0.490000 0.104000 0.446667
678 17.249000 0.490000 0.116667 0.440000
204 17.340667 0.503333 0.085333 0.386667
1015 17.393333 0.488333 0.040000 0.310000
318 17.462333 0.493333 0.111333 0.500000
790 17.543333 0.493333 0.069333 0.426667
722 17.636000 0.505000 0.136000 0.396667
664 17.746000 0.510000 0.098667 0.333333
737 17.821667 0.488333 0.071333 0.443333
548 17.919333 0.503333 0.137333 0.480000
544 18.024333 0.496667 0.086000 0.313333
726 18.102667 0.508333 0.089333 0.470000
457 18.177000 0.510000 0.079333 0.406667
279 18.264667 0.493333 0.114667 0.646667
816 18.368000 0.508333 0.112000 0.343333
857 18.509000 0.505000 0.184667 0.390000
171 18.654000 0.508333 0.125333 0.443333
36 18.757000 0.488333 0.094000 0.303333
276 18.829333 0.506667 0.065333 0.380000
898 18.930667 0.493333 0.156000 0.433333
569 19.041333 0.503333 0.084000 0.353333
405 19.120667 0.506667 0.089333 0.346667
989 19.176667 0.505000 0.041333 0.296667
157 19.265000 0.490000 0.152667 0.620000
482 19.364667 0.505000 0.065333 0.390000
90 19.498333 0.498333 0.220667 1.103333
194 19.687333 0.500000 0.174667 0.873333
448 19.792000 0.506667 0.054667 0.320000
103 19.893333 0.510000 0.165333 0.826667
894 20.033333 0.495000 0.133333 0.416667
841 20.131667 0.500000 0.083333 0.400000
442 20.200333 0.506667 0.072667 0.380000
189 20.271667 0.498333 0.088667 0.363333
148 20.384333 0.500000 0.154000 0.413333
306 20.488333 0.508333 0.074000 0.410000
210 20.564000 0.496667 0.090667 0.460000
415 20.692333 0.495000 0.182000 0.910000
891 20.796000 0.500000 0.042667 0.253333
802 20.913667 0.488333 0.206000 0.543333
924 21.027000 0.506667 0.034000 0.266667
398 21.079000 0.500000 0.083333 0.446667
758 21.181000 0.510000 0.139333 0.420000
95 21.324667 0.493333 0.166667 0.833333
615 21.457000 0.500000 0.111333 0.506667
93 21.600667 0.490000 0.193333 0.966667
626 21.778667 0.510000 0.181333 0.906667
602 21.928000 0.503333 0.132000 0.393333
383 22.065000 0.501667 0.159333 0.496667
665 22.186333 0.498333 0.098000 0.323333
500 22.270667 0.498333 0.090667 0.410000
699 22.366333 0.501667 0.115333 0.350000
26 22.488000 0.491667 0.148000 0.503333
170 22.657000 0.501667 0.208667 1.043333
75 22.813667 0.496667 0.120667 0.366667
555 22.884667 0.498333 0.034667 0.350000
803 22.958667 0.508333 0.130667 0.383333
471 23.045667 0.501667 0.059333 0.303333
419 23.104333 0.508333 0.071333 0.343333
400 23.153000 0.496667 0.042000 0.386667
191 23.225000 0.498333 0.118000 0.483333
661 23.326000 0.495000 0.104000 0.370000
110 23.439667 0.501667 0.143333 0.523333
349 23.558667 0.506667 0.110667 0.346667
241 23.651667 0.490000 0.092667 0.486667
164 23.749667 0.505000 0.119333 0.423333
595 23.871000 0.510000 0.140667 0.426667
309 23.970667 0.495000 0.074667 0.423333
607 24.058333 0.493333 0.116667 0.340000
884 24.169667 0.508333 0.124667 0.423333
889 24.323333 0.506667 0.196000 0.980000
491 24.473333 0.501667 0.121333 0.596667
101 24.642333 0.488333 0.234000 0.490000
654 24.841667 0.506667 0.179333 0.353333
683 24.986333 0.503333 0.130000 0.360000
135 25.106667 0.501667 0.125333 0.476667
369 25.219667 0.501667 0.119333 0.350000
152 25.306333 0.495000 0.071333 0.330000
714 25.413667 0.491667 0.158000 0.790000
817 25.557000 0.493333 0.144667 0.420000
571 25.673333 0.491667 0.104000 0.456667
183 25.772000 0.503333 0.109333 0.473333
505 25.847333 0.495000 0.061333 0.256667
294 25.983000 0.495000 0.224667 1.123333
566 26.146333 0.491667 0.116667 0.463333
694 26.235333 0.491667 0.076000 0.376667
563 26.348333 0.488333 0.163333 0.336667
395 26.496667 0.503333 0.153333 0.420000
693 26.614000 0.493333 0.097333 0.480000
371 26.749667 0.501667 0.192667 0.963333
313 26.896000 0.508333 0.113333 0.396667
351 27.056667 0.500000 0.226667 1.133333
230 27.215667 0.495000 0.106000 0.410000
146 27.307333 0.500000 0.093333 0.486667
897 27.414000 0.510000 0.133333 0.393333
705 27.559000 0.501667 0.172667 0.863333
264 27.701000 0.495000 0.130000 0.503333
585 27.810333 0.495000 0.103333 0.330000
721 27.928667 0.503333 0.149333 0.420000
970 28.019333 0.500000 0.046667 0.353333
584 28.095000 0.500000 0.118000 0.353333
782 28.189000 0.495000 0.090000 0.416667
814 28.281000 0.510000 0.114000 0.273333
712 28.428000 0.500000 0.198667 0.993333
764 28.567000 0.488333 0.092667 0.436667
964 28.626000 0.506667 0.042667 0.320000
655 28.675333 0.490000 0.076000 0.320000
896 28.775000 0.501667 0.139333 0.410000
229 28.897333 0.490000 0.120000 0.480000
82 28.994667 0.510000 0.089333 0.653333
716 29.120000 0.493333 0.174667 0.873333
582 29.251000 0.505000 0.104667 0.416667
506 29.316333 0.493333 0.040667 0.460000
499 29.359000 0.501667 0.059333 0.363333
682 29.445667 0.505000 0.131333 0.503333
83 29.548333 0.506667 0.092667 0.440000
308 29.616000 0.488333 0.062667 0.356667
404 29.700333 0.490000 0.120667 0.613333
490 29.778667 0.501667 0.053333 0.316667
458 29.837333 0.496667 0.082667 0.420000
673 29.926333 0.495000 0.112667 0.396667
494 30.013333 0.493333 0.077333 0.380000
800 30.084667 0.505000 0.085333 0.303333
828 30.164667 0.493333 0.092000 0.460000
289 30.307333 0.510000 0.213333 1.066667
131 30.456667 0.491667 0.100000 0.390000
47 30.556667 0.500000 0.114667 0.533333
622 30.712667 0.496667 0.214667 1.073333
846 30.869667 0.510000 0.114000 0.486667
531 31.012000 0.491667 0.184000 0.430000
850 31.140000 0.488333 0.089333 0.423333
266 31.273333 0.490000 0.192000 0.960000
570 31.402333 0.500000 0.079333 0.340000
921 31.472667 0.510000 0.076000 0.440000
38 31.553333 0.493333 0.098667 0.340000
798 31.641000 0.493333 0.094000 0.380000
370 31.735667 0.506667 0.111333 0.306667
70 31.837333 0.506667 0.110667 0.380000
130 31.971667 0.500000 0.174000 0.393333
245 32.080667 0.491667 0.061333 0.263333
993 32.125333 0.508333 0.046667 0.336667
525 32.203667 0.506667 0.123333 0.400000
936 32.277000 0.495000 0.038000 0.283333
900 32.344000 0.488333 0.114667 0.336667
310 32.424000 0.508333 0.058667 0.330000
512 32.508667 0.503333 0.125333 0.406667
497 32.641667 0.493333 0.158000 0.400000
831 32.773667 0.491667 0.126000 0.516667
535 32.914667 0.490000 0.174667 0.373333
971 33.016667 0.493333 0.042667 0.353333
948 33.050000 0.491667 0.037333 0.303333
479 33.095333 0.493333 0.069333 0.360000
945 33.139333 0.501667 0.033333 0.276667
124 33.202667 0.495000 0.113333 0.443333
358 33.324000 0.500000 0.145333 0.386667
350 33.464333 0.493333 0.154000 0.433333
830 33.583667 0.496667 0.100667 0.420000
344 33.694333 0.510000 0.134000 0.366667
729 33.765333 0.506667 0.022667 0.313333
746 33.826667 0.505000 0.114667 0.330000
804 33.947333 0.506667 0.144000 0.413333
155 34.058000 0.488333 0.094667 0.476667
496 34.142333 0.491667 0.091333 0.383333
492 34.217667 0.488333 0.075333 0.370000
384 34.326667 0.506667 0.160000 0.800000
64 34.434333 0.508333 0.075333 0.376667
933 34.482000 0.496667 0.038667 0.300000
836 34.551000 0.505000 0.118000 0.570000
233 34.667667 0.491667 0.128667 0.530000
438 34.836667 0.496667 0.229333 1.146667
129 35.012333 0.510000 0.142000 0.520000
367 35.148333 0.501667 0.144667 0.416667
120 35.312667 0.490000 0.198667 0.466667
434 35.472333 0.490000 0.134000 0.453333
282 35.585000 0.503333 0.107333 0.366667
504 35.698667 0.505000 0.138667 0.396667
227 35.811333 0.491667 0.102667 0.423333
844 35.895667 0.496667 0.083333 0.386667
619 35.981000 0.510000 0.103333 0.506667
69 36.086000 0.501667 0.125333 0.623333
49 36.242667 0.496667 0.201333 1.006667
237 36.367667 0.508333 0.067333 0.456667
542 36.467333 0.490000 0.149333 0.600000
845 36.578333 0.496667 0.090000 0.380000
861 36.640333 0.508333 0.047333 0.376667
651 36.721667 0.503333 0.128667 0.420000
39 36.826667 0.488333 0.096000 0.316667
222 36.921333 0.496667 0.106667 0.426667
162 37.024000 0.503333 0.113333 0.400000
684 37.123000 0.500000 0.103333 0.360000
645 37.206667 0.506667 0.077333 0.353333
788 37.317333 0.493333 0.162667 0.813333
696 37.451667 0.500000 0.123333 0.286667
958 37.521000 0.503333 0.034000 0.260000
488 37.560667 0.488333 0.065333 0.323333
128 37.686667 0.510000 0.204000 1.020000
578 37.825333 0.498333 0.089333 0.350000
316 37.920667 0.506667 0.118667 0.433333
32 38.030333 0.500000 0.119333 0.400000
623 38.164000 0.493333 0.166667 0.553333
592 38.298667 0.490000 0.116000 0.360000
815 38.404667 0.490000 0.110667 0.246667
463 38.482667 0.488333 0.060000 0.310000
915 38.540667 0.508333 0.069333 0.563333
246 38.631000 0.505000 0.131333 0.470000
139 38.721000 0.496667 0.067333 0.393333
591 38.807667 0.496667 0.123333 0.360000
328 38.940667 0.503333 0.161333 0.433333
904 39.045333 0.488333 0.061333 0.330000
1011 39.089333 0.488333 0.040000 0.316667
524 39.158667 0.505000 0.112000 0.356667
597 39.259333 0.490000 0.106667 0.326667
925 39.325667 0.498333 0.039333 0.316667
903 39.418000 0.500000 0.161333 0.806667
882 39.553667 0.501667 0.123333 0.496667
517 39.670333 0.501667 0.126000 0.416667
356 39.791333 0.498333 0.134667 0.396667
717 39.938000 0.493333 0.172000 0.860000
460 40.050667 0.510000 0.066667 0.340000
839 40.120667 0.498333 0.088000 0.430000
731 40.195667 0.498333 0.079333 0.376667
203 40.279000 0.505000 0.104667 0.523333
153 40.360667 0.508333 0.073333 0.336667
1016 40.403000 0.498333 0.030000 0.250000
680 40.451000 0.501667 0.086000 0.310000
295 40.540667 0.510000 0.110667 0.473333
807 40.693333 0.496667 0.212000 1.060000
307 40.827667 0.490000 0.075333 0.420000
127 40.954667 0.500000 0.196000 0.980000
624 41.124667 0.496667 0.158667 0.793333
450 41.228667 0.488333 0.062667 0.323333
452 41.286333 0.488333 0.072667 0.423333
837 41.371000 0.495000 0.115333 0.496667
720 41.501000 0.501667 0.159333 0.410000
495 41.608000 0.493333 0.074667 0.333333
44 41.695000 0.496667 0.118000 0.460000
695 41.833333 0.506667 0.178667 0.460000
327 41.971667 0.490000 0.115333 0.333333
616 42.114333 0.503333 0.188667 0.473333
577 42.257667 0.488333 0.112667 0.443333
174 42.407333 0.490000 0.206667 1.033333
1018 42.518000 0.501667 0.030667 0.256667
962 42.547000 0.498333 0.044667 0.356667
160 42.597333 0.495000 0.076000 0.423333
226 42.691333 0.501667 0.126667 0.516667
269 42.843000 0.495000 0.192667 0.963333
672 42.984333 0.488333 0.103333 0.356667
759 43.097667 0.508333 0.139333 0.463333
179 43.243667 0.508333 0.166000 0.830000
10 43.380000 0.495000 0.121333 0.416667
150 43.479333 0.495000 0.094667 0.383333
956 43.540000 0.495000 0.044000 0.323333
278 43.610000 0.501667 0.113333 0.343333
550 43.696000 0.490000 0.078667 0.400000
211 43.781667 0.510000 0.111333 0.566667
711 43.915333 0.496667 0.170667 0.446667
888 44.068333 0.495000 0.148667 0.456667
872 44.200000 0.493333 0.134667 0.393333
659 44.301667 0.493333 0.086000 0.346667
797 44.387333 0.496667 0.105333 0.393333
502 44.467667 0.506667 0.074000 0.353333
86 44.544000 0.501667 0.094667 0.403333
557 44.626667 0.508333 0.089333 0.610000
270 44.772333 0.508333 0.218000 1.090000
391 44.954000 0.496667 0.160000 0.800000
427 45.139667 0.498333 0.224667 1.123333
791 45.275667 0.508333 0.067333 0.403333
56 45.332000 0.508333 0.064000 0.090000
325 45.438667 0.488333 0.168000 0.630000
321 45.568667 0.508333 0.110667 0.470000
108 45.729333 0.510000 0.230667 0.493333
214 45.896667 0.508333 0.120000 0.490000
7 46.015000 0.498333 0.134000 0.423333
339 46.117667 0.491667 0.091333 0.450000
795 46.192000 0.496667 0.074667 0.453333
783 46.256333 0.503333 0.071333 0.386667
686 46.325667 0.503333 0.080667 0.393333
15 46.417000 0.505000 0.122000 0.403333
299 46.523000 0.493333 0.103333 0.400000
392 46.668000 0.503333 0.206667 1.033333
559 46.793667 0.490000 0.064667 0.320000
341 46.860667 0.498333 0.084000 0.343333
995 46.916667 0.488333 0.045333 0.343333
14 46.982333 0.501667 0.099333 0.356667
648 47.073667 0.505000 0.102000 0.430000
430 47.174000 0.501667 0.117333 0.503333
994 47.241333 0.491667 0.034667 0.276667
813 47.320667 0.501667 0.140000 0.463333
25 47.438333 0.503333 0.110000 0.406667
446 47.517667 0.496667 0.063333 0.380000
390 47.610333 0.503333 0.135333 0.360000
340 47.727333 0.505000 0.113333 0.336667
355 47.830667 0.506667 0.112000 0.346667
216 47.933000 0.490000 0.108667 0.520000
534 48.030333 0.495000 0.100667 0.396667
698 48.109667 0.500000 0.075333 0.393333
588 48.188667 0.493333 0.098667 0.446667
650 48.335667 0.488333 0.214000 1.070000
937 48.455667 0.505000 0.042000 0.316667
753 48.547667 0.495000 0.162000 0.516667
940 48.637667 0.498333 0.038000 0.323333
96 48.753667 0.510000 0.210000 0.446667
62 48.894667 0.510000 0.089333 0.420000
910 48.994000 0.491667 0.124000 0.450000
175 49.102000 0.498333 0.106667 0.396667
58 49.168667 0.500000 0.044000 0.240000
46 49.218000 0.488333 0.070667 0.583333
976 49.262667 0.500000 0.038667 0.326667
769 49.381333 0.496667 0.217333 1.086667
81 49.525333 0.498333 0.086667 0.343333
617 49.616000 0.488333 0.112000 0.443333
1021 49.684000 0.510000 0.044000 0.360000
822 49.743000 0.503333 0.094000 0.286667
1023 49.800000 0.496667 0.036000 0.273333
190 49.864667 0.488333 0.112000 0.456667
911 49.955000 0.506667 0.084667 0.306667
187 50.031000 0.495000 0.087333 0.376667
834 50.111000 0.490000 0.090000 0.453333
73 50.223000 0.500000 0.151333 0.486667
251 50.327000 0.503333 0.070000 0.393333
955 50.379000 0.506667 0.050000 0.373333
336 50.458333 0.491667 0.122000 0.590000
532 50.555333 0.506667 0.090667 0.466667
687 50.641000 0.503333 0.094000 0.460000
787 50.719000 0.506667 0.080667 0.500000
771 50.798000 0.498333 0.090667 0.450000
357 50.949000 0.498333 0.228667 1.143333
681 51.075000 0.508333 0.043333 0.403333
674 51.136333 0.495000 0.092667 0.330000
469 51.208667 0.510000 0.069333 0.360000
116 51.302000 0.490000 0.132000 0.406667
923 51.380667 0.498333 0.040000 0.310000
902 51.459000 0.501667 0.130000 0.383333
859 51.577333 0.495000 0.124000 0.350000
429 51.687333 0.500000 0.113333 0.393333
765 51.766667 0.495000 0.064000 0.336667
521 51.862667 0.503333 0.146667 0.380000
331 52.053667 0.495000 0.252667 0.576667
41 52.245000 0.493333 0.146000 0.433333
302 52.340000 0.498333 0.062667 0.350000
1000 52.386333 0.498333 0.048667 0.356667
218 52.459000 0.506667 0.111333 0.460000
21 52.558000 0.500000 0.102667 0.326667
88 52.719000 0.490000 0.232667 0.506667
413 52.902333 0.488333 0.148667 0.630000
906 53.039667 0.500000 0.143333 0.386667
653 53.178333 0.495000 0.151333 0.483333
553 53.293667 0.488333 0.094000 0.323333
579 53.427667 0.491667 0.187333 0.456667
172 53.576667 0.506667 0.124000 0.433333
863 53.676667 0.493333 0.096000 0.460000
361 53.804333 0.505000 0.174000 0.870000
57 53.912333 0.506667 0.058000 0.320000
609 53.975667 0.488333 0.084667 0.343333
942 54.026667 0.490000 0.036000 0.286667
537 54.151000 0.495000 0.227333 1.136667
516 54.323667 0.510000 0.131333 0.426667
441 54.413667 0.508333 0.067333 0.350000
707 54.494667 0.506667 0.114667 0.526667
52 54.596333 0.510000 0.107333 0.373333
290 54.716667 0.498333 0.153333 0.430000
583 54.812667 0.491667 0.056000 0.336667
196 54.875000 0.506667 0.086000 0.440000
300 54.937667 0.508333 0.058000 0.183333
965 54.979333 0.488333 0.038667 0.303333
879 55.059333 0.510000 0.134667 0.380000
633 55.219667 0.496667 0.204667 0.606667
365 55.385667 0.506667 0.147333 0.440000
132 55.484667 0.491667 0.070667 0.296667
345 55.598667 0.500000 0.177333 0.886667
432 55.741333 0.490000 0.122667 0.246667
468 55.827000 0.495000 0.063333 0.330000
885 55.895333 0.510000 0.092000 0.420000
1009 55.954333 0.490000 0.039333 0.280000
638 56.015667 0.505000 0.100667 0.396667
762 56.098333 0.503333 0.084667 0.366667
669 56.179000 0.498333 0.095333 0.336667
827 56.276333 0.496667 0.119333 0.546667
867 56.381333 0.488333 0.106667 0.356667
514 56.476667 0.501667 0.101333 0.316667
453 56.545000 0.501667 0.055333 0.290000
832 56.620000 0.506667 0.108000 0.466667
465 56.694000 0.506667 0.058667 0.313333
354 56.806333 0.501667 0.184667 0.923333
360 56.954000 0.500000 0.128000 0.353333
709 57.067333 0.500000 0.114667 0.473333
564 57.188000 0.490000 0.140000 0.293333
451 57.289000 0.490000 0.080667 0.420000
100 57.422333 0.495000 0.206000 0.436667
301 57.546333 0.490000 0.059333 0.333333
580 57.653333 0.495000 0.168000 0.430000
560 57.833667 0.495000 0.211333 1.056667
134 57.983667 0.503333 0.102000 0.320000
515 58.083000 0.508333 0.114000 0.376667
111 58.169667 0.506667 0.078000 0.333333
8 58.243667 0.510000 0.083333 0.306667
545 58.316333 0.508333 0.076667 0.276667
847 58.396333 0.503333 0.103333 0.313333
727 58.467000 0.495000 0.056667 0.303333
568 58.551000 0.501667 0.130000 0.650000
774 58.637667 0.495000 0.063333 0.330000
671 58.712333 0.488333 0.099333 0.363333
315 58.814667 0.498333 0.125333 0.436667
267 58.977333 0.493333 0.214667 1.073333
823 59.124667 0.488333 0.097333 0.436667
918 59.232000 0.493333 0.133333 0.453333
952 59.314333 0.510000 0.046000 0.366667
511 59.379667 0.508333 0.103333 0.350000
801 59.470333 0.495000 0.098000 0.370000
949 59.534000 0.493333 0.045333 0.360000
459 59.579667 0.501667 0.062000 0.323333
163 59.670667 0.495000 0.138667 0.490000
173 59.788000 0.493333 0.113333 0.513333
449 59.873000 0.503333 0.072667 0.433333
389 59.968000 0.488333 0.137333 0.423333
113 60.067000 0.508333 0.075333 0.343333
31 60.158000 0.496667 0.125333 0.366667
199 60.266333 0.501667 0.110000 0.556667
829 60.364000 0.496667 0.104000 0.473333
283 60.459667 0.490000 0.103333 0.366667
991 60.523667 0.503333 0.042000 0.353333
860 60.628667 0.493333 0.188000 0.493333
606 60.781667 0.506667 0.135333 0.433333
543 60.928667 0.498333 0.173333 0.550000
950 61.030333 0.493333 0.048667 0.353333
636 61.109667 0.500000 0.130000 0.313333
99 61.259667 0.505000 0.190000 0.950000
1001 61.371667 0.495000 0.048667 0.370000
373 61.458333 0.501667 0.144667 0.403333
409 61.574667 0.490000 0.104000 0.520000
255 61.691000 0.488333 0.146000 0.556667
87 61.842667 0.491667 0.170667 0.370000
435 61.946667 0.496667 0.056000 0.266667
883 62.083333 0.510000 0.234667 0.493333
467 62.236667 0.490000 0.085333 0.420000
414 62.358000 0.493333 0.170667 0.853333
715 62.548333 0.488333 0.223333 1.116667
13 62.704000 0.488333 0.102667 0.330000
806 62.838000 0.493333 0.180000 0.426667
992 62.945000 0.500000 0.048667 0.353333
947 62.982667 0.501667 0.042667 0.350000
893 63.074333 0.501667 0.159333 0.796667
927 63.167667 0.505000 0.040667 0.296667
536 63.293333 0.510000 0.225333 1.126667
691 63.435000 0.493333 0.078000 0.386667
78 63.544000 0.495000 0.158667 0.363333
990 63.630667 0.493333 0.034667 0.273333
11 63.684000 0.488333 0.090667 0.303333
700 63.792333 0.505000 0.139333 0.556667
876 63.923333 0.501667 0.137333 0.343333
980 64.004333 0.510000 0.043333 0.340000
997 64.035667 0.508333 0.036667 0.270000
6 64.103667 0.493333 0.115333 0.453333
219 64.200667 0.495000 0.098667 0.483333
140 64.347667 0.491667 0.210000 1.050000
292 64.498000 0.496667 0.106667 0.420000
793 64.591667 0.495000 0.098000 0.403333
533 64.685333 0.493333 0.104000 0.360000
605 64.801667 0.501667 0.146000 0.396667
215 64.929667 0.508333 0.124667 0.510000
842 65.040000 0.505000 0.110667 0.490000
466 65.128667 0.496667 0.081333 0.420000
275 65.198000 0.488333 0.070667 0.423333
433 65.284333 0.501667 0.120667 0.290000
907 65.385667 0.508333 0.095333 0.310000
1004 65.442667 0.505000 0.034667 0.276667
750 65.518000 0.490000 0.129333 0.480000
631 65.689667 0.491667 0.231333 1.156667
779 65.819000 0.510000 0.044667 0.393333
975 65.853000 0.505000 0.043333 0.323333
259 65.918667 0.488333 0.101333 0.503333
35 66.020333 0.506667 0.118000 0.433333
311 66.113333 0.500000 0.086667 0.380000
201 66.193000 0.501667 0.088667 0.370000
147 66.265333 0.505000 0.074667 0.396667
503 66.360000 0.495000 0.129333 0.330000
630 66.491333 0.495000 0.150667 0.503333
984 66.577333 0.503333 0.037333 0.300000
436 66.653000 0.490000 0.131333 0.326667
794 66.750000 0.505000 0.081333 0.510000
916 66.891333 0.506667 0.220000 1.100000
348 67.055000 0.500000 0.124667 0.340000
212 67.166667 0.506667 0.113333 0.460000
224 67.270000 0.505000 0.109333 0.496667
981 67.334333 0.500000 0.035333 0.266667
677 67.405000 0.500000 0.124667 0.413333
784 67.481667 0.500000 0.047333 0.400000
235 67.545333 0.508333 0.100000 0.403333
773 67.643000 0.508333 0.112667 0.336667
326 67.732667 0.490000 0.084000 0.380000
862 67.796333 0.495000 0.058000 0.303333
77 67.869000 0.498333 0.100667 0.250000
228 67.958667 0.503333 0.094667 0.386667
621 68.032333 0.508333 0.067333 0.623333
979 68.078667 0.505000 0.041333 0.316667
541 68.196333 0.508333 0.208667 1.043333
856 68.377000 0.510000 0.166000 0.413333
461 68.484333 0.496667 0.062000 0.320000
169 68.555667 0.495000 0.096667 0.356667
102 68.681000 0.488333 0.171333 0.370000
1 68.788333 0.488333 0.060667 0.303333
966 68.828667 0.491667 0.037333 0.296667
23 68.938333 0.495000 0.198000 0.990000
785 69.071000 0.490000 0.083333 0.346667
439 69.159333 0.505000 0.112000 0.470000
184 69.268000 0.488333 0.118667 0.543333
480 69.363333 0.491667 0.088000 0.450000
657 69.455667 0.505000 0.111333 0.463333
613 69.570000 0.493333 0.137333 0.353333
641 69.672667 0.505000 0.084000 0.396667
745 69.755000 0.505000 0.100667 0.410000
97 69.896333 0.488333 0.196667 0.416667
689 70.026000 0.491667 0.078667 0.383333
381 70.119333 0.508333 0.122667 0.376667
909 70.227000 0.493333 0.106000 0.486667
600 70.344000 0.501667 0.145333 0.463333
314 70.453667 0.505000 0.091333 0.350000
399 70.537333 0.491667 0.093333 0.316667
89 70.684000 0.501667 0.218667 0.470000
177 70.836667 0.488333 0.104000 0.376667
188 70.925333 0.503333 0.086667 0.360000
508 70.997000 0.508333 0.071333 0.376667
739 71.052667 0.498333 0.053333 0.430000
718 71.147000 0.495000 0.155333 0.776667
646 71.260667 0.493333 0.089333 0.386667
821 71.376000 0.510000 0.160000 0.800000
740 71.506000 0.493333 0.114667 0.266667
476 71.590333 0.506667 0.071333 0.373333
854 71.709667 0.498333 0.187333 0.590000
478 71.824667 0.495000 0.061333 0.343333
40 71.905000 0.495000 0.116667 0.443333
416 71.999000 0.501667 0.090000 0.430000
232 72.087333 0.491667 0.106667 0.536667
610 72.198000 0.491667 0.130667 0.403333
763 72.284667 0.506667 0.061333 0.493333
263 72.379000 0.493333 0.146000 0.546667
386 72.535333 0.503333 0.182667 0.913333
303 72.653000 0.503333 0.067333 0.380000
380 72.739333 0.500000 0.125333 0.360000
960 72.810000 0.496667 0.036000 0.273333
905 72.888667 0.488333 0.136000 0.436667
946 72.969667 0.490000 0.042000 0.320000
843 73.036000 0.508333 0.110667 0.456667
526 73.145000 0.510000 0.127333 0.353333
730 73.261333 0.500000 0.125333 0.446667
755 73.381667 0.505000 0.135333 0.396667
50 73.520000 0.491667 0.156000 0.450000
549 73.642667 0.501667 0.104000 0.350000
725 73.740333 0.495000 0.108667 0.456667
197 73.833000 0.503333 0.094000 0.386667
55 73.930667 0.506667 0.118667 0.320000
42 74.019000 0.503333 0.078000 0.440000
809 74.111000 0.503333 0.119333 0.646667
988 74.180000 0.506667 0.037333 0.313333
509 74.250000 0.501667 0.117333 0.390000
552 74.329333 0.488333 0.058667 0.350000
486 74.390333 0.491667 0.078000 0.443333
114 74.464667 0.510000 0.084000 0.420000
644 74.539667 0.490000 0.082000 0.386667
519 74.622000 0.506667 0.100000 0.320000
647 74.702333 0.490000 0.074000 0.373333
252 74.796333 0.505000 0.131333 0.516667
142 74.901000 0.490000 0.092667 0.446667
379 75.007667 0.505000 0.134000 0.390000
254 75.131667 0.493333 0.132667 0.506667
826 75.242000 0.503333 0.106667 0.440000
378 75.361333 0.508333 0.145333 0.423333
968 75.444333 0.498333 0.036667 0.310000
778 75.499000 0.506667 0.086000 0.600000
586 75.622667 0.493333 0.176000 0.880000
149 75.775000 0.506667 0.146000 0.366667
961 75.865333 0.493333 0.048000 0.373333
28 75.929000 0.508333 0.095333 0.323333
663 76.022000 0.505000 0.109333 0.363333
554 76.139667 0.503333 0.139333 0.380000
643 76.246333 0.501667 0.088667 0.303333
869 76.314000 0.506667 0.066667 0.433333
265 76.434667 0.506667 0.189333 0.946667
176 76.568667 0.501667 0.097333 0.336667
484 76.658333 0.488333 0.098000 0.363333
702 76.766667 0.493333 0.138667 0.426667
660 76.894333 0.508333 0.132667 0.450000
556 76.993000 0.495000 0.084667 0.350000
840 77.085333 0.503333 0.118667 0.593333
323 77.248000 0.506667 0.226667 1.133333
967 77.377000 0.493333 0.046000 0.360000
1003 77.413333 0.493333 0.045333 0.360000
528 77.498000 0.488333 0.140000 0.483333
912 77.605333 0.501667 0.094667 0.370000
30 77.714667 0.500000 0.141333 0.413333
213 77.835667 0.506667 0.115333 0.480000
80 77.938000 0.508333 0.104000 0.490000
539 78.017667 0.500000 0.071333 0.320000
743 78.082000 0.496667 0.076000 0.320000
572 78.157333 0.506667 0.094667 0.366667
76 78.277333 0.493333 0.164000 0.513333
342 78.389000 0.510000 0.075333 0.313333
913 78.478333 0.493333 0.116667 0.346667
271 78.620000 0.493333 0.184000 0.920000
53 78.754667 0.493333 0.098667 0.340000
335 78.849000 0.508333 0.108667 0.376667
919 78.935667 0.495000 0.084667 0.396667
1006 78.986000 0.490000 0.032000 0.266667
320 79.047667 0.503333 0.104667 0.333333
513 79.142667 0.498333 0.104000 0.350000
202 79.252667 0.496667 0.129333 0.526667
627 79.411667 0.508333 0.206000 1.030000
741 79.562667 0.488333 0.109333 0.363333
732 79.650667 0.493333 0.084000 0.433333
220 79.733667 0.493333 0.096667 0.393333
291 79.828667 0.506667 0.109333 0.433333
277 79.918333 0.508333 0.087333 0.396667
363 80.037667 0.503333 0.166000 0.486667
368 80.188667 0.503333 0.154667 0.773333
388 80.335000 0.488333 0.156667 0.416667
973 80.424667 0.503333 0.042667 0.313333
576 80.483333 0.498333 0.090667 0.356667
91 80.625333 0.510000 0.210667 1.053333
603 80.830667 0.503333 0.216000 0.486667
877 80.973333 0.505000 0.082667 0.423333
198 81.055667 0.503333 0.096667 0.440000
27 81.150333 0.501667 0.111333 0.376667
901 81.276000 0.506667 0.154667 0.773333
728 81.375667 0.498333 0.058000 0.510000
852 81.454333 0.491667 0.116667 0.496667
37 81.568000 0.496667 0.129333 0.433333
935 81.643000 0.488333 0.038000 0.283333
825 81.713333 0.495000 0.117333 0.483333
692 81.808667 0.500000 0.086667 0.426667
200 81.895667 0.506667 0.106000 0.433333
281 82.007000 0.493333 0.134000 0.473333
143 82.104000 0.510000 0.080000 0.426667
812 82.192667 0.493333 0.117333 0.293333
3 82.276333 0.505000 0.070000 0.290000
878 82.354667 0.495000 0.104000 0.523333
943 82.419000 0.503333 0.043333 0.333333
865 82.488667 0.505000 0.116000 0.383333
589 82.591667 0.498333 0.108667 0.430000
0 82.657000 0.505000 0.042000 0.336667
558 82.702000 0.506667 0.064000 0.313333
810 82.781333 0.500000 0.108000 0.446667
51 82.897000 0.495000 0.140667 0.483333
366 83.016667 0.488333 0.114667 0.330000
240 83.098667 0.496667 0.066667 0.340000
866 83.199333 0.501667 0.154667 0.463333
875 83.347667 0.506667 0.155333 0.406667
567 83.464667 0.510000 0.092000 0.386667
969 83.518667 0.500000 0.034667 0.280000
353 83.588667 0.506667 0.124000 0.360000
604 83.693000 0.498333 0.100667 0.310000
144 83.788000 0.498333 0.104000 0.476667
676 83.873667 0.510000 0.086000 0.320000
1012 83.925667 0.493333 0.034000 0.286667
231 83.995333 0.503333 0.121333 0.526667
417 84.084000 0.503333 0.072000 0.346667
835 84.171667 0.498333 0.122000 0.476667
312 84.273667 0.508333 0.098000 0.363333
158 84.386000 0.496667 0.145333 0.473333
319 84.494000 0.490000 0.090667 0.333333
551 84.582000 0.506667 0.105333 0.333333
329 84.717333 0.490000 0.182667 0.913333
757 84.866333 0.508333 0.128667 0.376667
634 84.967333 0.506667 0.089333 0.380000
1014 85.025000 0.491667 0.040667 0.316667
119 85.090333 0.490000 0.103333 0.613333
873 85.183333 0.491667 0.098667 0.436667
406 85.277667 0.495000 0.107333 0.410000
244 85.385667 0.503333 0.126000 0.340000
853 85.489667 0.510000 0.096667 0.413333
377 85.641333 0.496667 0.226667 1.133333
16 85.794333 0.498333 0.099333 0.336667
575 85.896333 0.495000 0.123333 0.403333
688 85.984667 0.490000 0.072000 0.353333
858 86.069667 0.490000 0.116667 0.346667
781 86.159000 0.508333 0.080667 0.416667
65 86.242000 0.491667 0.098667 0.256667
472 86.321000 0.503333 0.075333 0.386667
951 86.372667 0.510000 0.041333 0.313333
786 86.421000 0.495000 0.068667 0.423333
256 86.503333 0.510000 0.112000 0.406667
412 86.603000 0.501667 0.106000 0.530000
456 86.680333 0.488333 0.064667 0.330000
934 86.722000 0.490000 0.036000 0.280000
418 86.777667 0.496667 0.088667 0.426667
239 86.926000 0.506667 0.225333 1.126667
881 87.084333 0.503333 0.106000 0.353333
426 87.152667 0.505000 0.045333 0.303333
675 87.218333 0.503333 0.099333 0.373333
972 87.282333 0.490000 0.043333 0.346667
402 87.359333 0.508333 0.128000 0.330000
33 87.478667 0.500000 0.125333 0.400000
581 87.575000 0.495000 0.087333 0.376667
454 87.644000 0.495000 0.066667 0.336667
420 87.724000 0.490000 0.112000 0.466667
332 87.885667 0.491667 0.230000 1.150000
54 88.021333 0.490000 0.060000 0.346667
9 88.085333 0.496667 0.082667 0.333333
133 88.176000 0.500000 0.114667 0.500000
61 88.270000 0.490000 0.086667 0.440000
735 88.358667 0.496667 0.110667 0.446667
343 88.484333 0.495000 0.158000 0.443333
372 88.618333 0.503333 0.127333 0.353333
396 88.747333 0.505000 0.145333 0.383333
85 88.861333 0.510000 0.102667 0.393333
527 88.967667 0.506667 0.126000 0.406667
180 89.105667 0.508333 0.170000 0.850000
195 89.227000 0.510000 0.090000 0.373333
138 89.290667 0.506667 0.057333 0.326667
1013 89.332667 0.493333 0.041333 0.333333
423 89.405000 0.488333 0.122000 0.423333
953 89.478667 0.506667 0.040000 0.340000
24 89.540000 0.510000 0.102667 0.346667
22 89.646000 0.503333 0.125333 0.420000
523 89.758000 0.505000 0.114667 0.363333
587 89.867333 0.498333 0.118667 0.370000
217 89.972000 0.500000 0.109333 0.546667
393 90.099333 0.490000 0.158667 0.466667
848 90.229000 0.498333 0.120667 0.370000
346 90.385667 0.498333 0.212667 1.063333
776 90.543000 0.503333 0.119333 0.320000
154 90.629333 0.493333 0.068000 0.346667
347 90.737667 0.493333 0.162000 0.453333
94 90.924000 0.506667 0.224000 1.120000
374 91.084000 0.505000 0.112000 0.350000
121 91.143333 0.490000 0.020000 0.386667
474 91.180333 0.508333 0.067333 0.403333
397 91.253333 0.496667 0.098667 0.400000
273 91.327667 0.501667 0.063333 0.423333
334 91.419667 0.505000 0.138000 0.470000
234 91.532000 0.488333 0.101333 0.430000
74 91.650333 0.488333 0.152667 0.476667
440 91.751333 0.495000 0.069333 0.416667
892 91.876667 0.493333 0.196000 0.980000
293 92.009333 0.496667 0.089333 0.373333
447 92.075333 0.490000 0.058667 0.306667
642 92.141333 0.488333 0.089333 0.343333
411 92.280333 0.498333 0.203333 0.416667
998 92.392667 0.488333 0.037333 0.276667
141 92.442000 0.488333 0.081333 0.350000
156 92.537333 0.510000 0.126667 0.353333
284 92.666667 0.490000 0.145333 0.526667
431 92.783000 0.488333 0.106000 0.343333
280 92.886333 0.503333 0.114000 0.406667
257 92.996667 0.510000 0.124000 0.393333
161 93.115000 0.488333 0.130000 0.483333
274 93.234667 0.506667 0.122667 0.580000
18 93.332333 0.503333 0.091333 0.333333
719 93.454333 0.488333 0.168667 0.843333
666 93.578000 0.488333 0.097333 0.343333
805 93.726000 0.503333 0.217333 1.086667
352 93.896000 0.496667 0.136000 0.426667
914 94.015667 0.496667 0.119333 0.373333
649 94.103333 0.493333 0.076000 0.420000
489 94.173333 0.506667 0.084000 0.426667
29 94.279333 0.488333 0.148000 0.423333
983 94.359667 0.503333 0.028667 0.240000
79 94.474667 0.498333 0.216000 0.496667
792 94.625667 0.508333 0.099333 0.403333
262 94.717333 0.493333 0.100000 0.500000
890 94.862667 0.490000 0.206667 1.033333
498 94.986333 0.506667 0.059333 0.366667
658 95.043000 0.493333 0.067333 0.373333
929 95.089667 0.498333 0.039333 0.290000
748 95.150667 0.506667 0.100000 0.353333
401 95.228667 0.498333 0.076000 0.423333
608 95.313667 0.508333 0.110000 0.390000
63 95.420333 0.491667 0.119333 0.423333
749 95.516000 0.496667 0.086667 0.373333
71 95.588000 0.493333 0.074667 0.393333
236 95.667000 0.496667 0.103333 0.413333
752 95.740667 0.493333 0.060000 0.160000
84 95.813000 0.508333 0.102000 0.283333
799 95.901333 0.500000 0.089333 0.360000
780 96.001667 0.493333 0.130000 0.366667
736 96.090000 0.510000 0.062667 0.420000
186 96.167333 0.510000 0.108000 0.440000
819 96.292667 0.493333 0.157333 0.340000
761 96.438000 0.501667 0.149333 0.456667
410 96.559333 0.490000 0.113333 0.546667
260 96.691333 0.493333 0.170667 0.853333
880 96.820667 0.491667 0.102667 0.363333
376 96.951667 0.488333 0.178000 0.890000
105 97.142667 0.488333 0.220000 0.483333
261 97.330000 0.500000 0.168000 0.840000
159 97.426333 0.496667 0.043333 0.340000
145 97.491667 0.490000 0.100667 0.446667
734 97.639333 0.495000 0.209333 0.550000
20 97.796000 0.503333 0.121333 0.420000
562 97.915667 0.496667 0.131333 0.286667
106 98.060000 0.498333 0.173333 0.376667
48 98.228000 0.500000 0.181333 0.906667
679 98.359667 0.503333 0.095333 0.566667
710 98.483667 0.495000 0.167333 0.836667
939 98.580667 0.501667 0.040000 0.310000
151 98.639667 0.506667 0.092667 0.420000
268 98.768000 0.508333 0.182667 0.610000
493 98.885000 0.506667 0.070000 0.366667
874 98.948667 0.505000 0.076000 0.370000
407 99.036667 0.500000 0.113333 0.453333
337 99.190667 0.506667 0.213333 1.066667
838 99.349667 0.503333 0.119333 0.480000
546 99.450333 0.500000 0.098000 0.393333
777 99.536000 0.495000 0.089333 0.383333
249 99.606000 0.508333 0.069333 0.516667
193 99.673667 0.495000 0.080667 0.410000
796 99.768667 0.490000 0.126667 0.493333
767 99.890333 0.510000 0.135333 0.386667
422 100.002333 0.503333 0.107333 0.386667
573 100.091667 0.495000 0.088667 0.370000
908 100.172667 0.500000 0.089333 0.320000
250 100.302667 0.493333 0.185333 0.926667
304 100.426000 0.498333 0.078667 0.450000
987 100.473333 0.493333 0.034667 0.260000
72 100.529000 0.501667 0.095333 0.456667
421 100.685000 0.505000 0.231333 1.156667
999 100.813667 0.493333 0.046000 0.353333
744 100.893667 0.506667 0.130000 0.526667
470 100.986000 0.498333 0.074667 0.383333
445 101.045000 0.505000 0.063333 0.376667
136 101.138000 0.491667 0.138667 0.516667
272 101.286333 0.496667 0.171333 0.493333
931 101.383333 0.505000 0.042667 0.343333
920 101.450333 0.506667 0.111333 0.433333
789 101.529000 0.508333 0.063333 0.383333
473 101.582667 0.496667 0.064000 0.326667
507 101.640667 0.501667 0.069333 0.356667
754 101.729333 0.490000 0.128000 0.620000
530 101.838667 0.503333 0.109333 0.513333
668 101.946000 0.503333 0.121333 0.420000
296 102.049667 0.498333 0.099333 0.363333
205 102.134000 0.496667 0.086667 0.393333
996 102.184333 0.498333 0.032667 0.270000
477 102.223000 0.498333 0.059333 0.330000
601 102.294667 0.493333 0.097333 0.293333
1010 102.357333 0.508333 0.044000 0.356667
287 102.429000 0.500000 0.119333 0.440000
333 102.570000 0.496667 0.177333 0.433333
181 102.762667 0.490000 0.228000 1.140000
697 102.906667 0.490000 0.077333 0.380000
394 103.032333 0.508333 0.190000 0.950000
685 103.169667 0.505000 0.099333 0.396667
770 103.302333 0.498333 0.183333 0.916667
982 103.410000 0.506667 0.048000 0.373333
297 103.469000 0.491667 0.083333 0.430000
656 103.567000 0.496667 0.126000 0.313333
166 103.670667 0.503333 0.096000 0.353333
408 103.765333 0.510000 0.109333 0.413333
766 103.866333 0.503333 0.106000 0.313333
833 103.963333 0.501667 0.104000 0.430000
455 104.046333 0.503333 0.076667 0.386667
