338 0.068667 0.496667 0.130667 0.673333
256 0.172000 0.493333 0.089333 0.300000
872 0.306333 0.508333 0.194000 0.970000
695 0.475000 0.501667 0.163333 0.423333
572 0.598667 0.500000 0.097333 0.406667
16 0.688333 0.491667 0.095333 0.316667
893 0.820333 0.491667 0.184667 0.556667
756 0.974667 0.495000 0.144000 0.410000
982 1.058667 0.493333 0.040000 0.300000
729 1.086667 0.493333 0.033333 0.406667
224 1.147667 0.495000 0.104667 0.430000
329 1.290000 0.500000 0.200000 1.000000
707 1.426667 0.503333 0.093333 0.406667
544 1.515333 0.510000 0.098667 0.353333
404 1.617667 0.503333 0.120667 0.613333
302 1.701000 0.493333 0.060667 0.346667
975 1.743667 0.508333 0.043333 0.316667
925 1.775000 0.506667 0.036667 0.266667
333 1.883667 0.508333 0.194000 0.970000
58 2.002667 0.508333 0.058667 0.323333
1011 2.044000 0.488333 0.044000 0.336667
530 2.103667 0.508333 0.090000 0.416667
554 2.208667 0.491667 0.134667 0.370000
149 2.368000 0.506667 0.204000 1.020000
411 2.562000 0.496667 0.202667 0.440000
30 2.723667 0.501667 0.135333 0.396667
192 2.837667 0.493333 0.108667 0.480000
513 2.934667 0.488333 0.101333 0.350000
288 3.036667 0.501667 0.118667 0.456667
512 3.144667 0.501667 0.114667 0.370000
630 3.271000 0.495000 0.158000 0.536667
272 3.414000 0.503333 0.145333 0.420000
434 3.544000 0.490000 0.134667 0.460000
916 3.698667 0.500000 0.193333 0.966667
931 3.808667 0.496667 0.046667 0.346667
631 3.903667 0.508333 0.163333 0.550000
937 4.001667 0.490000 0.047333 0.353333
195 4.067333 0.506667 0.097333 0.393333
291 4.171667 0.488333 0.128667 0.510000
746 4.298667 0.503333 0.144000 0.520000
143 4.414667 0.495000 0.101333 0.490000
142 4.491333 0.510000 0.072000 0.380000
21 4.579000 0.490000 0.116667 0.380000
271 4.744000 0.490000 0.228000 1.140000
663 4.899000 0.491667 0.096667 0.350000
127 4.998667 0.495000 0.116000 0.383333
948 5.066333 0.493333 0.038000 0.300000
591 5.164000 0.496667 0.173333 0.493333
839 5.293667 0.498333 0.104667 0.530000
862 5.372000 0.491667 0.070667 0.376667
863 5.454667 0.491667 0.110667 0.530000
668 5.560000 0.506667 0.116000 0.366667
949 5.633000 0.506667 0.046000 0.340000
454 5.690667 0.510000 0.084000 0.426667
680 5.785333 0.506667 0.125333 0.446667
1005 5.855667 0.501667 0.035333 0.256667
140 5.929667 0.510000 0.131333 0.700000
635 6.025333 0.496667 0.080000 0.326667
32 6.104667 0.503333 0.094667 0.320000
847 6.208333 0.500000 0.131333 0.433333
5 6.308667 0.505000 0.089333 0.403333
1010 6.359667 0.490000 0.032667 0.253333
915 6.401667 0.505000 0.068667 0.556667
474 6.458333 0.510000 0.062000 0.366667
882 6.538333 0.510000 0.115333 0.460000
307 6.620333 0.496667 0.068667 0.380000
552 6.676333 0.498333 0.060667 0.423333
285 6.751333 0.506667 0.109333 0.380000
52 6.857667 0.488333 0.120667 0.410000
443 6.947000 0.490000 0.076667 0.393333
147 7.012000 0.500000 0.070667 0.340000
325 7.109667 0.496667 0.139333 0.513333
943 7.186000 0.496667 0.030667 0.260000
137 7.217667 0.496667 0.048667 0.286667
413 7.284000 0.505000 0.098667 0.416667
535 7.416667 0.506667 0.186667 0.413333
767 7.559667 0.503333 0.115333 0.366667
239 7.659667 0.496667 0.102000 0.626667
74 7.772333 0.503333 0.142000 0.433333
875 7.917000 0.490000 0.162000 0.446667
644 8.028667 0.493333 0.078667 0.380000
375 8.128333 0.510000 0.135333 0.373333
469 8.215667 0.505000 0.058000 0.343333
4 8.286333 0.501667 0.100667 0.430000
560 8.422667 0.490000 0.189333 0.946667
967 8.526333 0.503333 0.034000 0.286667
954 8.558000 0.488333 0.048000 0.343333
150 8.642000 0.490000 0.133333 0.520000
825 8.747333 0.495000 0.094667 0.390000
628 8.873333 0.493333 0.170667 0.580000
47 9.012000 0.501667 0.121333 0.570000
64 9.098667 0.506667 0.070667 0.346667
151 9.171000 0.496667 0.094000 0.433333
1014 9.228000 0.510000 0.034667 0.266667
332 9.341000 0.501667 0.204667 1.023333
98 9.526000 0.490000 0.184000 0.920000
828 9.658667 0.493333 0.100000 0.413333
366 9.773000 0.490000 0.147333 0.433333
596 9.890333 0.488333 0.107333 0.323333
823 9.984000 0.493333 0.098667 0.440000
456 10.065000 0.501667 0.080667 0.416667
651 10.209000 0.505000 0.224667 1.123333
436 10.362667 0.510000 0.096000 0.253333
606 10.466333 0.488333 0.128667 0.390000
790 10.559000 0.490000 0.070000 0.420000
193 10.645333 0.503333 0.117333 0.560000
353 10.769000 0.493333 0.144667 0.400000
344 10.895000 0.508333 0.126000 0.396667
358 11.012000 0.503333 0.122667 0.346667
330 11.105000 0.490000 0.078000 0.300000
687 11.185333 0.496667 0.096000 0.473333
798 11.281333 0.493333 0.109333 0.413333
665 11.385667 0.500000 0.116667 0.386667
44 11.500333 0.503333 0.127333 0.500000
10 11.611000 0.508333 0.108667 0.370000
173 11.717000 0.503333 0.120667 0.546667
158 11.862333 0.495000 0.187333 0.936667
849 12.006667 0.495000 0.114667 0.543333
528 12.108667 0.508333 0.106667 0.356667
693 12.189667 0.493333 0.074000 0.360000
429 12.264000 0.506667 0.090667 0.320000
716 12.393333 0.490000 0.185333 0.926667
178 12.545333 0.495000 0.136000 0.510000
816 12.677667 0.488333 0.144667 0.430000
759 12.809667 0.488333 0.134000 0.383333
334 12.933000 0.506667 0.132667 0.466667
1015 13.008667 0.508333 0.036000 0.276667
470 13.054667 0.488333 0.070667 0.383333
102 13.185000 0.508333 0.208667 0.443333
958 13.300000 0.501667 0.034667 0.270000
266 13.402333 0.505000 0.187333 0.583333
527 13.553000 0.500000 0.131333 0.386667
488 13.638667 0.506667 0.060000 0.300000
745 13.712000 0.490000 0.101333 0.380000
901 13.829333 0.491667 0.153333 0.443333
345 13.990000 0.500000 0.181333 0.906667
590 14.128000 0.500000 0.113333 0.446667
536 14.234667 0.490000 0.117333 0.473333
94 14.395000 0.491667 0.223333 1.116667
115 14.532000 0.506667 0.066667 0.320000
1006 14.572333 0.506667 0.032667 0.253333
407 14.621333 0.508333 0.081333 0.303333
486 14.689667 0.510000 0.075333 0.386667
425 14.756667 0.491667 0.077333 0.463333
974 14.805000 0.498333 0.038000 0.283333
61 14.865333 0.500000 0.100000 0.506667
833 14.947000 0.488333 0.083333 0.403333
899 15.054000 0.500000 0.146667 0.440000
432 15.180667 0.496667 0.120000 0.233333
479 15.274667 0.500000 0.088000 0.446667
543 15.425000 0.501667 0.226000 1.130000
180 15.583333 0.495000 0.104000 0.390000
423 15.730000 0.496667 0.208000 1.040000
207 15.938000 0.490000 0.221333 1.106667
507 16.075333 0.500000 0.070667 0.420000
18 16.151333 0.491667 0.100000 0.363333
477 16.227333 0.503333 0.066667 0.340000
161 16.305333 0.503333 0.108000 0.373333
196 16.417667 0.498333 0.131333 0.530000
187 16.530667 0.490000 0.112000 0.453333
522 16.635667 0.508333 0.118000 0.396667
475 16.718667 0.501667 0.061333 0.316667
740 16.803333 0.500000 0.125333 0.286667
1017 16.877667 0.491667 0.038000 0.270000
650 16.970000 0.491667 0.161333 0.523333
148 17.105667 0.490000 0.127333 0.380000
1018 17.174333 0.491667 0.028667 0.243333
518 17.232333 0.510000 0.103333 0.373333
481 17.303000 0.501667 0.058000 0.296667
48 17.449000 0.505000 0.248667 0.550000
183 17.608000 0.505000 0.082667 0.370000
348 17.705667 0.506667 0.132667 0.386667
768 17.802333 0.495000 0.080667 0.216667
416 17.868667 0.510000 0.072000 0.346667
42 17.932000 0.493333 0.074667 0.413333
870 17.996667 0.508333 0.070667 0.356667
22 18.075333 0.496667 0.102667 0.346667
409 18.174333 0.500000 0.115333 0.586667
500 18.270667 0.495000 0.097333 0.470000
446 18.348667 0.501667 0.073333 0.403333
417 18.419667 0.505000 0.083333 0.403333
96 18.539667 0.503333 0.176667 0.380000
165 18.672667 0.493333 0.104000 0.406667
886 18.778333 0.508333 0.122000 0.410000
49 18.920667 0.500000 0.180000 0.900000
840 19.053667 0.493333 0.104667 0.500000
392 19.175667 0.496667 0.158000 0.453333
832 19.305333 0.506667 0.121333 0.520000
440 19.385000 0.510000 0.056667 0.300000
191 19.466000 0.488333 0.118667 0.576667
439 19.570333 0.495000 0.108667 0.423333
490 19.651667 0.508333 0.068667 0.356667
662 19.737000 0.500000 0.116667 0.400000
29 19.844000 0.506667 0.117333 0.333333
129 19.951667 0.501667 0.112667 0.430000
772 20.083000 0.490000 0.167333 0.493333
900 20.220333 0.493333 0.123333 0.380000
337 20.370667 0.506667 0.196000 0.980000
125 20.516000 0.508333 0.114667 0.503333
282 20.618667 0.498333 0.105333 0.363333
377 20.720333 0.488333 0.114000 0.356667
420 20.820333 0.498333 0.100667 0.403333
352 20.964667 0.493333 0.205333 1.026667
582 21.173000 0.495000 0.230000 1.150000
1003 21.301000 0.500000 0.040667 0.326667
699 21.396667 0.508333 0.164000 0.456667
410 21.515000 0.490000 0.088667 0.420000
964 21.573333 0.508333 0.044000 0.330000
498 21.611333 0.491667 0.048000 0.296667
202 21.707000 0.498333 0.156667 0.783333
755 21.842333 0.491667 0.128667 0.370000
323 22.012000 0.503333 0.225333 1.126667
152 22.158667 0.488333 0.082667 0.410000
419 22.240667 0.496667 0.097333 0.473333
791 22.315000 0.496667 0.070000 0.433333
70 22.425667 0.491667 0.167333 0.630000
679 22.538000 0.510000 0.074667 0.453333
502 22.615667 0.495000 0.100667 0.496667
65 22.709000 0.505000 0.103333 0.263333
955 22.774667 0.490000 0.046667 0.366667
777 22.844333 0.491667 0.112667 0.476667
117 22.967000 0.506667 0.150000 0.446667
395 23.093333 0.488333 0.116000 0.310000
220 23.190667 0.496667 0.097333 0.480000
887 23.306333 0.503333 0.147333 0.460000
124 23.428667 0.495000 0.114667 0.403333
279 23.537667 0.496667 0.116667 0.653333
873 23.627667 0.508333 0.080667 0.383333
549 23.721000 0.505000 0.126000 0.423333
888 23.867667 0.501667 0.186000 0.930000
393 24.023667 0.488333 0.139333 0.403333
610 24.147667 0.488333 0.128667 0.396667
627 24.275000 0.510000 0.140667 0.473333
188 24.390000 0.491667 0.102667 0.463333
2 24.474667 0.493333 0.080000 0.400000
229 24.556333 0.498333 0.098000 0.496667
749 24.644333 0.488333 0.091333 0.390000
43 24.727000 0.503333 0.091333 0.360000
273 24.793000 0.490000 0.054000 0.360000
788 24.896333 0.498333 0.166000 0.830000
945 24.991000 0.501667 0.042000 0.336667
379 25.100667 0.506667 0.196000 0.980000
747 25.232333 0.506667 0.080667 0.333333
319 25.316000 0.496667 0.106667 0.393333
389 25.441000 0.503333 0.162000 0.480000
343 25.579667 0.491667 0.130000 0.356667
153 25.687000 0.488333 0.102000 0.463333
287 25.785000 0.490000 0.112667 0.420000
274 25.891667 0.488333 0.116667 0.543333
403 26.009667 0.491667 0.138000 0.383333
230 26.121000 0.490000 0.098000 0.453333
3 26.213000 0.505000 0.100667 0.416667
100 26.358000 0.496667 0.202667 0.440000
706 26.480333 0.491667 0.062000 0.310000
998 26.524000 0.490000 0.041333 0.326667
770 26.636333 0.498333 0.203333 1.016667
558 26.762667 0.503333 0.064000 0.313333
985 26.805000 0.488333 0.040667 0.310000
176 26.863333 0.498333 0.096000 0.356667
568 26.954000 0.498333 0.098667 0.496667
177 27.051333 0.496667 0.114667 0.406667
664 27.158000 0.488333 0.116000 0.416667
284 27.272333 0.500000 0.132667 0.480000
879 27.412667 0.490000 0.162667 0.520000
396 27.584667 0.493333 0.194667 0.973333
565 27.740000 0.503333 0.130667 0.280000
806 27.881333 0.493333 0.170667 0.400000
796 28.017000 0.493333 0.118000 0.460000
881 28.132667 0.498333 0.133333 0.443333
464 28.222000 0.495000 0.060000 0.343333
168 28.312333 0.505000 0.135333 0.483333
136 28.419000 0.496667 0.098000 0.440000
624 28.567667 0.488333 0.214000 1.070000
218 28.712667 0.488333 0.094667 0.423333
41 28.816667 0.496667 0.130667 0.373333
858 28.934000 0.498333 0.118667 0.363333
438 29.073333 0.506667 0.176000 0.880000
864 29.215667 0.488333 0.123333 0.483333
838 29.333667 0.495000 0.128667 0.590000
850 29.438667 0.503333 0.098667 0.466667
206 29.531667 0.506667 0.107333 0.466667
540 29.662667 0.500000 0.168000 0.633333
283 29.801000 0.501667 0.128667 0.463333
587 29.919333 0.505000 0.122667 0.370000
737 30.000667 0.508333 0.058667 0.416667
516 30.087667 0.501667 0.134000 0.436667
300 30.177333 0.490000 0.062667 0.200000
827 30.255000 0.501667 0.112667 0.543333
146 30.345667 0.498333 0.088667 0.396667
938 30.406333 0.506667 0.046000 0.353333
197 30.475667 0.506667 0.107333 0.493333
244 30.590667 0.506667 0.140000 0.380000
305 30.688667 0.503333 0.074667 0.420000
506 30.731667 0.488333 0.031333 0.370000
548 30.815000 0.506667 0.151333 0.506667
601 30.952000 0.498333 0.136000 0.410000
830 31.053333 0.506667 0.086667 0.413333
648 31.128667 0.503333 0.084000 0.360000
878 31.207667 0.496667 0.091333 0.466667
952 31.267667 0.503333 0.043333 0.333333
1008 31.298000 0.503333 0.032000 0.260000
821 31.394333 0.498333 0.174000 0.870000
859 31.534000 0.488333 0.118667 0.363333
385 31.654667 0.498333 0.140000 0.390000
1000 31.738667 0.508333 0.041333 0.350000
45 31.787000 0.496667 0.071333 0.360000
994 31.833667 0.490000 0.036667 0.266667
971 31.860000 0.500000 0.034667 0.266667
754 31.929667 0.490000 0.118000 0.573333
349 32.058333 0.505000 0.155333 0.450000
388 32.238667 0.496667 0.218667 1.093333
328 32.447000 0.498333 0.218000 1.090000
660 32.611333 0.491667 0.126667 0.436667
784 32.690333 0.495000 0.051333 0.403333
719 32.802333 0.501667 0.187333 0.936667
728 32.912000 0.505000 0.052000 0.470000
472 32.955000 0.493333 0.054000 0.313333
848 33.025000 0.505000 0.099333 0.303333
526 33.142000 0.508333 0.154667 0.403333
545 33.266667 0.500000 0.108000 0.433333
566 33.366333 0.500000 0.110000 0.460000
81 33.458333 0.493333 0.094000 0.386667
246 33.564000 0.491667 0.134667 0.470000
939 33.640000 0.503333 0.036000 0.280000
632 33.745000 0.498333 0.187333 0.603333
278 33.890667 0.506667 0.124000 0.380000
532 34.008667 0.506667 0.125333 0.640000
904 34.105333 0.496667 0.088000 0.413333
961 34.157667 0.505000 0.035333 0.283333
13 34.220000 0.510000 0.102667 0.333333
359 34.376000 0.500000 0.226667 1.133333
491 34.521333 0.501667 0.084000 0.410000
106 34.648000 0.496667 0.189333 0.946667
262 34.798333 0.508333 0.124667 0.636667
219 34.895667 0.498333 0.088667 0.370000
647 34.965667 0.505000 0.066000 0.330000
867 35.052000 0.495000 0.126667 0.423333
126 35.177000 0.493333 0.136667 0.466667
689 35.278667 0.491667 0.085333 0.416667
711 35.399000 0.501667 0.175333 0.483333
14 35.534000 0.506667 0.113333 0.380000
810 35.634667 0.491667 0.106667 0.443333
93 35.769333 0.500000 0.182667 0.913333
774 35.880000 0.508333 0.053333 0.310000
615 35.997000 0.488333 0.194000 0.970000
923 36.100667 0.505000 0.030667 0.243333
363 36.179000 0.505000 0.146000 0.416667
920 36.288000 0.501667 0.085333 0.323333
761 36.374333 0.491667 0.107333 0.323333
734 36.497333 0.495000 0.154667 0.416667
696 36.627000 0.501667 0.120667 0.276667
714 36.770667 0.506667 0.181333 0.500000
576 36.902667 0.495000 0.098667 0.383333
89 37.031333 0.500000 0.174667 0.373333
424 37.181333 0.491667 0.145333 0.463333
922 37.271000 0.493333 0.048667 0.360000
59 37.381333 0.500000 0.188000 0.486667
228 37.506000 0.491667 0.080000 0.390000
11 37.586333 0.506667 0.094000 0.340000
598 37.696667 0.506667 0.140000 0.426667
281 37.833000 0.503333 0.147333 0.500000
24 37.958000 0.498333 0.116000 0.390000
501 38.045333 0.506667 0.076000 0.360000
447 38.103667 0.493333 0.060667 0.360000
928 38.147000 0.491667 0.040667 0.336667
666 38.204667 0.501667 0.089333 0.336667
683 38.314000 0.508333 0.146667 0.416667
289 38.479000 0.493333 0.199333 0.380000
913 38.627667 0.493333 0.112667 0.346667
92 38.783333 0.510000 0.217333 1.086667
736 38.913667 0.500000 0.062000 0.340000
361 39.013333 0.501667 0.156000 0.416667
154 39.128667 0.495000 0.088000 0.396667
744 39.257667 0.508333 0.186000 0.930000
978 39.365333 0.495000 0.046667 0.363333
78 39.484667 0.503333 0.206667 1.033333
50 39.640667 0.508333 0.122667 0.396667
557 39.736000 0.510000 0.088000 0.580000
112 39.883000 0.505000 0.224667 1.123333
267 40.066000 0.490000 0.156000 0.780000
909 40.183000 0.490000 0.096667 0.453333
341 40.256333 0.490000 0.066000 0.280000
122 40.327333 0.493333 0.090667 0.340000
962 40.385667 0.500000 0.040667 0.313333
684 40.452000 0.493333 0.110667 0.400000
926 40.520667 0.488333 0.045333 0.363333
521 40.614000 0.498333 0.158667 0.463333
118 40.738333 0.510000 0.110000 0.440000
853 40.829000 0.488333 0.091333 0.383333
468 40.905333 0.491667 0.076000 0.403333
656 41.019333 0.493333 0.170667 0.460000
709 41.208667 0.493333 0.228000 1.140000
19 41.357000 0.506667 0.088667 0.320000
249 41.428000 0.498333 0.069333 0.536667
435 41.482000 0.508333 0.053333 0.250000
805 41.583667 0.496667 0.166000 0.513333
649 41.713000 0.491667 0.107333 0.570000
371 41.833667 0.506667 0.150000 0.466667
658 41.930667 0.495000 0.058667 0.336667
897 42.009333 0.496667 0.113333 0.346667
623 42.155000 0.488333 0.191333 0.630000
963 42.268333 0.496667 0.052667 0.380000
523 42.336000 0.505000 0.096000 0.303333
797 42.416000 0.491667 0.082667 0.296667
980 42.469333 0.506667 0.040000 0.313333
670 42.527667 0.498333 0.096667 0.323333
241 42.608667 0.493333 0.084000 0.460000
977 42.663000 0.500000 0.043333 0.333333
733 42.706667 0.490000 0.064000 0.386667
602 42.784000 0.510000 0.110667 0.340000
1022 42.850333 0.503333 0.040667 0.300000
203 42.924667 0.503333 0.122667 0.500000
989 42.998667 0.496667 0.038667 0.280000
616 43.103333 0.508333 0.189333 0.470000
992 43.206667 0.496667 0.033333 0.280000
83 43.250333 0.510000 0.074000 0.360000
478 43.309333 0.488333 0.061333 0.310000
686 43.369667 0.508333 0.074000 0.363333
309 43.433667 0.498333 0.072667 0.403333
80 43.504000 0.503333 0.086667 0.426667
829 43.589000 0.491667 0.098000 0.463333
698 43.667667 0.493333 0.075333 0.393333
597 43.762000 0.498333 0.128000 0.383333
892 43.898333 0.493333 0.162000 0.466667
356 44.043667 0.496667 0.144667 0.446667
298 44.146000 0.495000 0.074667 0.370000
35 44.237333 0.505000 0.126667 0.483333
314 44.354667 0.498333 0.125333 0.430000
131 44.487000 0.505000 0.158000 0.790000
996 44.573667 0.510000 0.034000 0.260000
324 44.650000 0.505000 0.138667 0.683333
874 44.750333 0.508333 0.076667 0.343333
752 44.825667 0.505000 0.087333 0.236667
609 44.896000 0.488333 0.069333 0.283333
808 44.969333 0.506667 0.093333 0.406667
809 45.065667 0.500000 0.118000 0.600000
771 45.158667 0.500000 0.085333 0.440000
578 45.246333 0.501667 0.103333 0.390000
141 45.326667 0.508333 0.070667 0.336667
951 45.369333 0.496667 0.034667 0.266667
485 45.410667 0.503333 0.064000 0.333333
983 45.460333 0.490000 0.051333 0.366667
533 45.545667 0.501667 0.134000 0.463333
739 45.636000 0.508333 0.065333 0.523333
659 45.699667 0.500000 0.080667 0.320000
571 45.788000 0.503333 0.112000 0.453333
46 45.861000 0.498333 0.048667 0.436667
368 45.940333 0.493333 0.124667 0.360000
182 46.104667 0.506667 0.221333 1.106667
564 46.298333 0.500000 0.184667 0.373333
169 46.434667 0.493333 0.108000 0.413333
701 46.558667 0.488333 0.156000 0.516667
422 46.683000 0.491667 0.107333 0.396667
905 46.801333 0.488333 0.142667 0.456667
896 46.935333 0.510000 0.140000 0.400000
600 47.058667 0.510000 0.124000 0.373333
101 47.219667 0.498333 0.211333 0.456667
248 47.359667 0.505000 0.084667 0.450000
640 47.427333 0.506667 0.069333 0.353333
965 47.473333 0.496667 0.036000 0.280000
1020 47.499333 0.508333 0.030667 0.256667
910 47.567333 0.503333 0.120000 0.400000
676 47.677667 0.510000 0.114000 0.373333
778 47.764667 0.496667 0.076000 0.520000
567 47.852667 0.501667 0.118667 0.483333
369 47.965000 0.510000 0.119333 0.353333
1001 48.038667 0.500000 0.042667 0.333333
622 48.166000 0.500000 0.225333 1.126667
997 48.290000 0.501667 0.042667 0.336667
84 48.358667 0.510000 0.109333 0.306667
871 48.440667 0.506667 0.069333 0.333333
782 48.528667 0.500000 0.124000 0.573333
175 48.631333 0.500000 0.098667 0.346667
519 48.783667 0.488333 0.219333 1.096667
268 48.998333 0.488333 0.226000 1.130000
993 49.122333 0.496667 0.042000 0.333333
313 49.191333 0.501667 0.113333 0.390000
130 49.326333 0.488333 0.175333 0.363333
133 49.464000 0.491667 0.120000 0.376667
815 49.567667 0.500000 0.103333 0.286667
372 49.674000 0.505000 0.122667 0.363333
215 49.786667 0.510000 0.120000 0.586667
159 49.864000 0.500000 0.048000 0.380000
936 49.901667 0.501667 0.043333 0.316667
667 49.960667 0.508333 0.093333 0.336667
942 50.018000 0.506667 0.034667 0.260000
499 50.053667 0.490000 0.054000 0.326667
724 50.113000 0.491667 0.084667 0.556667
162 50.197000 0.506667 0.103333 0.366667
836 50.285000 0.501667 0.087333 0.363333
764 50.360333 0.500000 0.082000 0.413333
801 50.435333 0.510000 0.085333 0.313333
969 50.487667 0.508333 0.036667 0.283333
116 50.566667 0.498333 0.140000 0.416667
794 50.667000 0.496667 0.079333 0.486667
620 50.782000 0.506667 0.165333 0.826667
575 50.910667 0.505000 0.105333 0.350000
503 51.016333 0.500000 0.120667 0.333333
103 51.178333 0.495000 0.222000 1.110000
551 51.336333 0.495000 0.112667 0.343333
405 51.428667 0.491667 0.089333 0.336667
946 51.482000 0.491667 0.033333 0.276667
890 51.586333 0.501667 0.188667 0.943333
190 51.730000 0.503333 0.112000 0.466667
743 51.818667 0.510000 0.084000 0.360000
107 51.948333 0.505000 0.195333 0.976667
818 52.116000 0.496667 0.158667 0.353333
233 52.245333 0.503333 0.120000 0.606667
257 52.365333 0.506667 0.137333 0.446667
54 52.462000 0.500000 0.070667 0.400000
514 52.554667 0.506667 0.132000 0.413333
480 52.647000 0.491667 0.066000 0.370000
906 52.749333 0.505000 0.156000 0.490000
641 52.859000 0.491667 0.076667 0.363333
866 52.997000 0.495000 0.216667 1.083333
354 53.165667 0.508333 0.134000 0.376667
226 53.272333 0.488333 0.095333 0.403333
1021 53.333333 0.503333 0.041333 0.300000
889 53.424333 0.506667 0.159333 0.553333
350 53.549000 0.510000 0.110000 0.340000
703 53.660667 0.491667 0.129333 0.450000
710 53.816667 0.510000 0.200000 1.000000
394 53.971333 0.496667 0.126667 0.366667
139 54.057000 0.495000 0.064667 0.376667
242 54.131333 0.501667 0.104000 0.410000
819 54.246000 0.506667 0.138667 0.500000
807 54.406667 0.491667 0.197333 0.516667
504 54.556000 0.498333 0.121333 0.356667
643 54.654667 0.495000 0.093333 0.356667
223 54.746000 0.493333 0.106667 0.440000
0 54.809667 0.498333 0.038000 0.296667
613 54.884667 0.501667 0.126667 0.343333
471 54.970333 0.498333 0.059333 0.310000
111 55.029667 0.498333 0.075333 0.343333
99 55.144000 0.505000 0.173333 0.370000
387 55.292667 0.488333 0.142667 0.410000
730 55.417000 0.488333 0.120667 0.503333
769 55.531333 0.490000 0.125333 0.353333
766 55.658000 0.508333 0.141333 0.416667
652 55.799667 0.491667 0.160667 0.530000
589 55.918667 0.488333 0.096000 0.436667
251 55.990667 0.496667 0.066667 0.386667
586 56.087000 0.508333 0.140667 0.450000
934 56.169667 0.510000 0.039333 0.326667
563 56.258000 0.505000 0.156000 0.330000
91 56.406333 0.503333 0.158000 0.340000
8 56.532333 0.493333 0.110000 0.393333
940 56.601000 0.496667 0.042000 0.320000
584 56.676333 0.510000 0.128667 0.380000
884 56.793667 0.495000 0.124667 0.443333
34 56.894333 0.495000 0.092667 0.303333
145 56.971667 0.493333 0.082000 0.426667
834 57.063000 0.505000 0.115333 0.483333
976 57.137000 0.501667 0.052667 0.383333
200 57.212000 0.508333 0.110667 0.463333
355 57.341000 0.501667 0.162000 0.496667
588 57.468667 0.490000 0.106667 0.473333
406 57.567667 0.500000 0.110000 0.426667
167 57.663333 0.500000 0.096000 0.340000
295 57.749667 0.495000 0.095333 0.403333
760 57.855333 0.510000 0.133333 0.393333
546 57.958333 0.493333 0.092667 0.353333
618 58.029333 0.496667 0.065333 0.420000
303 58.094667 0.490000 0.080000 0.446667
222 58.186333 0.508333 0.118000 0.550000
868 58.275000 0.505000 0.074000 0.423333
682 58.364333 0.508333 0.124667 0.470000
762 58.457667 0.501667 0.080667 0.350000
804 58.551000 0.508333 0.126000 0.383333
865 58.653667 0.493333 0.098000 0.326667
225 58.755667 0.491667 0.124667 0.523333
741 58.865000 0.488333 0.111333 0.383333
673 58.962333 0.503333 0.099333 0.333333
841 59.062667 0.503333 0.116000 0.473333
820 59.157333 0.501667 0.086667 0.363333
966 59.212667 0.501667 0.040000 0.290000
751 59.281333 0.496667 0.112000 0.486667
924 59.351667 0.496667 0.046000 0.333333
722 59.439333 0.506667 0.146667 0.440000
88 59.601667 0.501667 0.196667 0.983333
250 59.784333 0.495000 0.183333 0.916667
800 59.915667 0.510000 0.099333 0.373333
653 60.059333 0.503333 0.208000 1.040000
9 60.195667 0.496667 0.080667 0.320000
63 60.291333 0.493333 0.124000 0.440000
702 60.430333 0.500000 0.170000 0.526667
310 60.535000 0.490000 0.056667 0.320000
114 60.593000 0.488333 0.074000 0.370000
108 60.721667 0.495000 0.199333 0.996667
845 60.870333 0.488333 0.111333 0.543333
547 60.952333 0.498333 0.068667 0.410000
199 61.022333 0.495000 0.091333 0.410000
715 61.154333 0.498333 0.186000 0.463333
304 61.266333 0.495000 0.058000 0.323333
517 61.333000 0.500000 0.095333 0.300000
51 61.440333 0.491667 0.136667 0.450000
634 61.536667 0.490000 0.074667 0.306667
315 61.630667 0.510000 0.129333 0.493333
944 61.707000 0.503333 0.043333 0.313333
260 61.832667 0.493333 0.221333 1.106667
495 61.975333 0.503333 0.082667 0.386667
860 62.118333 0.488333 0.220667 0.530000
296 62.265000 0.490000 0.091333 0.340000
453 62.341000 0.491667 0.075333 0.430000
524 62.433667 0.510000 0.123333 0.386667
87 62.593000 0.501667 0.212667 1.063333
824 62.743000 0.488333 0.106000 0.523333
201 62.832000 0.495000 0.092000 0.403333
189 62.926000 0.495000 0.113333 0.563333
290 63.048333 0.506667 0.151333 0.400000
802 63.201000 0.501667 0.170000 0.356667
605 63.354667 0.495000 0.152000 0.396667
428 63.468667 0.508333 0.094667 0.623333
399 63.572333 0.491667 0.127333 0.456667
957 63.649333 0.508333 0.042667 0.310000
85 63.717333 0.491667 0.112000 0.443333
822 63.816333 0.505000 0.103333 0.370000
367 63.930000 0.501667 0.141333 0.416667
426 64.016333 0.506667 0.051333 0.333333
542 64.089667 0.495000 0.115333 0.463333
750 64.198000 0.501667 0.114667 0.423333
574 64.284667 0.503333 0.077333 0.313333
86 64.363333 0.498333 0.093333 0.436667
487 64.431667 0.490000 0.059333 0.313333
831 64.502000 0.500000 0.101333 0.500000
326 64.585667 0.500000 0.082000 0.373333
970 64.635000 0.488333 0.034000 0.270000
211 64.706333 0.498333 0.126000 0.503333
263 64.829333 0.493333 0.138667 0.460000
781 64.920333 0.493333 0.060667 0.313333
914 64.999333 0.500000 0.114667 0.346667
496 65.111333 0.505000 0.125333 0.510000
953 65.185000 0.503333 0.036667 0.286667
525 65.244333 0.490000 0.099333 0.340000
851 65.330000 0.498333 0.090667 0.403333
301 65.395667 0.503333 0.058000 0.326667
120 65.510667 0.496667 0.185333 0.926667
979 65.615667 0.510000 0.044667 0.340000
505 65.658000 0.498333 0.054667 0.230000
164 65.725333 0.505000 0.100000 0.356667
311 65.816333 0.500000 0.095333 0.406667
210 65.909333 0.503333 0.104000 0.460000
31 66.003333 0.493333 0.104000 0.313333
113 66.090000 0.505000 0.088000 0.470000
204 66.178667 0.488333 0.105333 0.423333
60 66.261333 0.501667 0.074667 0.316667
476 66.325667 0.508333 0.072667 0.376667
378 66.439000 0.495000 0.168667 0.843333
181 66.579000 0.493333 0.127333 0.480000
856 66.715667 0.508333 0.162000 0.403333
497 66.865667 0.501667 0.154000 0.396667
450 66.968000 0.493333 0.064000 0.340000
672 67.056667 0.493333 0.128000 0.426667
529 67.161333 0.488333 0.098667 0.470000
243 67.319667 0.495000 0.231333 1.156667
720 67.518667 0.510000 0.185333 0.526667
386 67.684667 0.490000 0.161333 0.806667
277 67.797667 0.503333 0.078000 0.360000
562 67.890667 0.498333 0.126667 0.290000
322 68.003000 0.498333 0.112667 0.116667
62 68.087000 0.491667 0.075333 0.350000
713 68.210667 0.510000 0.188000 0.940000
365 68.371333 0.508333 0.149333 0.410000
105 68.530333 0.491667 0.188667 0.943333
903 68.687667 0.508333 0.139333 0.410000
397 68.801333 0.498333 0.106667 0.443333
38 68.898000 0.493333 0.102667 0.360000
23 69.054000 0.496667 0.225333 1.126667
415 69.253667 0.505000 0.192667 0.963333
376 69.412333 0.498333 0.139333 0.376667
166 69.532000 0.496667 0.120000 0.433333
603 69.684667 0.493333 0.198667 0.413333
335 69.841000 0.496667 0.128667 0.433333
184 69.947333 0.488333 0.097333 0.463333
466 70.024333 0.496667 0.072667 0.440000
559 70.092000 0.490000 0.081333 0.393333
494 70.167000 0.505000 0.083333 0.443333
826 70.254333 0.503333 0.110000 0.453333
930 70.317333 0.503333 0.033333 0.273333
712 70.432000 0.500000 0.213333 1.066667
929 70.549000 0.500000 0.035333 0.266667
437 70.608333 0.488333 0.099333 0.483333
455 70.694333 0.501667 0.088667 0.450000
458 70.763667 0.506667 0.063333 0.373333
97 70.887667 0.491667 0.204667 1.023333
12 71.026000 0.508333 0.085333 0.310000
40 71.115000 0.493333 0.110000 0.346667
421 71.227667 0.506667 0.134000 0.453333
373 71.393000 0.501667 0.210000 1.050000
20 71.544333 0.491667 0.111333 0.376667
308 71.630667 0.488333 0.074667 0.423333
585 71.719667 0.491667 0.123333 0.383333
812 71.824333 0.498333 0.102000 0.316667
460 71.901333 0.508333 0.065333 0.330000
692 71.974333 0.506667 0.098000 0.480000
483 72.047667 0.491667 0.066000 0.356667
984 72.096000 0.506667 0.046667 0.333333
891 72.137000 0.488333 0.050000 0.230000
75 72.233667 0.506667 0.158000 0.500000
972 72.328667 0.488333 0.048000 0.363333
77 72.399333 0.500000 0.113333 0.280000
580 72.519000 0.505000 0.139333 0.336667
482 72.616667 0.505000 0.074667 0.383333
364 72.745000 0.498333 0.199333 0.996667
912 72.886000 0.491667 0.100000 0.390000
690 72.969000 0.491667 0.082000 0.403333
509 73.060667 0.493333 0.120000 0.373333
869 73.146333 0.501667 0.066000 0.403333
318 73.216333 0.496667 0.094000 0.380000
82 73.294333 0.493333 0.078000 0.533333
53 73.371000 0.493333 0.094000 0.313333
463 73.441000 0.488333 0.063333 0.376667
383 73.532000 0.495000 0.132000 0.356667
960 73.611667 0.495000 0.047333 0.363333
561 73.726000 0.491667 0.200000 0.430000
932 73.839333 0.495000 0.042667 0.343333
617 73.909667 0.510000 0.111333 0.440000
66 74.038333 0.508333 0.164667 0.823333
430 74.165000 0.508333 0.108667 0.463333
854 74.309000 0.500000 0.192667 0.560000
25 74.452333 0.510000 0.111333 0.406667
675 74.555667 0.496667 0.112667 0.366667
347 74.663333 0.496667 0.116000 0.313333
681 74.741000 0.498333 0.054000 0.450000
556 74.801667 0.490000 0.083333 0.340000
331 74.953000 0.495000 0.239333 0.570000
895 75.127667 0.508333 0.126000 0.370000
541 75.270333 0.488333 0.176667 0.370000
1009 75.369667 0.488333 0.035333 0.296667
705 75.458333 0.498333 0.160667 0.803333
433 75.606333 0.496667 0.150000 0.340000
799 75.725667 0.510000 0.102000 0.373333
7 75.817333 0.491667 0.098667 0.303333
908 75.913333 0.506667 0.112000 0.413333
721 76.058000 0.490000 0.193333 0.966667
186 76.184667 0.493333 0.080000 0.393333
757 76.284667 0.493333 0.134667 0.426667
694 76.388667 0.493333 0.092000 0.446667
400 76.450667 0.508333 0.046667 0.370000
678 76.526333 0.501667 0.120667 0.383333
907 76.641000 0.493333 0.126000 0.420000
569 76.735333 0.505000 0.081333 0.336667
374 76.844000 0.506667 0.149333 0.413333
275 76.942000 0.488333 0.060000 0.356667
637 76.986667 0.495000 0.049333 0.250000
73 77.084000 0.493333 0.165333 0.506667
384 77.214333 0.491667 0.112667 0.350000
898 77.329333 0.488333 0.134667 0.403333
236 77.446333 0.490000 0.115333 0.486667
877 77.545333 0.490000 0.098667 0.506667
237 77.622333 0.495000 0.074000 0.470000
636 77.699000 0.508333 0.096667 0.223333
294 77.832333 0.501667 0.188667 0.943333
459 77.951667 0.498333 0.068667 0.376667
134 78.030000 0.496667 0.106667 0.353333
835 78.123333 0.510000 0.096000 0.386667
968 78.180000 0.496667 0.037333 0.313333
76 78.253667 0.498333 0.130000 0.403333
725 78.376333 0.491667 0.130000 0.550000
1013 78.455000 0.498333 0.047333 0.356667
941 78.489333 0.510000 0.036000 0.280000
259 78.546000 0.498333 0.096000 0.476667
691 78.629667 0.496667 0.086000 0.420000
157 78.745667 0.508333 0.159333 0.663333
608 78.881000 0.493333 0.131333 0.433333
68 78.997000 0.491667 0.114000 0.323333
245 79.074667 0.495000 0.060000 0.256667
174 79.146333 0.488333 0.103333 0.370000
674 79.242333 0.510000 0.108667 0.400000
973 79.307333 0.510000 0.041333 0.300000
489 79.346333 0.503333 0.055333 0.320000
959 79.384000 0.500000 0.040000 0.326667
155 79.441000 0.505000 0.088667 0.436667
642 79.513667 0.495000 0.076667 0.303333
592 79.611667 0.496667 0.135333 0.386667
793 79.733000 0.490000 0.120667 0.486667
26 79.839333 0.498333 0.109333 0.370000
995 79.906667 0.503333 0.044000 0.353333
185 79.980000 0.501667 0.121333 0.490000
999 80.051667 0.506667 0.042000 0.326667
837 80.108667 0.493333 0.090667 0.440000
990 80.168333 0.506667 0.043333 0.340000
550 80.212000 0.491667 0.057333 0.283333
280 80.287000 0.510000 0.110000 0.400000
553 80.394000 0.500000 0.117333 0.420000
156 80.516667 0.505000 0.145333 0.356667
697 80.616667 0.490000 0.073333 0.366667
473 80.679000 0.493333 0.067333 0.400000
57 80.735333 0.510000 0.065333 0.273333
37 80.812667 0.505000 0.108000 0.363333
414 80.920667 0.495000 0.122667 0.623333
123 81.033000 0.506667 0.118000 0.726667
933 81.105000 0.508333 0.046000 0.343333
163 81.172000 0.508333 0.106667 0.410000
55 81.289667 0.505000 0.144667 0.383333
316 81.398333 0.506667 0.090000 0.333333
1007 81.456667 0.498333 0.040000 0.296667
451 81.502000 0.501667 0.069333 0.383333
179 81.586333 0.500000 0.116667 0.426667
381 81.716333 0.506667 0.158000 0.460000
312 81.842333 0.490000 0.114000 0.386667
15 81.939000 0.506667 0.095333 0.340000
339 82.015000 0.500000 0.076667 0.400000
1023 82.065333 0.498333 0.040000 0.310000
217 82.138000 0.498333 0.118667 0.490000
577 82.232000 0.505000 0.086667 0.336667
765 82.317333 0.505000 0.097333 0.463333
783 82.405667 0.501667 0.095333 0.523333
408 82.484333 0.498333 0.082000 0.310000
214 82.566000 0.506667 0.098667 0.426667
595 82.661333 0.495000 0.105333 0.316667
336 82.767667 0.501667 0.126000 0.603333
785 82.858333 0.488333 0.072667 0.316667
212 82.936000 0.490000 0.098667 0.500000
128 83.087000 0.508333 0.216667 1.083333
235 83.233333 0.505000 0.090667 0.376667
412 83.317333 0.490000 0.097333 0.486667
135 83.411667 0.488333 0.110000 0.343333
119 83.507000 0.495000 0.096667 0.563333
427 83.602000 0.510000 0.112000 0.553333
677 83.707333 0.490000 0.114667 0.373333
732 83.791000 0.495000 0.070000 0.363333
132 83.859333 0.506667 0.085333 0.346667
398 83.930000 0.490000 0.069333 0.373333
539 83.990000 0.505000 0.066667 0.296667
1002 84.040000 0.505000 0.052000 0.383333
221 84.115333 0.506667 0.112000 0.473333
748 84.210333 0.503333 0.095333 0.326667
109 84.329000 0.490000 0.162000 0.346667
205 84.451333 0.503333 0.096000 0.486667
297 84.523000 0.488333 0.067333 0.370000
467 84.578333 0.505000 0.063333 0.356667
988 84.622000 0.506667 0.042667 0.333333
231 84.680000 0.503333 0.092000 0.460000
813 84.781000 0.505000 0.124667 0.356667
763 84.860333 0.496667 0.051333 0.360000
633 84.991667 0.498333 0.226000 0.670000
880 85.161333 0.501667 0.126667 0.416667
654 85.313000 0.495000 0.194000 0.423333
780 85.467000 0.506667 0.132667 0.380000
935 85.546000 0.501667 0.038667 0.316667
360 85.614667 0.496667 0.118667 0.326667
71 85.694000 0.500000 0.057333 0.293333
639 85.754000 0.493333 0.080000 0.400000
919 85.825667 0.501667 0.083333 0.390000
735 85.934333 0.506667 0.151333 0.626667
170 86.060333 0.498333 0.120667 0.456667
418 86.153333 0.500000 0.085333 0.413333
947 86.207000 0.500000 0.042000 0.346667
511 86.284667 0.503333 0.130667 0.413333
402 86.408333 0.503333 0.135333 0.400000
286 86.512333 0.495000 0.086000 0.316667
515 86.608333 0.510000 0.122000 0.386667
789 86.690333 0.510000 0.060667 0.360000
232 86.758000 0.506667 0.094667 0.380000
172 86.863667 0.490000 0.136667 0.513333
621 86.953667 0.501667 0.063333 0.643333
382 87.032667 0.503333 0.108000 0.333333
391 87.142000 0.488333 0.124000 0.330000
79 87.275000 0.488333 0.162000 0.810000
846 87.391000 0.508333 0.090000 0.370000
614 87.511333 0.506667 0.168000 0.440000
351 87.685667 0.498333 0.200667 1.003333
570 87.831667 0.501667 0.104667 0.436667
6 87.923333 0.498333 0.092000 0.370000
844 88.018333 0.488333 0.116667 0.510000
538 88.141333 0.490000 0.146667 0.346667
261 88.303333 0.496667 0.192000 0.960000
842 88.436667 0.506667 0.093333 0.440000
342 88.505667 0.496667 0.064667 0.300000
607 88.602667 0.493333 0.146667 0.453333
917 88.694667 0.490000 0.050667 0.373333
921 88.740667 0.496667 0.061333 0.353333
390 88.838667 0.505000 0.150667 0.456667
254 88.964000 0.488333 0.118667 0.456667
619 89.055667 0.505000 0.079333 0.403333
28 89.137667 0.493333 0.104667 0.386667
657 89.231000 0.496667 0.096667 0.400000
1012 89.289667 0.496667 0.038000 0.286667
56 89.337333 0.505000 0.076000 0.103333
742 89.446667 0.498333 0.157333 0.636667
950 89.533333 0.500000 0.034667 0.260000
902 89.608333 0.490000 0.131333 0.400000
738 89.711667 0.496667 0.088667 0.433333
1016 89.761333 0.496667 0.029333 0.240000
811 89.828667 0.505000 0.124000 0.396667
252 89.950000 0.496667 0.138667 0.540000
894 90.107667 0.508333 0.191333 0.956667
401 90.234000 0.488333 0.080000 0.410000
449 90.300333 0.495000 0.071333 0.376667
629 90.439000 0.498333 0.219333 1.096667
669 90.600000 0.503333 0.120000 0.426667
786 90.688333 0.491667 0.076667 0.470000
779 90.739333 0.493333 0.042667 0.426667
555 90.772667 0.501667 0.044000 0.430000
33 90.850000 0.508333 0.125333 0.450000
612 91.008667 0.496667 0.208000 1.040000
258 91.165333 0.496667 0.118667 0.393333
726 91.259333 0.508333 0.084000 0.443333
723 91.353667 0.495000 0.124667 0.423333
292 91.472000 0.501667 0.129333 0.496667
852 91.581333 0.501667 0.109333 0.516667
461 91.668667 0.490000 0.080000 0.446667
671 91.744667 0.503333 0.090667 0.306667
320 91.851000 0.493333 0.142000 0.473333
27 91.975000 0.510000 0.126000 0.426667
462 92.061000 0.496667 0.064667 0.373333
67 92.177667 0.495000 0.184667 0.923333
611 92.302000 0.488333 0.078667 0.323333
380 92.408000 0.491667 0.149333 0.423333
357 92.539000 0.495000 0.132667 0.376667
198 92.700333 0.491667 0.206000 1.030000
276 92.822333 0.495000 0.054000 0.343333
857 92.940667 0.505000 0.201333 0.430000
209 93.079667 0.500000 0.090000 0.373333
655 93.153000 0.500000 0.072667 0.293333
718 93.252667 0.501667 0.142667 0.363333
581 93.368000 0.508333 0.101333 0.430000
39 93.456333 0.506667 0.095333 0.306667
194 93.556333 0.495000 0.124667 0.516667
792 93.672333 0.498333 0.120667 0.490000
604 93.793000 0.508333 0.140667 0.430000
1004 93.872333 0.498333 0.035333 0.270000
625 93.964000 0.503333 0.164000 0.546667
110 94.091333 0.510000 0.106667 0.373333
717 94.224000 0.505000 0.173333 0.436667
646 94.351667 0.505000 0.096667 0.450000
452 94.429333 0.491667 0.076000 0.436667
121 94.467667 0.498333 0.016667 0.296667
775 94.505000 0.488333 0.071333 0.336667
253 94.553000 0.503333 0.038000 0.393333
508 94.596333 0.498333 0.064667 0.336667
803 94.698667 0.498333 0.158667 0.470000
645 94.816333 0.490000 0.091333 0.413333
927 94.872333 0.493333 0.036667 0.280000
991 94.899667 0.501667 0.035333 0.270000
362 94.964333 0.506667 0.111333 0.320000
885 95.048000 0.498333 0.072000 0.336667
520 95.144667 0.501667 0.134667 0.450000
269 95.298333 0.501667 0.192667 0.596667
465 95.427667 0.490000 0.083333 0.420000
247 95.511333 0.505000 0.097333 0.390000
510 95.640333 0.498333 0.174000 0.870000
442 95.751667 0.500000 0.068667 0.373333
704 95.846667 0.498333 0.137333 0.423333
144 96.010667 0.503333 0.209333 1.046667
855 96.146000 0.496667 0.081333 0.200000
270 96.283667 0.505000 0.214000 1.070000
441 96.414667 0.490000 0.061333 0.340000
688 96.480000 0.500000 0.086667 0.426667
69 96.567333 0.503333 0.101333 0.526667
599 96.662667 0.508333 0.106667 0.323333
685 96.741667 0.505000 0.071333 0.283333
445 96.802667 0.490000 0.068000 0.406667
484 96.871000 0.505000 0.087333 0.316667
773 97.005333 0.503333 0.198667 0.993333
700 97.188333 0.491667 0.180667 0.903333
861 97.289333 0.510000 0.040000 0.320000
534 97.352000 0.503333 0.101333 0.420000
987 97.415667 0.498333 0.044667 0.330000
579 97.511333 0.510000 0.160000 0.466667
817 97.643000 0.488333 0.116667 0.390000
255 97.762667 0.505000 0.140000 0.530000
638 97.865333 0.508333 0.082667 0.330000
787 97.929333 0.493333 0.062667 0.386667
583 97.983000 0.503333 0.058000 0.400000
90 98.094333 0.508333 0.178000 0.890000
493 98.205667 0.488333 0.063333 0.343333
238 98.285667 0.510000 0.115333 0.446667
731 98.372667 0.506667 0.072000 0.353333
956 98.426333 0.501667 0.050000 0.370000
573 98.479667 0.506667 0.076667 0.300000
208 98.597667 0.501667 0.176667 0.883333
293 98.729667 0.510000 0.103333 0.433333
1 98.813667 0.503333 0.083333 0.426667
1019 98.868333 0.498333 0.039333 0.283333
531 98.986667 0.503333 0.210667 0.446667
444 99.119667 0.496667 0.071333 0.386667
431 99.205667 0.498333 0.116667 0.396667
227 99.297333 0.495000 0.080000 0.403333
317 99.386000 0.506667 0.117333 0.433333
213 99.480000 0.500000 0.088000 0.360000
264 99.585333 0.500000 0.142667 0.553333
911 99.706667 0.488333 0.117333 0.416667
661 99.808000 0.493333 0.105333 0.366667
36 99.916333 0.503333 0.127333 0.426667
814 100.034333 0.500000 0.126000 0.286667
708 100.170333 0.505000 0.164667 0.823333
104 100.347333 0.503333 0.209333 1.046667
594 100.495667 0.506667 0.106000 0.320000
448 100.569000 0.495000 0.060667 0.363333
457 100.619333 0.505000 0.058667 0.303333
492 100.674667 0.510000 0.068000 0.366667
727 100.733000 0.493333 0.067333 0.433333
321 100.810333 0.491667 0.100667 0.503333
626 100.927000 0.501667 0.150000 0.510000
17 101.042333 0.495000 0.099333 0.343333
795 101.119333 0.508333 0.074667 0.436667
95 101.260333 0.491667 0.227333 1.136667
265 101.470667 0.493333 0.210667 1.053333
776 101.632667 0.506667 0.130667 0.293333
234 101.738333 0.506667 0.095333 0.440000
593 101.883000 0.508333 0.214000 1.070000
216 102.045000 0.488333 0.127333 0.516667
876 102.165000 0.496667 0.132667 0.333333
843 102.277333 0.493333 0.108000 0.446667
240 102.358000 0.506667 0.070667 0.360000
72 102.429333 0.505000 0.089333 0.430000
370 102.522333 0.500000 0.111333 0.293333
346 102.641333 0.508333 0.141333 0.410000
986 102.724000 0.498333 0.044000 0.343333
758 102.803333 0.495000 0.129333 0.383333
171 102.913667 0.503333 0.110000 0.386667
918 103.019667 0.498333 0.118000 0.383333
883 103.170000 0.508333 0.200000 0.423333
537 103.375333 0.496667 0.226667 1.133333
160 103.519667 0.506667 0.076667 0.473333
327 103.626333 0.496667 0.156667 0.426667
138 103.735667 0.491667 0.079333 0.450000
299 103.809333 0.506667 0.088000 0.340000
753 103.926333 0.503333 0.159333 0.506667
306 104.037667 0.488333 0.078000 0.436667
981 104.084000 0.495000 0.029333 0.243333
340 104.141333 0.501667 0.098667 0.290000
