783 0.046000 0.496667 0.085333 0.466667
9 0.122000 0.501667 0.082667 0.343333
264 0.216333 0.488333 0.120667 0.463333
1006 0.284333 0.500000 0.034000 0.273333
996 0.313333 0.501667 0.040000 0.323333
872 0.388333 0.498333 0.124667 0.350000
390 0.508000 0.495000 0.130667 0.356667
21 0.618333 0.500000 0.103333 0.346667
433 0.725667 0.500000 0.124667 0.340000
97 0.866667 0.493333 0.170667 0.853333
720 1.046333 0.488333 0.206000 1.030000
665 1.192667 0.490000 0.102667 0.353333
977 1.254000 0.495000 0.033333 0.263333
692 1.309000 0.508333 0.094000 0.463333
789 1.377667 0.498333 0.059333 0.363333
900 1.456333 0.496667 0.114000 0.320000
320 1.570667 0.493333 0.128000 0.393333
368 1.683667 0.510000 0.114000 0.320000
412 1.775000 0.495000 0.084667 0.423333
481 1.848667 0.505000 0.078667 0.396667
230 1.927000 0.508333 0.096667 0.390000
12 2.029333 0.493333 0.122667 0.400000
173 2.136667 0.495000 0.109333 0.490000
778 2.233000 0.491667 0.102000 0.670000
554 2.354333 0.493333 0.158000 0.440000
531 2.523667 0.488333 0.200667 0.476667
95 2.701333 0.496667 0.172000 0.860000
413 2.888333 0.488333 0.222000 1.110000
579 3.079333 0.501667 0.173333 0.390000
85 3.201333 0.488333 0.085333 0.323333
465 3.275333 0.490000 0.077333 0.460000
118 3.345333 0.505000 0.080000 0.316667
553 3.484000 0.503333 0.216000 1.080000
995 3.598333 0.491667 0.031333 0.250000
734 3.704333 0.490000 0.195333 0.506667
141 3.832000 0.510000 0.078667 0.346667
847 3.915667 0.491667 0.103333 0.310000
265 4.025667 0.493333 0.131333 0.506667
355 4.139000 0.510000 0.108667 0.293333
67 4.277667 0.505000 0.183333 0.916667
660 4.424000 0.505000 0.122667 0.456667
476 4.504333 0.503333 0.056667 0.306667
680 4.580667 0.493333 0.110667 0.413333
576 4.684000 0.508333 0.112000 0.443333
444 4.759000 0.488333 0.056667 0.330000
698 4.806333 0.500000 0.051333 0.273333
65 4.870000 0.493333 0.090667 0.233333
899 4.989333 0.503333 0.166667 0.480000
255 5.138000 0.506667 0.148000 0.560000
337 5.311333 0.506667 0.212000 0.433333
1021 5.422333 0.498333 0.030000 0.250000
160 5.461000 0.491667 0.062000 0.383333
1018 5.503333 0.495000 0.036000 0.270000
856 5.592667 0.500000 0.160000 0.400000
1002 5.684333 0.491667 0.038000 0.290000
828 5.738667 0.490000 0.085333 0.353333
736 5.810333 0.506667 0.074000 0.406667
852 5.879000 0.496667 0.083333 0.386667
767 5.976000 0.498333 0.128000 0.370000
955 6.054333 0.506667 0.042000 0.320000
388 6.141333 0.491667 0.150667 0.396667
748 6.249333 0.495000 0.084000 0.310000
260 6.364000 0.496667 0.160000 0.426667
671 6.486667 0.510000 0.100000 0.340000
520 6.575333 0.505000 0.094667 0.316667
574 6.656667 0.495000 0.084000 0.336667
139 6.727667 0.493333 0.078000 0.460000
416 6.810000 0.506667 0.105333 0.506667
622 6.959000 0.498333 0.211333 1.056667
552 7.083333 0.510000 0.054667 0.366667
117 7.179667 0.488333 0.152667 0.470000
972 7.267000 0.493333 0.036667 0.293333
123 7.330000 0.498333 0.109333 0.656667
824 7.426333 0.501667 0.100667 0.443333
971 7.492333 0.488333 0.044667 0.323333
108 7.596667 0.503333 0.180000 0.900000
252 7.747667 0.498333 0.140667 0.550000
804 7.880667 0.493333 0.144000 0.413333
775 7.979667 0.496667 0.067333 0.313333
876 8.102333 0.501667 0.191333 0.956667
66 8.232667 0.508333 0.089333 0.636667
159 8.288000 0.505000 0.037333 0.296667
415 8.394000 0.503333 0.194667 0.973333
309 8.511000 0.508333 0.059333 0.330000
863 8.577667 0.495000 0.091333 0.436667
915 8.652000 0.501667 0.072000 0.583333
268 8.762333 0.488333 0.164667 0.823333
99 8.955667 0.503333 0.235333 0.493333
96 9.144333 0.491667 0.160667 0.343333
547 9.248333 0.496667 0.063333 0.366667
682 9.331000 0.491667 0.122000 0.476667
880 9.441667 0.500000 0.115333 0.433333
439 9.552667 0.491667 0.122667 0.476667
152 9.652667 0.488333 0.090667 0.416667
604 9.755000 0.503333 0.130000 0.393333
785 9.842000 0.501667 0.057333 0.243333
327 9.941667 0.505000 0.155333 0.430000
18 10.070333 0.501667 0.119333 0.436667
923 10.142000 0.510000 0.038667 0.306667
218 10.212333 0.510000 0.122000 0.493333
721 10.353333 0.496667 0.180000 0.466667
894 10.509333 0.501667 0.145333 0.383333
758 10.627667 0.498333 0.111333 0.363333
916 10.764000 0.505000 0.177333 0.436667
638 10.886667 0.496667 0.081333 0.320000
1010 10.940667 0.498333 0.042667 0.316667
188 11.014333 0.490000 0.122000 0.506667
521 11.140333 0.501667 0.144667 0.416667
752 11.239333 0.488333 0.069333 0.183333
960 11.289000 0.488333 0.044667 0.330000
410 11.361333 0.501667 0.120000 0.490000
603 11.490667 0.495000 0.157333 0.316667
477 11.591333 0.505000 0.060000 0.323333
206 11.663000 0.500000 0.100667 0.446667
769 11.761667 0.506667 0.112667 0.353333
679 11.851000 0.503333 0.082000 0.493333
406 11.935000 0.495000 0.100667 0.390000
913 12.034333 0.490000 0.118000 0.360000
575 12.133000 0.508333 0.092667 0.296667
822 12.229333 0.508333 0.116000 0.356667
430 12.336000 0.496667 0.114667 0.486667
914 12.449000 0.500000 0.127333 0.380000
285 12.571333 0.496667 0.132000 0.433333
848 12.694667 0.508333 0.132000 0.403333
860 12.851667 0.503333 0.199333 0.546667
718 13.051333 0.503333 0.220000 1.100000
986 13.176000 0.505000 0.049333 0.363333
357 13.260667 0.503333 0.134667 0.393333
364 13.410667 0.490000 0.182667 0.913333
128 13.601333 0.496667 0.216000 1.080000
194 13.751667 0.500000 0.099333 0.406667
145 13.830333 0.505000 0.076667 0.410000
19 13.911000 0.500000 0.102000 0.353333
229 14.064667 0.510000 0.225333 1.126667
969 14.187667 0.498333 0.036667 0.270000
222 14.260667 0.501667 0.124000 0.503333
862 14.348667 0.496667 0.068000 0.320000
470 14.406667 0.498333 0.065333 0.370000
47 14.479000 0.501667 0.092667 0.443333
563 14.592000 0.488333 0.148000 0.303333
1004 14.680667 0.500000 0.042667 0.353333
50 14.774000 0.506667 0.157333 0.453333
988 14.865000 0.495000 0.039333 0.323333
961 14.896333 0.490000 0.038000 0.300000
647 14.948333 0.510000 0.084667 0.426667
667 15.037333 0.506667 0.109333 0.380000
72 15.129667 0.510000 0.092667 0.446667
784 15.195333 0.510000 0.058667 0.486667
322 15.269667 0.505000 0.108667 0.203333
902 15.377667 0.510000 0.126000 0.340000
580 15.512667 0.493333 0.157333 0.373333
936 15.605333 0.490000 0.042667 0.333333
875 15.706333 0.491667 0.179333 0.483333
597 15.838667 0.488333 0.100000 0.303333
192 15.931333 0.501667 0.101333 0.403333
705 16.037333 0.491667 0.128000 0.410000
873 16.138667 0.490000 0.090667 0.433333
629 16.271000 0.491667 0.188667 0.943333
64 16.391667 0.500000 0.072667 0.386667
27 16.483333 0.498333 0.128000 0.430000
440 16.580000 0.508333 0.081333 0.416667
663 16.668667 0.490000 0.112000 0.393333
23 16.819667 0.501667 0.208667 1.043333
468 16.946667 0.505000 0.061333 0.310000
591 17.045667 0.508333 0.152667 0.490000
317 17.159333 0.501667 0.094667 0.343333
258 17.244333 0.506667 0.088667 0.306667
725 17.351667 0.506667 0.140667 0.606667
369 17.493333 0.501667 0.160000 0.450000
613 17.646667 0.503333 0.161333 0.806667
1017 17.740333 0.500000 0.043333 0.320000
319 17.798000 0.498333 0.089333 0.323333
486 17.867667 0.490000 0.067333 0.346667
849 17.951667 0.505000 0.114000 0.530000
938 18.022667 0.491667 0.046667 0.356667
223 18.094667 0.495000 0.114667 0.510000
463 18.186667 0.500000 0.084000 0.433333
393 18.279333 0.493333 0.121333 0.366667
259 18.389667 0.495000 0.116667 0.583333
757 18.494333 0.508333 0.106000 0.343333
981 18.558667 0.506667 0.037333 0.273333
1014 18.587333 0.496667 0.034667 0.266667
686 18.635333 0.503333 0.081333 0.393333
144 18.722333 0.495000 0.111333 0.510000
103 18.879000 0.503333 0.218000 0.466667
830 19.038667 0.496667 0.116000 0.480000
937 19.111000 0.498333 0.042000 0.343333
859 19.181000 0.503333 0.111333 0.320000
210 19.285000 0.488333 0.110000 0.550000
158 19.432000 0.500000 0.204000 1.020000
57 19.557333 0.503333 0.066667 0.266667
240 19.619333 0.506667 0.072000 0.373333
379 19.703333 0.508333 0.113333 0.303333
196 19.795333 0.510000 0.084000 0.366667
831 19.875000 0.491667 0.095333 0.436667
203 19.954333 0.503333 0.082000 0.400000
75 20.058333 0.493333 0.144667 0.446667
273 20.149667 0.490000 0.054000 0.360000
419 20.211667 0.508333 0.090000 0.436667
557 20.292667 0.505000 0.088000 0.590000
341 20.364333 0.501667 0.072667 0.323333
485 20.424000 0.493333 0.061333 0.313333
577 20.503667 0.490000 0.112667 0.446667
947 20.569000 0.503333 0.036667 0.273333
530 20.618333 0.490000 0.078000 0.386667
321 20.706333 0.495000 0.112667 0.456667
52 20.797333 0.500000 0.084000 0.286667
308 20.862000 0.498333 0.058667 0.330000
676 20.940333 0.505000 0.114000 0.396667
484 21.034000 0.501667 0.090667 0.363333
37 21.127333 0.488333 0.114667 0.436667
269 21.276667 0.493333 0.197333 0.986667
964 21.387333 0.490000 0.038667 0.300000
1019 21.423000 0.505000 0.046000 0.336667
513 21.495000 0.505000 0.114000 0.390000
933 21.559667 0.496667 0.032667 0.273333
803 21.669667 0.505000 0.202000 1.010000
674 21.810333 0.496667 0.096667 0.326667
397 21.896000 0.493333 0.090667 0.373333
883 22.026333 0.491667 0.184667 0.923333
407 22.162667 0.493333 0.105333 0.400000
980 22.228333 0.503333 0.040667 0.313333
26 22.306000 0.488333 0.128000 0.430000
363 22.422000 0.505000 0.124000 0.370000
233 22.531667 0.505000 0.110000 0.550000
764 22.622000 0.488333 0.086667 0.423333
558 22.693667 0.500000 0.072667 0.353333
46 22.753667 0.491667 0.066000 0.570000
536 22.864333 0.491667 0.175333 0.876667
132 22.983667 0.500000 0.083333 0.380000
54 23.051333 0.508333 0.069333 0.390000
344 23.176667 0.503333 0.197333 0.986667
8 23.326000 0.490000 0.118667 0.413333
199 23.435667 0.505000 0.115333 0.510000
776 23.551667 0.506667 0.130000 0.346667
458 23.643000 0.491667 0.067333 0.343333
839 23.721333 0.498333 0.104000 0.463333
623 23.850333 0.496667 0.170000 0.546667
124 23.978667 0.490000 0.100000 0.366667
126 24.135333 0.500000 0.226667 1.133333
278 24.299333 0.496667 0.121333 0.366667
774 24.394667 0.498333 0.084000 0.430000
434 24.494000 0.496667 0.130667 0.446667
614 24.638000 0.508333 0.170667 0.430000
98 24.814333 0.501667 0.200667 1.003333
833 24.964000 0.506667 0.113333 0.546667
495 25.053333 0.506667 0.080000 0.353333
387 25.174000 0.506667 0.177333 0.886667
606 25.314333 0.491667 0.118000 0.363333
656 25.456667 0.506667 0.181333 0.906667
882 25.587667 0.491667 0.099333 0.396667
795 25.659667 0.506667 0.063333 0.386667
107 25.779000 0.496667 0.194000 0.420000
204 25.920667 0.496667 0.104000 0.506667
865 26.023000 0.506667 0.116667 0.426667
17 26.116000 0.495000 0.088000 0.303333
459 26.187000 0.505000 0.074000 0.376667
1003 26.238000 0.503333 0.046667 0.360000
69 26.307333 0.488333 0.109333 0.550000
551 26.409000 0.501667 0.111333 0.336667
56 26.486000 0.491667 0.061333 0.083333
740 26.569333 0.488333 0.121333 0.276667
835 26.681000 0.490000 0.119333 0.506667
20 26.791333 0.503333 0.117333 0.373333
339 26.880000 0.490000 0.077333 0.386667
253 26.935667 0.508333 0.047333 0.443333
709 27.003667 0.508333 0.107333 0.436667
450 27.084000 0.501667 0.069333 0.396667
532 27.163000 0.488333 0.106000 0.536667
586 27.268667 0.503333 0.122667 0.353333
335 27.390667 0.510000 0.136000 0.460000
119 27.500333 0.493333 0.103333 0.613333
819 27.617000 0.496667 0.146000 0.320000
662 27.735667 0.508333 0.106000 0.343333
301 27.809000 0.496667 0.060667 0.340000
299 27.886000 0.488333 0.108000 0.423333
645 27.968333 0.491667 0.072667 0.316667
661 28.044667 0.490000 0.096000 0.360000
706 28.122000 0.501667 0.072000 0.383333
696 28.205667 0.488333 0.108667 0.250000
905 28.327667 0.496667 0.151333 0.486667
70 28.476333 0.495000 0.160667 0.803333
864 28.603000 0.500000 0.106000 0.420000
362 28.717667 0.490000 0.143333 0.413333
127 28.891000 0.491667 0.218000 1.090000
437 29.049000 0.496667 0.111333 0.500000
950 29.115333 0.506667 0.040000 0.313333
503 29.187000 0.495000 0.123333 0.343333
710 29.338000 0.508333 0.192000 0.496667
324 29.490333 0.500000 0.128667 0.633333
120 29.658667 0.491667 0.226667 0.496667
707 29.818333 0.488333 0.107333 0.476667
370 29.925000 0.493333 0.126000 0.353333
958 29.996000 0.505000 0.030667 0.256667
392 30.073333 0.493333 0.137333 0.413333
644 30.167000 0.510000 0.066000 0.313333
386 30.305667 0.488333 0.230000 1.150000
473 30.450333 0.495000 0.075333 0.396667
533 30.526667 0.506667 0.092000 0.313333
965 30.581667 0.495000 0.035333 0.270000
813 30.660333 0.501667 0.136667 0.323333
175 30.827333 0.496667 0.217333 1.086667
504 30.991667 0.501667 0.128667 0.383333
561 31.117667 0.508333 0.136667 0.370000
810 31.232667 0.508333 0.112000 0.470000
489 31.317667 0.503333 0.078000 0.466667
832 31.403000 0.506667 0.106000 0.440000
195 31.506667 0.505000 0.117333 0.590000
909 31.602000 0.490000 0.089333 0.393333
786 31.673333 0.510000 0.070667 0.433333
617 31.741667 0.491667 0.084667 0.323333
151 31.814000 0.495000 0.073333 0.376667
619 31.881667 0.488333 0.082000 0.416667
472 31.951333 0.510000 0.076000 0.400000
256 32.040667 0.490000 0.122667 0.460000
556 32.138333 0.510000 0.092667 0.380000
116 32.252333 0.498333 0.154000 0.470000
329 32.428667 0.503333 0.217333 1.086667
294 32.619333 0.490000 0.182667 0.913333
91 32.792000 0.506667 0.178667 0.893333
501 32.911333 0.510000 0.073333 0.346667
943 32.958667 0.493333 0.036000 0.273333
162 33.033000 0.505000 0.128667 0.456667
550 33.125667 0.508333 0.075333 0.376667
251 33.184667 0.493333 0.058667 0.340000
587 33.273333 0.501667 0.136000 0.423333
581 33.371333 0.508333 0.074667 0.316667
777 33.440000 0.495000 0.081333 0.356667
637 33.503000 0.491667 0.060667 0.310000
681 33.551000 0.500000 0.050000 0.453333
890 33.610000 0.505000 0.082667 0.416667
853 33.694667 0.488333 0.105333 0.430000
1001 33.760000 0.508333 0.038667 0.316667
560 33.874333 0.498333 0.206000 0.616667
243 34.038000 0.495000 0.141333 0.470000
53 34.150000 0.503333 0.096000 0.346667
968 34.210333 0.490000 0.044667 0.333333
62 34.263000 0.508333 0.075333 0.356667
372 34.342333 0.501667 0.103333 0.316667
512 34.446333 0.488333 0.118000 0.376667
750 34.549333 0.490000 0.101333 0.373333
516 34.650333 0.498333 0.118000 0.396667
787 34.731333 0.500000 0.061333 0.380000
228 34.802333 0.508333 0.096667 0.396667
929 34.863667 0.493333 0.042000 0.326667
31 34.941333 0.490000 0.130667 0.386667
584 35.072667 0.510000 0.146667 0.466667
582 35.194333 0.495000 0.114000 0.430000
816 35.302667 0.496667 0.120000 0.353333
507 35.381333 0.488333 0.053333 0.283333
858 35.461667 0.490000 0.123333 0.380000
928 35.533333 0.508333 0.036000 0.276667
715 35.625333 0.506667 0.168000 0.840000
425 35.757000 0.503333 0.110000 0.600000
414 35.860667 0.510000 0.117333 0.553333
896 36.018000 0.510000 0.213333 1.066667
888 36.197000 0.501667 0.162000 0.810000
438 36.382333 0.501667 0.223333 1.116667
749 36.528000 0.490000 0.081333 0.340000
809 36.619667 0.493333 0.116667 0.633333
636 36.732333 0.503333 0.127333 0.286667
722 36.847333 0.493333 0.117333 0.346667
596 36.953000 0.505000 0.111333 0.343333
912 37.047000 0.495000 0.096667 0.410000
267 37.166667 0.490000 0.156000 0.480000
384 37.332333 0.495000 0.195333 0.976667
654 37.534333 0.508333 0.226000 0.436667
502 37.682667 0.501667 0.088000 0.403333
403 37.814667 0.510000 0.189333 0.946667
711 38.001333 0.503333 0.200000 0.513333
165 38.153667 0.503333 0.122000 0.426667
171 38.274000 0.503333 0.138667 0.493333
829 38.392333 0.501667 0.116667 0.476667
919 38.487667 0.505000 0.090000 0.376667
428 38.574000 0.493333 0.098667 0.653333
834 38.664333 0.496667 0.102000 0.420000
611 38.754000 0.498333 0.094667 0.396667
367 38.904000 0.506667 0.220000 1.100000
55 39.077333 0.496667 0.146667 0.386667
454 39.173667 0.505000 0.066000 0.336667
699 39.275000 0.505000 0.154000 0.423333
814 39.400000 0.505000 0.116000 0.323333
205 39.511333 0.498333 0.121333 0.610000
639 39.609333 0.508333 0.088000 0.436667
34 39.705333 0.490000 0.118667 0.386667
658 39.787333 0.503333 0.062667 0.366667
207 39.908667 0.503333 0.197333 0.986667
608 40.050667 0.498333 0.106667 0.370000
887 40.153333 0.498333 0.118667 0.363333
921 40.242667 0.503333 0.074667 0.440000
466 40.310333 0.493333 0.076667 0.460000
148 40.409667 0.495000 0.138000 0.383333
878 40.514000 0.498333 0.086667 0.450000
383 40.614333 0.493333 0.134000 0.406667
989 40.691667 0.503333 0.035333 0.273333
626 40.808333 0.505000 0.211333 1.056667
492 40.939000 0.505000 0.067333 0.303333
771 40.998667 0.495000 0.072000 0.376667
101 41.125333 0.506667 0.200000 1.000000
429 41.275333 0.505000 0.114667 0.410000
274 41.386333 0.488333 0.123333 0.583333
744 41.538333 0.498333 0.200667 1.003333
198 41.686000 0.495000 0.110667 0.456667
669 41.785667 0.501667 0.102000 0.330000
1022 41.850333 0.498333 0.046000 0.330000
978 41.882333 0.505000 0.038000 0.283333
5 41.931000 0.501667 0.076667 0.356667
63 42.017333 0.496667 0.112000 0.400000
855 42.101333 0.510000 0.073333 0.186667
409 42.246333 0.508333 0.231333 1.156667
751 42.394000 0.508333 0.080000 0.336667
999 42.444000 0.501667 0.038667 0.296667
464 42.494667 0.488333 0.081333 0.416667
942 42.547000 0.503333 0.038000 0.313333
931 42.573333 0.495000 0.033333 0.276667
394 42.655333 0.501667 0.148000 0.396667
272 42.795667 0.501667 0.148667 0.430000
44 42.907333 0.503333 0.088000 0.340000
982 42.967000 0.490000 0.047333 0.353333
38 43.035667 0.495000 0.110000 0.350000
32 43.133667 0.490000 0.106000 0.386667
511 43.238333 0.488333 0.123333 0.416667
163 43.349667 0.491667 0.118000 0.456667
366 43.463333 0.498333 0.122667 0.370000
43 43.567333 0.496667 0.098667 0.386667
956 43.629000 0.506667 0.042000 0.306667
655 43.691667 0.500000 0.096667 0.440000
305 43.769000 0.490000 0.074000 0.413333
1023 43.821000 0.496667 0.044667 0.333333
280 43.901333 0.493333 0.132000 0.460000
812 44.034667 0.508333 0.148000 0.343333
708 44.142667 0.495000 0.085333 0.343333
262 44.223000 0.508333 0.090000 0.450000
984 44.281333 0.490000 0.045333 0.360000
620 44.344333 0.490000 0.096667 0.413333
15 44.433000 0.496667 0.095333 0.346667
906 44.544333 0.500000 0.146000 0.400000
469 44.649333 0.500000 0.078667 0.426667
448 44.718333 0.493333 0.079333 0.406667
271 44.852667 0.490000 0.205333 1.026667
924 44.967000 0.503333 0.036667 0.306667
157 45.059000 0.495000 0.162000 0.683333
161 45.191000 0.495000 0.122000 0.443333
685 45.289667 0.510000 0.088667 0.333333
234 45.375667 0.500000 0.100667 0.420000
766 45.481000 0.498333 0.124667 0.363333
182 45.604000 0.510000 0.141333 0.493333
760 45.727667 0.488333 0.119333 0.396667
179 45.829333 0.510000 0.097333 0.353333
970 45.891000 0.488333 0.040667 0.303333
719 46.006000 0.493333 0.206667 0.533333
239 46.144667 0.505000 0.088000 0.550000
457 46.209667 0.496667 0.060667 0.360000
518 46.320667 0.493333 0.181333 0.906667
275 46.433667 0.493333 0.059333 0.360000
756 46.531333 0.510000 0.156000 0.506667
801 46.655000 0.491667 0.111333 0.410000
892 46.777667 0.495000 0.154000 0.470000
220 46.895000 0.508333 0.096667 0.490000
246 47.028667 0.500000 0.184000 0.646667
935 47.130000 0.501667 0.033333 0.270000
487 47.171333 0.505000 0.064000 0.330000
287 47.250667 0.490000 0.113333 0.406667
231 47.344000 0.505000 0.090667 0.423333
967 47.397333 0.498333 0.036000 0.303333
471 47.438667 0.503333 0.062667 0.373333
496 47.509000 0.498333 0.098000 0.376667
121 47.559667 0.488333 0.018000 0.323333
303 47.594000 0.498333 0.066667 0.370000
312 47.665333 0.498333 0.094667 0.370000
405 47.759000 0.498333 0.112667 0.443333
215 47.856333 0.508333 0.096667 0.436667
166 47.957333 0.505000 0.125333 0.436667
109 48.105333 0.491667 0.184000 0.396667
599 48.246667 0.498333 0.118667 0.370000
539 48.327333 0.500000 0.061333 0.273333
525 48.412667 0.490000 0.128000 0.400000
745 48.522667 0.488333 0.110667 0.416667
80 48.630000 0.498333 0.120000 0.563333
435 48.708333 0.491667 0.050000 0.250000
712 48.817000 0.491667 0.182000 0.530000
318 48.949667 0.506667 0.100667 0.413333
490 49.025333 0.505000 0.070667 0.363333
0 49.072000 0.506667 0.038667 0.313333
868 49.127667 0.493333 0.088667 0.500000
270 49.259000 0.488333 0.190000 0.950000
746 49.411333 0.503333 0.132000 0.486667
600 49.538000 0.503333 0.134667 0.400000
700 49.679667 0.488333 0.166000 0.830000
82 49.783667 0.490000 0.060667 0.460000
142 49.851667 0.493333 0.094000 0.400000
791 49.932000 0.500000 0.086667 0.520000
1015 49.991667 0.508333 0.052667 0.376667
498 50.042667 0.490000 0.068000 0.386667
71 50.098667 0.488333 0.057333 0.303333
174 50.166333 0.505000 0.092667 0.336667
811 50.266333 0.510000 0.120667 0.320000
350 50.390667 0.495000 0.148000 0.410000
276 50.482000 0.508333 0.053333 0.323333
527 50.574000 0.490000 0.145333 0.466667
281 50.707000 0.498333 0.139333 0.470000
702 50.842333 0.496667 0.147333 0.466667
1013 50.929333 0.491667 0.041333 0.330000
100 51.034000 0.500000 0.186667 0.933333
765 51.160667 0.503333 0.082667 0.413333
30 51.256333 0.496667 0.127333 0.373333
866 51.391667 0.508333 0.159333 0.796667
78 51.538667 0.505000 0.150667 0.343333
224 51.665667 0.490000 0.116667 0.553333
292 51.773667 0.495000 0.116667 0.443333
154 51.868333 0.510000 0.087333 0.393333
40 51.959667 0.500000 0.115333 0.366667
330 52.052667 0.506667 0.084000 0.326667
954 52.105667 0.508333 0.042000 0.336667
76 52.194000 0.496667 0.150667 0.466667
643 52.316667 0.506667 0.109333 0.413333
677 52.417333 0.491667 0.112000 0.416667
1012 52.485000 0.491667 0.043333 0.316667
138 52.529333 0.490000 0.065333 0.373333
544 52.609333 0.503333 0.109333 0.400000
499 52.691667 0.496667 0.070000 0.426667
286 52.764667 0.508333 0.096000 0.343333
505 52.831333 0.510000 0.052000 0.220000
170 52.915000 0.505000 0.135333 0.496667
254 53.030000 0.490000 0.113333 0.433333
374 53.137333 0.505000 0.120000 0.336667
178 53.248667 0.510000 0.117333 0.440000
836 53.343000 0.501667 0.087333 0.376667
483 53.403333 0.488333 0.053333 0.296667
58 53.453333 0.500000 0.066667 0.326667
371 53.531000 0.505000 0.108667 0.290000
41 53.645333 0.490000 0.133333 0.380000
426 53.737667 0.501667 0.070000 0.396667
358 53.856333 0.488333 0.187333 0.936667
307 53.970667 0.493333 0.056000 0.313333
400 54.021667 0.490000 0.062000 0.533333
737 54.069000 0.496667 0.046000 0.326667
226 54.130333 0.506667 0.094000 0.473333
300 54.201333 0.488333 0.066667 0.216667
526 54.300000 0.506667 0.149333 0.393333
257 54.430333 0.491667 0.126000 0.403333
266 54.583667 0.503333 0.196667 0.626667
250 54.745333 0.490000 0.142667 0.700000
11 54.863000 0.488333 0.108667 0.350000
627 54.978000 0.491667 0.136000 0.456667
249 55.077333 0.506667 0.080000 0.566667
515 55.168000 0.493333 0.120000 0.393333
461 55.256333 0.503333 0.075333 0.386667
402 55.370333 0.488333 0.172667 0.443333
29 55.515000 0.508333 0.136667 0.370000
691 55.620667 0.506667 0.090667 0.440000
605 55.723000 0.495000 0.131333 0.343333
742 55.889333 0.496667 0.214667 1.073333
245 56.011667 0.508333 0.046000 0.276667
421 56.093333 0.491667 0.136000 0.416667
798 56.197667 0.498333 0.091333 0.363333
649 56.287667 0.508333 0.103333 0.550000
164 56.384000 0.500000 0.102667 0.366667
398 56.470667 0.493333 0.089333 0.486667
992 56.526667 0.496667 0.038667 0.306667
354 56.612333 0.510000 0.152667 0.426667
879 56.754667 0.491667 0.149333 0.450000
753 56.879000 0.510000 0.116667 0.400000
659 56.970667 0.505000 0.082667 0.343333
74 57.071333 0.488333 0.133333 0.416667
313 57.186333 0.503333 0.111333 0.426667
549 57.279667 0.493333 0.092667 0.313333
24 57.380333 0.508333 0.127333 0.436667
845 57.480333 0.510000 0.092667 0.453333
467 57.555667 0.496667 0.075333 0.406667
571 57.633667 0.491667 0.095333 0.390000
514 57.733333 0.508333 0.122667 0.396667
535 57.885667 0.490000 0.196667 0.433333
885 58.013333 0.503333 0.078667 0.346667
534 58.089333 0.488333 0.090667 0.383333
904 58.165000 0.491667 0.075333 0.350000
59 58.275000 0.488333 0.162000 0.810000
418 58.385667 0.506667 0.072667 0.353333
332 58.526333 0.498333 0.226000 1.130000
336 58.694333 0.500000 0.126000 0.606667
794 58.782000 0.496667 0.066667 0.400000
588 58.862667 0.496667 0.110667 0.480000
331 59.019333 0.500000 0.220000 1.100000
735 59.177333 0.510000 0.114667 0.453333
621 59.250333 0.503333 0.047333 0.493333
290 59.329333 0.493333 0.126667 0.346667
365 59.440000 0.495000 0.110667 0.350000
857 59.575000 0.508333 0.175333 0.876667
427 59.721333 0.510000 0.134667 0.673333
874 59.813000 0.508333 0.067333 0.330000
886 59.901667 0.500000 0.128667 0.453333
959 59.976667 0.503333 0.038667 0.306667
528 60.039667 0.490000 0.107333 0.353333
1008 60.103667 0.506667 0.035333 0.300000
517 60.171000 0.496667 0.118000 0.366667
420 60.269333 0.495000 0.097333 0.396667
739 60.346000 0.506667 0.074667 0.586667
237 60.418000 0.510000 0.082667 0.613333
225 60.501333 0.491667 0.104000 0.463333
610 60.609333 0.510000 0.130667 0.400000
187 60.710667 0.493333 0.088000 0.420000
111 60.783667 0.488333 0.072667 0.330000
851 60.867667 0.510000 0.114000 0.540000
146 60.962333 0.503333 0.092667 0.420000
743 61.039333 0.490000 0.080000 0.340000
555 61.088667 0.510000 0.033333 0.333333
288 61.165333 0.506667 0.133333 0.513333
898 61.313667 0.488333 0.182000 0.910000
508 61.433667 0.503333 0.078000 0.466667
590 61.523667 0.503333 0.115333 0.446667
846 61.634333 0.506667 0.123333 0.526667
572 61.741667 0.491667 0.108667 0.430000
242 61.843333 0.493333 0.108000 0.420000
688 61.937000 0.495000 0.098000 0.483333
36 62.028333 0.496667 0.098000 0.320000
315 62.120667 0.488333 0.106667 0.390000
452 62.197333 0.501667 0.061333 0.310000
1000 62.236667 0.496667 0.034667 0.266667
910 62.310333 0.496667 0.131333 0.453333
651 62.471000 0.488333 0.204667 1.023333
373 62.644000 0.506667 0.158667 0.433333
559 62.758000 0.488333 0.084000 0.410000
314 62.858333 0.508333 0.130000 0.510000
200 62.957333 0.490000 0.085333 0.426667
382 63.072667 0.506667 0.165333 0.826667
51 63.196000 0.510000 0.100000 0.333333
213 63.286333 0.496667 0.095333 0.393333
825 63.369333 0.490000 0.090667 0.413333
570 63.444333 0.510000 0.079333 0.326667
823 63.524667 0.503333 0.098667 0.440000
675 63.633333 0.493333 0.132000 0.426667
202 63.739000 0.493333 0.099333 0.400000
802 63.856000 0.506667 0.149333 0.313333
529 63.984000 0.505000 0.124000 0.570000
690 64.079333 0.490000 0.080000 0.386667
208 64.154000 0.495000 0.084000 0.370000
391 64.248333 0.503333 0.120667 0.326667
940 64.319000 0.488333 0.039333 0.310000
925 64.347000 0.508333 0.035333 0.270000
211 64.412667 0.506667 0.113333 0.453333
248 64.509333 0.510000 0.094667 0.513333
261 64.594667 0.498333 0.094667 0.450000
462 64.666667 0.500000 0.064000 0.373333
60 64.728667 0.501667 0.073333 0.296667
333 64.843000 0.498333 0.174000 0.870000
408 64.969667 0.498333 0.092667 0.350000
506 65.024667 0.488333 0.037333 0.410000
340 65.088667 0.488333 0.110667 0.323333
191 65.189333 0.506667 0.108000 0.440000
45 65.275000 0.495000 0.082000 0.410000
214 65.368000 0.498333 0.118667 0.496667
837 65.473000 0.506667 0.110000 0.453333
1 65.560000 0.503333 0.082667 0.426667
235 65.646667 0.488333 0.104000 0.430000
442 65.724667 0.491667 0.068000 0.376667
983 65.766000 0.505000 0.032000 0.263333
635 65.823667 0.500000 0.098000 0.406667
455 65.903000 0.510000 0.080667 0.420000
759 65.994000 0.503333 0.116000 0.360000
453 66.072000 0.500000 0.060000 0.340000
122 66.131000 0.505000 0.076667 0.283333
88 66.243667 0.506667 0.167333 0.360000
694 66.369667 0.495000 0.104667 0.510000
424 66.477333 0.501667 0.125333 0.403333
807 66.639667 0.508333 0.218000 1.090000
664 66.801333 0.493333 0.122667 0.453333
302 66.883333 0.493333 0.057333 0.320000
870 66.938000 0.488333 0.066667 0.343333
399 67.029333 0.498333 0.132000 0.463333
209 67.185333 0.503333 0.193333 0.966667
944 67.292000 0.495000 0.038667 0.283333
277 67.350333 0.506667 0.092667 0.433333
628 67.489667 0.498333 0.200667 1.003333
796 67.683667 0.491667 0.207333 1.036667
401 67.822333 0.503333 0.084667 0.473333
474 67.890000 0.490000 0.065333 0.340000
155 67.958333 0.493333 0.084667 0.440000
130 68.107000 0.491667 0.226000 1.130000
193 68.257333 0.500000 0.092000 0.406667
129 68.358333 0.493333 0.128667 0.493333
131 68.517667 0.491667 0.204667 1.023333
800 68.663667 0.488333 0.102000 0.383333
717 68.803333 0.493333 0.194667 0.973333
244 68.973667 0.506667 0.160667 0.433333
951 69.068000 0.490000 0.044000 0.346667
378 69.159000 0.493333 0.155333 0.433333
632 69.317667 0.493333 0.176667 0.573333
838 69.448000 0.506667 0.102667 0.446667
567 69.541667 0.493333 0.098000 0.400000
979 69.608333 0.505000 0.050000 0.376667
770 69.694000 0.491667 0.140000 0.450000
16 69.810000 0.495000 0.112000 0.403333
893 69.950667 0.493333 0.182667 0.913333
565 70.101000 0.496667 0.135333 0.306667
566 70.209667 0.501667 0.095333 0.403333
482 70.275333 0.510000 0.056000 0.306667
592 70.361667 0.490000 0.131333 0.373333
994 70.439667 0.510000 0.039333 0.313333
731 70.493000 0.500000 0.087333 0.420000
296 70.574667 0.510000 0.090667 0.333333
494 70.644000 0.503333 0.064000 0.346667
212 70.705667 0.498333 0.079333 0.396667
763 70.767000 0.503333 0.063333 0.486667
185 70.842333 0.496667 0.106000 0.486667
901 70.966333 0.506667 0.155333 0.413333
598 71.085667 0.490000 0.100667 0.300000
939 71.146000 0.501667 0.034667 0.276667
61 71.208000 0.498333 0.105333 0.523333
216 71.317000 0.501667 0.126000 0.516667
926 71.389000 0.505000 0.036667 0.276667
113 71.450333 0.491667 0.099333 0.456667
602 71.555667 0.491667 0.130000 0.403333
137 71.642667 0.505000 0.062667 0.363333
348 71.722000 0.508333 0.112000 0.356667
593 71.845667 0.500000 0.152667 0.446667
353 72.017667 0.495000 0.207333 1.036667
543 72.196000 0.490000 0.169333 0.846667
889 72.346000 0.510000 0.148000 0.460000
689 72.449333 0.510000 0.076000 0.366667
670 72.528000 0.508333 0.097333 0.323333
724 72.616000 0.500000 0.092000 0.473333
4 72.697667 0.506667 0.090000 0.353333
542 72.792000 0.490000 0.114667 0.473333
351 72.906667 0.496667 0.130667 0.400000
480 72.997333 0.508333 0.069333 0.403333
946 73.045000 0.508333 0.043333 0.316667
869 73.085000 0.493333 0.050000 0.320000
443 73.136667 0.503333 0.068000 0.360000
33 73.211333 0.503333 0.094667 0.300000
805 73.363000 0.498333 0.222000 1.110000
799 73.509000 0.493333 0.083333 0.326667
334 73.600333 0.508333 0.116667 0.383333
431 73.692333 0.503333 0.084667 0.313333
945 73.747333 0.501667 0.045333 0.330000
821 73.801000 0.506667 0.080667 0.586667
376 73.932667 0.493333 0.200000 1.000000
445 74.055667 0.506667 0.062000 0.333333
524 74.128000 0.505000 0.102667 0.323333
657 74.230000 0.491667 0.114667 0.490000
219 74.329000 0.490000 0.103333 0.426667
110 74.441333 0.495000 0.136000 0.496667
39 74.548667 0.493333 0.093333 0.320000
729 74.600667 0.495000 0.024000 0.330000
104 74.706333 0.508333 0.204667 0.436667
395 74.876000 0.490000 0.148000 0.420000
817 75.007000 0.510000 0.127333 0.366667
475 75.098667 0.488333 0.069333 0.416667
136 75.179667 0.495000 0.112667 0.476667
491 75.288000 0.510000 0.120000 0.586667
441 75.374333 0.490000 0.070000 0.366667
232 75.455333 0.490000 0.109333 0.546667
738 75.535333 0.505000 0.070667 0.343333
568 75.621333 0.496667 0.116000 0.580000
854 75.752000 0.491667 0.161333 0.470000
48 75.977333 0.498333 0.304000 0.650000
140 76.170000 0.508333 0.098667 0.476667
153 76.258667 0.491667 0.094667 0.430000
1016 76.321333 0.488333 0.044000 0.343333
641 76.382000 0.491667 0.090667 0.443333
389 76.484667 0.500000 0.128000 0.393333
949 76.559667 0.508333 0.040667 0.336667
449 76.608333 0.498333 0.074000 0.383333
283 76.693000 0.488333 0.111333 0.383333
827 76.793667 0.493333 0.107333 0.446667
957 76.858333 0.496667 0.042000 0.306667
180 76.938333 0.488333 0.132667 0.463333
633 77.074000 0.503333 0.158667 0.793333
716 77.242000 0.493333 0.190667 0.593333
181 77.437667 0.495000 0.218000 1.090000
345 77.615000 0.496667 0.150000 0.466667
993 77.704667 0.493333 0.044000 0.333333
934 77.734667 0.498333 0.030667 0.256667
149 77.807667 0.496667 0.134000 0.346667
282 77.921000 0.506667 0.106000 0.360000
28 78.026333 0.495000 0.120667 0.410000
115 78.107667 0.508333 0.058000 0.343333
806 78.236667 0.510000 0.216000 0.553333
564 78.429333 0.495000 0.184000 0.376667
304 78.555667 0.496667 0.082000 0.460000
843 78.646333 0.498333 0.118000 0.483333
356 78.788000 0.493333 0.181333 0.906667
135 78.923000 0.500000 0.108667 0.326667
653 79.042000 0.501667 0.145333 0.470000
987 79.126333 0.503333 0.038000 0.300000
436 79.184333 0.493333 0.092667 0.273333
87 79.333000 0.500000 0.219333 0.480000
780 79.497333 0.508333 0.122667 0.363333
411 79.638333 0.491667 0.175333 0.350000
976 79.743333 0.508333 0.049333 0.363333
761 79.834000 0.490000 0.148000 0.446667
728 79.926333 0.501667 0.054000 0.456667
460 79.979333 0.506667 0.069333 0.386667
631 80.104000 0.510000 0.193333 0.646667
1011 80.211667 0.498333 0.039333 0.310000
347 80.298333 0.491667 0.148667 0.416667
316 80.418667 0.491667 0.108000 0.376667
820 80.512333 0.488333 0.094000 0.390000
697 80.633333 0.490000 0.165333 0.826667
537 80.824000 0.506667 0.233333 0.373333
201 80.995000 0.495000 0.122000 0.550000
522 81.105333 0.500000 0.118667 0.393333
509 81.221000 0.505000 0.126000 0.396667
546 81.314667 0.495000 0.078667 0.303333
478 81.371667 0.505000 0.055333 0.290000
238 81.459667 0.503333 0.134000 0.520000
640 81.561333 0.506667 0.084000 0.420000
815 81.656333 0.506667 0.124667 0.346667
733 81.744333 0.510000 0.066000 0.393333
920 81.812667 0.490000 0.090667 0.333333
974 81.868333 0.508333 0.034000 0.256667
247 81.920667 0.498333 0.086667 0.430000
13 82.004333 0.496667 0.094000 0.306667
338 82.109667 0.500000 0.130000 0.673333
908 82.220000 0.500000 0.109333 0.400000
343 82.324333 0.498333 0.116667 0.343333
89 82.463667 0.491667 0.182000 0.910000
668 82.598000 0.508333 0.104000 0.350000
422 82.687000 0.488333 0.087333 0.330000
380 82.787667 0.491667 0.131333 0.370000
500 82.879667 0.496667 0.067333 0.293333
241 82.957667 0.495000 0.102000 0.570000
352 83.064667 0.496667 0.130667 0.366667
985 83.137667 0.508333 0.035333 0.256667
328 83.249667 0.493333 0.206000 0.506667
86 83.395667 0.488333 0.100667 0.470000
284 83.498000 0.493333 0.121333 0.446667
93 83.656333 0.495000 0.215333 1.076667
493 83.798000 0.495000 0.085333 0.383333
792 83.879000 0.506667 0.091333 0.373333
841 83.959000 0.500000 0.082000 0.406667
323 84.102667 0.496667 0.224000 1.120000
782 84.265333 0.490000 0.118667 0.560000
585 84.388667 0.501667 0.142667 0.443333
678 84.504667 0.505000 0.106667 0.403333
998 84.562333 0.495000 0.028667 0.243333
773 84.632333 0.495000 0.128667 0.343333
125 84.739000 0.505000 0.104667 0.490000
150 84.847000 0.496667 0.124667 0.486667
306 84.941000 0.491667 0.082000 0.463333
385 85.033333 0.500000 0.122667 0.340000
666 85.143333 0.493333 0.112000 0.380000
727 85.233000 0.490000 0.084667 0.400000
519 85.327667 0.491667 0.120667 0.410000
601 85.431667 0.488333 0.103333 0.303333
701 85.554000 0.506667 0.154667 0.500000
293 85.669667 0.488333 0.091333 0.356667
703 85.759667 0.500000 0.108667 0.360000
772 85.890000 0.493333 0.166667 0.540000
612 86.045667 0.488333 0.158000 0.403333
377 86.195000 0.510000 0.155333 0.426667
456 86.293667 0.493333 0.062000 0.326667
497 86.377667 0.491667 0.124667 0.323333
762 86.463333 0.495000 0.064000 0.276667
396 86.595333 0.510000 0.218667 1.093333
797 86.738333 0.490000 0.086000 0.313333
897 86.842000 0.491667 0.137333 0.396667
630 86.979333 0.500000 0.150667 0.506667
541 87.142000 0.500000 0.190667 0.413333
687 87.280000 0.510000 0.098667 0.486667
14 87.364000 0.495000 0.088000 0.290000
143 87.451000 0.503333 0.103333 0.440000
186 87.554000 0.493333 0.121333 0.486667
747 87.653667 0.491667 0.091333 0.396667
1005 87.715000 0.505000 0.047333 0.336667
867 87.792667 0.510000 0.125333 0.446667
90 87.946667 0.503333 0.197333 0.420000
381 88.143333 0.500000 0.209333 1.046667
279 88.292333 0.495000 0.102000 0.590000
963 88.359333 0.508333 0.045333 0.330000
227 88.421333 0.496667 0.098667 0.400000
289 88.545333 0.500000 0.169333 0.846667
538 88.711667 0.488333 0.180667 0.450000
726 88.835333 0.496667 0.086667 0.453333
548 88.939000 0.496667 0.135333 0.426667
917 89.018000 0.510000 0.042667 0.300000
68 89.090667 0.498333 0.120000 0.343333
673 89.193000 0.495000 0.102000 0.390000
684 89.292333 0.510000 0.115333 0.453333
952 89.364667 0.510000 0.044000 0.320000
693 89.426000 0.501667 0.092000 0.450000
540 89.570333 0.505000 0.215333 1.076667
342 89.705000 0.503333 0.067333 0.300000
176 89.792333 0.495000 0.127333 0.476667
73 89.920000 0.503333 0.144000 0.440000
616 90.070000 0.501667 0.172000 0.470000
755 90.218333 0.503333 0.143333 0.413333
634 90.316667 0.490000 0.073333 0.306667
105 90.436667 0.503333 0.181333 0.906667
177 90.622667 0.500000 0.210667 1.053333
184 90.783000 0.508333 0.128667 0.523333
81 90.887000 0.510000 0.099333 0.400000
569 90.971667 0.496667 0.083333 0.340000
932 91.025333 0.490000 0.041333 0.346667
94 91.143000 0.490000 0.207333 0.453333
953 91.263667 0.495000 0.050000 0.370000
589 91.329667 0.490000 0.095333 0.393333
325 91.446333 0.490000 0.154000 0.613333
907 91.565333 0.510000 0.097333 0.326667
927 91.624333 0.488333 0.039333 0.323333
10 91.682333 0.510000 0.094000 0.313333
6 91.761667 0.501667 0.084667 0.336667
79 91.898333 0.495000 0.202000 1.010000
35 92.045333 0.491667 0.108000 0.343333
183 92.152000 0.493333 0.118667 0.513333
7 92.254333 0.503333 0.099333 0.353333
991 92.315333 0.498333 0.036000 0.263333
948 92.343667 0.495000 0.039333 0.290000
2 92.397667 0.491667 0.084667 0.423333
618 92.466667 0.505000 0.069333 0.436667
349 92.559667 0.495000 0.131333 0.350000
133 92.666667 0.491667 0.100000 0.390000
625 92.804000 0.498333 0.192000 0.643333
779 92.911667 0.500000 0.036667 0.313333
966 92.938667 0.501667 0.036000 0.296667
297 92.984333 0.493333 0.075333 0.386667
488 93.052000 0.510000 0.077333 0.373333
730 93.138667 0.488333 0.116000 0.416667
790 93.217000 0.496667 0.058000 0.346667
826 93.279000 0.490000 0.084667 0.400000
361 93.378333 0.510000 0.127333 0.353333
102 93.526333 0.503333 0.187333 0.406667
646 93.651333 0.500000 0.076000 0.346667
346 93.760333 0.491667 0.155333 0.456667
615 93.919333 0.503333 0.180000 0.900000
583 94.032333 0.488333 0.060667 0.376667
112 94.158667 0.510000 0.209333 1.046667
84 94.313667 0.503333 0.114000 0.320000
840 94.425000 0.510000 0.123333 0.513333
573 94.520000 0.503333 0.084000 0.320000
217 94.606333 0.498333 0.108667 0.550000
197 94.710667 0.501667 0.114667 0.476667
168 94.829333 0.496667 0.140000 0.493333
172 95.004333 0.508333 0.224667 1.123333
850 95.168000 0.498333 0.117333 0.556667
704 95.286333 0.491667 0.136667 0.503333
451 95.378667 0.508333 0.061333 0.316667
291 95.450333 0.496667 0.100667 0.393333
92 95.601000 0.503333 0.218000 0.453333
22 95.758333 0.498333 0.114000 0.383333
741 95.861000 0.508333 0.106000 0.363333
990 95.921000 0.500000 0.031333 0.246667
781 95.962000 0.491667 0.070667 0.363333
190 96.045667 0.493333 0.111333 0.500000
167 96.147000 0.503333 0.104667 0.366667
221 96.241667 0.498333 0.100667 0.436667
77 96.339000 0.496667 0.107333 0.266667
607 96.441000 0.493333 0.110000 0.326667
523 96.543333 0.488333 0.112000 0.350000
236 96.643000 0.493333 0.104667 0.520000
808 96.733333 0.505000 0.090667 0.343333
594 96.836333 0.510000 0.131333 0.400000
479 96.928000 0.506667 0.069333 0.413333
311 96.998333 0.490000 0.088667 0.386667
861 97.058000 0.505000 0.046667 0.363333
147 97.113667 0.500000 0.082000 0.346667
652 97.237333 0.500000 0.178667 0.893333
650 97.379000 0.491667 0.124667 0.410000
295 97.490333 0.503333 0.116667 0.500000
877 97.576667 0.508333 0.076000 0.363333
25 97.692000 0.510000 0.168000 0.840000
375 97.882333 0.488333 0.231333 1.156667
423 98.062667 0.508333 0.148000 0.503333
788 98.195667 0.500000 0.138000 0.426667
881 98.311667 0.498333 0.110000 0.370000
871 98.394000 0.506667 0.074667 0.340000
326 98.456333 0.490000 0.070000 0.320000
298 98.519333 0.510000 0.072000 0.353333
578 98.601333 0.508333 0.112000 0.443333
973 98.668333 0.490000 0.038000 0.306667
510 98.751333 0.500000 0.145333 0.453333
911 98.864333 0.508333 0.099333 0.396667
1020 98.930333 0.510000 0.047333 0.366667
713 99.034000 0.508333 0.177333 0.443333
432 99.197000 0.493333 0.166000 0.346667
895 99.343000 0.493333 0.139333 0.400000
903 99.460333 0.506667 0.115333 0.313333
695 99.602667 0.506667 0.182667 0.473333
3 99.733667 0.493333 0.098000 0.446667
360 99.847333 0.503333 0.142667 0.380000
723 99.962000 0.505000 0.105333 0.363333
42 100.042667 0.493333 0.074667 0.426667
156 100.167000 0.503333 0.190000 0.493333
169 100.307333 0.495000 0.105333 0.396667
683 100.408333 0.503333 0.111333 0.320000
642 100.508333 0.496667 0.107333 0.413333
49 100.635333 0.490000 0.161333 0.806667
672 100.761000 0.506667 0.107333 0.353333
1009 100.825667 0.496667 0.038000 0.280000
930 100.854000 0.490000 0.034667 0.286667
714 100.944667 0.510000 0.164000 0.820000
263 101.110000 0.506667 0.186667 0.933333
922 101.214333 0.508333 0.038000 0.283333
918 101.276333 0.506667 0.102000 0.333333
134 101.360667 0.500000 0.086667 0.346667
446 101.437333 0.495000 0.082667 0.423333
732 101.504667 0.510000 0.070667 0.340000
648 101.583667 0.510000 0.103333 0.433333
891 101.660667 0.493333 0.066667 0.293333
624 101.780000 0.495000 0.185333 0.616667
1007 101.886000 0.498333 0.040000 0.310000
941 101.920667 0.496667 0.048000 0.373333
884 102.004000 0.503333 0.132000 0.473333
310 102.101333 0.506667 0.080000 0.446667
768 102.176000 0.490000 0.088000 0.186667
189 102.256667 0.493333 0.090667 0.460000
83 102.338333 0.508333 0.088667 0.436667
417 102.413000 0.501667 0.074000 0.363333
359 102.539667 0.498333 0.192667 0.963333
997 102.650667 0.508333 0.044000 0.323333
545 102.710333 0.491667 0.095333 0.343333
404 102.811333 0.501667 0.120000 0.610000
754 102.936667 0.500000 0.148000 0.720000
595 103.073333 0.491667 0.144000 0.463333
114 103.184000 0.510000 0.097333 0.486667
842 103.276667 0.496667 0.101333 0.413333
818 103.386000 0.510000 0.134667 0.393333
106 103.530000 0.490000 0.170667 0.853333
975 103.626667 0.493333 0.041333 0.326667
793 103.682667 0.506667 0.085333 0.346667
844 103.771667 0.505000 0.106000 0.496667
562 103.895333 0.498333 0.160000 0.363333
447 103.998333 0.510000 0.062000 0.360000
962 104.038667 0.490000 0.032000 0.253333
609 104.079333 0.490000 0.065333 0.266667
