672 0.058000 0.498333 0.109333 0.383333
705 0.164000 0.495000 0.120000 0.383333
524 0.283333 0.493333 0.137333 0.440000
56 0.386000 0.488333 0.081333 0.110000
288 0.489000 0.503333 0.138000 0.526667
701 0.654667 0.503333 0.213333 1.066667
294 0.856667 0.496667 0.209333 1.046667
209 1.007000 0.498333 0.108667 0.443333
903 1.111667 0.510000 0.114000 0.293333
32 1.229000 0.510000 0.135333 0.440000
664 1.346000 0.500000 0.116000 0.406667
297 1.429333 0.493333 0.065333 0.340000
395 1.528333 0.493333 0.146000 0.400000
140 1.673333 0.496667 0.161333 0.806667
645 1.794000 0.496667 0.093333 0.413333
28 1.882667 0.493333 0.100000 0.326667
183 1.973667 0.498333 0.102000 0.516667
319 2.063333 0.500000 0.092000 0.346667
180 2.166333 0.506667 0.128667 0.480000
857 2.317000 0.510000 0.187333 0.400000
506 2.421000 0.503333 0.034000 0.380000
482 2.457667 0.496667 0.058000 0.340000
623 2.546667 0.505000 0.137333 0.456667
579 2.688667 0.506667 0.166667 0.433333
657 2.804000 0.505000 0.082667 0.336667
332 2.967333 0.496667 0.264000 0.586667
272 3.194667 0.500000 0.209333 1.046667
339 3.333000 0.498333 0.087333 0.463333
556 3.417000 0.506667 0.098000 0.400000
424 3.522667 0.498333 0.130667 0.410000
285 3.637000 0.506667 0.118000 0.386667
384 3.761000 0.498333 0.146000 0.390000
706 3.863333 0.490000 0.078667 0.413333
817 3.950000 0.506667 0.109333 0.366667
63 4.052000 0.498333 0.110667 0.396667
827 4.148333 0.505000 0.102000 0.443333
262 4.234667 0.493333 0.090667 0.460000
877 4.307333 0.488333 0.074667 0.390000
513 4.396333 0.500000 0.120667 0.393333
126 4.523667 0.490000 0.154000 0.533333
938 4.610667 0.505000 0.033333 0.256667
486 4.648667 0.495000 0.061333 0.310000
848 4.737333 0.490000 0.129333 0.393333
260 4.873667 0.506667 0.159333 0.406667
587 4.998667 0.505000 0.104000 0.316667
594 5.107333 0.498333 0.129333 0.390000
3 5.203000 0.505000 0.075333 0.336667
867 5.291667 0.503333 0.116667 0.420000
945 5.357000 0.510000 0.032667 0.253333
729 5.377667 0.510000 0.028667 0.413333
12 5.438333 0.496667 0.107333 0.353333
73 5.541000 0.490000 0.114000 0.366667
391 5.669000 0.501667 0.155333 0.456667
744 5.805667 0.488333 0.138000 0.570000
839 5.920333 0.505000 0.110000 0.470000
970 5.988000 0.505000 0.044000 0.363333
615 6.080000 0.490000 0.157333 0.786667
440 6.178667 0.500000 0.057333 0.320000
351 6.273667 0.495000 0.147333 0.430000
186 6.384333 0.488333 0.092667 0.376667
154 6.464667 0.501667 0.085333 0.423333
31 6.577000 0.505000 0.152667 0.443333
317 6.694667 0.498333 0.100000 0.396667
435 6.765000 0.498333 0.055333 0.256667
931 6.802000 0.488333 0.036000 0.270000
608 6.866333 0.490000 0.107333 0.366667
144 7.007667 0.505000 0.191333 0.956667
960 7.117000 0.488333 0.047333 0.356667
959 7.155333 0.500000 0.042667 0.326667
95 7.265667 0.488333 0.195333 0.976667
884 7.417667 0.510000 0.123333 0.413333
207 7.525333 0.488333 0.110667 0.543333
860 7.678667 0.500000 0.212000 1.060000
525 7.843333 0.505000 0.133333 0.450000
943 7.921000 0.493333 0.038000 0.300000
282 7.997333 0.510000 0.130667 0.460000
845 8.104000 0.503333 0.100000 0.413333
574 8.180333 0.505000 0.072667 0.290000
1001 8.222333 0.493333 0.030000 0.253333
965 8.248333 0.488333 0.035333 0.270000
543 8.361333 0.500000 0.205333 1.026667
148 8.567333 0.493333 0.222667 1.113333
521 8.727000 0.495000 0.114000 0.296667
830 8.820000 0.495000 0.089333 0.376667
286 8.910667 0.500000 0.110667 0.406667
163 9.018333 0.488333 0.122000 0.423333
131 9.120333 0.498333 0.096667 0.376667
175 9.228333 0.501667 0.132667 0.490000
870 9.321000 0.500000 0.068667 0.326667
421 9.430667 0.500000 0.166667 0.526667
856 9.597667 0.490000 0.184667 0.460000
787 9.715333 0.495000 0.069333 0.430000
902 9.822333 0.506667 0.158000 0.466667
547 9.925000 0.496667 0.064667 0.360000
601 10.018333 0.495000 0.140667 0.423333
993 10.103333 0.498333 0.045333 0.323333
590 10.223000 0.491667 0.208667 1.043333
87 10.413333 0.498333 0.190667 0.416667
679 10.544000 0.500000 0.086667 0.540000
558 10.619000 0.503333 0.080667 0.393333
249 10.684333 0.491667 0.070000 0.543333
806 10.818667 0.493333 0.214667 1.073333
721 11.011000 0.491667 0.183333 0.470000
761 11.153000 0.506667 0.116667 0.346667
128 11.275000 0.496667 0.142000 0.413333
655 11.384333 0.503333 0.091333 0.380000
919 11.452667 0.506667 0.065333 0.273333
522 11.531333 0.496667 0.105333 0.333333
999 11.598667 0.508333 0.042667 0.330000
512 11.667667 0.503333 0.112667 0.380000
466 11.749333 0.490000 0.070667 0.373333
570 11.826333 0.488333 0.099333 0.423333
280 11.919000 0.491667 0.103333 0.336667
710 12.049000 0.503333 0.171333 0.533333
677 12.191333 0.493333 0.132000 0.440000
528 12.298000 0.500000 0.096000 0.320000
216 12.377667 0.493333 0.083333 0.406667
876 12.503333 0.490000 0.184000 0.453333
550 12.620000 0.495000 0.062667 0.316667
1019 12.667667 0.506667 0.050000 0.373333
948 12.704667 0.508333 0.042667 0.336667
602 12.767333 0.496667 0.101333 0.306667
298 12.847000 0.491667 0.074000 0.370000
413 12.931000 0.510000 0.107333 0.453333
326 13.009333 0.505000 0.062667 0.283333
313 13.086667 0.505000 0.110667 0.396667
751 13.175667 0.488333 0.082000 0.356667
614 13.297667 0.508333 0.180667 0.903333
171 13.430000 0.491667 0.101333 0.350000
321 13.517333 0.496667 0.093333 0.420000
968 13.574667 0.496667 0.036000 0.266667
76 13.669667 0.493333 0.170000 0.533333
809 13.811333 0.498333 0.129333 0.656667
149 13.948667 0.490000 0.158667 0.406667
794 14.056667 0.506667 0.076000 0.473333
639 14.124667 0.498333 0.074667 0.376667
850 14.199667 0.495000 0.090000 0.396667
211 14.294333 0.503333 0.112667 0.573333
16 14.408000 0.493333 0.128000 0.420000
289 14.581000 0.488333 0.231333 1.156667
862 14.719333 0.488333 0.064000 0.356667
980 14.758000 0.503333 0.033333 0.260000
853 14.820667 0.500000 0.109333 0.453333
765 14.899667 0.506667 0.062000 0.333333
14 14.973000 0.496667 0.098000 0.340000
557 15.048000 0.498333 0.068000 0.463333
353 15.127333 0.496667 0.110667 0.300000
330 15.220000 0.496667 0.089333 0.340000
689 15.298667 0.505000 0.086667 0.423333
371 15.391000 0.505000 0.115333 0.336667
480 15.470333 0.493333 0.062000 0.333333
606 15.562667 0.498333 0.137333 0.416667
189 15.665667 0.490000 0.088667 0.406667
981 15.723333 0.490000 0.041333 0.320000
412 15.779667 0.496667 0.084667 0.433333
535 15.910000 0.503333 0.190667 0.406667
60 16.026000 0.508333 0.061333 0.256667
337 16.144667 0.490000 0.189333 0.466667
1008 16.244000 0.496667 0.029333 0.246667
912 16.299000 0.505000 0.098000 0.430000
66 16.386333 0.505000 0.095333 0.496667
58 16.461000 0.488333 0.068667 0.323333
295 16.548333 0.503333 0.123333 0.513333
410 16.657000 0.500000 0.108667 0.526667
264 16.771000 0.488333 0.139333 0.536667
438 16.890667 0.510000 0.117333 0.353333
385 17.007333 0.498333 0.132000 0.363333
210 17.123667 0.503333 0.114000 0.493333
927 17.188667 0.501667 0.033333 0.250000
882 17.245667 0.505000 0.096667 0.383333
613 17.369667 0.498333 0.171333 0.436667
212 17.512667 0.500000 0.134667 0.540000
132 17.619000 0.491667 0.094000 0.396667
837 17.712667 0.510000 0.106667 0.513333
800 17.809667 0.495000 0.107333 0.390000
104 17.956333 0.500000 0.206000 0.446667
342 18.086667 0.503333 0.068000 0.320000
25 18.162333 0.498333 0.103333 0.370000
833 18.247667 0.508333 0.083333 0.410000
170 18.342333 0.505000 0.122000 0.463333
918 18.458333 0.510000 0.123333 0.393333
248 18.551000 0.491667 0.076667 0.416667
54 18.619333 0.488333 0.077333 0.410000
917 18.670667 0.510000 0.045333 0.326667
829 18.741000 0.490000 0.112667 0.466667
712 18.864000 0.496667 0.146667 0.433333
316 18.985000 0.490000 0.115333 0.433333
1014 19.050667 0.491667 0.034667 0.270000
1007 19.077000 0.500000 0.031333 0.253333
759 19.146333 0.495000 0.124667 0.356667
90 19.288667 0.493333 0.173333 0.866667
795 19.407667 0.503333 0.082000 0.493333
843 19.495000 0.505000 0.112667 0.543333
893 19.640000 0.495000 0.190667 0.550000
683 19.840333 0.508333 0.224667 1.123333
764 19.974667 0.488333 0.061333 0.330000
789 20.028333 0.495000 0.064667 0.383333
934 20.076333 0.495000 0.044667 0.330000
941 20.106667 0.491667 0.036000 0.290000
245 20.147667 0.493333 0.059333 0.253333
94 20.250667 0.503333 0.164000 0.820000
989 20.344667 0.493333 0.038667 0.286667
564 20.442333 0.500000 0.174000 0.386667
469 20.550667 0.503333 0.057333 0.340000
455 20.600333 0.496667 0.062000 0.346667
219 20.673000 0.510000 0.098000 0.406667
439 20.763000 0.488333 0.095333 0.376667
940 20.823667 0.505000 0.042000 0.316667
196 20.877000 0.501667 0.082000 0.403333
150 20.974667 0.510000 0.126667 0.500000
146 21.075333 0.510000 0.093333 0.426667
811 21.184333 0.491667 0.144667 0.430000
228 21.303333 0.510000 0.108000 0.546667
544 21.404667 0.493333 0.109333 0.413333
726 21.487333 0.493333 0.076000 0.400000
646 21.553333 0.503333 0.072000 0.306667
1002 21.600333 0.496667 0.036667 0.266667
991 21.629333 0.491667 0.034667 0.270000
631 21.725000 0.498333 0.176667 0.883333
894 21.874667 0.503333 0.138667 0.360000
510 22.008000 0.501667 0.141333 0.443333
402 22.140667 0.493333 0.138667 0.360000
842 22.266667 0.488333 0.126667 0.523333
909 22.372667 0.496667 0.098667 0.433333
695 22.512000 0.490000 0.196000 0.980000
256 22.649667 0.500000 0.095333 0.326667
536 22.760000 0.490000 0.141333 0.566667
887 22.891667 0.498333 0.142000 0.463333
838 23.012333 0.496667 0.115333 0.526667
415 23.174667 0.506667 0.226667 1.133333
98 23.387000 0.501667 0.218000 1.090000
124 23.536667 0.488333 0.101333 0.363333
355 23.647667 0.498333 0.139333 0.370000
755 23.779333 0.496667 0.141333 0.406667
75 23.909000 0.500000 0.136667 0.426667
890 24.025000 0.488333 0.112667 0.510000
109 24.161333 0.510000 0.178667 0.893333
296 24.298000 0.503333 0.112000 0.420000
591 24.408667 0.508333 0.122667 0.356667
364 24.575333 0.503333 0.225333 1.126667
585 24.777333 0.506667 0.193333 0.966667
774 24.891000 0.505000 0.052667 0.310000
1005 24.929667 0.508333 0.043333 0.330000
546 24.997667 0.505000 0.108667 0.390000
322 25.082333 0.495000 0.078000 0.150000
301 25.152000 0.490000 0.076000 0.433333
659 25.226333 0.490000 0.086000 0.346667
142 25.304667 0.493333 0.090667 0.433333
447 25.378667 0.495000 0.076000 0.410000
974 25.427000 0.493333 0.038000 0.286667
429 25.497667 0.495000 0.123333 0.416667
369 25.649000 0.505000 0.199333 0.996667
465 25.771333 0.495000 0.061333 0.316667
425 25.840667 0.500000 0.096000 0.566667
420 25.929333 0.505000 0.097333 0.383333
202 26.034333 0.491667 0.130000 0.570000
939 26.112333 0.505000 0.044667 0.323333
1003 26.146000 0.490000 0.038667 0.320000
358 26.231333 0.490000 0.152000 0.386667
652 26.374667 0.498333 0.149333 0.503333
477 26.473667 0.508333 0.063333 0.330000
1020 26.519667 0.488333 0.042000 0.356667
29 26.594000 0.500000 0.125333 0.340000
69 26.704667 0.490000 0.109333 0.566667
495 26.798000 0.500000 0.094667 0.413333
913 26.893667 0.496667 0.114000 0.340000
707 26.984667 0.496667 0.082667 0.353333
449 27.045667 0.500000 0.058000 0.313333
423 27.130667 0.498333 0.130667 0.476667
308 27.220000 0.508333 0.066667 0.370000
1015 27.267000 0.496667 0.042000 0.313333
428 27.323333 0.506667 0.089333 0.620000
393 27.418000 0.491667 0.117333 0.330000
771 27.552000 0.510000 0.164000 0.820000
200 27.682333 0.508333 0.115333 0.476667
532 27.778333 0.501667 0.095333 0.490000
198 27.859333 0.495000 0.082667 0.416667
268 27.986000 0.496667 0.186667 0.933333
259 28.126667 0.505000 0.110667 0.550000
697 28.208000 0.491667 0.065333 0.330000
588 28.277000 0.503333 0.087333 0.380000
476 28.343333 0.505000 0.064000 0.336667
998 28.383333 0.506667 0.034667 0.273333
572 28.435333 0.488333 0.084000 0.330000
742 28.567667 0.488333 0.200667 1.003333
736 28.694333 0.498333 0.068667 0.370000
1013 28.741667 0.498333 0.040667 0.296667
40 28.801667 0.506667 0.092667 0.293333
715 28.936667 0.496667 0.190667 0.500000
23 29.090667 0.500000 0.130667 0.373333
621 29.173333 0.490000 0.054667 0.573333
836 29.241667 0.493333 0.100667 0.453333
807 29.372333 0.491667 0.176667 0.883333
93 29.532667 0.490000 0.160000 0.800000
137 29.641333 0.503333 0.073333 0.360000
722 29.723333 0.510000 0.106667 0.320000
696 29.849667 0.493333 0.162000 0.366667
497 29.996000 0.506667 0.150667 0.386667
567 30.130000 0.495000 0.137333 0.563333
414 30.255333 0.491667 0.128000 0.656667
103 30.406333 0.490000 0.187333 0.406667
130 30.587667 0.491667 0.190000 0.950000
457 30.703000 0.506667 0.058000 0.346667
728 30.747667 0.495000 0.050000 0.436667
70 30.878333 0.488333 0.228667 1.143333
427 31.040333 0.491667 0.112667 0.536667
115 31.116667 0.505000 0.053333 0.276667
605 31.192667 0.495000 0.112000 0.310000
320 31.301667 0.498333 0.119333 0.396667
562 31.433667 0.493333 0.160667 0.326667
277 31.549333 0.495000 0.085333 0.403333
176 31.678000 0.500000 0.190667 0.953333
647 31.804333 0.495000 0.079333 0.396667
483 31.875000 0.503333 0.075333 0.446667
172 31.956000 0.501667 0.100000 0.343333
48 32.106667 0.503333 0.217333 1.086667
541 32.288333 0.491667 0.163333 0.343333
108 32.458667 0.490000 0.197333 0.986667
687 32.599333 0.508333 0.097333 0.470000
637 32.675667 0.496667 0.068667 0.353333
255 32.762667 0.488333 0.122667 0.476667
223 32.865667 0.503333 0.099333 0.406667
604 32.969333 0.490000 0.121333 0.366667
388 33.076000 0.496667 0.112000 0.320000
475 33.151000 0.506667 0.055333 0.326667
634 33.207333 0.490000 0.076000 0.313333
568 33.296000 0.496667 0.121333 0.606667
929 33.371667 0.510000 0.046000 0.340000
195 33.449667 0.498333 0.124667 0.523333
479 33.534000 0.491667 0.058667 0.350000
818 33.623000 0.501667 0.135333 0.476667
168 33.747333 0.495000 0.129333 0.450000
949 33.825667 0.495000 0.042000 0.323333
203 33.895333 0.508333 0.114667 0.490000
365 34.042667 0.506667 0.200000 1.000000
640 34.168667 0.496667 0.066667 0.333333
778 34.241667 0.488333 0.092667 0.610000
642 34.320333 0.498333 0.083333 0.323333
739 34.383333 0.508333 0.057333 0.410000
49 34.504000 0.490000 0.201333 1.006667
1006 34.614333 0.496667 0.032667 0.253333
174 34.703000 0.501667 0.164667 0.823333
808 34.831000 0.501667 0.110000 0.503333
162 34.934333 0.505000 0.111333 0.403333
472 35.012333 0.501667 0.064667 0.336667
123 35.093000 0.498333 0.114000 0.710000
13 35.190000 0.498333 0.097333 0.323333
6 35.285000 0.495000 0.110000 0.410000
799 35.380667 0.498333 0.100000 0.376667
747 35.464667 0.503333 0.081333 0.353333
1021 35.521667 0.500000 0.050000 0.373333
224 35.596333 0.496667 0.115333 0.466667
165 35.697667 0.505000 0.100667 0.383333
432 35.796333 0.496667 0.116667 0.240000
814 35.919333 0.503333 0.149333 0.433333
847 36.046667 0.488333 0.120000 0.363333
312 36.158000 0.506667 0.122667 0.426667
1000 36.232000 0.495000 0.038667 0.276667
720 36.333333 0.503333 0.184000 0.920000
889 36.479667 0.508333 0.128667 0.510000
17 36.579000 0.506667 0.084667 0.293333
281 36.675667 0.498333 0.122000 0.430000
232 36.790667 0.501667 0.124000 0.523333
578 36.896667 0.495000 0.108000 0.416667
678 36.990000 0.506667 0.098667 0.346667
111 37.074667 0.493333 0.084000 0.366667
569 37.150667 0.510000 0.082667 0.360000
36 37.243667 0.488333 0.119333 0.443333
82 37.333000 0.508333 0.075333 0.563333
335 37.438000 0.488333 0.148000 0.510000
454 37.546667 0.490000 0.088000 0.446667
324 37.650000 0.491667 0.134667 0.663333
944 37.728667 0.500000 0.036000 0.280000
499 37.771667 0.508333 0.064667 0.396667
143 37.841333 0.505000 0.089333 0.470000
832 37.932667 0.505000 0.106667 0.430000
627 38.071000 0.493333 0.184667 0.613333
468 38.184333 0.498333 0.058000 0.303333
139 38.238333 0.488333 0.064667 0.363333
653 38.354667 0.503333 0.181333 0.906667
511 38.500333 0.500000 0.124667 0.386667
746 38.615333 0.498333 0.122667 0.396667
686 38.722667 0.506667 0.105333 0.513333
914 38.826333 0.496667 0.120667 0.366667
812 38.956333 0.500000 0.152667 0.346667
865 39.079333 0.501667 0.106667 0.356667
822 39.190333 0.500000 0.134000 0.486667
344 39.305333 0.493333 0.112000 0.313333
611 39.404000 0.490000 0.100000 0.413333
188 39.507000 0.495000 0.124667 0.536667
957 39.584000 0.505000 0.048000 0.363333
303 39.639333 0.508333 0.081333 0.456667
622 39.753000 0.503333 0.163333 0.566667
907 39.877667 0.491667 0.100667 0.316667
433 39.980000 0.510000 0.118667 0.293333
769 40.096000 0.501667 0.130667 0.376667
935 40.176333 0.496667 0.047333 0.360000
924 40.212333 0.505000 0.038000 0.296667
379 40.337667 0.505000 0.227333 1.136667
955 40.464333 0.506667 0.039333 0.293333
997 40.491667 0.496667 0.034000 0.253333
992 40.517667 0.496667 0.032667 0.280000
932 40.542000 0.495000 0.036000 0.270000
227 40.606333 0.503333 0.110000 0.553333
1017 40.667667 0.498333 0.031333 0.256667
583 40.701667 0.490000 0.050000 0.340000
762 40.754667 0.493333 0.072000 0.313333
824 40.831667 0.501667 0.095333 0.396667
110 40.940333 0.503333 0.142000 0.493333
373 41.058000 0.495000 0.113333 0.343333
394 41.177000 0.510000 0.140667 0.380000
930 41.255667 0.488333 0.035333 0.263333
235 41.311000 0.506667 0.092667 0.466667
641 41.393333 0.506667 0.085333 0.406667
880 41.476667 0.493333 0.098667 0.346667
411 41.621000 0.498333 0.207333 0.463333
975 41.735333 0.508333 0.037333 0.310000
725 41.817667 0.496667 0.147333 0.620000
864 41.927333 0.501667 0.085333 0.343333
785 42.004000 0.510000 0.082667 0.353333
71 42.071667 0.501667 0.066000 0.363333
514 42.164667 0.503333 0.134667 0.420000
995 42.238333 0.495000 0.031333 0.250000
1011 42.262667 0.510000 0.036000 0.280000
96 42.353667 0.491667 0.160667 0.343333
470 42.460667 0.503333 0.068000 0.400000
979 42.506000 0.501667 0.037333 0.290000
456 42.555000 0.495000 0.074000 0.383333
660 42.638000 0.500000 0.109333 0.360000
896 42.745667 0.488333 0.124667 0.396667
629 42.882333 0.505000 0.164667 0.823333
346 43.029667 0.496667 0.150000 0.400000
437 43.139667 0.488333 0.088667 0.423333
0 43.199667 0.493333 0.050000 0.386667
517 43.283000 0.498333 0.130000 0.410000
9 43.384667 0.493333 0.089333 0.400000
985 43.437000 0.496667 0.031333 0.253333
779 43.462667 0.503333 0.033333 0.326667
306 43.502000 0.495000 0.064000 0.356667
376 43.590667 0.508333 0.133333 0.350000
978 43.668667 0.496667 0.041333 0.300000
737 43.702000 0.506667 0.045333 0.320000
702 43.815667 0.501667 0.200667 1.003333
362 43.963333 0.505000 0.108000 0.303333
271 44.123667 0.488333 0.230000 1.150000
986 44.250333 0.508333 0.036667 0.270000
635 44.305000 0.488333 0.086000 0.350000
596 44.396667 0.505000 0.110667 0.330000
859 44.498667 0.490000 0.112000 0.340000
560 44.623667 0.498333 0.156667 0.783333
766 44.756667 0.496667 0.122667 0.360000
99 44.893000 0.498333 0.168667 0.843333
577 45.020333 0.508333 0.102000 0.390000
405 45.103667 0.493333 0.080667 0.313333
387 45.202000 0.496667 0.136000 0.360000
41 45.337000 0.503333 0.154000 0.440000
928 45.430000 0.491667 0.045333 0.336667
357 45.523667 0.496667 0.158000 0.446667
100 45.691000 0.491667 0.195333 0.976667
239 45.841333 0.505000 0.118667 0.736667
542 45.951667 0.490000 0.116667 0.440000
333 46.090333 0.493333 0.180667 0.406667
825 46.223000 0.505000 0.104667 0.430000
79 46.367333 0.488333 0.198667 0.410000
717 46.568000 0.500000 0.216000 1.080000
540 46.736667 0.491667 0.137333 0.516667
967 46.815333 0.501667 0.033333 0.270000
81 46.882000 0.505000 0.113333 0.450000
501 46.977000 0.488333 0.090000 0.396667
1010 47.032333 0.495000 0.035333 0.290000
727 47.069000 0.496667 0.052667 0.320000
229 47.143667 0.501667 0.112667 0.450000
397 47.231000 0.506667 0.079333 0.333333
302 47.297000 0.505000 0.068667 0.383333
925 47.340333 0.490000 0.034000 0.280000
491 47.404000 0.508333 0.110667 0.543333
828 47.493667 0.506667 0.088667 0.433333
331 47.639333 0.506667 0.217333 1.086667
97 47.829667 0.501667 0.183333 0.390000
792 47.968000 0.508333 0.109333 0.443333
892 48.125333 0.506667 0.225333 1.126667
716 48.300333 0.501667 0.144667 0.363333
804 48.427333 0.508333 0.125333 0.363333
488 48.516333 0.505000 0.068667 0.336667
668 48.597333 0.493333 0.108000 0.360000
758 48.697000 0.490000 0.108667 0.320000
92 48.839333 0.493333 0.190667 0.953333
654 49.034667 0.501667 0.213333 0.383333
68 49.194667 0.506667 0.122667 0.360000
86 49.289667 0.496667 0.080667 0.340000
258 49.375333 0.501667 0.110667 0.383333
638 49.469333 0.506667 0.094667 0.373333
329 49.597667 0.491667 0.182000 0.636667
85 49.734000 0.496667 0.105333 0.453333
305 49.816000 0.491667 0.077333 0.436667
633 49.929667 0.491667 0.170000 0.470000
527 50.068333 0.496667 0.126000 0.366667
112 50.219000 0.505000 0.188667 0.943333
885 50.342000 0.503333 0.073333 0.333333
185 50.434333 0.496667 0.126000 0.506667
673 50.548667 0.501667 0.116000 0.383333
883 50.674333 0.495000 0.155333 0.776667
269 50.847333 0.500000 0.204000 1.020000
20 50.993000 0.495000 0.104667 0.370000
398 51.076000 0.498333 0.076000 0.390000
805 51.176000 0.488333 0.142667 0.416667
222 51.293000 0.506667 0.111333 0.480000
226 51.397333 0.488333 0.117333 0.590000
559 51.480333 0.506667 0.067333 0.326667
240 51.541333 0.490000 0.073333 0.380000
88 51.680000 0.510000 0.217333 0.466667
153 51.826000 0.506667 0.089333 0.400000
275 51.890333 0.493333 0.058000 0.366667
711 51.999000 0.508333 0.176667 0.883333
946 52.101333 0.500000 0.045333 0.333333
911 52.158667 0.496667 0.088000 0.313333
467 52.234333 0.488333 0.080667 0.456667
598 52.314667 0.506667 0.097333 0.293333
671 52.415667 0.498333 0.122000 0.416667
886 52.541667 0.500000 0.144667 0.480000
926 52.625667 0.488333 0.038000 0.283333
545 52.685000 0.498333 0.098000 0.376667
897 52.807000 0.491667 0.162000 0.470000
953 52.896333 0.488333 0.032667 0.270000
15 52.962000 0.510000 0.113333 0.366667
147 53.055667 0.505000 0.088667 0.443333
141 53.143000 0.498333 0.103333 0.456667
899 53.258000 0.510000 0.145333 0.380000
474 53.361000 0.505000 0.074000 0.383333
619 53.435000 0.491667 0.094000 0.490000
1 53.515000 0.490000 0.083333 0.413333
648 53.597333 0.488333 0.098667 0.416667
815 53.711667 0.501667 0.143333 0.503333
242 53.835667 0.491667 0.120667 0.463333
159 53.909333 0.508333 0.045333 0.343333
401 53.973000 0.496667 0.096667 0.500000
966 54.038667 0.501667 0.050667 0.376667
754 54.113333 0.488333 0.113333 0.550000
820 54.203667 0.493333 0.087333 0.360000
416 54.289000 0.508333 0.102000 0.496667
688 54.378667 0.496667 0.097333 0.480000
861 54.445000 0.498333 0.050000 0.396667
936 54.478000 0.488333 0.033333 0.263333
895 54.562000 0.496667 0.154667 0.480000
841 54.689667 0.505000 0.120667 0.510000
328 54.825667 0.503333 0.168667 0.380000
287 54.961333 0.496667 0.121333 0.446667
338 55.070000 0.505000 0.110667 0.570000
662 55.182000 0.488333 0.132000 0.430000
38 55.289667 0.506667 0.098000 0.313333
796 55.387000 0.490000 0.111333 0.393333
119 55.479333 0.506667 0.089333 0.520000
650 55.577000 0.491667 0.120667 0.390000
204 55.684333 0.493333 0.114000 0.580000
793 55.790667 0.506667 0.113333 0.460000
65 55.892000 0.508333 0.108000 0.283333
318 55.990667 0.490000 0.109333 0.553333
908 56.081333 0.493333 0.090667 0.333333
844 56.168333 0.496667 0.100667 0.420000
910 56.257000 0.501667 0.096667 0.303333
359 56.373000 0.495000 0.148667 0.396667
996 56.454667 0.501667 0.032000 0.270000
493 56.498333 0.498333 0.070000 0.343333
745 56.576667 0.501667 0.101333 0.396667
644 56.656667 0.505000 0.073333 0.323333
191 56.741000 0.506667 0.111333 0.566667
685 56.835000 0.505000 0.096667 0.376667
947 56.893667 0.503333 0.034000 0.280000
552 56.926000 0.496667 0.046667 0.320000
125 56.993333 0.495000 0.101333 0.443333
983 57.056667 0.508333 0.042667 0.336667
484 57.115000 0.506667 0.091333 0.380000
507 57.181333 0.505000 0.054667 0.323333
537 57.331333 0.510000 0.260000 0.533333
230 57.517333 0.505000 0.125333 0.490000
636 57.640667 0.501667 0.136000 0.316667
436 57.764000 0.508333 0.130667 0.343333
307 57.862667 0.495000 0.081333 0.463333
254 57.962000 0.493333 0.133333 0.513333
1009 58.037333 0.495000 0.033333 0.263333
732 58.078667 0.495000 0.064000 0.310000
485 58.134667 0.508333 0.068000 0.403333
881 58.218667 0.491667 0.113333 0.383333
922 58.285333 0.496667 0.033333 0.253333
593 58.359000 0.488333 0.127333 0.416667
797 58.461667 0.503333 0.094000 0.353333
750 58.547000 0.488333 0.096667 0.356667
874 58.626000 0.503333 0.078667 0.386667
459 58.685667 0.495000 0.060667 0.316667
977 58.735667 0.488333 0.052667 0.383333
526 58.818333 0.501667 0.126000 0.330000
684 58.941000 0.500000 0.134000 0.480000
182 59.058333 0.503333 0.114000 0.386667
448 59.144667 0.508333 0.072000 0.370000
487 59.203333 0.491667 0.062667 0.370000
597 59.280667 0.506667 0.108000 0.326667
1016 59.342667 0.491667 0.036000 0.303333
798 59.407667 0.498333 0.112667 0.416667
194 59.515000 0.505000 0.120667 0.483333
167 59.635333 0.491667 0.138667 0.496667
503 59.770667 0.490000 0.152000 0.426667
106 59.941000 0.488333 0.206000 1.030000
461 60.076000 0.506667 0.082667 0.420000
952 60.127333 0.498333 0.038667 0.303333
518 60.252667 0.490000 0.226667 1.133333
780 60.415000 0.498333 0.111333 0.316667
181 60.570667 0.510000 0.213333 1.066667
350 60.734667 0.501667 0.132000 0.356667
231 60.852333 0.490000 0.123333 0.533333
50 60.966000 0.508333 0.118667 0.336667
177 61.064667 0.488333 0.096000 0.356667
217 61.161333 0.496667 0.110667 0.560000
961 61.231333 0.503333 0.045333 0.346667
443 61.280000 0.498333 0.066667 0.343333
39 61.371667 0.506667 0.135333 0.453333
658 61.463667 0.491667 0.062000 0.356667
408 61.543667 0.503333 0.114000 0.446667
630 61.687333 0.506667 0.189333 0.946667
651 61.850667 0.495000 0.157333 0.510000
625 62.029000 0.495000 0.214000 1.070000
663 62.183000 0.493333 0.107333 0.366667
42 62.261333 0.506667 0.068000 0.380000
987 62.304000 0.506667 0.037333 0.273333
118 62.372000 0.488333 0.116000 0.450000
698 62.456333 0.508333 0.067333 0.350000
19 62.524667 0.495000 0.082667 0.290000
221 62.605333 0.488333 0.096000 0.390000
265 62.715000 0.503333 0.142000 0.546667
61 62.827333 0.510000 0.098667 0.486667
481 62.902667 0.500000 0.070667 0.373333
51 62.975000 0.503333 0.092667 0.313333
649 63.066000 0.498333 0.105333 0.550000
898 63.166000 0.493333 0.110667 0.300000
361 63.271333 0.505000 0.116000 0.330000
565 63.412667 0.488333 0.184000 0.390000
325 63.591000 0.501667 0.186000 0.930000
157 63.749000 0.505000 0.150000 0.596667
816 63.890667 0.491667 0.150667 0.343333
341 64.002000 0.501667 0.088000 0.363333
184 64.101000 0.501667 0.123333 0.503333
372 64.213333 0.493333 0.120000 0.326667
788 64.362667 0.500000 0.197333 0.986667
900 64.528667 0.501667 0.150667 0.443333
352 64.674667 0.493333 0.154667 0.466667
291 64.812000 0.498333 0.133333 0.536667
770 64.932667 0.493333 0.124000 0.366667
933 65.006667 0.488333 0.044000 0.356667
247 65.068000 0.501667 0.094667 0.383333
733 65.143000 0.501667 0.075333 0.456667
83 65.217667 0.501667 0.087333 0.430000
367 65.314667 0.501667 0.121333 0.356667
571 65.413667 0.503333 0.094000 0.386667
872 65.515333 0.505000 0.129333 0.363333
489 65.613667 0.495000 0.082000 0.416667
323 65.741667 0.501667 0.187333 0.363333
273 65.852667 0.490000 0.049333 0.313333
406 65.925000 0.508333 0.114000 0.430000
409 66.069000 0.505000 0.190000 0.950000
599 66.216000 0.505000 0.118667 0.370000
336 66.317000 0.488333 0.098000 0.470000
446 66.390333 0.506667 0.066000 0.366667
347 66.487333 0.503333 0.142667 0.446667
950 66.566000 0.495000 0.034667 0.276667
21 66.619667 0.496667 0.091333 0.306667
803 66.744333 0.493333 0.175333 0.500000
708 66.869667 0.498333 0.092667 0.370000
589 66.954000 0.501667 0.092000 0.423333
370 67.082000 0.490000 0.180000 0.900000
107 67.271000 0.500000 0.211333 0.453333
888 67.454000 0.506667 0.174667 0.873333
775 67.569333 0.493333 0.072000 0.360000
201 67.641000 0.508333 0.091333 0.376667
964 67.693667 0.495000 0.028667 0.236667
444 67.731667 0.490000 0.063333 0.340000
667 67.819000 0.503333 0.126000 0.426667
656 67.958333 0.506667 0.167333 0.386667
158 68.122000 0.490000 0.178667 0.586667
417 68.241000 0.490000 0.078000 0.373333
580 68.345333 0.490000 0.145333 0.346667
215 68.460667 0.508333 0.101333 0.443333
694 68.545000 0.508333 0.080667 0.396667
810 68.630667 0.493333 0.110667 0.453333
452 68.717667 0.505000 0.076667 0.403333
776 68.830667 0.508333 0.169333 0.396667
349 68.977000 0.495000 0.142000 0.430000
24 69.112000 0.503333 0.144000 0.493333
430 69.225333 0.510000 0.096000 0.406667
610 69.320667 0.493333 0.108000 0.333333
80 69.407333 0.508333 0.084000 0.396667
906 69.519333 0.505000 0.157333 0.463333
767 69.639667 0.506667 0.103333 0.293333
823 69.739333 0.493333 0.116000 0.526667
923 69.811000 0.505000 0.044667 0.343333
530 69.875000 0.510000 0.102000 0.486667
292 69.981000 0.495000 0.130000 0.510000
675 70.101667 0.506667 0.130000 0.433333
748 70.218000 0.503333 0.118667 0.440000
920 70.311333 0.496667 0.086667 0.326667
218 70.403667 0.498333 0.118000 0.556667
192 70.568667 0.503333 0.228000 1.140000
734 70.770000 0.510000 0.194667 0.533333
753 70.944667 0.503333 0.168000 0.840000
18 71.070333 0.496667 0.098000 0.346667
757 71.190000 0.490000 0.158667 0.460000
160 71.296000 0.500000 0.072000 0.400000
813 71.394333 0.508333 0.144667 0.390000
251 71.485667 0.503333 0.052667 0.300000
990 71.524000 0.505000 0.040000 0.303333
179 71.621333 0.503333 0.169333 0.846667
915 71.741000 0.506667 0.084667 0.700000
354 71.830667 0.500000 0.108000 0.333333
603 71.973333 0.493333 0.192000 0.466667
122 72.119667 0.498333 0.118000 0.416667
719 72.242000 0.510000 0.146667 0.380000
691 72.358000 0.488333 0.105333 0.516667
773 72.465333 0.503333 0.124000 0.326667
460 72.557000 0.495000 0.076667 0.383333
47 72.631333 0.491667 0.085333 0.410000
120 72.741667 0.488333 0.155333 0.776667
30 72.880000 0.495000 0.137333 0.403333
534 72.978000 0.490000 0.074667 0.293333
790 73.048333 0.491667 0.082000 0.490000
299 73.118333 0.495000 0.078000 0.303333
403 73.264000 0.503333 0.230667 1.153333
343 73.425667 0.491667 0.112667 0.296667
386 73.568000 0.493333 0.190667 0.953333
704 73.719333 0.505000 0.125333 0.436667
531 73.879333 0.495000 0.210667 0.556667
89 74.076000 0.493333 0.200000 1.000000
72 74.205333 0.491667 0.078667 0.376667
4 74.289667 0.501667 0.103333 0.443333
22 74.388667 0.503333 0.109333 0.366667
674 74.490000 0.493333 0.108000 0.360000
563 74.630333 0.498333 0.187333 0.396667
419 74.754333 0.505000 0.080667 0.390000
257 74.858667 0.490000 0.142667 0.466667
878 74.967000 0.498333 0.088667 0.456667
496 75.062000 0.488333 0.117333 0.490000
904 75.148333 0.508333 0.070000 0.370000
1018 75.200333 0.491667 0.048667 0.356667
548 75.290667 0.491667 0.146667 0.450000
462 75.399000 0.501667 0.083333 0.430000
666 75.496333 0.498333 0.130000 0.450000
380 75.633667 0.503333 0.160667 0.440000
284 75.761667 0.508333 0.114000 0.410000
971 75.830000 0.488333 0.038667 0.303333
250 75.916333 0.490000 0.147333 0.700000
383 76.051667 0.498333 0.143333 0.383333
581 76.166667 0.490000 0.106667 0.500000
396 76.306333 0.498333 0.188667 0.943333
34 76.445333 0.496667 0.102667 0.393333
59 76.588000 0.493333 0.198667 0.533333
982 76.699667 0.501667 0.044667 0.363333
234 76.772333 0.490000 0.114000 0.573333
35 76.865333 0.501667 0.092000 0.350000
738 76.939667 0.500000 0.072667 0.353333
279 77.014667 0.503333 0.097333 0.560000
871 77.088333 0.500000 0.067333 0.360000
703 77.218333 0.488333 0.211333 1.056667
62 77.351000 0.495000 0.072667 0.336667
263 77.438333 0.495000 0.116667 0.430000
760 77.555000 0.493333 0.136667 0.400000
8 77.676000 0.506667 0.124000 0.453333
233 77.814333 0.501667 0.172667 0.863333
243 77.982333 0.488333 0.178000 0.890000
101 78.154333 0.506667 0.186000 0.400000
756 78.293667 0.491667 0.112667 0.363333
334 78.398000 0.490000 0.116000 0.413333
363 78.504000 0.508333 0.109333 0.290000
802 78.649667 0.501667 0.196667 0.430000
984 78.757333 0.501667 0.036000 0.276667
52 78.812667 0.495000 0.093333 0.323333
1004 78.870667 0.490000 0.036000 0.266667
555 78.903000 0.498333 0.042000 0.423333
290 78.994667 0.508333 0.156000 0.430000
538 79.165667 0.488333 0.204667 0.490000
490 79.300333 0.505000 0.084667 0.430000
584 79.426000 0.500000 0.185333 0.926667
145 79.556000 0.505000 0.093333 0.463333
213 79.643333 0.500000 0.101333 0.413333
801 79.741333 0.491667 0.109333 0.410000
777 79.836667 0.491667 0.101333 0.443333
561 79.962333 0.493333 0.163333 0.453333
709 80.088333 0.508333 0.106000 0.443333
113 80.175000 0.496667 0.083333 0.413333
261 80.288000 0.496667 0.161333 0.806667
442 80.391667 0.493333 0.060667 0.306667
539 80.448667 0.501667 0.069333 0.303333
152 80.516000 0.491667 0.081333 0.403333
846 80.609667 0.501667 0.120667 0.523333
504 80.741333 0.496667 0.158667 0.460000
471 80.848000 0.505000 0.068000 0.356667
57 80.895333 0.510000 0.045333 0.286667
582 81.002333 0.505000 0.187333 0.936667
44 81.145667 0.500000 0.115333 0.466667
958 81.213667 0.495000 0.036667 0.296667
67 81.304667 0.506667 0.161333 0.806667
901 81.451667 0.501667 0.146000 0.410000
826 81.568333 0.506667 0.100667 0.486667
973 81.630000 0.508333 0.036000 0.283333
478 81.676667 0.490000 0.077333 0.466667
267 81.781000 0.495000 0.147333 0.443333
724 81.890333 0.493333 0.084667 0.393333
851 81.969000 0.490000 0.092667 0.440000
345 82.075000 0.506667 0.134000 0.380000
626 82.212000 0.496667 0.158667 0.540000
84 82.332333 0.510000 0.099333 0.280000
834 82.416667 0.505000 0.084000 0.423333
10 82.503333 0.488333 0.106667 0.350000
784 82.576000 0.498333 0.052000 0.403333
866 82.686667 0.506667 0.182667 0.913333
763 82.798667 0.505000 0.060000 0.470000
311 82.862667 0.503333 0.085333 0.373333
586 82.970333 0.500000 0.147333 0.420000
854 83.120667 0.506667 0.172000 0.860000
340 83.252000 0.506667 0.106667 0.306667
458 83.338000 0.490000 0.082667 0.420000
595 83.432333 0.493333 0.120667 0.366667
875 83.557667 0.491667 0.146000 0.370000
105 83.737000 0.491667 0.232667 0.496667
516 83.907333 0.488333 0.128000 0.423333
714 84.042000 0.496667 0.157333 0.786667
529 84.172667 0.503333 0.121333 0.580000
309 84.255000 0.510000 0.063333 0.360000
768 84.317000 0.505000 0.079333 0.216667
855 84.383000 0.506667 0.071333 0.180000
246 84.492333 0.490000 0.163333 0.560000
576 84.605667 0.493333 0.082000 0.313333
45 84.672667 0.493333 0.069333 0.346667
377 84.764333 0.510000 0.130000 0.386667
692 84.859333 0.500000 0.073333 0.360000
156 84.966000 0.500000 0.160000 0.426667
43 85.089000 0.510000 0.103333 0.413333
937 85.146000 0.501667 0.029333 0.250000
956 85.168000 0.493333 0.033333 0.266667
1023 85.195000 0.498333 0.038000 0.276667
835 85.261667 0.505000 0.112667 0.443333
520 85.358333 0.495000 0.099333 0.310000
392 85.471667 0.510000 0.142000 0.413333
772 85.626000 0.490000 0.184000 0.920000
114 85.746000 0.498333 0.074667 0.370000
78 85.879333 0.503333 0.209333 1.046667
575 86.040333 0.493333 0.126000 0.406667
752 86.128000 0.488333 0.066667 0.183333
55 86.227000 0.490000 0.146000 0.393333
740 86.366667 0.490000 0.148000 0.333333
781 86.464333 0.496667 0.067333 0.340000
743 86.538000 0.488333 0.093333 0.396667
515 86.621667 0.500000 0.091333 0.306667
533 86.704333 0.491667 0.091333 0.316667
129 86.831000 0.491667 0.180667 0.903333
680 86.978667 0.510000 0.128000 0.420000
441 87.068667 0.490000 0.065333 0.360000
238 87.207333 0.500000 0.228000 1.140000
225 87.367333 0.510000 0.112000 0.513333
121 87.424667 0.500000 0.021333 0.380000
617 87.475333 0.498333 0.094667 0.370000
682 87.574000 0.501667 0.118667 0.463333
618 87.666667 0.490000 0.084000 0.493333
300 87.731333 0.498333 0.062667 0.203333
700 87.810667 0.491667 0.113333 0.456667
681 87.874667 0.506667 0.034667 0.306667
962 87.899000 0.501667 0.032667 0.263333
366 87.987000 0.488333 0.162000 0.436667
206 88.119333 0.506667 0.121333 0.533333
374 88.239000 0.493333 0.134000 0.353333
314 88.355667 0.496667 0.119333 0.446667
173 88.454667 0.503333 0.097333 0.446667
502 88.540333 0.493333 0.094000 0.413333
237 88.620667 0.510000 0.080000 0.600000
783 88.687000 0.495000 0.071333 0.383333
863 88.754000 0.498333 0.082667 0.396667
624 88.880667 0.506667 0.186667 0.933333
873 89.007333 0.491667 0.081333 0.363333
151 89.075000 0.500000 0.070000 0.353333
523 89.153000 0.505000 0.106000 0.356667
1022 89.217667 0.500000 0.043333 0.326667
916 89.347000 0.498333 0.228667 1.143333
600 89.522000 0.496667 0.141333 0.426667
266 89.673000 0.488333 0.175333 0.530000
133 89.814667 0.491667 0.126667 0.403333
858 89.914667 0.500000 0.090667 0.286667
378 90.011000 0.506667 0.118000 0.313333
252 90.126667 0.510000 0.130667 0.520000
676 90.232000 0.503333 0.094667 0.320000
463 90.304000 0.488333 0.066667 0.350000
723 90.394333 0.500000 0.130000 0.446667
954 90.469333 0.490000 0.034667 0.273333
2 90.525333 0.500000 0.090667 0.426667
786 90.603333 0.495000 0.082667 0.503333
509 90.699000 0.510000 0.128667 0.433333
135 90.803333 0.498333 0.096000 0.383333
348 90.918667 0.490000 0.150667 0.453333
360 91.069667 0.503333 0.164667 0.480000
197 91.207000 0.496667 0.127333 0.533333
278 91.335333 0.506667 0.145333 0.446667
731 91.435667 0.490000 0.068667 0.346667
117 91.536000 0.508333 0.150667 0.463333
669 91.656333 0.493333 0.110000 0.360000
187 91.748333 0.505000 0.087333 0.416667
473 91.827333 0.495000 0.085333 0.436667
891 91.888000 0.498333 0.053333 0.216667
690 91.958000 0.495000 0.104000 0.510000
283 92.057000 0.493333 0.107333 0.386667
868 92.149333 0.505000 0.096000 0.543333
91 92.267667 0.498333 0.159333 0.796667
451 92.369333 0.498333 0.064000 0.330000
5 92.429667 0.506667 0.075333 0.346667
310 92.500333 0.500000 0.080667 0.446667
849 92.578667 0.510000 0.096000 0.413333
852 92.672667 0.490000 0.108000 0.466667
665 92.768333 0.498333 0.102000 0.330000
988 92.831000 0.496667 0.042000 0.300000
53 92.909667 0.488333 0.130000 0.456667
400 92.990333 0.498333 0.048667 0.443333
741 93.064000 0.506667 0.116000 0.400000
37 93.163333 0.505000 0.096000 0.310000
253 93.229667 0.490000 0.056667 0.480000
381 93.355000 0.508333 0.208667 1.043333
921 93.482000 0.506667 0.058667 0.340000
551 93.575333 0.488333 0.141333 0.430000
607 93.694667 0.495000 0.112000 0.343333
161 93.801667 0.491667 0.119333 0.423333
519 93.957333 0.490000 0.212000 1.060000
573 94.095333 0.493333 0.081333 0.313333
127 94.192667 0.493333 0.133333 0.446667
356 94.365667 0.501667 0.230000 1.150000
869 94.499333 0.503333 0.052000 0.360000
609 94.552667 0.490000 0.072000 0.300000
64 94.606667 0.510000 0.053333 0.293333
399 94.688000 0.490000 0.128000 0.473333
390 94.805667 0.510000 0.124667 0.366667
494 94.897000 0.501667 0.076667 0.383333
976 94.946333 0.490000 0.036667 0.273333
661 95.002000 0.495000 0.089333 0.290000
418 95.080667 0.505000 0.088000 0.430000
566 95.175667 0.488333 0.119333 0.496667
508 95.258000 0.496667 0.060000 0.320000
969 95.298667 0.510000 0.034667 0.273333
819 95.377667 0.506667 0.140667 0.333333
616 95.533667 0.503333 0.188667 0.480000
190 95.662000 0.500000 0.085333 0.393333
304 95.732000 0.490000 0.072000 0.400000
11 95.808333 0.493333 0.099333 0.320000
389 95.954000 0.503333 0.206667 1.033333
164 96.110000 0.503333 0.124000 0.453333
422 96.204667 0.491667 0.081333 0.296667
670 96.291667 0.491667 0.107333 0.350000
951 96.355333 0.488333 0.037333 0.270000
178 96.419333 0.498333 0.108000 0.410000
274 96.518333 0.506667 0.108667 0.520000
244 96.658333 0.498333 0.184667 0.510000
407 96.785333 0.510000 0.084000 0.333333
879 96.884000 0.491667 0.129333 0.363333
276 96.967667 0.505000 0.056667 0.336667
749 97.041667 0.490000 0.106000 0.453333
270 97.193333 0.510000 0.213333 1.066667
554 97.365667 0.505000 0.148667 0.416667
368 97.489333 0.491667 0.116000 0.336667
831 97.584333 0.500000 0.094000 0.393333
74 97.694667 0.506667 0.142667 0.446667
840 97.803667 0.501667 0.090000 0.430000
193 97.896333 0.490000 0.115333 0.486667
214 97.988667 0.503333 0.084000 0.373333
241 98.060333 0.501667 0.074000 0.410000
450 98.131667 0.500000 0.082000 0.413333
464 98.201000 0.506667 0.072667 0.420000
46 98.257333 0.510000 0.053333 0.440000
293 98.310000 0.496667 0.072000 0.300000
445 98.363333 0.506667 0.054667 0.326667
327 98.449000 0.506667 0.130000 0.366667
426 98.540000 0.506667 0.068000 0.393333
199 98.618667 0.498333 0.104000 0.523333
713 98.748667 0.500000 0.176000 0.880000
208 98.876000 0.490000 0.092000 0.406667
169 99.005333 0.493333 0.184000 0.920000
549 99.141667 0.491667 0.104667 0.350000
592 99.257333 0.496667 0.140000 0.460000
905 99.387000 0.503333 0.132667 0.426667
492 99.485333 0.490000 0.084000 0.413333
963 99.539333 0.490000 0.040000 0.320000
33 99.610000 0.493333 0.114667 0.373333
643 99.711667 0.501667 0.103333 0.376667
134 99.804000 0.488333 0.096000 0.430000
155 99.881333 0.488333 0.076000 0.376667
782 99.976333 0.503333 0.128667 0.586667
375 100.146333 0.508333 0.226000 1.130000
431 100.312000 0.501667 0.118667 0.376667
116 100.421000 0.506667 0.118000 0.373333
315 100.530667 0.505000 0.117333 0.423333
434 100.627333 0.496667 0.096000 0.326667
735 100.725000 0.491667 0.116667 0.456667
620 100.840333 0.498333 0.132667 0.563333
693 100.947667 0.508333 0.099333 0.483333
628 101.081000 0.500000 0.184667 0.626667
791 101.208333 0.503333 0.086000 0.513333
612 101.358333 0.488333 0.227333 1.136667
942 101.487333 0.496667 0.045333 0.333333
699 101.604667 0.493333 0.206667 1.033333
994 101.722667 0.506667 0.042667 0.340000
27 101.788667 0.496667 0.106667 0.360000
1012 101.850333 0.491667 0.035333 0.256667
553 101.904333 0.506667 0.090000 0.320000
453 101.980667 0.501667 0.081333 0.423333
505 102.040333 0.508333 0.055333 0.230000
166 102.125000 0.496667 0.131333 0.466667
404 102.227333 0.498333 0.093333 0.470000
205 102.321000 0.503333 0.114000 0.466667
632 102.451333 0.505000 0.160000 0.516667
718 102.623333 0.506667 0.204000 1.020000
136 102.781333 0.495000 0.125333 0.470000
220 102.881667 0.491667 0.095333 0.396667
821 102.971333 0.508333 0.097333 0.650000
500 103.053667 0.503333 0.082000 0.380000
972 103.101333 0.501667 0.033333 0.263333
7 103.170667 0.491667 0.121333 0.390000
730 103.292667 0.510000 0.137333 0.493333
138 103.382333 0.501667 0.056667 0.330000
498 103.428000 0.496667 0.054667 0.340000
77 103.520000 0.488333 0.148000 0.370000
26 103.637667 0.498333 0.107333 0.363333
382 103.761000 0.500000 0.154000 0.426667
236 103.883000 0.501667 0.110000 0.450000
102 104.038333 0.491667 0.219333 1.096667
