273 0.029667 0.506667 0.052667 0.353333
416 0.096000 0.491667 0.100000 0.483333
341 0.179667 0.488333 0.080667 0.343333
829 0.259333 0.498333 0.096000 0.476667
244 0.389667 0.498333 0.183333 0.496667
114 0.521333 0.493333 0.094667 0.473333
15 0.614667 0.508333 0.108000 0.356667
835 0.710667 0.491667 0.102667 0.396667
1003 0.777000 0.498333 0.050000 0.376667
826 0.854667 0.510000 0.118667 0.526667
319 0.949000 0.495000 0.090000 0.323333
912 1.036000 0.506667 0.097333 0.380000
601 1.129667 0.491667 0.106000 0.316667
468 1.219000 0.501667 0.087333 0.450000
672 1.305000 0.496667 0.098000 0.333333
294 1.432000 0.496667 0.169333 0.846667
566 1.568667 0.505000 0.120000 0.496667
367 1.680000 0.498333 0.118667 0.350000
990 1.749333 0.506667 0.034667 0.266667
1018 1.774667 0.505000 0.034667 0.256667
720 1.885667 0.505000 0.200667 0.590000
445 2.005667 0.505000 0.058000 0.316667
562 2.117000 0.503333 0.179333 0.420000
386 2.278000 0.491667 0.158667 0.436667
988 2.366000 0.490000 0.034667 0.253333
372 2.434000 0.496667 0.118667 0.333333
957 2.506333 0.501667 0.040667 0.316667
243 2.580333 0.505000 0.124667 0.410000
144 2.677333 0.508333 0.086667 0.363333
138 2.743000 0.503333 0.063333 0.340000
765 2.812667 0.498333 0.096000 0.436667
985 2.874000 0.493333 0.040000 0.320000
901 2.976000 0.493333 0.178667 0.893333
576 3.117000 0.495000 0.116667 0.450000
561 3.236333 0.493333 0.142000 0.373333
703 3.353667 0.490000 0.106000 0.366667
926 3.415000 0.506667 0.034000 0.280000
36 3.491333 0.498333 0.132000 0.443333
219 3.606000 0.488333 0.110667 0.563333
954 3.674000 0.491667 0.040000 0.290000
426 3.710667 0.488333 0.052000 0.356667
77 3.792000 0.491667 0.126667 0.316667
1005 3.868667 0.490000 0.041333 0.306667
336 3.937667 0.488333 0.116667 0.563333
857 4.083000 0.501667 0.191333 0.430000
50 4.273333 0.496667 0.206667 1.033333
999 4.384000 0.501667 0.034667 0.276667
79 4.480000 0.496667 0.177333 0.886667
295 4.622667 0.490000 0.121333 0.506667
903 4.744000 0.493333 0.140000 0.433333
149 4.870000 0.500000 0.130667 0.326667
6 4.986667 0.498333 0.118667 0.470000
593 5.108667 0.488333 0.140000 0.403333
556 5.216333 0.488333 0.088667 0.370000
958 5.273667 0.488333 0.046000 0.336667
726 5.332333 0.488333 0.090000 0.470000
646 5.415667 0.496667 0.091333 0.406667
577 5.499000 0.498333 0.092667 0.356667
493 5.580333 0.503333 0.088667 0.406667
845 5.664333 0.506667 0.092667 0.446667
588 5.754667 0.508333 0.106667 0.476667
640 5.836000 0.495000 0.070667 0.356667
807 5.973000 0.498333 0.223333 1.116667
678 6.143667 0.510000 0.134000 0.473333
875 6.277333 0.500000 0.148000 0.373333
887 6.420000 0.506667 0.154667 0.473333
719 6.567667 0.491667 0.156667 0.783333
934 6.658333 0.506667 0.039333 0.313333
880 6.720667 0.490000 0.100000 0.346667
392 6.877667 0.498333 0.227333 1.136667
713 7.086333 0.491667 0.208667 1.043333
769 7.237000 0.510000 0.112667 0.340000
532 7.333000 0.503333 0.095333 0.486667
820 7.417667 0.495000 0.090000 0.376667
743 7.500333 0.490000 0.095333 0.400000
518 7.600667 0.490000 0.118667 0.420000
550 7.690333 0.505000 0.075333 0.376667
514 7.780667 0.498333 0.118667 0.376667
949 7.850000 0.493333 0.036000 0.286667
157 7.927333 0.503333 0.132000 0.553333
984 8.002000 0.496667 0.037333 0.273333
558 8.057667 0.490000 0.090000 0.446667
770 8.161000 0.501667 0.134000 0.396667
457 8.250667 0.500000 0.058667 0.346667
490 8.302667 0.510000 0.064000 0.380000
466 8.363333 0.490000 0.076000 0.460000
789 8.433667 0.490000 0.079333 0.480000
797 8.510000 0.493333 0.089333 0.346667
42 8.589000 0.510000 0.083333 0.466667
263 8.681000 0.498333 0.114000 0.423333
395 8.818667 0.503333 0.181333 0.906667
342 8.931000 0.506667 0.063333 0.293333
599 9.008667 0.505000 0.105333 0.330000
301 9.083667 0.506667 0.064667 0.366667
950 9.130667 0.491667 0.042667 0.330000
275 9.164667 0.508333 0.045333 0.290000
224 9.230333 0.505000 0.104667 0.530000
332 9.365333 0.493333 0.181333 0.906667
163 9.501333 0.510000 0.104000 0.386667
311 9.584333 0.508333 0.079333 0.350000
890 9.659667 0.501667 0.090000 0.363333
385 9.761667 0.493333 0.128667 0.353333
936 9.836667 0.506667 0.040000 0.306667
56 9.883000 0.496667 0.072667 0.106667
564 9.990667 0.505000 0.156000 0.330000
572 10.109333 0.506667 0.100000 0.386667
970 10.168000 0.510000 0.037333 0.273333
548 10.239667 0.501667 0.119333 0.390000
62 10.326333 0.491667 0.070000 0.336667
52 10.416000 0.505000 0.125333 0.443333
673 10.518667 0.490000 0.098667 0.326667
920 10.608333 0.488333 0.096667 0.356667
653 10.721000 0.503333 0.146000 0.480000
409 10.846333 0.488333 0.122000 0.616667
991 10.916000 0.488333 0.032000 0.263333
418 10.975667 0.495000 0.102000 0.503333
278 11.079000 0.500000 0.123333 0.373333
526 11.211333 0.508333 0.160000 0.423333
1014 11.306667 0.490000 0.048000 0.360000
245 11.349000 0.506667 0.052667 0.313333
496 11.412667 0.506667 0.094667 0.373333
290 11.531333 0.508333 0.158667 0.483333
597 11.664667 0.506667 0.124000 0.380000
453 11.756333 0.491667 0.074000 0.383333
892 11.864667 0.506667 0.157333 0.466667
854 12.008667 0.506667 0.150667 0.513333
747 12.134667 0.488333 0.114667 0.470000
805 12.276333 0.508333 0.184667 0.923333
884 12.433333 0.496667 0.145333 0.500000
424 12.571667 0.503333 0.148667 0.473333
729 12.653333 0.505000 0.033333 0.416667
772 12.751667 0.490000 0.180667 0.506667
145 12.871000 0.490000 0.072667 0.360000
225 12.953333 0.505000 0.112000 0.530000
587 13.057000 0.491667 0.114000 0.356667
100 13.213333 0.496667 0.212000 1.060000
786 13.349667 0.488333 0.074000 0.450000
534 13.424333 0.496667 0.090000 0.346667
515 13.517000 0.501667 0.115333 0.363333
945 13.586667 0.496667 0.038667 0.300000
75 13.675000 0.500000 0.155333 0.480000
978 13.766000 0.501667 0.044000 0.343333
204 13.821667 0.493333 0.087333 0.440000
455 13.891333 0.498333 0.069333 0.396667
598 13.984000 0.500000 0.130667 0.386667
489 14.077333 0.490000 0.069333 0.413333
615 14.162000 0.500000 0.118667 0.526667
986 14.238000 0.508333 0.048000 0.350000
405 14.298667 0.500000 0.088000 0.346667
27 14.396667 0.491667 0.124000 0.416667
869 14.484667 0.500000 0.066667 0.446667
981 14.527000 0.493333 0.036667 0.280000
21 14.590000 0.505000 0.106667 0.363333
537 14.718333 0.488333 0.167333 0.836667
272 14.860333 0.501667 0.131333 0.383333
125 14.971000 0.505000 0.103333 0.476667
734 15.084333 0.490000 0.139333 0.366667
4 15.191333 0.501667 0.092000 0.390000
407 15.272333 0.500000 0.084667 0.320000
674 15.354667 0.508333 0.097333 0.343333
32 15.448000 0.505000 0.102667 0.390000
967 15.513667 0.495000 0.044667 0.350000
30 15.600000 0.488333 0.144000 0.423333
659 15.703333 0.508333 0.077333 0.330000
767 15.794000 0.505000 0.122667 0.350000
754 15.905000 0.503333 0.118000 0.573333
833 16.015333 0.498333 0.117333 0.510000
834 16.112000 0.505000 0.096000 0.403333
35 16.212333 0.503333 0.118000 0.426667
616 16.340667 0.506667 0.158667 0.393333
510 16.497333 0.510000 0.173333 0.866667
444 16.610333 0.496667 0.071333 0.373333
172 16.699333 0.510000 0.121333 0.453333
935 16.777000 0.503333 0.052667 0.373333
611 16.838667 0.506667 0.089333 0.353333
1011 16.891000 0.491667 0.035333 0.256667
497 16.965667 0.495000 0.128667 0.330000
551 17.090333 0.506667 0.140667 0.426667
170 17.220667 0.493333 0.137333 0.513333
171 17.328000 0.508333 0.094667 0.356667
345 17.437333 0.508333 0.137333 0.430000
168 17.543333 0.490000 0.093333 0.333333
217 17.688667 0.500000 0.212000 1.060000
135 17.846000 0.488333 0.116000 0.403333
13 17.962667 0.503333 0.130667 0.426667
90 18.123333 0.500000 0.205333 1.026667
266 18.297667 0.510000 0.156667 0.473333
667 18.419667 0.505000 0.104667 0.390000
874 18.502333 0.490000 0.078000 0.360000
781 18.567333 0.496667 0.066667 0.346667
421 18.648667 0.500000 0.116000 0.386667
793 18.761000 0.508333 0.122000 0.483333
7 18.863667 0.505000 0.099333 0.330000
432 18.973000 0.505000 0.134000 0.263333
161 19.085000 0.490000 0.110000 0.426667
937 19.153000 0.501667 0.040667 0.336667
762 19.203000 0.490000 0.079333 0.333333
133 19.279333 0.501667 0.086667 0.390000
412 19.350333 0.508333 0.075333 0.383333
630 19.446667 0.510000 0.130667 0.440000
804 19.593000 0.490000 0.178000 0.513333
971 19.688333 0.491667 0.032667 0.270000
456 19.730000 0.495000 0.069333 0.370000
840 19.805333 0.501667 0.100000 0.430000
777 19.896333 0.490000 0.095333 0.406667
117 19.988333 0.491667 0.107333 0.330000
119 20.075333 0.498333 0.085333 0.503333
922 20.129333 0.493333 0.037333 0.273333
296 20.197000 0.498333 0.116667 0.423333
867 20.303000 0.493333 0.111333 0.373333
327 20.419000 0.510000 0.138000 0.366667
692 20.523000 0.491667 0.083333 0.410000
652 20.634333 0.490000 0.159333 0.533333
88 20.808667 0.490000 0.209333 0.453333
439 20.956000 0.503333 0.098667 0.406667
862 21.035333 0.495000 0.077333 0.356667
779 21.087000 0.501667 0.043333 0.403333
411 21.214000 0.510000 0.224000 1.120000
248 21.363000 0.500000 0.092667 0.500000
70 21.508000 0.500000 0.217333 1.086667
435 21.637000 0.501667 0.059333 0.296667
26 21.732667 0.510000 0.148000 0.500000
351 21.880000 0.500000 0.165333 0.486667
251 21.983333 0.503333 0.058667 0.340000
325 22.121000 0.491667 0.231333 1.156667
930 22.248667 0.505000 0.044000 0.323333
806 22.361333 0.490000 0.200000 0.493333
932 22.477667 0.501667 0.046000 0.350000
97 22.580667 0.490000 0.180000 0.900000
282 22.717000 0.495000 0.112667 0.383333
188 22.820333 0.496667 0.111333 0.473333
160 22.908000 0.506667 0.078667 0.480000
873 22.990333 0.505000 0.102000 0.483333
506 23.048333 0.496667 0.031333 0.346667
960 23.082000 0.506667 0.050667 0.373333
136 23.177333 0.490000 0.154667 0.773333
675 23.297000 0.493333 0.102000 0.366667
226 23.391000 0.491667 0.100667 0.443333
220 23.479333 0.488333 0.092000 0.450000
129 23.588000 0.493333 0.138667 0.553333
373 23.744333 0.491667 0.188667 0.943333
596 23.886000 0.508333 0.112000 0.350000
939 23.951333 0.500000 0.037333 0.286667
164 24.019667 0.503333 0.114000 0.413333
847 24.120000 0.508333 0.101333 0.336667
323 24.245000 0.503333 0.164667 0.386667
535 24.416000 0.488333 0.196000 0.430000
818 24.574667 0.505000 0.141333 0.350000
575 24.699667 0.505000 0.124667 0.410000
379 24.853000 0.501667 0.196667 0.983333
212 24.986333 0.493333 0.090000 0.366667
124 25.078333 0.488333 0.114000 0.396667
913 25.177333 0.496667 0.100000 0.300000
259 25.278000 0.508333 0.114667 0.570000
846 25.369000 0.506667 0.087333 0.406667
137 25.439667 0.488333 0.074000 0.363333
452 25.503000 0.498333 0.068667 0.356667
910 25.582667 0.493333 0.106667 0.353333
256 25.675000 0.488333 0.092667 0.310000
498 25.748000 0.491667 0.069333 0.423333
677 25.829333 0.506667 0.110667 0.366667
346 25.946667 0.491667 0.141333 0.376667
595 26.072667 0.496667 0.128000 0.400000
309 26.166333 0.508333 0.074000 0.416667
143 26.247333 0.491667 0.106667 0.470000
1015 26.318000 0.506667 0.049333 0.373333
467 26.373333 0.498333 0.080000 0.430000
523 26.473333 0.490000 0.134667 0.433333
183 26.584000 0.501667 0.102667 0.470000
92 26.715333 0.503333 0.173333 0.866667
852 26.853667 0.495000 0.120667 0.496667
299 26.949667 0.491667 0.088667 0.343333
962 27.004000 0.496667 0.038667 0.306667
900 27.086667 0.491667 0.146667 0.423333
760 27.228667 0.500000 0.157333 0.506667
626 27.406000 0.510000 0.216000 1.080000
555 27.527667 0.490000 0.042000 0.426667
197 27.605333 0.508333 0.126667 0.523333
488 27.706333 0.503333 0.090000 0.440000
429 27.804333 0.510000 0.119333 0.406667
19 27.912000 0.506667 0.116000 0.386667
12 28.009000 0.505000 0.091333 0.330000
108 28.139667 0.498333 0.190000 0.410000
85 28.272000 0.505000 0.093333 0.356667
947 28.324667 0.505000 0.030667 0.256667
741 28.380333 0.510000 0.100667 0.346667
837 28.469333 0.495000 0.094667 0.436667
976 28.523667 0.488333 0.034000 0.283333
487 28.569000 0.488333 0.071333 0.416667
856 28.662000 0.501667 0.134667 0.336667
378 28.815000 0.488333 0.188667 0.943333
634 28.932000 0.501667 0.064000 0.276667
236 29.004667 0.510000 0.098667 0.393333
973 29.063000 0.493333 0.034000 0.253333
93 29.170000 0.510000 0.194667 0.973333
73 29.326667 0.488333 0.134667 0.443333
780 29.459000 0.488333 0.147333 0.423333
827 29.567333 0.488333 0.088000 0.396667
745 29.656667 0.508333 0.104000 0.430000
736 29.725000 0.500000 0.050000 0.333333
881 29.807667 0.490000 0.128667 0.433333
28 29.916667 0.490000 0.109333 0.420000
520 30.018333 0.496667 0.111333 0.380000
944 30.084333 0.491667 0.040667 0.330000
106 30.181333 0.498333 0.169333 0.363333
277 30.288667 0.496667 0.065333 0.293333
997 30.331333 0.495000 0.037333 0.283333
676 30.392000 0.506667 0.100000 0.373333
44 30.483000 0.498333 0.100667 0.403333
260 30.621333 0.493333 0.190667 0.953333
994 30.730667 0.506667 0.045333 0.353333
617 30.796000 0.493333 0.101333 0.406667
621 30.864333 0.498333 0.054000 0.556667
29 30.945333 0.503333 0.124000 0.353333
1019 31.014333 0.501667 0.034000 0.256667
321 31.064333 0.500000 0.083333 0.353333
437 31.149333 0.500000 0.101333 0.500000
928 31.207000 0.498333 0.031333 0.256667
705 31.325667 0.491667 0.226000 1.130000
778 31.479667 0.510000 0.095333 0.626667
240 31.548333 0.495000 0.060667 0.310000
375 31.654333 0.505000 0.171333 0.856667
360 31.788667 0.500000 0.117333 0.366667
91 31.952667 0.496667 0.230667 0.486667
47 32.121333 0.503333 0.121333 0.580000
46 32.196667 0.491667 0.048000 0.410000
606 32.275333 0.496667 0.128000 0.386667
221 32.375000 0.501667 0.087333 0.396667
218 32.464000 0.505000 0.106667 0.450000
1000 32.533000 0.503333 0.044667 0.320000
211 32.597333 0.506667 0.097333 0.393333
66 32.683000 0.503333 0.088667 0.473333
293 32.772667 0.488333 0.105333 0.443333
329 32.905333 0.506667 0.173333 0.593333
361 33.070000 0.500000 0.174667 0.873333
441 33.184333 0.490000 0.071333 0.373333
380 33.277333 0.506667 0.130667 0.366667
757 33.406000 0.503333 0.142667 0.473333
492 33.507000 0.488333 0.078000 0.416667
982 33.560333 0.498333 0.042000 0.310000
5 33.621667 0.493333 0.096667 0.420000
434 33.708333 0.508333 0.095333 0.316667
376 33.823333 0.503333 0.148000 0.406667
247 33.936000 0.488333 0.094667 0.443333
654 34.099333 0.495000 0.250667 0.450000
898 34.286333 0.491667 0.136667 0.383333
499 34.378667 0.505000 0.068000 0.416667
343 34.471333 0.508333 0.137333 0.396667
381 34.591667 0.488333 0.116667 0.316667
78 34.751333 0.510000 0.221333 1.106667
436 34.904333 0.503333 0.102000 0.273333
552 34.978000 0.490000 0.058667 0.380000
721 35.076000 0.496667 0.154667 0.393333
427 35.198333 0.506667 0.110000 0.520000
883 35.334000 0.510000 0.174667 0.380000
41 35.500000 0.493333 0.170667 0.853333
22 35.626667 0.498333 0.102667 0.343333
896 35.733667 0.498333 0.128667 0.396667
72 35.839000 0.506667 0.099333 0.480000
540 35.980667 0.496667 0.200000 1.000000
269 36.157667 0.500000 0.174000 0.560000
542 36.314000 0.491667 0.157333 0.550000
401 36.431333 0.501667 0.090667 0.503333
735 36.526667 0.501667 0.116000 0.476667
175 36.658667 0.510000 0.161333 0.806667
177 36.796667 0.495000 0.134667 0.476667
358 36.913667 0.500000 0.114000 0.320000
279 37.003333 0.510000 0.078667 0.460000
907 37.093667 0.491667 0.118000 0.390000
462 37.188667 0.506667 0.088000 0.453333
112 37.286333 0.503333 0.124667 0.426667
882 37.400000 0.508333 0.116000 0.456667
768 37.487667 0.508333 0.075333 0.156667
756 37.587333 0.491667 0.138667 0.396667
581 37.688667 0.488333 0.084000 0.356667
48 37.850667 0.500000 0.256000 0.446667
57 37.994000 0.496667 0.045333 0.246667
1016 38.027667 0.491667 0.038000 0.310000
685 38.076667 0.491667 0.076000 0.290000
495 38.148667 0.510000 0.086667 0.466667
627 38.273333 0.498333 0.177333 0.590000
716 38.456667 0.493333 0.205333 1.026667
629 38.635000 0.488333 0.170000 0.850000
485 38.743667 0.490000 0.062000 0.326667
655 38.810333 0.500000 0.084667 0.353333
929 38.861667 0.508333 0.034000 0.263333
625 38.971333 0.506667 0.200000 1.000000
507 39.098000 0.508333 0.072000 0.430000
139 39.161000 0.506667 0.074000 0.440000
571 39.238333 0.498333 0.099333 0.410000
1007 39.300667 0.491667 0.040000 0.296667
206 39.364333 0.498333 0.107333 0.530000
812 39.487333 0.506667 0.153333 0.360000
17 39.600333 0.510000 0.088667 0.326667
194 39.680000 0.500000 0.089333 0.386667
961 39.741667 0.508333 0.047333 0.343333
594 39.826333 0.495000 0.135333 0.410000
431 39.928333 0.495000 0.083333 0.290000
702 40.047333 0.495000 0.169333 0.530000
199 40.180000 0.496667 0.110667 0.446667
529 40.277000 0.508333 0.099333 0.383333
868 40.365667 0.501667 0.098000 0.550000
612 40.492667 0.488333 0.169333 0.470000
956 40.591333 0.501667 0.041333 0.310000
1013 40.623333 0.501667 0.041333 0.330000
76 40.695000 0.493333 0.116667 0.360000
2 40.789000 0.490000 0.084667 0.406667
746 40.879667 0.493333 0.110000 0.320000
237 40.968667 0.501667 0.088000 0.623333
210 41.053333 0.490000 0.101333 0.506667
440 41.134667 0.508333 0.078667 0.403333
166 41.215000 0.505000 0.100667 0.383333
787 41.296667 0.510000 0.080000 0.493333
508 41.357667 0.498333 0.056667 0.336667
810 41.426667 0.500000 0.100000 0.453333
995 41.486000 0.501667 0.037333 0.290000
585 41.549000 0.500000 0.102000 0.300000
748 41.648667 0.500000 0.112000 0.413333
658 41.726667 0.496667 0.061333 0.353333
992 41.775333 0.495000 0.050667 0.376667
267 41.888667 0.490000 0.194667 0.973333
718 42.062667 0.503333 0.166667 0.433333
975 42.156000 0.505000 0.038667 0.283333
665 42.228667 0.488333 0.124000 0.423333
262 42.385333 0.510000 0.209333 1.046667
809 42.526000 0.490000 0.090667 0.480000
306 42.597000 0.496667 0.070000 0.386667
628 42.711333 0.510000 0.174667 0.586667
691 42.831333 0.488333 0.081333 0.396667
669 42.917000 0.493333 0.110000 0.360000
776 43.050000 0.490000 0.170667 0.433333
824 43.171000 0.495000 0.090000 0.403333
478 43.241667 0.506667 0.070000 0.426667
894 43.331333 0.508333 0.129333 0.336667
546 43.431000 0.498333 0.084667 0.310000
723 43.516667 0.510000 0.106667 0.366667
648 43.597667 0.510000 0.068667 0.293333
9 43.672333 0.510000 0.099333 0.393333
584 43.778000 0.495000 0.129333 0.390000
696 43.910000 0.495000 0.149333 0.350000
118 44.014667 0.491667 0.078667 0.310000
516 44.105333 0.496667 0.116000 0.386667
382 44.235333 0.505000 0.160000 0.463333
38 44.358000 0.500000 0.105333 0.380000
207 44.451667 0.503333 0.095333 0.433333
521 44.554333 0.493333 0.130000 0.333333
402 44.684667 0.510000 0.144000 0.380000
374 44.812000 0.493333 0.125333 0.333333
547 44.907000 0.508333 0.078000 0.436667
866 45.002667 0.493333 0.132000 0.360000
494 45.099000 0.501667 0.075333 0.330000
189 45.178667 0.500000 0.097333 0.386667
927 45.238333 0.503333 0.036667 0.280000
773 45.311000 0.495000 0.122000 0.323333
265 45.425333 0.496667 0.124000 0.473333
831 45.528333 0.496667 0.099333 0.413333
34 45.624667 0.495000 0.109333 0.403333
474 45.697333 0.508333 0.054667 0.290000
859 45.775667 0.503333 0.119333 0.373333
605 45.883000 0.505000 0.111333 0.290000
565 45.996667 0.495000 0.134667 0.276667
710 46.135333 0.496667 0.157333 0.786667
460 46.247667 0.506667 0.087333 0.453333
203 46.336667 0.498333 0.105333 0.423333
602 46.434667 0.501667 0.105333 0.330000
528 46.539333 0.501667 0.122667 0.403333
227 46.649000 0.506667 0.112667 0.460000
54 46.729667 0.501667 0.068667 0.356667
931 46.777333 0.500000 0.040000 0.293333
808 46.832333 0.508333 0.087333 0.323333
184 46.914667 0.501667 0.094667 0.383333
503 47.033667 0.495000 0.160667 0.416667
241 47.154667 0.510000 0.094667 0.526667
783 47.231667 0.495000 0.074000 0.403333
905 47.331333 0.491667 0.140000 0.456667
271 47.481333 0.506667 0.173333 0.866667
428 47.608000 0.493333 0.093333 0.640000
524 47.695333 0.488333 0.100000 0.316667
215 47.797333 0.496667 0.122667 0.580000
120 47.951667 0.491667 0.199333 0.996667
1009 48.068000 0.508333 0.053333 0.376667
969 48.107333 0.490000 0.044000 0.346667
235 48.177000 0.488333 0.112667 0.450000
87 48.329000 0.488333 0.207333 0.443333
637 48.457000 0.491667 0.062000 0.316667
288 48.552333 0.505000 0.143333 0.550000
987 48.633667 0.488333 0.032667 0.256667
20 48.690000 0.496667 0.097333 0.340000
635 48.776333 0.490000 0.092667 0.420000
403 48.925000 0.508333 0.218000 1.090000
916 49.123000 0.491667 0.196667 0.983333
229 49.275000 0.493333 0.120667 0.520000
482 49.358333 0.491667 0.063333 0.383333
61 49.434667 0.488333 0.104000 0.516667
458 49.517000 0.500000 0.075333 0.446667
996 49.567333 0.495000 0.041333 0.296667
55 49.638000 0.506667 0.118667 0.286667
398 49.735000 0.496667 0.088667 0.473333
841 49.831000 0.505000 0.118000 0.483333
693 49.932000 0.491667 0.101333 0.496667
959 49.994333 0.510000 0.036667 0.280000
670 50.067333 0.505000 0.125333 0.410000
784 50.148000 0.510000 0.050667 0.413333
101 50.249667 0.495000 0.170000 0.363333
730 50.402333 0.498333 0.152667 0.556667
590 50.529667 0.491667 0.120667 0.390000
512 50.628333 0.493333 0.094000 0.313333
308 50.697667 0.498333 0.063333 0.363333
324 50.792000 0.501667 0.138667 0.683333
366 50.919333 0.495000 0.136000 0.363333
174 51.028000 0.488333 0.100000 0.383333
737 51.098000 0.496667 0.057333 0.366667
258 51.182333 0.506667 0.124667 0.460000
214 51.289000 0.506667 0.102000 0.420000
683 51.407000 0.488333 0.147333 0.436667
433 51.546000 0.490000 0.145333 0.306667
104 51.701000 0.505000 0.184667 0.923333
821 51.825667 0.495000 0.084667 0.576667
159 51.879667 0.496667 0.042000 0.340000
706 51.921667 0.493333 0.058000 0.313333
656 52.032000 0.490000 0.178667 0.453333
687 52.158333 0.498333 0.088667 0.436667
337 52.330000 0.506667 0.273333 0.646667
150 52.503000 0.490000 0.092667 0.380000
442 52.573000 0.493333 0.067333 0.346667
1008 52.623667 0.501667 0.050000 0.370000
619 52.682000 0.506667 0.081333 0.413333
413 52.765333 0.506667 0.105333 0.446667
362 52.872333 0.490000 0.122000 0.340000
423 53.008333 0.488333 0.170000 0.850000
899 53.181333 0.506667 0.189333 0.946667
196 53.309667 0.495000 0.087333 0.416667
281 53.417333 0.501667 0.146667 0.516667
567 53.541333 0.496667 0.120000 0.506667
998 53.617333 0.496667 0.045333 0.346667
785 53.660667 0.488333 0.061333 0.256667
645 53.731333 0.508333 0.093333 0.430000
368 53.841667 0.508333 0.144667 0.390000
570 53.964000 0.501667 0.113333 0.496667
169 54.078000 0.510000 0.129333 0.486667
828 54.185333 0.488333 0.104000 0.503333
811 54.289667 0.498333 0.118000 0.296667
186 54.399333 0.505000 0.118667 0.490000
318 54.506333 0.510000 0.115333 0.513333
697 54.588000 0.490000 0.061333 0.306667
722 54.676000 0.506667 0.132000 0.400000
82 54.765000 0.508333 0.059333 0.443333
763 54.811333 0.490000 0.053333 0.360000
109 54.930333 0.498333 0.200667 1.003333
974 55.039667 0.493333 0.035333 0.273333
154 55.083333 0.508333 0.072000 0.323333
802 55.213333 0.495000 0.204000 0.450000
477 55.346333 0.490000 0.078000 0.413333
600 55.433333 0.506667 0.109333 0.340000
113 55.520667 0.503333 0.080000 0.433333
335 55.629333 0.503333 0.152000 0.480000
261 55.770333 0.496667 0.144667 0.686667
853 55.887333 0.501667 0.105333 0.430000
304 55.969333 0.491667 0.076000 0.423333
759 56.080667 0.493333 0.162667 0.466667
505 56.186000 0.503333 0.061333 0.260000
979 56.227667 0.498333 0.039333 0.303333
180 56.290333 0.495000 0.104667 0.383333
454 56.363000 0.495000 0.059333 0.303333
823 56.429000 0.491667 0.087333 0.383333
851 56.523667 0.500000 0.115333 0.473333
541 56.652667 0.493333 0.156000 0.780000
553 56.786000 0.500000 0.126667 0.453333
941 56.858667 0.501667 0.032000 0.256667
388 56.943333 0.500000 0.156000 0.420000
662 57.080000 0.488333 0.134667 0.470000
620 57.205000 0.510000 0.128667 0.553333
795 57.299333 0.498333 0.078667 0.483333
519 57.380333 0.491667 0.100667 0.336667
202 57.477333 0.503333 0.110667 0.426667
331 57.628000 0.506667 0.210667 1.053333
45 57.765000 0.495000 0.082000 0.410000
688 57.836333 0.501667 0.074000 0.363333
178 57.915333 0.503333 0.101333 0.366667
330 58.002667 0.488333 0.089333 0.336667
680 58.093667 0.506667 0.112667 0.413333
963 58.161667 0.498333 0.040667 0.323333
408 58.222667 0.503333 0.096000 0.373333
609 58.296000 0.496667 0.068000 0.280000
481 58.362667 0.493333 0.082667 0.433333
559 58.431667 0.508333 0.071333 0.343333
274 58.503000 0.503333 0.091333 0.446667
162 58.597667 0.496667 0.114000 0.406667
842 58.696000 0.493333 0.096000 0.426667
268 58.821000 0.500000 0.172667 0.540000
339 58.954333 0.506667 0.107333 0.566667
356 59.062000 0.490000 0.122667 0.366667
167 59.199000 0.491667 0.171333 0.856667
582 59.332000 0.490000 0.112000 0.426667
536 59.445333 0.491667 0.134667 0.523333
198 59.552333 0.505000 0.096667 0.490000
814 59.662667 0.490000 0.138667 0.313333
822 59.774667 0.508333 0.102667 0.343333
471 59.850000 0.508333 0.066667 0.396667
624 59.969000 0.491667 0.190000 0.630000
545 60.098333 0.496667 0.088667 0.340000
127 60.229000 0.501667 0.186000 0.930000
140 60.410333 0.501667 0.196667 0.983333
1017 60.520000 0.508333 0.037333 0.296667
383 60.596000 0.488333 0.128000 0.363333
554 60.757667 0.501667 0.208667 1.043333
253 60.882667 0.505000 0.057333 0.530000
310 60.938667 0.505000 0.072000 0.403333
67 61.049667 0.501667 0.164667 0.823333
284 61.178333 0.496667 0.110000 0.393333
613 61.328000 0.506667 0.202667 1.013333
1006 61.437667 0.503333 0.036667 0.300000
816 61.511667 0.500000 0.130000 0.453333
287 61.630667 0.493333 0.121333 0.453333
340 61.743000 0.490000 0.116667 0.353333
208 61.876667 0.503333 0.164000 0.820000
838 62.000667 0.496667 0.100000 0.446667
10 62.103333 0.506667 0.118667 0.406667
16 62.213333 0.501667 0.118667 0.383333
604 62.330667 0.508333 0.136000 0.416667
861 62.413333 0.493333 0.048000 0.373333
289 62.520000 0.503333 0.180000 0.900000
122 62.652333 0.493333 0.102000 0.373333
623 62.771667 0.498333 0.155333 0.776667
938 62.863667 0.495000 0.043333 0.323333
190 62.921667 0.508333 0.092667 0.383333
790 63.001333 0.498333 0.082667 0.496667
844 63.119667 0.508333 0.170000 0.850000
893 63.293333 0.500000 0.192000 0.960000
322 63.424333 0.496667 0.084667 0.120000
254 63.512667 0.496667 0.108000 0.420000
80 63.616333 0.493333 0.115333 0.566667
664 63.715333 0.496667 0.098667 0.373333
291 63.815000 0.491667 0.118000 0.456667
410 63.909667 0.496667 0.084667 0.406667
71 63.978333 0.495000 0.066000 0.363333
233 64.093667 0.501667 0.184667 0.923333
39 64.233333 0.503333 0.110667 0.360000
234 64.333667 0.501667 0.104667 0.530000
933 64.398333 0.493333 0.044667 0.353333
232 64.468000 0.488333 0.112000 0.450000
530 64.568667 0.500000 0.109333 0.546667
355 64.691000 0.493333 0.148667 0.433333
918 64.807333 0.493333 0.104000 0.393333
344 64.938000 0.493333 0.174667 0.873333
359 65.117667 0.495000 0.199333 0.996667
365 65.271000 0.491667 0.124667 0.363333
889 65.393000 0.501667 0.135333 0.423333
181 65.522333 0.505000 0.139333 0.503333
888 65.637000 0.503333 0.110000 0.366667
128 65.798000 0.503333 0.226667 1.133333
320 65.978000 0.493333 0.146667 0.460000
479 66.082000 0.495000 0.078667 0.416667
146 66.157667 0.491667 0.088667 0.410000
731 66.239000 0.506667 0.087333 0.440000
578 66.332000 0.495000 0.114667 0.450000
794 66.414333 0.510000 0.067333 0.413333
700 66.516333 0.495000 0.150000 0.603333
758 66.638667 0.490000 0.112000 0.340000
832 66.740333 0.506667 0.104667 0.426667
328 66.873667 0.495000 0.182000 0.423333
354 67.025333 0.501667 0.138667 0.370000
3 67.125667 0.491667 0.078000 0.356667
83 67.199667 0.503333 0.084667 0.406667
49 67.341667 0.508333 0.212667 1.063333
589 67.497333 0.498333 0.118667 0.523333
1021 67.566000 0.501667 0.036000 0.296667
849 67.624000 0.498333 0.093333 0.383333
839 67.710667 0.493333 0.100000 0.426667
543 67.839333 0.491667 0.170667 0.570000
420 67.955333 0.505000 0.078667 0.323333
651 68.056333 0.501667 0.136667 0.463333
205 68.170667 0.490000 0.105333 0.533333
1020 68.237000 0.500000 0.042000 0.333333
222 68.309667 0.508333 0.118000 0.476667
182 68.468000 0.506667 0.217333 1.086667
223 68.618333 0.498333 0.100667 0.443333
538 68.740667 0.488333 0.157333 0.403333
264 68.862000 0.503333 0.102667 0.393333
448 68.937333 0.501667 0.068000 0.356667
130 69.060333 0.491667 0.195333 0.443333
451 69.181667 0.491667 0.060667 0.316667
484 69.255667 0.508333 0.106000 0.396667
110 69.366333 0.500000 0.132667 0.486667
349 69.500667 0.490000 0.150667 0.473333
858 69.631667 0.488333 0.128667 0.403333
643 69.736000 0.491667 0.094667 0.343333
152 69.817667 0.498333 0.084667 0.416667
419 69.886000 0.493333 0.072000 0.353333
681 69.938667 0.488333 0.050667 0.450000
142 70.003000 0.501667 0.094000 0.403333
394 70.103333 0.490000 0.120000 0.366667
491 70.198667 0.503333 0.089333 0.433333
872 70.304667 0.498333 0.141333 0.396667
517 70.422667 0.501667 0.110667 0.376667
942 70.492000 0.498333 0.042667 0.356667
352 70.575667 0.501667 0.143333 0.383333
68 70.700333 0.510000 0.126000 0.366667
400 70.782000 0.506667 0.053333 0.420000
798 70.847000 0.488333 0.090000 0.336667
425 70.936000 0.488333 0.108000 0.630000
752 71.013333 0.508333 0.066667 0.176667
500 71.080667 0.496667 0.084000 0.386667
708 71.221000 0.508333 0.216667 1.083333
791 71.362333 0.505000 0.082000 0.496667
684 71.446000 0.493333 0.102667 0.386667
173 71.535000 0.495000 0.092667 0.416667
749 71.614000 0.490000 0.081333 0.333333
744 71.727000 0.501667 0.162000 0.810000
463 71.838333 0.506667 0.074000 0.440000
636 71.933333 0.503333 0.133333 0.320000
103 72.101667 0.508333 0.220667 1.103333
464 72.244333 0.490000 0.083333 0.426667
126 72.351333 0.496667 0.146667 0.486667
830 72.479333 0.505000 0.122667 0.523333
280 72.594667 0.505000 0.124000 0.450000
522 72.711333 0.496667 0.129333 0.406667
399 72.816000 0.503333 0.098667 0.360000
390 72.932333 0.508333 0.150000 0.450000
1004 73.017333 0.498333 0.040000 0.310000
725 73.102333 0.501667 0.150000 0.636667
699 73.238000 0.510000 0.141333 0.400000
312 73.362000 0.493333 0.122667 0.486667
37 73.478000 0.508333 0.126667 0.443333
40 73.595000 0.510000 0.126000 0.413333
141 73.694667 0.508333 0.089333 0.390000
115 73.773333 0.510000 0.084000 0.406667
209 73.893333 0.510000 0.170667 0.853333
855 74.004333 0.495000 0.066000 0.170000
825 74.088000 0.490000 0.120000 0.520000
925 74.156000 0.503333 0.034667 0.280000
364 74.253333 0.496667 0.178667 0.893333
940 74.354000 0.498333 0.037333 0.270000
525 74.414000 0.510000 0.100000 0.333333
86 74.498000 0.491667 0.086667 0.376667
461 74.578333 0.495000 0.092667 0.470000
472 74.647000 0.495000 0.063333 0.350000
690 74.711333 0.498333 0.080000 0.390000
977 74.763333 0.488333 0.040000 0.336667
694 74.814667 0.495000 0.080000 0.396667
116 74.920333 0.500000 0.151333 0.446667
607 75.045000 0.488333 0.114000 0.343333
33 75.156667 0.491667 0.128000 0.483333
63 75.265333 0.506667 0.104000 0.373333
632 75.384667 0.498333 0.153333 0.490000
96 75.551667 0.498333 0.199333 0.996667
686 75.682000 0.498333 0.074667 0.370000
105 75.828333 0.488333 0.231333 1.156667
921 75.964000 0.488333 0.053333 0.310000
728 76.009667 0.503333 0.055333 0.486667
430 76.073667 0.506667 0.087333 0.373333
94 76.217333 0.506667 0.217333 1.086667
397 76.369000 0.493333 0.106000 0.480000
906 76.489667 0.491667 0.148667 0.403333
473 76.593333 0.500000 0.072000 0.373333
560 76.718000 0.503333 0.192000 0.960000
966 76.825333 0.508333 0.042667 0.310000
644 76.873667 0.496667 0.072667 0.333333
865 76.958000 0.495000 0.112000 0.416667
14 77.056000 0.493333 0.104000 0.353333
123 77.155000 0.506667 0.114000 0.673333
465 77.243333 0.488333 0.077333 0.403333
313 77.329333 0.506667 0.110667 0.386667
298 77.413333 0.498333 0.073333 0.370000
701 77.516333 0.495000 0.146000 0.463333
782 77.628000 0.508333 0.090667 0.423333
755 77.733667 0.503333 0.140667 0.426667
895 77.854333 0.500000 0.118000 0.340000
663 77.969333 0.506667 0.129333 0.426667
813 78.077667 0.488333 0.107333 0.343333
391 78.190333 0.491667 0.134000 0.383333
980 78.275333 0.490000 0.052000 0.373333
563 78.385000 0.501667 0.186000 0.383333
438 78.582000 0.506667 0.221333 1.106667
483 78.713000 0.500000 0.058000 0.346667
897 78.816000 0.491667 0.164000 0.483333
724 78.934333 0.488333 0.091333 0.476667
638 79.027333 0.495000 0.110667 0.436667
580 79.160333 0.493333 0.171333 0.460000
924 79.255000 0.506667 0.034000 0.286667
470 79.300667 0.510000 0.073333 0.386667
771 79.376667 0.508333 0.097333 0.503333
631 79.510000 0.493333 0.182667 0.913333
574 79.629667 0.490000 0.075333 0.300000
350 79.722000 0.500000 0.128000 0.340000
695 79.849667 0.501667 0.147333 0.450000
387 79.974667 0.496667 0.117333 0.333333
348 80.094333 0.493333 0.138000 0.373333
774 80.185000 0.498333 0.060667 0.310000
764 80.256000 0.508333 0.097333 0.443333
158 80.361667 0.498333 0.132667 0.430000
801 80.470667 0.510000 0.104000 0.386667
800 80.555667 0.493333 0.084667 0.313333
446 80.620333 0.505000 0.060667 0.316667
302 80.679667 0.500000 0.071333 0.400000
191 80.755333 0.493333 0.097333 0.406667
641 80.834000 0.495000 0.078667 0.370000
153 80.909000 0.488333 0.088667 0.403333
371 81.019667 0.506667 0.150000 0.406667
689 81.131667 0.501667 0.087333 0.430000
909 81.218000 0.490000 0.104000 0.466667
727 81.296333 0.501667 0.071333 0.383333
25 81.375333 0.491667 0.104000 0.363333
242 81.490000 0.501667 0.138667 0.530000
396 81.609333 0.503333 0.118667 0.353333
877 81.700333 0.510000 0.078000 0.400000
121 81.743000 0.491667 0.022000 0.410000
285 81.812333 0.498333 0.136667 0.463333
132 81.924333 0.510000 0.102000 0.426667
99 82.070667 0.495000 0.205333 0.450000
569 82.203667 0.493333 0.078000 0.306667
972 82.252000 0.498333 0.032000 0.256667
1022 82.276000 0.498333 0.032000 0.250000
732 82.318000 0.496667 0.065333 0.320000
509 82.398000 0.493333 0.112000 0.353333
878 82.497667 0.505000 0.104667 0.536667
951 82.566333 0.508333 0.052667 0.383333
450 82.612333 0.501667 0.054000 0.316667
633 82.743667 0.491667 0.223333 1.116667
788 82.948333 0.508333 0.202000 1.010000
819 83.102333 0.495000 0.124667 0.416667
591 83.241667 0.496667 0.167333 0.493333
357 83.390000 0.495000 0.149333 0.403333
443 83.498333 0.508333 0.087333 0.450000
151 83.572667 0.508333 0.077333 0.356667
886 83.663333 0.503333 0.122667 0.426667
843 83.760333 0.491667 0.090000 0.383333
666 83.859667 0.500000 0.127333 0.426667
228 83.966333 0.495000 0.099333 0.503333
557 84.050667 0.498333 0.088000 0.583333
766 84.147667 0.490000 0.124667 0.366667
475 84.235333 0.501667 0.066667 0.370000
704 84.333000 0.508333 0.142000 0.423333
639 84.434667 0.503333 0.080000 0.400000
213 84.530000 0.501667 0.128000 0.530000
415 84.658000 0.498333 0.146667 0.510000
102 84.841667 0.506667 0.238000 0.513333
238 85.016333 0.500000 0.131333 0.506667
43 85.125333 0.508333 0.105333 0.410000
316 85.220333 0.490000 0.100667 0.373333
870 85.290333 0.503333 0.055333 0.293333
305 85.347333 0.510000 0.072000 0.400000
314 85.432000 0.501667 0.117333 0.416667
347 85.538000 0.503333 0.114667 0.333333
486 85.623667 0.496667 0.070000 0.366667
156 85.746000 0.500000 0.188000 0.940000
642 85.883333 0.501667 0.101333 0.410000
876 86.007000 0.498333 0.162000 0.810000
863 86.137333 0.508333 0.117333 0.563333
60 86.225667 0.493333 0.074000 0.306667
908 86.303667 0.503333 0.100667 0.373333
469 86.379333 0.501667 0.064000 0.330000
200 86.465333 0.496667 0.124000 0.513333
511 86.586000 0.505000 0.132000 0.450000
31 86.704000 0.503333 0.120000 0.360000
715 86.845667 0.488333 0.179333 0.476667
292 86.992000 0.508333 0.132000 0.530000
1 87.095000 0.493333 0.087333 0.460000
384 87.214667 0.493333 0.166667 0.833333
923 87.311333 0.508333 0.045333 0.356667
449 87.352333 0.501667 0.052667 0.316667
549 87.425667 0.500000 0.112667 0.380000
915 87.511667 0.506667 0.076667 0.620000
539 87.583333 0.490000 0.081333 0.380000
250 87.701000 0.498333 0.172667 0.863333
815 87.846333 0.508333 0.134000 0.416667
480 87.937333 0.510000 0.061333 0.360000
1002 87.982000 0.500000 0.041333 0.340000
176 88.053667 0.506667 0.116667 0.406667
917 88.122000 0.501667 0.034667 0.250000
165 88.189000 0.490000 0.118000 0.433333
914 88.299000 0.505000 0.118000 0.356667
586 88.420667 0.503333 0.142667 0.460000
614 88.595333 0.503333 0.221333 1.106667
98 88.806667 0.510000 0.218667 1.093333
148 89.015000 0.505000 0.215333 1.076667
255 89.170000 0.491667 0.109333 0.416667
668 89.275000 0.505000 0.115333 0.410000
739 89.353000 0.498333 0.056667 0.436667
389 89.434667 0.495000 0.124000 0.370000
775 89.520667 0.491667 0.065333 0.323333
459 89.578000 0.490000 0.068000 0.406667
965 89.621000 0.496667 0.034000 0.273333
317 89.689333 0.508333 0.116000 0.443333
192 89.792333 0.501667 0.108667 0.496667
252 89.890333 0.490000 0.107333 0.433333
201 89.981667 0.493333 0.094000 0.473333
179 90.082667 0.496667 0.124000 0.473333
334 90.209000 0.493333 0.146000 0.446667
84 90.329667 0.510000 0.111333 0.306667
51 90.438333 0.501667 0.123333 0.403333
879 90.547333 0.500000 0.108000 0.353333
74 90.675667 0.501667 0.168667 0.516667
660 90.815000 0.498333 0.124667 0.430000
363 90.942667 0.501667 0.149333 0.403333
860 91.088000 0.506667 0.161333 0.806667
239 91.246667 0.510000 0.170667 0.853333
948 91.338667 0.491667 0.029333 0.243333
414 91.401333 0.505000 0.109333 0.556667
406 91.493667 0.488333 0.095333 0.370000
8 91.585333 0.506667 0.104000 0.386667
568 91.675333 0.496667 0.094667 0.473333
583 91.740333 0.508333 0.052667 0.310000
848 91.825667 0.495000 0.132667 0.403333
1023 91.899333 0.490000 0.032000 0.266667
573 91.960333 0.491667 0.106000 0.410000
193 92.054333 0.508333 0.102000 0.410000
65 92.145000 0.488333 0.094000 0.236667
23 92.260333 0.508333 0.150000 0.430000
911 92.384333 0.503333 0.112667 0.413333
792 92.493333 0.505000 0.120000 0.490000
712 92.661667 0.488333 0.230000 1.150000
531 92.880000 0.498333 0.226667 0.483333
18 93.035667 0.501667 0.100667 0.330000
904 93.109667 0.488333 0.066000 0.316667
300 93.174333 0.500000 0.082000 0.260000
69 93.256667 0.505000 0.100000 0.523333
751 93.351000 0.493333 0.104667 0.426667
661 93.444000 0.501667 0.098667 0.350000
650 93.564667 0.496667 0.160000 0.520000
64 93.665333 0.488333 0.061333 0.336667
698 93.719667 0.506667 0.066000 0.346667
885 93.788000 0.501667 0.086667 0.376667
682 93.880333 0.493333 0.114000 0.420000
230 93.977667 0.490000 0.096667 0.440000
303 94.057667 0.498333 0.078000 0.436667
276 94.115000 0.510000 0.051333 0.326667
946 94.152667 0.505000 0.041333 0.323333
533 94.217667 0.501667 0.103333 0.356667
740 94.328000 0.503333 0.132000 0.306667
155 94.436667 0.490000 0.101333 0.546667
709 94.523333 0.500000 0.086667 0.380000
671 94.615000 0.490000 0.115333 0.380000
404 94.710667 0.491667 0.092000 0.470000
544 94.785667 0.493333 0.078000 0.280000
738 94.862333 0.488333 0.090000 0.443333
369 95.009333 0.496667 0.218667 1.093333
297 95.145667 0.488333 0.071333 0.363333
836 95.236333 0.510000 0.127333 0.526667
753 95.357333 0.510000 0.133333 0.440000
603 95.500333 0.491667 0.168667 0.843333
622 95.682333 0.495000 0.215333 1.076667
608 95.827333 0.488333 0.088000 0.296667
953 95.879333 0.510000 0.032000 0.246667
502 95.930000 0.496667 0.086667 0.420000
338 96.040667 0.505000 0.148000 0.770000
989 96.124000 0.510000 0.034667 0.286667
864 96.179000 0.501667 0.095333 0.383333
649 96.267667 0.496667 0.099333 0.520000
714 96.388333 0.490000 0.160667 0.440000
216 96.513333 0.488333 0.106667 0.430000
803 96.626333 0.498333 0.134000 0.390000
750 96.752333 0.505000 0.136667 0.516667
817 96.885000 0.506667 0.147333 0.340000
707 97.000667 0.500000 0.098667 0.393333
1010 97.059333 0.490000 0.036000 0.286667
315 97.116667 0.510000 0.097333 0.340000
1012 97.179667 0.493333 0.048667 0.360000
246 97.259000 0.508333 0.127333 0.450000
968 97.335667 0.506667 0.042000 0.326667
447 97.389000 0.503333 0.083333 0.420000
417 97.461333 0.500000 0.074667 0.366667
24 97.561000 0.505000 0.140667 0.476667
993 97.643667 0.510000 0.038000 0.286667
717 97.730667 0.498333 0.150667 0.403333
799 97.855333 0.506667 0.117333 0.426667
58 97.928333 0.503333 0.042000 0.246667
53 97.983333 0.493333 0.086667 0.306667
871 98.054000 0.493333 0.070667 0.340000
283 98.146667 0.496667 0.133333 0.453333
647 98.241667 0.495000 0.071333 0.370000
761 98.323000 0.495000 0.107333 0.343333
919 98.401333 0.491667 0.062667 0.290000
618 98.457000 0.495000 0.066000 0.423333
377 98.536667 0.498333 0.110667 0.323333
270 98.679000 0.488333 0.190000 0.950000
527 98.846667 0.500000 0.158667 0.460000
107 99.012000 0.495000 0.190667 0.410000
657 99.151333 0.488333 0.106667 0.463333
902 99.255000 0.490000 0.116667 0.320000
983 99.322667 0.510000 0.036000 0.266667
353 99.395000 0.503333 0.128667 0.393333
891 99.481000 0.488333 0.059333 0.243333
850 99.553667 0.495000 0.104667 0.483333
393 99.664000 0.493333 0.133333 0.373333
579 99.793667 0.498333 0.144667 0.423333
370 99.926333 0.503333 0.134000 0.386667
187 100.045667 0.501667 0.123333 0.510000
592 100.184000 0.488333 0.168000 0.510000
81 100.313333 0.488333 0.108000 0.436667
476 100.395667 0.508333 0.071333 0.376667
249 100.457333 0.505000 0.070667 0.556667
11 100.533000 0.488333 0.098000 0.330000
796 100.665333 0.510000 0.182667 0.913333
1001 100.774333 0.505000 0.048667 0.356667
955 100.809667 0.501667 0.035333 0.256667
147 100.852667 0.496667 0.070667 0.340000
89 100.968333 0.491667 0.175333 0.876667
111 101.091667 0.505000 0.091333 0.390000
964 101.148333 0.490000 0.039333 0.280000
195 101.212667 0.491667 0.109333 0.450000
952 101.279667 0.508333 0.038000 0.316667
326 101.337000 0.508333 0.094000 0.430000
185 101.426333 0.490000 0.102000 0.486667
0 101.487000 0.498333 0.038000 0.296667
59 101.571000 0.498333 0.144667 0.383333
513 101.695333 0.506667 0.118667 0.386667
711 101.824333 0.491667 0.158000 0.403333
733 101.938333 0.498333 0.084667 0.496667
943 101.994000 0.508333 0.044000 0.343333
742 102.110333 0.498333 0.204667 1.023333
134 102.254667 0.500000 0.104000 0.460000
95 102.399000 0.488333 0.198000 0.990000
307 102.525667 0.505000 0.074000 0.416667
286 102.614333 0.501667 0.122000 0.456667
679 102.699667 0.490000 0.068667 0.413333
131 102.813667 0.488333 0.176667 0.883333
257 102.958333 0.488333 0.128667 0.383333
333 103.103000 0.491667 0.176667 0.390000
504 103.268000 0.503333 0.166667 0.480000
231 103.386333 0.490000 0.090000 0.413333
610 103.480333 0.496667 0.111333 0.340000
422 103.580000 0.505000 0.102667 0.376667
501 103.659667 0.501667 0.071333 0.316667
