355 0.069333 0.510000 0.132000 0.386667
732 0.164333 0.495000 0.075333 0.363333
430 0.246000 0.510000 0.101333 0.433333
781 0.321333 0.493333 0.065333 0.333333
469 0.380333 0.498333 0.070000 0.403333
971 0.430333 0.510000 0.047333 0.346667
59 0.538667 0.493333 0.185333 0.926667
921 0.657333 0.501667 0.065333 0.390000
794 0.720667 0.498333 0.077333 0.476667
777 0.813667 0.505000 0.122000 0.523333
761 0.920333 0.491667 0.111333 0.323333
132 1.014000 0.498333 0.092000 0.416667
41 1.129333 0.490000 0.157333 0.440000
583 1.232000 0.498333 0.064000 0.410000
684 1.311000 0.488333 0.114000 0.436667
172 1.423333 0.501667 0.129333 0.470000
183 1.535667 0.491667 0.114000 0.570000
360 1.653000 0.493333 0.139333 0.393333
960 1.729333 0.510000 0.032000 0.266667
393 1.853667 0.505000 0.231333 1.156667
982 1.986000 0.500000 0.052000 0.380000
87 2.099000 0.505000 0.188667 0.943333
381 2.266000 0.496667 0.158667 0.420000
891 2.361667 0.506667 0.052667 0.260000
490 2.417667 0.493333 0.076667 0.466667
392 2.506333 0.505000 0.114000 0.310000
76 2.631667 0.508333 0.155333 0.483333
481 2.727333 0.506667 0.056000 0.293333
385 2.797333 0.488333 0.104000 0.310000
395 2.896000 0.508333 0.109333 0.296667
826 2.998667 0.495000 0.116000 0.570000
782 3.096000 0.490000 0.093333 0.433333
427 3.235000 0.498333 0.198000 0.990000
1014 3.345000 0.493333 0.039333 0.300000
242 3.413000 0.500000 0.111333 0.440000
114 3.500667 0.490000 0.081333 0.400000
832 3.581000 0.510000 0.098000 0.413333
357 3.676667 0.505000 0.113333 0.356667
901 3.782333 0.506667 0.114000 0.306667
873 3.866667 0.501667 0.070667 0.336667
681 3.915333 0.503333 0.045333 0.380000
572 3.980333 0.491667 0.103333 0.436667
411 4.119667 0.488333 0.195333 0.403333
110 4.275333 0.506667 0.136000 0.506667
661 4.393000 0.488333 0.114000 0.376667
889 4.514333 0.506667 0.144667 0.453333
991 4.600333 0.503333 0.042000 0.326667
856 4.697000 0.501667 0.164667 0.410000
545 4.813667 0.498333 0.087333 0.350000
736 4.882333 0.503333 0.070000 0.373333
71 4.941667 0.508333 0.064667 0.336667
384 5.040000 0.503333 0.145333 0.386667
933 5.131000 0.506667 0.050000 0.373333
144 5.188000 0.491667 0.082667 0.343333
909 5.259667 0.505000 0.078000 0.350000
999 5.311000 0.503333 0.044667 0.353333
756 5.383667 0.506667 0.115333 0.333333
808 5.484667 0.496667 0.105333 0.426667
530 5.579000 0.491667 0.102000 0.476667
787 5.658667 0.510000 0.073333 0.446667
1013 5.702667 0.488333 0.032000 0.256667
157 5.803667 0.510000 0.186000 0.773333
343 5.957667 0.495000 0.136667 0.430000
56 6.054667 0.495000 0.072000 0.096667
817 6.138667 0.493333 0.116000 0.420000
848 6.252333 0.501667 0.128667 0.390000
1005 6.331667 0.495000 0.050000 0.370000
314 6.390667 0.501667 0.088000 0.310000
402 6.501333 0.493333 0.153333 0.480000
487 6.607667 0.498333 0.072667 0.390000
232 6.686333 0.498333 0.103333 0.523333
659 6.767333 0.501667 0.074667 0.296667
113 6.838000 0.510000 0.081333 0.373333
721 6.955000 0.498333 0.170000 0.850000
220 7.079667 0.491667 0.099333 0.470000
796 7.212333 0.488333 0.179333 0.896667
0 7.315000 0.496667 0.042000 0.340000
857 7.441333 0.500000 0.225333 0.473333
973 7.566333 0.501667 0.038000 0.276667
707 7.632667 0.495000 0.109333 0.450000
506 7.701333 0.490000 0.042667 0.460000
675 7.767000 0.500000 0.103333 0.353333
742 7.896667 0.500000 0.174667 0.873333
396 8.048000 0.493333 0.146667 0.400000
69 8.174667 0.501667 0.122667 0.610000
943 8.248000 0.505000 0.037333 0.276667
31 8.326667 0.500000 0.138667 0.406667
804 8.459333 0.501667 0.146667 0.436667
75 8.596333 0.488333 0.146000 0.443333
463 8.696333 0.488333 0.067333 0.383333
768 8.764333 0.490000 0.086000 0.206667
207 8.844333 0.510000 0.091333 0.433333
154 8.925667 0.491667 0.088667 0.430000
806 9.047667 0.488333 0.175333 0.876667
734 9.197333 0.493333 0.140000 0.386667
863 9.312667 0.488333 0.105333 0.503333
498 9.382333 0.503333 0.051333 0.293333
631 9.505333 0.510000 0.210667 1.053333
205 9.649667 0.491667 0.098000 0.496667
694 9.742000 0.508333 0.102667 0.503333
389 9.859333 0.510000 0.146667 0.393333
644 9.955000 0.493333 0.064667 0.286667
896 10.048667 0.498333 0.140000 0.390000
388 10.181667 0.495000 0.139333 0.436667
846 10.295667 0.506667 0.107333 0.520000
131 10.402667 0.506667 0.122667 0.466667
195 10.516667 0.505000 0.125333 0.523333
535 10.641667 0.493333 0.139333 0.333333
236 10.748333 0.508333 0.094000 0.416667
623 10.869333 0.493333 0.161333 0.806667
82 10.983667 0.496667 0.087333 0.653333
851 11.064333 0.493333 0.094000 0.386667
445 11.138000 0.498333 0.072000 0.430000
751 11.221333 0.491667 0.109333 0.456667
369 11.329000 0.505000 0.123333 0.330000
533 11.446333 0.503333 0.130000 0.440000
141 11.550000 0.501667 0.097333 0.423333
626 11.698667 0.506667 0.213333 1.066667
569 11.841000 0.495000 0.090000 0.363333
94 11.995000 0.510000 0.234000 0.493333
454 12.140667 0.496667 0.070667 0.400000
970 12.189333 0.493333 0.040000 0.326667
319 12.239667 0.508333 0.076667 0.283333
88 12.349000 0.501667 0.159333 0.796667
830 12.461000 0.495000 0.080667 0.383333
755 12.567000 0.496667 0.147333 0.426667
176 12.692000 0.491667 0.117333 0.436667
849 12.785000 0.490000 0.086000 0.360000
779 12.841667 0.496667 0.040667 0.373333
294 12.962333 0.503333 0.214000 0.400000
244 13.131000 0.498333 0.139333 0.376667
697 13.226333 0.505000 0.066000 0.330000
561 13.333667 0.491667 0.168667 0.363333
536 13.484667 0.488333 0.152000 0.570000
748 13.611333 0.495000 0.118667 0.443333
79 13.743000 0.508333 0.162000 0.810000
99 13.920333 0.510000 0.206000 0.426667
198 14.125333 0.510000 0.221333 1.106667
887 14.303667 0.508333 0.151333 0.516667
289 14.477333 0.506667 0.213333 1.066667
926 14.595333 0.488333 0.038667 0.296667
550 14.644333 0.501667 0.075333 0.376667
282 14.728000 0.490000 0.108000 0.393333
414 14.881667 0.488333 0.216667 1.083333
733 15.014333 0.510000 0.067333 0.400000
927 15.056667 0.491667 0.036000 0.296667
143 15.116000 0.496667 0.096000 0.493333
231 15.200667 0.495000 0.089333 0.450000
523 15.292667 0.503333 0.110667 0.373333
1009 15.358667 0.501667 0.041333 0.316667
716 15.454333 0.491667 0.163333 0.816667
103 15.634000 0.493333 0.216000 1.080000
825 15.786333 0.505000 0.108667 0.483333
688 15.877000 0.488333 0.088667 0.436667
290 15.983333 0.503333 0.140000 0.386667
526 16.117667 0.491667 0.146000 0.376667
820 16.224333 0.500000 0.082000 0.346667
40 16.313000 0.490000 0.110000 0.406667
488 16.400667 0.498333 0.085333 0.456667
977 16.459667 0.490000 0.050000 0.360000
373 16.529000 0.488333 0.107333 0.323333
12 16.623667 0.510000 0.096667 0.346667
380 16.724667 0.503333 0.124000 0.340000
20 16.824333 0.505000 0.092667 0.303333
911 16.910333 0.503333 0.099333 0.353333
907 17.000000 0.496667 0.094667 0.313333
653 17.122000 0.500000 0.168000 0.840000
292 17.258333 0.498333 0.119333 0.463333
925 17.324667 0.493333 0.030667 0.260000
482 17.370333 0.496667 0.076667 0.433333
119 17.443333 0.500000 0.086667 0.513333
870 17.511667 0.500000 0.063333 0.326667
124 17.581333 0.495000 0.092000 0.356667
426 17.650667 0.496667 0.066667 0.400000
247 17.717333 0.490000 0.085333 0.346667
433 17.823667 0.496667 0.140667 0.293333
470 17.916000 0.493333 0.060000 0.320000
204 17.989333 0.488333 0.102667 0.456667
226 18.092000 0.510000 0.121333 0.486667
928 18.163333 0.501667 0.036000 0.276667
233 18.277000 0.505000 0.208667 1.043333
442 18.412667 0.505000 0.077333 0.390000
37 18.509000 0.501667 0.131333 0.423333
497 18.643333 0.491667 0.152000 0.410000
346 18.773667 0.495000 0.122000 0.356667
771 18.871333 0.506667 0.093333 0.493333
874 18.946333 0.498333 0.070000 0.323333
153 19.013000 0.491667 0.078000 0.350000
224 19.090000 0.505000 0.096000 0.396667
731 19.171333 0.490000 0.084000 0.440000
98 19.285000 0.500000 0.163333 0.353333
935 19.380333 0.495000 0.040667 0.290000
218 19.447667 0.510000 0.108667 0.533333
593 19.580667 0.505000 0.176000 0.510000
464 19.699333 0.495000 0.076000 0.390000
700 19.790667 0.498333 0.125333 0.490000
370 19.941000 0.508333 0.194000 0.970000
407 20.090333 0.503333 0.118000 0.446667
377 20.209000 0.491667 0.135333 0.396667
639 20.304000 0.496667 0.074667 0.373333
571 20.382000 0.490000 0.094667 0.386667
628 20.515667 0.505000 0.192667 0.963333
708 20.700667 0.493333 0.192000 0.960000
539 20.830667 0.490000 0.086667 0.386667
452 20.907667 0.503333 0.084667 0.426667
367 21.014000 0.491667 0.144000 0.456667
321 21.129000 0.488333 0.100667 0.403333
250 21.254333 0.510000 0.164667 0.793333
915 21.372333 0.495000 0.090000 0.736667
818 21.486000 0.496667 0.153333 0.493333
267 21.632000 0.496667 0.158667 0.513333
898 21.763000 0.498333 0.116667 0.316667
799 21.865667 0.506667 0.103333 0.413333
724 21.956333 0.501667 0.094000 0.450000
953 22.018667 0.508333 0.049333 0.376667
517 22.098000 0.498333 0.122667 0.410000
196 22.211000 0.495000 0.116667 0.476667
766 22.319333 0.496667 0.117333 0.346667
455 22.403667 0.500000 0.064667 0.340000
560 22.515667 0.495000 0.176667 0.883333
676 22.657667 0.490000 0.122000 0.400000
563 22.781667 0.501667 0.144667 0.330000
138 22.883333 0.496667 0.077333 0.453333
609 22.947000 0.488333 0.070000 0.290000
608 23.023000 0.495000 0.100667 0.336667
564 23.131000 0.508333 0.134000 0.316667
541 23.271333 0.510000 0.160000 0.333333
46 23.374333 0.496667 0.062000 0.506667
307 23.434333 0.505000 0.075333 0.416667
940 23.487000 0.498333 0.044667 0.336667
310 23.538667 0.505000 0.077333 0.436667
810 23.615000 0.488333 0.094000 0.403333
245 23.687000 0.508333 0.067333 0.296667
108 23.804667 0.498333 0.185333 0.403333
1010 23.907000 0.500000 0.034000 0.280000
596 23.978667 0.495000 0.128000 0.383333
173 24.084333 0.498333 0.102000 0.463333
1017 24.144333 0.508333 0.036667 0.276667
667 24.214667 0.505000 0.118667 0.450000
598 24.322333 0.505000 0.116667 0.350000
672 24.424667 0.503333 0.101333 0.340000
784 24.493000 0.493333 0.054000 0.420000
62 24.562000 0.501667 0.097333 0.450000
278 24.660000 0.490000 0.113333 0.340000
613 24.785000 0.496667 0.154000 0.413333
834 24.906333 0.490000 0.108667 0.500000
460 24.981333 0.491667 0.061333 0.323333
809 25.063333 0.490000 0.121333 0.640000
816 25.186667 0.508333 0.138667 0.423333
634 25.290333 0.495000 0.088667 0.376667
635 25.361333 0.498333 0.070667 0.290000
78 25.476000 0.505000 0.176000 0.456667
690 25.593333 0.506667 0.073333 0.360000
315 25.670667 0.488333 0.096000 0.330000
72 25.767000 0.488333 0.110000 0.523333
875 25.895333 0.490000 0.164000 0.426667
811 26.023000 0.498333 0.104667 0.243333
415 26.175333 0.510000 0.214667 1.073333
618 26.312667 0.493333 0.076000 0.440000
714 26.420667 0.490000 0.156000 0.780000
749 26.540000 0.493333 0.096000 0.400000
606 26.630333 0.493333 0.103333 0.306667
549 26.731333 0.493333 0.114667 0.380000
957 26.802333 0.493333 0.047333 0.340000
871 26.848000 0.505000 0.057333 0.276667
494 26.909667 0.496667 0.080667 0.380000
121 26.951333 0.500000 0.021333 0.406667
325 27.055000 0.501667 0.199333 0.996667
509 27.205000 0.491667 0.119333 0.376667
729 27.277000 0.498333 0.038000 0.396667
588 27.342000 0.500000 0.109333 0.493333
212 27.505000 0.508333 0.231333 1.156667
279 27.666333 0.500000 0.108667 0.606667
150 27.767000 0.495000 0.112667 0.443333
739 27.844000 0.500000 0.060000 0.486667
516 27.914333 0.510000 0.098000 0.326667
758 28.028000 0.498333 0.144000 0.436667
181 28.151000 0.500000 0.122000 0.413333
200 28.260333 0.508333 0.112667 0.483333
260 28.371000 0.508333 0.124667 0.323333
678 28.473667 0.490000 0.099333 0.353333
258 28.570000 0.496667 0.112000 0.380000
104 28.708333 0.508333 0.183333 0.916667
466 28.827000 0.503333 0.070000 0.413333
166 28.907667 0.498333 0.104667 0.370000
459 28.978333 0.503333 0.052667 0.300000
503 29.104000 0.500000 0.214667 1.073333
326 29.243667 0.500000 0.078000 0.353333
625 29.359667 0.505000 0.170000 0.563333
190 29.499333 0.500000 0.126667 0.513333
382 29.636333 0.508333 0.164667 0.823333
406 29.769667 0.493333 0.115333 0.446667
1011 29.840333 0.488333 0.042000 0.323333
473 29.889333 0.488333 0.070667 0.416667
648 29.951667 0.501667 0.070000 0.310000
510 30.035667 0.498333 0.111333 0.350000
170 30.134667 0.506667 0.100000 0.360000
579 30.268667 0.498333 0.184000 0.476667
918 30.408667 0.490000 0.112000 0.380000
881 30.511333 0.495000 0.108000 0.363333
752 30.592000 0.495000 0.069333 0.190000
883 30.737333 0.503333 0.241333 0.526667
70 30.919667 0.490000 0.142000 0.466667
161 31.049000 0.490000 0.135333 0.513333
780 31.185000 0.495000 0.155333 0.470000
475 31.298333 0.510000 0.084667 0.440000
587 31.385000 0.508333 0.104667 0.323333
612 31.502667 0.490000 0.150667 0.386667
591 31.633667 0.500000 0.126000 0.400000
607 31.757667 0.503333 0.140667 0.426667
717 31.922000 0.493333 0.205333 1.026667
636 32.081333 0.506667 0.133333 0.326667
824 32.181000 0.496667 0.086000 0.433333
448 32.250000 0.501667 0.072000 0.423333
937 32.294667 0.501667 0.030667 0.250000
216 32.355000 0.500000 0.106000 0.506667
276 32.431000 0.496667 0.059333 0.386667
155 32.491000 0.508333 0.080667 0.396667
336 32.579667 0.508333 0.110000 0.523333
492 32.664000 0.488333 0.076000 0.410000
188 32.755667 0.508333 0.126000 0.503333
727 32.846000 0.495000 0.074667 0.463333
86 32.928333 0.496667 0.108667 0.480000
702 33.081667 0.508333 0.214000 1.070000
633 33.269333 0.510000 0.177333 0.886667
438 33.458667 0.493333 0.217333 1.086667
451 33.594667 0.506667 0.068000 0.346667
657 33.671333 0.488333 0.102667 0.390000
581 33.757667 0.510000 0.083333 0.393333
554 33.850667 0.491667 0.118667 0.323333
800 33.940000 0.493333 0.080000 0.320000
264 34.037333 0.498333 0.132000 0.503333
520 34.140000 0.506667 0.093333 0.313333
597 34.239333 0.490000 0.121333 0.373333
352 34.401333 0.510000 0.217333 1.086667
32 34.551333 0.490000 0.100000 0.340000
923 34.610667 0.508333 0.036000 0.283333
835 34.676333 0.510000 0.114000 0.473333
527 34.791000 0.491667 0.132667 0.383333
944 34.874667 0.491667 0.052000 0.383333
828 34.945000 0.503333 0.103333 0.426667
472 35.022000 0.488333 0.068000 0.396667
522 35.106000 0.491667 0.114667 0.383333
89 35.246000 0.490000 0.180000 0.386667
996 35.344000 0.495000 0.032000 0.250000
682 35.397667 0.493333 0.091333 0.346667
931 35.458667 0.498333 0.050667 0.376667
474 35.505333 0.506667 0.061333 0.313333
330 35.569667 0.488333 0.083333 0.316667
658 35.633000 0.491667 0.062000 0.363333
179 35.710000 0.493333 0.109333 0.386667
515 35.801667 0.491667 0.092667 0.290000
841 35.891000 0.490000 0.103333 0.426667
674 35.989000 0.506667 0.106000 0.353333
327 36.101333 0.495000 0.138667 0.410000
611 36.203667 0.508333 0.080667 0.296667
219 36.323333 0.510000 0.177333 0.886667
757 36.463333 0.503333 0.120000 0.346667
715 36.592000 0.501667 0.157333 0.416667
439 36.726333 0.490000 0.126000 0.493333
686 36.818667 0.500000 0.072000 0.353333
519 36.898667 0.505000 0.101333 0.343333
908 36.980667 0.501667 0.078667 0.290000
913 37.074000 0.510000 0.128000 0.386667
551 37.193333 0.508333 0.125333 0.376667
19 37.307000 0.491667 0.122000 0.390000
123 37.406333 0.493333 0.090000 0.533333
128 37.520333 0.501667 0.156667 0.783333
899 37.669333 0.500000 0.161333 0.460000
868 37.774000 0.501667 0.068000 0.383333
885 37.836000 0.498333 0.074667 0.336667
852 37.911667 0.508333 0.091333 0.390000
363 38.020667 0.493333 0.141333 0.393333
557 38.114667 0.503333 0.065333 0.460000
284 38.194667 0.490000 0.112000 0.400000
703 38.295667 0.493333 0.108667 0.393333
854 38.417000 0.501667 0.151333 0.483333
772 38.569333 0.506667 0.168000 0.840000
54 38.677333 0.506667 0.061333 0.340000
39 38.762000 0.490000 0.122667 0.426667
192 38.868000 0.488333 0.105333 0.430000
66 38.953667 0.505000 0.083333 0.543333
57 39.016667 0.491667 0.061333 0.316667
296 39.094000 0.500000 0.110667 0.406667
902 39.211000 0.493333 0.142000 0.433333
537 39.411333 0.506667 0.274667 0.473333
936 39.564667 0.503333 0.045333 0.346667
645 39.616333 0.495000 0.074000 0.336667
240 39.673333 0.500000 0.057333 0.293333
358 39.753333 0.498333 0.117333 0.336667
744 39.904000 0.490000 0.197333 0.986667
203 40.047000 0.488333 0.107333 0.456667
840 40.148667 0.505000 0.110667 0.516667
651 40.272667 0.503333 0.157333 0.786667
637 40.368333 0.498333 0.050000 0.256667
61 40.423000 0.490000 0.074000 0.380000
893 40.546667 0.510000 0.192000 0.960000
876 40.708000 0.495000 0.146667 0.396667
750 40.830333 0.505000 0.118000 0.436667
741 40.938000 0.503333 0.117333 0.406667
540 41.064667 0.488333 0.156000 0.603333
115 41.171333 0.488333 0.073333 0.363333
1018 41.219000 0.505000 0.038000 0.290000
23 41.328333 0.508333 0.199333 0.996667
770 41.526667 0.503333 0.214667 1.073333
340 41.694333 0.506667 0.139333 0.413333
880 41.818000 0.510000 0.121333 0.386667
746 41.927667 0.508333 0.116667 0.430000
501 42.021000 0.508333 0.084667 0.410000
189 42.116000 0.506667 0.118667 0.566667
671 42.222667 0.506667 0.109333 0.366667
379 42.348000 0.495000 0.156000 0.470000
64 42.450667 0.493333 0.066667 0.360000
838 42.525000 0.500000 0.100667 0.406667
96 42.651667 0.498333 0.172667 0.863333
718 42.815333 0.506667 0.173333 0.866667
775 42.926333 0.505000 0.066000 0.310000
691 43.001000 0.495000 0.103333 0.503333
261 43.143667 0.495000 0.202000 1.010000
158 43.330333 0.491667 0.188667 0.943333
955 43.435000 0.501667 0.039333 0.296667
1007 43.468667 0.505000 0.041333 0.323333
914 43.546333 0.490000 0.134000 0.413333
693 43.646000 0.491667 0.082667 0.403333
480 43.713000 0.501667 0.068667 0.356667
1020 43.758000 0.508333 0.036000 0.283333
829 43.826333 0.491667 0.119333 0.496667
680 43.925000 0.503333 0.096667 0.333333
404 44.026667 0.505000 0.122667 0.610000
485 44.112000 0.503333 0.066667 0.400000
961 44.163000 0.493333 0.051333 0.380000
342 44.215000 0.493333 0.070000 0.300000
990 44.258333 0.493333 0.036667 0.273333
476 44.295000 0.488333 0.052667 0.316667
730 44.373000 0.493333 0.119333 0.520000
855 44.459333 0.508333 0.073333 0.190000
664 44.532000 0.506667 0.089333 0.320000
9 44.614000 0.510000 0.094667 0.420000
160 44.689333 0.505000 0.070667 0.363333
48 44.831333 0.488333 0.232000 0.476667
359 45.017000 0.493333 0.155333 0.406667
941 45.101000 0.495000 0.031333 0.256667
44 45.157000 0.500000 0.095333 0.380000
773 45.262333 0.493333 0.131333 0.353333
764 45.352333 0.505000 0.067333 0.323333
306 45.417667 0.488333 0.076667 0.436667
304 45.486000 0.510000 0.078667 0.440000
275 45.545667 0.501667 0.060667 0.376667
791 45.604667 0.510000 0.072000 0.446667
50 45.688667 0.503333 0.110667 0.333333
774 45.772333 0.506667 0.075333 0.446667
271 45.897000 0.503333 0.192667 0.626667
629 46.075667 0.491667 0.178000 0.590000
36 46.219667 0.493333 0.130000 0.413333
692 46.328000 0.510000 0.102667 0.506667
986 46.398000 0.510000 0.050667 0.366667
753 46.479333 0.498333 0.129333 0.423333
934 46.557667 0.510000 0.044667 0.346667
988 46.590333 0.488333 0.038000 0.283333
650 46.678000 0.508333 0.153333 0.496667
230 46.796333 0.491667 0.096667 0.376667
620 46.899000 0.500000 0.127333 0.540000
398 46.996333 0.510000 0.086000 0.440000
683 47.085333 0.498333 0.109333 0.330000
759 47.191667 0.505000 0.119333 0.390000
819 47.299000 0.506667 0.111333 0.246667
457 47.374667 0.493333 0.058667 0.346667
223 47.451667 0.495000 0.108667 0.450000
998 47.518667 0.505000 0.045333 0.356667
117 47.597000 0.510000 0.128667 0.380000
728 47.684667 0.490000 0.062667 0.540000
185 47.756333 0.505000 0.099333 0.436667
133 47.841333 0.500000 0.084000 0.386667
217 47.919667 0.496667 0.090000 0.453333
660 48.008667 0.490000 0.108000 0.380000
74 48.133333 0.500000 0.161333 0.506667
484 48.254667 0.503333 0.097333 0.393333
140 48.387333 0.500000 0.182667 0.913333
210 48.520000 0.503333 0.098667 0.400000
428 48.593000 0.490000 0.067333 0.466667
80 48.667000 0.488333 0.095333 0.476667
302 48.739667 0.500000 0.064667 0.366667
831 48.818667 0.505000 0.106667 0.443333
949 48.881000 0.505000 0.034000 0.270000
548 48.953000 0.493333 0.127333 0.466667
73 49.071333 0.495000 0.125333 0.390000
788 49.217000 0.491667 0.182000 0.490000
652 49.372000 0.495000 0.142667 0.463333
186 49.489333 0.490000 0.112000 0.460000
341 49.578667 0.491667 0.080000 0.350000
939 49.631333 0.501667 0.040000 0.303333
576 49.688667 0.501667 0.088000 0.343333
586 49.785000 0.496667 0.122000 0.353333
298 49.881000 0.498333 0.086000 0.436667
495 49.947000 0.495000 0.062000 0.316667
1016 49.988333 0.508333 0.040667 0.296667
850 50.059667 0.490000 0.116667 0.480000
300 50.144000 0.501667 0.068000 0.216667
529 50.230667 0.501667 0.121333 0.543333
371 50.350667 0.498333 0.132000 0.403333
375 50.467667 0.495000 0.119333 0.356667
814 50.591000 0.495000 0.146000 0.443333
43 50.703667 0.498333 0.095333 0.376667
638 50.797667 0.505000 0.112667 0.450000
864 50.905667 0.500000 0.119333 0.480000
709 51.008000 0.501667 0.102667 0.456667
478 51.080000 0.508333 0.061333 0.323333
211 51.160000 0.490000 0.116000 0.580000
118 51.262333 0.505000 0.106000 0.403333
254 51.363000 0.506667 0.108667 0.413333
387 51.481667 0.506667 0.146000 0.400000
491 51.592000 0.510000 0.090667 0.446667
793 51.677667 0.506667 0.100667 0.413333
65 51.772667 0.488333 0.106667 0.270000
68 51.881333 0.505000 0.125333 0.356667
948 51.957667 0.501667 0.043333 0.350000
147 52.010000 0.506667 0.076000 0.320000
126 52.141000 0.491667 0.200667 1.003333
368 52.303333 0.490000 0.142667 0.420000
655 52.414000 0.488333 0.098667 0.396667
137 52.486333 0.491667 0.063333 0.303333
590 52.581000 0.508333 0.142000 0.510000
134 52.702333 0.498333 0.119333 0.423333
720 52.832333 0.488333 0.156667 0.783333
905 52.965667 0.496667 0.126000 0.413333
760 53.094000 0.508333 0.146667 0.463333
670 53.208667 0.501667 0.096000 0.350000
479 53.276333 0.505000 0.058000 0.310000
280 53.347000 0.495000 0.099333 0.363333
815 53.456000 0.488333 0.136000 0.416667
313 53.572333 0.493333 0.115333 0.426667
14 53.664000 0.505000 0.086667 0.296667
947 53.715000 0.498333 0.032667 0.270000
508 53.761000 0.490000 0.076667 0.453333
737 53.820000 0.498333 0.061333 0.443333
740 53.922000 0.498333 0.156000 0.356667
654 54.074000 0.503333 0.161333 0.806667
723 54.196333 0.505000 0.098000 0.336667
762 54.277667 0.493333 0.078000 0.353333
900 54.362000 0.498333 0.110667 0.316667
53 54.455333 0.503333 0.090667 0.313333
895 54.548333 0.503333 0.112667 0.340000
862 54.628000 0.505000 0.066667 0.310000
845 54.692333 0.508333 0.082000 0.410000
417 54.774667 0.490000 0.101333 0.493333
805 54.897333 0.503333 0.158667 0.473333
102 55.080667 0.496667 0.222667 1.113333
614 55.256667 0.490000 0.144000 0.386667
879 55.373333 0.506667 0.106667 0.326667
399 55.479000 0.493333 0.124667 0.413333
974 55.549333 0.491667 0.030667 0.250000
592 55.624333 0.498333 0.134000 0.390000
566 55.741333 0.498333 0.116000 0.470000
920 55.832000 0.488333 0.085333 0.310000
338 55.938333 0.505000 0.143333 0.736667
754 56.075000 0.501667 0.143333 0.703333
844 56.199667 0.493333 0.126000 0.553333
136 56.304667 0.500000 0.101333 0.406667
477 56.381667 0.506667 0.066000 0.353333
331 56.492333 0.495000 0.172667 0.863333
669 56.616000 0.503333 0.094667 0.306667
434 56.703333 0.500000 0.100000 0.340000
1006 56.764000 0.505000 0.034667 0.283333
951 56.789667 0.503333 0.036667 0.273333
274 56.841667 0.491667 0.086000 0.403333
286 56.918333 0.503333 0.084667 0.306667
958 56.973000 0.508333 0.044667 0.330000
792 57.044667 0.500000 0.112000 0.460000
1015 57.114667 0.495000 0.046667 0.350000
615 57.187667 0.493333 0.114000 0.500000
456 57.266000 0.506667 0.060000 0.353333
945 57.305667 0.495000 0.038000 0.290000
308 57.348333 0.498333 0.066000 0.370000
630 57.468667 0.488333 0.194667 0.650000
3 57.592000 0.495000 0.072000 0.310000
17 57.668667 0.508333 0.098667 0.363333
453 57.748333 0.496667 0.080667 0.413333
6 57.827000 0.496667 0.096667 0.406667
1001 57.888333 0.503333 0.046000 0.340000
512 57.954333 0.490000 0.102000 0.340000
584 58.058000 0.501667 0.122667 0.383333
112 58.183333 0.503333 0.144000 0.480000
1012 58.265333 0.495000 0.036000 0.303333
441 58.316667 0.501667 0.081333 0.423333
129 58.404667 0.490000 0.108000 0.426667
8 58.497667 0.506667 0.092667 0.346667
91 58.654667 0.498333 0.240000 0.510000
578 58.816333 0.498333 0.098000 0.383333
145 58.890333 0.498333 0.070000 0.336667
83 58.952000 0.491667 0.072000 0.350000
888 59.047333 0.501667 0.137333 0.436667
444 59.143000 0.505000 0.068667 0.350000
256 59.231000 0.508333 0.126000 0.463333
534 59.336000 0.503333 0.100000 0.420000
725 59.429333 0.503333 0.102667 0.433333
890 59.527333 0.501667 0.106667 0.476667
524 59.638333 0.495000 0.132667 0.423333
107 59.805333 0.488333 0.214667 0.463333
383 59.983667 0.508333 0.155333 0.490000
878 60.101667 0.490000 0.094000 0.480000
239 60.204333 0.506667 0.124667 0.760000
184 60.303000 0.508333 0.091333 0.416667
968 60.354667 0.508333 0.030667 0.250000
568 60.412000 0.503333 0.098667 0.493333
206 60.503667 0.498333 0.098000 0.436667
574 60.581000 0.490000 0.074000 0.300000
167 60.703000 0.495000 0.188667 0.943333
922 60.807667 0.510000 0.038000 0.313333
643 60.860000 0.500000 0.082667 0.313333
116 60.949333 0.510000 0.109333 0.340000
397 61.034333 0.498333 0.076667 0.323333
323 61.160333 0.505000 0.191333 0.370000
199 61.293667 0.506667 0.088667 0.366667
77 61.382000 0.510000 0.105333 0.260000
783 61.465667 0.488333 0.080667 0.416667
647 61.530000 0.491667 0.068000 0.350000
500 61.606000 0.510000 0.098667 0.460000
309 61.688333 0.505000 0.080667 0.450000
983 61.742667 0.495000 0.042667 0.323333
712 61.856333 0.508333 0.200667 0.550000
263 62.044667 0.496667 0.189333 0.946667
726 62.172333 0.503333 0.082000 0.426667
595 62.259333 0.506667 0.109333 0.340000
197 62.361000 0.495000 0.107333 0.430000
34 62.449000 0.493333 0.088667 0.326667
347 62.542333 0.501667 0.118000 0.363333
966 62.609000 0.510000 0.034000 0.266667
711 62.696333 0.500000 0.158000 0.400000
246 62.847667 0.506667 0.162000 0.560000
270 62.999000 0.498333 0.159333 0.796667
619 63.115667 0.506667 0.091333 0.486667
194 63.192000 0.496667 0.081333 0.406667
416 63.267000 0.503333 0.083333 0.406667
97 63.391000 0.500000 0.184667 0.400000
251 63.509333 0.500000 0.066667 0.386667
616 63.626000 0.496667 0.182667 0.513333
187 63.757000 0.506667 0.096667 0.393333
562 63.878333 0.496667 0.162000 0.333333
10 63.998000 0.506667 0.096000 0.320000
573 64.085000 0.488333 0.092667 0.383333
912 64.174667 0.493333 0.106667 0.453333
786 64.249667 0.491667 0.062000 0.383333
959 64.290000 0.488333 0.036000 0.276667
418 64.352333 0.501667 0.103333 0.503333
950 64.419333 0.505000 0.049333 0.356667
348 64.494667 0.510000 0.116000 0.340000
496 64.599333 0.501667 0.110667 0.463333
656 64.734000 0.498333 0.176000 0.416667
962 64.831333 0.510000 0.038667 0.320000
904 64.880333 0.488333 0.072667 0.370000
956 64.931333 0.491667 0.042667 0.356667
836 64.998000 0.493333 0.108000 0.500000
821 65.082667 0.505000 0.074667 0.503333
177 65.220000 0.493333 0.220000 1.100000
743 65.372667 0.490000 0.104000 0.440000
507 65.453333 0.503333 0.074667 0.393333
162 65.552333 0.496667 0.138000 0.486667
985 65.636333 0.500000 0.046000 0.366667
353 65.753000 0.505000 0.202000 1.010000
627 65.954000 0.506667 0.214667 1.073333
910 66.107667 0.506667 0.106000 0.326667
354 66.219667 0.496667 0.134000 0.353333
287 66.329333 0.498333 0.098667 0.356667
701 66.462667 0.510000 0.181333 0.906667
35 66.603000 0.503333 0.118000 0.400000
262 66.751000 0.498333 0.194000 0.970000
981 66.862333 0.493333 0.044667 0.340000
621 66.897000 0.490000 0.044667 0.460000
687 66.962000 0.496667 0.105333 0.513333
408 67.052667 0.496667 0.092000 0.346667
1022 67.111000 0.510000 0.043333 0.326667
228 67.177667 0.493333 0.106000 0.506667
366 67.281333 0.508333 0.117333 0.343333
324 67.387000 0.500000 0.111333 0.546667
410 67.485000 0.505000 0.103333 0.456667
465 67.566667 0.510000 0.073333 0.386667
440 67.639667 0.510000 0.091333 0.460000
33 67.744000 0.495000 0.136000 0.450000
801 67.862667 0.495000 0.116000 0.436667
255 67.971333 0.501667 0.117333 0.450000
827 68.083000 0.500000 0.119333 0.500000
293 68.179000 0.495000 0.088667 0.336667
386 68.308333 0.488333 0.183333 0.916667
860 68.490000 0.510000 0.193333 0.966667
987 68.597667 0.488333 0.042000 0.343333
13 68.654667 0.506667 0.090667 0.300000
930 68.714333 0.488333 0.043333 0.330000
797 68.775333 0.488333 0.093333 0.370000
984 68.835000 0.500000 0.044667 0.346667
272 68.933000 0.500000 0.164667 0.480000
532 69.051333 0.491667 0.086667 0.443333
993 69.112333 0.491667 0.050000 0.376667
148 69.199667 0.495000 0.138000 0.390000
171 69.307333 0.505000 0.093333 0.350000
311 69.392000 0.496667 0.092000 0.393333
858 69.489000 0.488333 0.116667 0.350000
337 69.620667 0.506667 0.161333 0.806667
803 69.782667 0.496667 0.177333 0.886667
213 69.922667 0.505000 0.118667 0.476667
100 70.061667 0.506667 0.175333 0.380000
405 70.185667 0.506667 0.092667 0.353333
332 70.340667 0.493333 0.236000 0.540000
594 70.521000 0.491667 0.138000 0.416667
175 70.631000 0.500000 0.096667 0.340000
884 70.728333 0.493333 0.111333 0.380000
689 70.821000 0.495000 0.088667 0.436667
558 70.893333 0.508333 0.070667 0.350000
646 70.957333 0.493333 0.070667 0.300000
109 71.065000 0.498333 0.159333 0.796667
486 71.167333 0.503333 0.060000 0.353333
972 71.209000 0.488333 0.038000 0.303333
1 71.252000 0.510000 0.061333 0.300000
812 71.340667 0.488333 0.132000 0.443333
924 71.419333 0.506667 0.042667 0.333333
642 71.482333 0.490000 0.098000 0.386667
603 71.605667 0.508333 0.168667 0.843333
745 71.739000 0.495000 0.112667 0.423333
269 71.863000 0.496667 0.152667 0.466667
735 71.989000 0.491667 0.112667 0.450000
978 72.063333 0.498333 0.052000 0.376667
209 72.141333 0.490000 0.117333 0.513333
413 72.292000 0.503333 0.198667 0.993333
409 72.431333 0.506667 0.100000 0.500000
208 72.520000 0.488333 0.090667 0.370000
450 72.586667 0.510000 0.061333 0.313333
234 72.660000 0.500000 0.104000 0.446667
511 72.755667 0.491667 0.107333 0.356667
665 72.853333 0.500000 0.105333 0.366667
27 72.954333 0.495000 0.115333 0.390000
802 73.075667 0.506667 0.143333 0.306667
49 73.218000 0.506667 0.154667 0.773333
193 73.346667 0.506667 0.116000 0.473333
556 73.438667 0.498333 0.085333 0.343333
164 73.538000 0.510000 0.130667 0.453333
18 73.641667 0.491667 0.090000 0.296667
443 73.722000 0.491667 0.085333 0.436667
963 73.779333 0.488333 0.046667 0.356667
867 73.836000 0.495000 0.086667 0.276667
334 73.934000 0.488333 0.128000 0.436667
151 74.026667 0.490000 0.070667 0.360000
553 74.100333 0.491667 0.096667 0.330000
365 74.218333 0.506667 0.159333 0.440000
513 74.344667 0.490000 0.112000 0.373333
765 74.429333 0.488333 0.076000 0.390000
273 74.480000 0.491667 0.045333 0.303333
105 74.608333 0.495000 0.226000 0.483333
422 74.765333 0.500000 0.102667 0.366667
853 74.850000 0.510000 0.086667 0.360000
565 74.952667 0.508333 0.132000 0.270000
877 75.058000 0.503333 0.094667 0.473333
897 75.173000 0.503333 0.152667 0.440000
706 75.274333 0.501667 0.070000 0.350000
544 75.352667 0.491667 0.100000 0.363333
178 75.458667 0.491667 0.132000 0.463333
238 75.579667 0.505000 0.128667 0.503333
1003 75.656000 0.495000 0.041333 0.316667
798 75.709333 0.491667 0.082667 0.310000
525 75.794667 0.498333 0.105333 0.343333
52 75.884000 0.493333 0.093333 0.326667
932 75.946000 0.495000 0.044000 0.363333
994 75.977000 0.510000 0.038000 0.300000
610 76.059000 0.505000 0.143333 0.443333
518 76.175667 0.490000 0.110000 0.346667
1002 76.243000 0.505000 0.044667 0.336667
182 76.350000 0.493333 0.185333 0.926667
903 76.491000 0.491667 0.116667 0.323333
543 76.633667 0.495000 0.182000 0.910000
297 76.757667 0.500000 0.083333 0.426667
916 76.877667 0.498333 0.172667 0.390000
604 77.019000 0.493333 0.124667 0.373333
329 77.154667 0.508333 0.165333 0.583333
705 77.283667 0.505000 0.107333 0.336667
202 77.383667 0.510000 0.111333 0.426667
698 77.462333 0.490000 0.066000 0.346667
281 77.548667 0.505000 0.125333 0.423333
349 77.708333 0.488333 0.212667 1.063333
45 77.849000 0.495000 0.083333 0.416667
822 77.930667 0.508333 0.094667 0.283333
778 78.009000 0.508333 0.076667 0.490000
585 78.115333 0.498333 0.149333 0.416667
180 78.229333 0.503333 0.094667 0.333333
842 78.325000 0.503333 0.111333 0.560000
21 78.429000 0.498333 0.116667 0.430000
976 78.497333 0.488333 0.037333 0.303333
28 78.556667 0.508333 0.101333 0.390000
601 78.658333 0.495000 0.122000 0.370000
58 78.743000 0.495000 0.060667 0.270000
25 78.818667 0.496667 0.104000 0.360000
322 78.917333 0.510000 0.110667 0.226667
866 79.033333 0.503333 0.140000 0.380000
394 79.186667 0.496667 0.184000 0.920000
833 79.332333 0.488333 0.120667 0.496667
767 79.455000 0.506667 0.143333 0.413333
156 79.595333 0.498333 0.154667 0.390000
859 79.729333 0.491667 0.126667 0.376667
277 79.822333 0.503333 0.075333 0.360000
312 79.901333 0.490000 0.101333 0.360000
85 79.985667 0.503333 0.087333 0.353333
344 80.094333 0.501667 0.143333 0.383333
361 80.212000 0.506667 0.109333 0.326667
320 80.320000 0.510000 0.124000 0.433333
847 80.432667 0.490000 0.117333 0.353333
16 80.532333 0.505000 0.100667 0.336667
552 80.599333 0.506667 0.052000 0.320000
345 80.710333 0.495000 0.188667 0.943333
580 80.858667 0.503333 0.126667 0.306667
390 80.981000 0.503333 0.132667 0.413333
528 81.093667 0.496667 0.107333 0.346667
546 81.186000 0.506667 0.097333 0.353333
421 81.301667 0.503333 0.152667 0.446667
776 81.431333 0.510000 0.121333 0.280000
55 81.543667 0.503333 0.119333 0.340000
235 81.646667 0.500000 0.104000 0.420000
420 81.728667 0.506667 0.076000 0.293333
364 81.836667 0.491667 0.160000 0.350000
892 81.994667 0.491667 0.172000 0.530000
917 82.095667 0.505000 0.048667 0.363333
215 82.163000 0.510000 0.103333 0.420000
531 82.321000 0.498333 0.231333 1.156667
15 82.479000 0.488333 0.103333 0.363333
378 82.581667 0.501667 0.119333 0.350000
505 82.662333 0.506667 0.062000 0.260000
975 82.701667 0.493333 0.035333 0.273333
493 82.748667 0.505000 0.076000 0.403333
229 82.820333 0.496667 0.086000 0.420000
641 82.895000 0.493333 0.083333 0.393333
265 82.999667 0.501667 0.144667 0.550000
942 83.087667 0.506667 0.046000 0.360000
241 83.146333 0.490000 0.091333 0.513333
125 83.234000 0.495000 0.100000 0.456667
26 83.335333 0.503333 0.120000 0.406667
567 83.433000 0.493333 0.091333 0.386667
632 83.551333 0.508333 0.165333 0.530000
432 83.691333 0.508333 0.132000 0.263333
640 83.791333 0.495000 0.084000 0.416667
90 83.919667 0.490000 0.187333 0.400000
424 84.078667 0.496667 0.145333 0.460000
436 84.207333 0.508333 0.125333 0.336667
38 84.328000 0.501667 0.132000 0.436667
979 84.403000 0.503333 0.038000 0.300000
807 84.493333 0.510000 0.156000 0.353333
865 84.608333 0.505000 0.091333 0.343333
130 84.724000 0.495000 0.158667 0.330000
713 84.870333 0.496667 0.150000 0.446667
93 85.046333 0.488333 0.218000 0.463333
4 85.199000 0.508333 0.102000 0.423333
446 85.274333 0.498333 0.064667 0.343333
51 85.347333 0.506667 0.097333 0.320000
376 85.446667 0.500000 0.121333 0.340000
589 85.549333 0.495000 0.100000 0.436667
122 85.640667 0.500000 0.102667 0.366667
577 85.727000 0.496667 0.088667 0.346667
149 85.846667 0.501667 0.169333 0.423333
67 86.007333 0.510000 0.168000 0.840000
624 86.171667 0.491667 0.174000 0.870000
1021 86.273333 0.493333 0.044000 0.326667
257 86.351000 0.496667 0.126000 0.380000
63 86.449333 0.491667 0.090667 0.323333
906 86.558000 0.501667 0.140000 0.383333
316 86.683333 0.503333 0.129333 0.506667
328 86.838333 0.506667 0.194000 0.500000
685 86.966667 0.508333 0.081333 0.310000
1023 87.018333 0.503333 0.035333 0.280000
704 87.091333 0.496667 0.130667 0.426667
191 87.194000 0.496667 0.089333 0.380000
283 87.287333 0.503333 0.114667 0.386667
894 87.418333 0.498333 0.164667 0.823333
201 87.540667 0.505000 0.097333 0.403333
582 87.665333 0.490000 0.172000 0.860000
872 87.830333 0.491667 0.172667 0.863333
163 87.963000 0.495000 0.107333 0.383333
120 88.091333 0.505000 0.168000 0.456667
696 88.224000 0.496667 0.110667 0.253333
1000 88.289333 0.508333 0.038667 0.323333
339 88.343000 0.490000 0.087333 0.453333
997 88.398000 0.503333 0.038667 0.306667
95 88.506333 0.495000 0.191333 0.410000
1004 88.613333 0.508333 0.037333 0.283333
992 88.642333 0.498333 0.038000 0.310000
461 88.693000 0.493333 0.076667 0.426667
248 88.765333 0.491667 0.084000 0.456667
266 88.906667 0.496667 0.217333 1.086667
1019 89.033333 0.506667 0.053333 0.380000
29 89.131667 0.510000 0.158000 0.433333
575 89.266333 0.491667 0.126000 0.410000
699 89.391667 0.508333 0.138000 0.396667
350 89.515667 0.490000 0.123333 0.393333
502 89.607333 0.500000 0.080000 0.380000
542 89.695667 0.498333 0.116667 0.456667
146 89.787333 0.493333 0.084000 0.360000
622 89.908000 0.506667 0.177333 0.620000
995 90.010333 0.498333 0.044667 0.363333
617 90.072667 0.505000 0.093333 0.376667
969 90.129333 0.503333 0.034667 0.260000
30 90.209333 0.501667 0.142667 0.423333
738 90.322000 0.508333 0.096000 0.430000
521 90.448000 0.498333 0.169333 0.436667
259 90.610000 0.493333 0.172000 0.860000
60 90.733667 0.491667 0.092667 0.383333
159 90.790000 0.501667 0.033333 0.270000
869 90.826000 0.491667 0.053333 0.336667
356 90.921333 0.505000 0.154667 0.456667
789 91.032333 0.493333 0.080667 0.486667
679 91.101000 0.490000 0.070000 0.440000
919 91.158000 0.498333 0.064000 0.316667
823 91.229333 0.495000 0.098667 0.516667
431 91.314333 0.493333 0.087333 0.300000
547 91.387333 0.498333 0.076000 0.443333
1008 91.436333 0.506667 0.036667 0.280000
600 91.503333 0.488333 0.117333 0.356667
719 91.637333 0.508333 0.168000 0.530000
403 91.796000 0.500000 0.164000 0.486667
139 91.910667 0.503333 0.084000 0.440000
946 91.967333 0.493333 0.049333 0.360000
967 92.008333 0.491667 0.046000 0.343333
989 92.043000 0.505000 0.039333 0.316667
401 92.096667 0.500000 0.085333 0.433333
253 92.155667 0.495000 0.048667 0.470000
471 92.198333 0.490000 0.052667 0.313333
111 92.259000 0.493333 0.086000 0.406667
174 92.352667 0.495000 0.117333 0.416667
429 92.465333 0.510000 0.122667 0.420000
135 92.581667 0.496667 0.127333 0.380000
317 92.688667 0.491667 0.104000 0.423333
127 92.788000 0.508333 0.113333 0.396667
318 92.891667 0.506667 0.112667 0.560000
468 92.971333 0.503333 0.061333 0.320000
214 93.049667 0.500000 0.115333 0.546667
169 93.157667 0.493333 0.119333 0.433333
305 93.238667 0.500000 0.060000 0.340000
668 93.317333 0.501667 0.116000 0.383333
467 93.398667 0.501667 0.064000 0.330000
449 93.452667 0.491667 0.062667 0.363333
555 93.497333 0.506667 0.041333 0.420000
710 93.587000 0.488333 0.156667 0.410000
84 93.725333 0.500000 0.138667 0.386667
599 93.847000 0.506667 0.120667 0.373333
351 93.980667 0.500000 0.164000 0.820000
299 94.107667 0.496667 0.110000 0.426667
514 94.206000 0.508333 0.101333 0.343333
222 94.299000 0.493333 0.100667 0.506667
237 94.380333 0.496667 0.075333 0.553333
22 94.483000 0.508333 0.150000 0.503333
333 94.642333 0.493333 0.188667 0.453333
291 94.792667 0.506667 0.129333 0.526667
662 94.893667 0.490000 0.091333 0.346667
538 95.004333 0.506667 0.150000 0.346667
362 95.132000 0.488333 0.120000 0.370000
447 95.207667 0.508333 0.051333 0.310000
861 95.245000 0.495000 0.043333 0.336667
938 95.274333 0.488333 0.034000 0.270000
843 95.339333 0.488333 0.109333 0.516667
666 95.430333 0.500000 0.092667 0.346667
722 95.520000 0.510000 0.105333 0.320000
243 95.639000 0.506667 0.147333 0.486667
165 95.763667 0.493333 0.115333 0.413333
423 95.882667 0.498333 0.138667 0.430000
227 96.006333 0.501667 0.126000 0.523333
499 96.087333 0.505000 0.053333 0.330000
288 96.178333 0.495000 0.144667 0.550000
400 96.272333 0.495000 0.062000 0.516667
47 96.342667 0.490000 0.093333 0.446667
790 96.420000 0.501667 0.078667 0.483333
504 96.526000 0.493333 0.150667 0.440000
412 96.638333 0.493333 0.088667 0.446667
952 96.694667 0.493333 0.042667 0.320000
695 96.776333 0.500000 0.135333 0.366667
769 96.946333 0.491667 0.222000 1.110000
673 97.097333 0.510000 0.097333 0.360000
285 97.201000 0.495000 0.127333 0.456667
980 97.271000 0.508333 0.031333 0.250000
7 97.341333 0.490000 0.122667 0.453333
142 97.442667 0.501667 0.100000 0.423333
2 97.529667 0.503333 0.090000 0.433333
929 97.584667 0.510000 0.033333 0.273333
101 97.673000 0.506667 0.162000 0.346667
649 97.799667 0.506667 0.104667 0.580000
763 97.875000 0.498333 0.063333 0.463333
152 97.946667 0.495000 0.094667 0.430000
602 98.055333 0.503333 0.137333 0.420000
42 98.156000 0.500000 0.078667 0.440000
837 98.247333 0.488333 0.117333 0.523333
663 98.344333 0.496667 0.094000 0.353333
268 98.485333 0.506667 0.202667 1.013333
435 98.610000 0.503333 0.060000 0.286667
11 98.679333 0.503333 0.094667 0.326667
335 98.788333 0.508333 0.143333 0.490000
106 98.956333 0.498333 0.207333 0.443333
747 99.107000 0.500000 0.112667 0.453333
225 99.200667 0.498333 0.090667 0.370000
301 99.275667 0.508333 0.079333 0.443333
5 99.350667 0.503333 0.085333 0.380000
813 99.453667 0.508333 0.139333 0.403333
425 99.565333 0.506667 0.100000 0.566667
372 99.674333 0.490000 0.136667 0.373333
785 99.764667 0.508333 0.058667 0.250000
605 99.853667 0.508333 0.136667 0.356667
391 99.988000 0.488333 0.149333 0.403333
964 100.072000 0.500000 0.033333 0.253333
295 100.143000 0.496667 0.122000 0.520000
882 100.253667 0.505000 0.115333 0.463333
221 100.347667 0.495000 0.087333 0.376667
489 100.417000 0.498333 0.067333 0.350000
437 100.489667 0.501667 0.092667 0.456667
570 100.581333 0.495000 0.108000 0.463333
303 100.668000 0.501667 0.078667 0.443333
81 100.746000 0.495000 0.092000 0.370000
677 100.831000 0.498333 0.098000 0.330000
886 100.976000 0.510000 0.212000 1.060000
965 101.094333 0.493333 0.044667 0.353333
795 101.136000 0.505000 0.058667 0.356667
374 101.245000 0.505000 0.175333 0.876667
92 101.433333 0.490000 0.218667 1.093333
559 101.580333 0.491667 0.088667 0.436667
462 101.646333 0.491667 0.056667 0.330000
252 101.728000 0.510000 0.124000 0.480000
168 101.835000 0.493333 0.107333 0.373333
458 101.908000 0.500000 0.058667 0.300000
483 101.957333 0.496667 0.060000 0.313333
24 102.041333 0.508333 0.121333 0.410000
419 102.131000 0.505000 0.075333 0.363333
954 102.183333 0.490000 0.044000 0.346667
249 102.231000 0.490000 0.070000 0.533333
839 102.316667 0.491667 0.120000 0.516667
