509 0.066000 0.508333 0.125333 0.390000
251 0.159333 0.503333 0.074667 0.413333
76 0.261667 0.503333 0.144667 0.440000
645 0.366333 0.503333 0.079333 0.366667
307 0.434333 0.491667 0.070000 0.390000
703 0.509333 0.501667 0.100000 0.323333
732 0.584333 0.506667 0.064667 0.326667
182 0.704000 0.510000 0.193333 0.966667
474 0.820667 0.488333 0.054667 0.323333
697 0.871667 0.491667 0.063333 0.316667
75 0.957333 0.490000 0.125333 0.386667
690 1.052000 0.506667 0.078667 0.393333
560 1.169000 0.501667 0.172667 0.863333
187 1.291333 0.488333 0.085333 0.416667
976 1.344667 0.506667 0.036000 0.266667
833 1.401000 0.496667 0.092667 0.446667
562 1.522667 0.506667 0.164000 0.346667
435 1.624000 0.506667 0.054667 0.293333
817 1.721000 0.493333 0.152667 0.400000
1013 1.805667 0.488333 0.035333 0.290000
497 1.870333 0.496667 0.111333 0.286667
903 1.979000 0.503333 0.120667 0.353333
246 2.094333 0.493333 0.128667 0.460000
122 2.195000 0.496667 0.086000 0.300000
443 2.264333 0.503333 0.066000 0.393333
196 2.334000 0.505000 0.089333 0.410000
1005 2.387667 0.503333 0.032667 0.266667
687 2.432667 0.498333 0.072000 0.356667
891 2.493667 0.508333 0.064667 0.296667
728 2.550333 0.490000 0.068667 0.600000
514 2.631667 0.508333 0.112667 0.356667
447 2.715667 0.496667 0.075333 0.440000
616 2.826667 0.506667 0.161333 0.400000
416 2.939000 0.510000 0.076667 0.373333
151 3.000667 0.493333 0.065333 0.300000
250 3.086000 0.501667 0.124000 0.583333
724 3.183667 0.498333 0.091333 0.390000
175 3.335333 0.506667 0.228000 1.140000
211 3.503333 0.506667 0.121333 0.500000
133 3.606667 0.503333 0.102667 0.326667
874 3.693333 0.493333 0.090667 0.426667
839 3.772333 0.505000 0.083333 0.363333
986 3.828000 0.503333 0.044000 0.340000
712 3.928667 0.506667 0.176000 0.440000
340 4.062667 0.508333 0.108000 0.316667
134 4.160000 0.510000 0.106667 0.500000
454 4.235000 0.501667 0.062000 0.323333
171 4.301333 0.500000 0.090667 0.340000
700 4.397000 0.508333 0.114000 0.450000
440 4.470333 0.495000 0.051333 0.310000
780 4.563000 0.491667 0.147333 0.423333
210 4.671000 0.496667 0.083333 0.386667
188 4.751333 0.501667 0.090667 0.370000
1021 4.809333 0.503333 0.040000 0.326667
554 4.923333 0.500000 0.206667 1.033333
308 5.049000 0.496667 0.060667 0.346667
790 5.103667 0.503333 0.068667 0.406667
349 5.202000 0.498333 0.146667 0.396667
733 5.314000 0.498333 0.090667 0.536667
61 5.388667 0.508333 0.076000 0.376667
2 5.446667 0.506667 0.060000 0.293333
194 5.529667 0.495000 0.122000 0.530000
947 5.603333 0.496667 0.041333 0.306667
653 5.678000 0.490000 0.122667 0.406667
185 5.790333 0.503333 0.119333 0.500000
808 5.886333 0.501667 0.090000 0.330000
366 5.988333 0.491667 0.130000 0.350000
117 6.102333 0.490000 0.118000 0.380000
655 6.191000 0.498333 0.072667 0.303333
726 6.255000 0.501667 0.071333 0.383333
705 6.343667 0.490000 0.119333 0.353333
842 6.454333 0.505000 0.119333 0.496667
601 6.558667 0.501667 0.108000 0.330000
277 6.653000 0.510000 0.094000 0.446667
274 6.748667 0.503333 0.113333 0.553333
614 6.887667 0.498333 0.184667 0.923333
763 6.997000 0.503333 0.048667 0.373333
258 7.075333 0.498333 0.128000 0.470000
692 7.170667 0.508333 0.078667 0.383333
452 7.239667 0.495000 0.074000 0.443333
465 7.297333 0.500000 0.057333 0.293333
300 7.358000 0.505000 0.080000 0.263333
680 7.450333 0.493333 0.120667 0.420000
1020 7.521667 0.490000 0.036667 0.293333
854 7.642333 0.505000 0.220667 1.103333
318 7.795333 0.503333 0.101333 0.473333
37 7.884667 0.495000 0.094667 0.350000
152 7.958333 0.498333 0.067333 0.336667
223 8.026000 0.505000 0.084000 0.423333
910 8.112000 0.508333 0.108000 0.390000
220 8.210667 0.503333 0.105333 0.426667
667 8.316000 0.498333 0.120000 0.390000
979 8.387333 0.496667 0.041333 0.320000
595 8.461333 0.505000 0.125333 0.376667
878 8.558333 0.495000 0.083333 0.423333
737 8.616333 0.506667 0.050000 0.326667
170 8.747000 0.495000 0.226000 1.130000
557 8.882667 0.506667 0.064000 0.433333
165 8.953000 0.495000 0.096667 0.350000
161 9.038333 0.501667 0.091333 0.350000
273 9.107667 0.496667 0.066000 0.420000
146 9.178333 0.506667 0.092667 0.480000
800 9.266000 0.501667 0.096000 0.390000
293 9.346333 0.488333 0.084667 0.350000
851 9.436000 0.493333 0.112000 0.460000
508 9.515000 0.508333 0.063333 0.323333
464 9.567667 0.500000 0.059333 0.313333
941 9.606333 0.488333 0.034000 0.263333
144 9.668000 0.506667 0.109333 0.506667
995 9.732000 0.508333 0.033333 0.263333
496 9.803667 0.501667 0.128667 0.543333
413 9.934000 0.500000 0.146667 0.586667
406 10.048667 0.508333 0.098667 0.383333
344 10.201000 0.491667 0.222000 1.110000
34 10.367333 0.488333 0.124000 0.463333
491 10.469667 0.491667 0.096667 0.476667
884 10.589333 0.510000 0.157333 0.586667
528 10.711000 0.496667 0.099333 0.340000
802 10.821667 0.508333 0.142000 0.356667
1018 10.902333 0.488333 0.036667 0.270000
749 10.964000 0.510000 0.104000 0.433333
124 11.054000 0.498333 0.089333 0.310000
381 11.150000 0.508333 0.121333 0.336667
715 11.286333 0.505000 0.170000 0.443333
403 11.468333 0.488333 0.207333 1.036667
17 11.613667 0.500000 0.100667 0.366667
706 11.696000 0.493333 0.077333 0.393333
390 11.797667 0.501667 0.142000 0.403333
16 11.908667 0.495000 0.097333 0.336667
559 11.989000 0.510000 0.076667 0.373333
373 12.076667 0.491667 0.116000 0.323333
111 12.168333 0.495000 0.082000 0.356667
475 12.245333 0.503333 0.085333 0.433333
543 12.368333 0.501667 0.174000 0.870000
820 12.500000 0.488333 0.105333 0.443333
889 12.609667 0.503333 0.127333 0.420000
371 12.737000 0.503333 0.143333 0.386667
118 12.852667 0.510000 0.104000 0.373333
622 12.979333 0.503333 0.168000 0.586667
483 13.090667 0.508333 0.072000 0.370000
232 13.166667 0.505000 0.097333 0.490000
702 13.281000 0.491667 0.151333 0.470000
932 13.367667 0.498333 0.036667 0.296667
395 13.452667 0.488333 0.148000 0.396667
384 13.589667 0.491667 0.142000 0.383333
116 13.722000 0.488333 0.136000 0.403333
924 13.800333 0.500000 0.036667 0.306667
816 13.883333 0.488333 0.142667 0.496667
241 13.982667 0.503333 0.073333 0.406667
592 14.076333 0.491667 0.127333 0.363333
385 14.203333 0.490000 0.142667 0.400000
4 14.307667 0.491667 0.086000 0.370000
572 14.400667 0.493333 0.114667 0.486667
52 14.509333 0.493333 0.117333 0.393333
1001 14.577667 0.505000 0.032667 0.270000
803 14.698000 0.510000 0.221333 1.106667
911 14.840667 0.491667 0.084000 0.296667
793 14.916667 0.491667 0.086667 0.350000
825 14.994667 0.496667 0.088000 0.433333
93 15.143000 0.490000 0.228667 0.480000
826 15.306667 0.495000 0.112000 0.543333
517 15.420000 0.491667 0.134667 0.450000
457 15.515333 0.500000 0.070667 0.366667
325 15.623667 0.508333 0.163333 0.656667
3 15.737000 0.491667 0.079333 0.370000
535 15.854667 0.508333 0.176000 0.370000
477 15.964333 0.495000 0.059333 0.310000
963 16.005000 0.490000 0.038000 0.300000
867 16.058000 0.490000 0.088000 0.286667
21 16.134000 0.496667 0.082667 0.293333
992 16.186333 0.495000 0.038000 0.276667
105 16.299000 0.506667 0.204667 0.446667
561 16.466000 0.508333 0.146667 0.303333
603 16.608333 0.506667 0.156667 0.320000
792 16.729667 0.495000 0.103333 0.423333
918 16.832667 0.505000 0.120000 0.410000
294 17.015000 0.510000 0.264667 0.420000
228 17.183000 0.508333 0.090000 0.416667
96 17.325000 0.505000 0.208667 1.043333
15 17.484000 0.498333 0.128000 0.410000
538 17.630667 0.495000 0.180000 0.410000
461 17.742333 0.505000 0.062000 0.316667
945 17.787667 0.510000 0.044667 0.326667
994 17.817667 0.493333 0.035333 0.260000
47 17.877333 0.496667 0.104000 0.506667
446 17.949000 0.490000 0.055333 0.326667
886 18.029333 0.496667 0.122667 0.433333
56 18.122000 0.500000 0.078667 0.126667
370 18.232667 0.503333 0.156000 0.780000
899 18.388333 0.491667 0.168667 0.843333
90 18.559000 0.495000 0.190000 0.950000
1015 18.666000 0.490000 0.042667 0.353333
640 18.712000 0.498333 0.066667 0.336667
914 18.796333 0.503333 0.116667 0.353333
451 18.875333 0.495000 0.056000 0.330000
222 18.947667 0.510000 0.103333 0.433333
77 19.051667 0.490000 0.124667 0.306667
905 19.183000 0.506667 0.152667 0.493333
51 19.322667 0.508333 0.140000 0.470000
369 19.445333 0.508333 0.120000 0.350000
39 19.542667 0.501667 0.092000 0.296667
624 19.690667 0.496667 0.220000 1.100000
831 19.844667 0.488333 0.102667 0.516667
445 19.921667 0.508333 0.066000 0.336667
1006 19.967667 0.495000 0.040667 0.303333
597 20.046667 0.498333 0.136000 0.403333
513 20.157667 0.491667 0.104667 0.336667
618 20.241333 0.495000 0.078667 0.463333
619 20.313000 0.500000 0.082000 0.453333
375 20.401000 0.493333 0.110000 0.293333
771 20.482000 0.493333 0.072000 0.373333
721 20.608000 0.491667 0.200000 0.510000
578 20.744333 0.501667 0.087333 0.343333
582 20.869333 0.510000 0.180000 0.900000
512 21.004000 0.498333 0.102667 0.336667
845 21.097000 0.505000 0.098000 0.436667
248 21.189000 0.493333 0.102000 0.560000
704 21.285667 0.495000 0.107333 0.330000
748 21.385667 0.495000 0.106000 0.383333
760 21.485333 0.498333 0.112000 0.363333
909 21.575667 0.490000 0.083333 0.393333
368 21.668667 0.505000 0.121333 0.363333
149 21.798333 0.496667 0.156667 0.400000
112 21.935000 0.488333 0.134000 0.450000
449 22.031667 0.490000 0.075333 0.413333
788 22.151333 0.496667 0.180000 0.900000
755 22.303000 0.505000 0.138000 0.403333
978 22.385333 0.491667 0.040000 0.310000
536 22.476333 0.493333 0.160667 0.600000
60 22.589000 0.501667 0.083333 0.336667
91 22.708000 0.493333 0.174667 0.873333
999 22.803333 0.496667 0.036000 0.286667
564 22.876667 0.496667 0.125333 0.260000
682 22.984000 0.498333 0.109333 0.416667
675 23.091000 0.490000 0.119333 0.446667
87 23.242000 0.503333 0.201333 1.006667
301 23.364667 0.508333 0.060000 0.336667
1016 23.406333 0.491667 0.043333 0.323333
427 23.483333 0.490000 0.125333 0.580000
523 23.604000 0.505000 0.134667 0.456667
746 23.737667 0.488333 0.146000 0.436667
584 23.861667 0.495000 0.119333 0.350000
480 23.945333 0.501667 0.068000 0.356667
982 23.991667 0.493333 0.044667 0.340000
849 24.054667 0.488333 0.094667 0.390000
550 24.131667 0.490000 0.075333 0.366667
504 24.223333 0.503333 0.124000 0.360000
359 24.334333 0.496667 0.111333 0.326667
296 24.431667 0.506667 0.102000 0.373333
711 24.557000 0.490000 0.168667 0.506667
41 24.712000 0.498333 0.156000 0.443333
320 24.852000 0.508333 0.141333 0.443333
738 24.962333 0.505000 0.098000 0.476667
414 25.096667 0.493333 0.184000 0.920000
84 25.239667 0.510000 0.122000 0.340000
346 25.367000 0.491667 0.150000 0.416667
765 25.476000 0.496667 0.086667 0.466667
129 25.566667 0.488333 0.109333 0.416667
923 25.627667 0.498333 0.031333 0.256667
65 25.681000 0.491667 0.088667 0.223333
957 25.743667 0.496667 0.050000 0.360000
567 25.830000 0.496667 0.141333 0.566667
933 25.914000 0.498333 0.042667 0.330000
382 25.989333 0.490000 0.128000 0.360000
266 26.149000 0.491667 0.204667 1.023333
819 26.296333 0.506667 0.110000 0.286667
627 26.438667 0.490000 0.190667 0.646667
681 26.545333 0.498333 0.042667 0.343333
253 26.576333 0.493333 0.038000 0.400000
644 26.629667 0.505000 0.083333 0.383333
430 26.709333 0.490000 0.092000 0.393333
660 26.796667 0.493333 0.098667 0.320000
409 26.932333 0.491667 0.191333 0.956667
224 27.083333 0.493333 0.125333 0.526667
429 27.182333 0.496667 0.086000 0.286667
186 27.261333 0.510000 0.090667 0.380000
864 27.346667 0.496667 0.098667 0.386667
971 27.405333 0.488333 0.033333 0.263333
1022 27.432000 0.498333 0.037333 0.270000
287 27.488333 0.505000 0.092667 0.336667
155 27.567667 0.495000 0.084667 0.490000
338 27.658000 0.506667 0.113333 0.586667
212 27.751000 0.493333 0.092667 0.380000
168 27.846000 0.491667 0.116000 0.403333
990 27.913333 0.503333 0.034667 0.253333
291 27.973667 0.508333 0.099333 0.376667
965 28.035333 0.510000 0.041333 0.306667
928 28.064667 0.488333 0.037333 0.296667
79 28.205667 0.491667 0.258000 0.583333
1010 28.347333 0.490000 0.045333 0.346667
159 28.381000 0.503333 0.036667 0.260000
438 28.469667 0.501667 0.155333 0.463333
589 28.594333 0.498333 0.111333 0.523333
844 28.755667 0.501667 0.230000 1.150000
204 28.909333 0.495000 0.093333 0.376667
501 28.996667 0.506667 0.101333 0.493333
503 29.111000 0.505000 0.146000 0.403333
415 29.274333 0.501667 0.198000 0.990000
108 29.473000 0.498333 0.219333 1.096667
758 29.640667 0.490000 0.133333 0.406667
861 29.719333 0.503333 0.042667 0.333333
776 29.800333 0.496667 0.132667 0.300000
33 29.902667 0.505000 0.092000 0.303333
200 29.983000 0.508333 0.088667 0.370000
727 30.046333 0.490000 0.052667 0.333333
934 30.086000 0.505000 0.040000 0.303333
383 30.156667 0.490000 0.121333 0.326667
713 30.300000 0.510000 0.184000 0.920000
828 30.441667 0.500000 0.118000 0.540000
683 30.598000 0.510000 0.210667 1.053333
1004 30.714000 0.503333 0.041333 0.320000
213 30.770667 0.501667 0.090667 0.456667
444 30.841333 0.500000 0.065333 0.373333
747 30.921333 0.488333 0.108000 0.443333
921 31.001333 0.506667 0.065333 0.386667
239 31.081000 0.495000 0.112667 0.703333
641 31.167000 0.505000 0.076667 0.356667
362 31.263000 0.510000 0.131333 0.406667
870 31.347000 0.498333 0.050000 0.250000
109 31.442667 0.506667 0.156000 0.780000
364 31.597667 0.493333 0.170000 0.366667
691 31.715667 0.490000 0.083333 0.406667
877 31.790000 0.488333 0.082667 0.430000
183 31.880333 0.501667 0.114000 0.476667
54 31.958667 0.493333 0.056000 0.293333
24 32.046000 0.503333 0.132000 0.453333
563 32.191667 0.490000 0.174000 0.360000
658 32.303667 0.501667 0.067333 0.390000
64 32.362000 0.496667 0.068000 0.373333
104 32.475667 0.491667 0.172667 0.370000
532 32.617000 0.503333 0.127333 0.646667
818 32.747333 0.508333 0.149333 0.410000
365 32.870333 0.488333 0.110000 0.336667
482 32.950000 0.495000 0.062667 0.323333
668 33.034333 0.505000 0.119333 0.416667
309 33.122667 0.498333 0.077333 0.436667
202 33.220667 0.506667 0.132000 0.506667
242 33.333000 0.501667 0.108667 0.416667
236 33.439333 0.510000 0.118667 0.520000
219 33.550333 0.503333 0.120667 0.613333
679 33.636000 0.508333 0.066667 0.410000
128 33.727000 0.498333 0.134000 0.450000
358 33.902333 0.501667 0.230000 1.150000
635 34.053667 0.495000 0.088667 0.363333
32 34.146000 0.506667 0.116000 0.386667
741 34.255000 0.495000 0.120667 0.416667
782 34.350333 0.508333 0.086000 0.396667
663 34.450000 0.503333 0.129333 0.453333
478 34.536333 0.501667 0.063333 0.330000
337 34.653333 0.510000 0.188000 0.940000
665 34.791333 0.488333 0.101333 0.323333
423 34.893000 0.491667 0.115333 0.363333
617 34.984667 0.490000 0.084000 0.333333
973 35.039000 0.500000 0.042000 0.320000
6 35.098000 0.495000 0.094667 0.396667
1009 35.160333 0.501667 0.046000 0.356667
927 35.196000 0.503333 0.038667 0.306667
856 35.271333 0.505000 0.128000 0.310000
500 35.370667 0.505000 0.090667 0.396667
265 35.480667 0.500000 0.146667 0.560000
499 35.572000 0.490000 0.050667 0.306667
939 35.613667 0.498333 0.046000 0.336667
432 35.699667 0.488333 0.142000 0.276667
7 35.811333 0.496667 0.101333 0.366667
896 35.959333 0.500000 0.208000 1.040000
541 36.139333 0.493333 0.169333 0.346667
386 36.307000 0.508333 0.183333 0.916667
531 36.474000 0.493333 0.170667 0.853333
335 36.621333 0.491667 0.140000 0.463333
218 36.737333 0.508333 0.109333 0.483333
591 36.847667 0.491667 0.126000 0.356667
605 36.962333 0.500000 0.116667 0.326667
26 37.066000 0.505000 0.106667 0.363333
511 37.170333 0.493333 0.116667 0.366667
18 37.275333 0.493333 0.113333 0.366667
823 37.372667 0.488333 0.101333 0.463333
596 37.486667 0.498333 0.141333 0.423333
824 37.595667 0.508333 0.092667 0.396667
473 37.662667 0.501667 0.061333 0.363333
734 37.763667 0.495000 0.159333 0.430000
930 37.851333 0.496667 0.036000 0.273333
524 37.927667 0.495000 0.134000 0.423333
8 38.046333 0.493333 0.120667 0.440000
256 38.164667 0.490000 0.130667 0.446667
231 38.283333 0.493333 0.125333 0.500000
975 38.362000 0.488333 0.045333 0.350000
493 38.423000 0.505000 0.094000 0.423333
240 38.502000 0.501667 0.078667 0.403333
606 38.600667 0.490000 0.136000 0.413333
693 38.713333 0.501667 0.104000 0.510000
332 38.851667 0.495000 0.191333 0.456667
388 38.997000 0.490000 0.119333 0.353333
71 39.084000 0.503333 0.070667 0.393333
261 39.225667 0.488333 0.230000 1.150000
588 39.385667 0.496667 0.103333 0.466667
463 39.457667 0.510000 0.059333 0.320000
234 39.542000 0.508333 0.124000 0.516667
944 39.619333 0.496667 0.049333 0.360000
753 39.718667 0.508333 0.165333 0.523333
752 39.821000 0.491667 0.058000 0.156667
664 39.890667 0.503333 0.094667 0.340000
510 39.999333 0.490000 0.141333 0.433333
453 40.093333 0.491667 0.060000 0.336667
807 40.218000 0.508333 0.209333 0.483333
304 40.347667 0.501667 0.063333 0.356667
725 40.432000 0.493333 0.121333 0.513333
226 40.531333 0.505000 0.093333 0.470000
88 40.682667 0.510000 0.222667 1.113333
863 40.840000 0.505000 0.112000 0.536667
883 41.001667 0.488333 0.228667 1.143333
865 41.163333 0.508333 0.109333 0.363333
330 41.258333 0.510000 0.096667 0.373333
157 41.378333 0.498333 0.158000 0.636667
735 41.521000 0.503333 0.142000 0.580000
244 41.658333 0.498333 0.146000 0.390000
872 41.814000 0.510000 0.180000 0.900000
139 41.926000 0.508333 0.064000 0.376667
336 42.006667 0.506667 0.114667 0.546667
238 42.114667 0.495000 0.120000 0.470000
985 42.189333 0.508333 0.045333 0.336667
476 42.241333 0.488333 0.072000 0.376667
290 42.331667 0.490000 0.122000 0.326667
786 42.411333 0.506667 0.056000 0.346667
609 42.461000 0.508333 0.062000 0.256667
311 42.523000 0.500000 0.078000 0.340000
720 42.654000 0.500000 0.200000 0.546667
740 42.827000 0.500000 0.159333 0.360000
1023 42.924333 0.510000 0.051333 0.373333
520 42.988000 0.490000 0.094667 0.300000
507 43.058667 0.506667 0.065333 0.380000
549 43.139667 0.490000 0.110000 0.380000
120 43.273667 0.501667 0.178000 0.890000
566 43.416333 0.501667 0.123333 0.503333
685 43.509667 0.501667 0.079333 0.323333
13 43.590000 0.488333 0.101333 0.323333
334 43.685333 0.498333 0.109333 0.383333
285 43.782667 0.498333 0.101333 0.350000
678 43.880667 0.491667 0.112000 0.383333
729 43.942000 0.490000 0.028000 0.373333
417 43.996000 0.505000 0.098667 0.476667
172 44.092000 0.510000 0.110667 0.393333
710 44.224000 0.500000 0.166667 0.833333
154 44.347000 0.500000 0.092667 0.460000
677 44.433333 0.498333 0.098667 0.343333
303 44.514333 0.505000 0.076667 0.436667
956 44.566000 0.493333 0.044000 0.353333
955 44.599667 0.490000 0.040667 0.333333
852 44.664000 0.496667 0.108000 0.440000
544 44.760667 0.490000 0.100000 0.360000
107 44.907667 0.491667 0.210000 1.050000
936 45.025667 0.508333 0.042000 0.323333
166 45.097000 0.500000 0.118000 0.420000
980 45.166333 0.505000 0.040667 0.323333
11 45.239333 0.505000 0.125333 0.403333
869 45.325333 0.503333 0.061333 0.393333
254 45.404667 0.498333 0.113333 0.430000
743 45.489000 0.505000 0.074000 0.310000
396 45.590667 0.505000 0.144000 0.423333
548 45.708000 0.505000 0.108000 0.410000
486 45.796000 0.503333 0.081333 0.420000
919 45.871333 0.508333 0.085333 0.363333
42 45.933333 0.500000 0.054667 0.306667
552 45.977333 0.498333 0.053333 0.370000
492 46.042333 0.493333 0.090000 0.480000
952 46.097000 0.491667 0.039333 0.290000
398 46.150667 0.491667 0.081333 0.436667
113 46.227000 0.490000 0.088667 0.440000
197 46.306667 0.496667 0.088000 0.360000
341 46.382333 0.496667 0.076667 0.333333
410 46.468333 0.505000 0.112667 0.456667
198 46.566667 0.493333 0.098667 0.500000
629 46.708333 0.505000 0.199333 0.996667
784 46.833333 0.506667 0.065333 0.533333
1014 46.877667 0.498333 0.040667 0.310000
191 46.934000 0.501667 0.085333 0.430000
327 47.028333 0.501667 0.122000 0.383333
263 47.189000 0.508333 0.219333 1.096667
607 47.350667 0.510000 0.117333 0.353333
326 47.443667 0.508333 0.083333 0.383333
859 47.544667 0.498333 0.137333 0.396667
586 47.714667 0.506667 0.221333 1.106667
82 47.847333 0.503333 0.062667 0.446667
723 47.923000 0.505000 0.104667 0.363333
372 48.022333 0.498333 0.111333 0.336667
345 48.141000 0.508333 0.144667 0.443333
585 48.268000 0.505000 0.122667 0.376667
813 48.394333 0.508333 0.147333 0.416667
433 48.515667 0.493333 0.110000 0.233333
284 48.631333 0.510000 0.141333 0.506667
86 48.738333 0.510000 0.090000 0.413333
623 48.872333 0.503333 0.194000 0.626667
643 49.009000 0.496667 0.096667 0.333333
229 49.091333 0.488333 0.085333 0.363333
942 49.145333 0.500000 0.038667 0.313333
342 49.199000 0.508333 0.084667 0.356667
347 49.302333 0.491667 0.142000 0.383333
495 49.405000 0.490000 0.082000 0.440000
321 49.493333 0.505000 0.108000 0.456667
840 49.588333 0.505000 0.096667 0.403333
860 49.721333 0.493333 0.185333 0.926667
260 49.916333 0.488333 0.222000 1.110000
27 50.089333 0.490000 0.137333 0.466667
36 50.198000 0.508333 0.096000 0.330000
180 50.285000 0.510000 0.095333 0.346667
29 50.391667 0.503333 0.131333 0.380000
467 50.477000 0.508333 0.059333 0.296667
292 50.550333 0.488333 0.102000 0.410000
850 50.638333 0.510000 0.088667 0.413333
626 50.783333 0.503333 0.217333 1.086667
546 50.938333 0.500000 0.106000 0.386667
67 51.062333 0.501667 0.160667 0.803333
654 51.245000 0.488333 0.224667 0.410000
634 51.384333 0.495000 0.067333 0.290000
313 51.465667 0.488333 0.112667 0.443333
1017 51.531000 0.505000 0.038000 0.310000
647 51.579667 0.505000 0.078000 0.390000
269 51.697667 0.488333 0.175333 0.530000
58 51.800000 0.493333 0.049333 0.253333
834 51.861667 0.508333 0.092667 0.383333
126 51.951333 0.491667 0.105333 0.350000
981 52.013667 0.501667 0.032667 0.263333
556 52.077667 0.490000 0.114000 0.480000
140 52.187000 0.498333 0.123333 0.670000
456 52.273667 0.496667 0.066000 0.393333
215 52.359333 0.488333 0.124000 0.590000
214 52.460333 0.503333 0.091333 0.373333
1019 52.517667 0.510000 0.036667 0.273333
917 52.552333 0.496667 0.047333 0.326667
794 52.597333 0.508333 0.061333 0.370000
960 52.637000 0.503333 0.038000 0.293333
630 52.730333 0.505000 0.162000 0.550000
574 52.845667 0.490000 0.083333 0.333333
267 52.962667 0.490000 0.166667 0.833333
48 53.138667 0.510000 0.205333 1.026667
631 53.304000 0.510000 0.140000 0.473333
378 53.430000 0.500000 0.128000 0.373333
132 53.527333 0.490000 0.085333 0.366667
162 53.627333 0.490000 0.134667 0.466667
996 53.710000 0.501667 0.045333 0.350000
209 53.766000 0.496667 0.082667 0.393333
615 53.903333 0.503333 0.209333 1.046667
487 54.034000 0.488333 0.070667 0.363333
208 54.122000 0.506667 0.118667 0.493333
880 54.218333 0.488333 0.092667 0.310000
101 54.356333 0.498333 0.200667 1.003333
310 54.481667 0.498333 0.064667 0.363333
689 54.556000 0.500000 0.101333 0.493333
262 54.647667 0.508333 0.102000 0.510000
757 54.749333 0.496667 0.120000 0.360000
787 54.834000 0.496667 0.069333 0.426667
736 54.895333 0.491667 0.073333 0.396667
522 54.975000 0.498333 0.104667 0.330000
991 55.043333 0.496667 0.045333 0.366667
275 55.086333 0.510000 0.060667 0.380000
530 55.158667 0.506667 0.101333 0.506667
759 55.260000 0.498333 0.121333 0.356667
205 55.360000 0.505000 0.096000 0.383333
964 55.418333 0.490000 0.040667 0.300000
576 55.476333 0.501667 0.088667 0.343333
405 55.558333 0.500000 0.091333 0.353333
329 55.690667 0.503333 0.189333 0.946667
305 55.814667 0.493333 0.076000 0.426667
471 55.871333 0.488333 0.052000 0.310000
610 55.950667 0.500000 0.122667 0.380000
717 56.086333 0.495000 0.163333 0.816667
577 56.205000 0.495000 0.090000 0.350000
138 56.270667 0.488333 0.056000 0.323333
846 56.337333 0.490000 0.093333 0.386667
53 56.429000 0.490000 0.110000 0.373333
401 56.510333 0.488333 0.072667 0.403333
23 56.619000 0.505000 0.159333 0.450000
354 56.777667 0.491667 0.174000 0.870000
420 56.906333 0.510000 0.096667 0.366667
987 56.968000 0.501667 0.042667 0.316667
926 57.001000 0.496667 0.039333 0.306667
376 57.085333 0.490000 0.144000 0.413333
754 57.211667 0.493333 0.123333 0.600000
847 57.328333 0.491667 0.127333 0.390000
652 57.453000 0.496667 0.139333 0.466667
583 57.541333 0.496667 0.053333 0.313333
612 57.622000 0.503333 0.122667 0.346667
10 57.732667 0.490000 0.116000 0.406667
638 57.839667 0.508333 0.111333 0.443333
169 58.000000 0.506667 0.229333 1.146667
590 58.171000 0.491667 0.131333 0.430000
70 58.309000 0.491667 0.159333 0.550000
494 58.412000 0.493333 0.065333 0.293333
448 58.464667 0.506667 0.058667 0.313333
555 58.502000 0.490000 0.036000 0.360000
946 58.530333 0.488333 0.038000 0.290000
328 58.616667 0.508333 0.148000 0.383333
45 58.713333 0.495000 0.065333 0.323333
317 58.786000 0.505000 0.093333 0.376667
249 58.853000 0.500000 0.060667 0.453333
637 58.901333 0.501667 0.050667 0.263333
221 58.977000 0.493333 0.118000 0.540000
959 59.047333 0.508333 0.040000 0.323333
184 59.113000 0.495000 0.106000 0.483333
762 59.190000 0.506667 0.062667 0.266667
355 59.292333 0.498333 0.158000 0.790000
836 59.408333 0.503333 0.088667 0.393333
114 59.492667 0.491667 0.096000 0.476667
540 59.643000 0.491667 0.219333 1.096667
695 59.848667 0.493333 0.210667 1.053333
598 60.007000 0.503333 0.120667 0.386667
400 60.084667 0.495000 0.054667 0.430000
594 60.152667 0.503333 0.097333 0.293333
875 60.268667 0.500000 0.150667 0.406667
115 60.366667 0.496667 0.058667 0.286667
1000 60.402333 0.503333 0.031333 0.253333
167 60.463333 0.490000 0.110667 0.400000
316 60.563667 0.500000 0.107333 0.366667
123 60.657333 0.505000 0.094667 0.550000
887 60.756333 0.506667 0.118000 0.360000
92 60.894667 0.506667 0.176000 0.880000
137 61.008667 0.503333 0.070667 0.346667
745 61.087667 0.490000 0.102000 0.380000
38 61.186667 0.506667 0.109333 0.400000
436 61.294000 0.505000 0.120000 0.350000
1012 61.364667 0.498333 0.036000 0.270000
322 61.428667 0.508333 0.108000 0.130000
279 61.528667 0.501667 0.109333 0.616667
925 61.594000 0.488333 0.037333 0.276667
216 61.650667 0.498333 0.094667 0.476667
255 61.750000 0.510000 0.118667 0.460000
1 61.844000 0.505000 0.089333 0.463333
43 61.927000 0.491667 0.095333 0.376667
888 62.032667 0.506667 0.132000 0.406667
525 62.154333 0.493333 0.131333 0.433333
571 62.264333 0.493333 0.106000 0.440000
283 62.366000 0.505000 0.114667 0.396667
565 62.491667 0.503333 0.156667 0.353333
516 62.617667 0.496667 0.110000 0.360000
608 62.724333 0.493333 0.122000 0.406667
650 62.865333 0.496667 0.173333 0.566667
731 62.981667 0.503333 0.078000 0.400000
929 63.031667 0.495000 0.038000 0.303333
49 63.151667 0.508333 0.219333 1.096667
515 63.301333 0.493333 0.096000 0.313333
575 63.405667 0.506667 0.126000 0.406667
770 63.550000 0.496667 0.181333 0.906667
408 63.686333 0.506667 0.108667 0.413333
795 63.766333 0.493333 0.068667 0.406667
352 63.850667 0.495000 0.118667 0.370000
272 63.969667 0.500000 0.135333 0.400000
822 64.082333 0.498333 0.107333 0.383333
5 64.174333 0.501667 0.094000 0.410000
778 64.248000 0.495000 0.069333 0.470000
989 64.300667 0.495000 0.049333 0.363333
632 64.425333 0.496667 0.216000 1.080000
714 64.611667 0.505000 0.171333 0.530000
1008 64.708667 0.506667 0.036000 0.286667
173 64.775333 0.493333 0.112000 0.506667
100 64.928667 0.506667 0.212000 1.060000
913 65.094333 0.505000 0.138000 0.410000
141 65.201000 0.495000 0.090000 0.396667
339 65.284333 0.491667 0.092667 0.490000
789 65.354667 0.491667 0.065333 0.396667
470 65.406667 0.506667 0.058667 0.306667
81 65.492667 0.496667 0.128000 0.520000
633 65.656000 0.500000 0.218667 1.093333
455 65.802333 0.495000 0.087333 0.443333
798 65.878333 0.493333 0.082000 0.306667
858 65.972000 0.495000 0.121333 0.370000
407 66.067000 0.508333 0.088667 0.343333
19 66.143333 0.501667 0.082667 0.283333
394 66.282667 0.510000 0.216000 1.080000
636 66.439333 0.500000 0.116000 0.266667
742 66.589667 0.505000 0.200667 1.003333
158 66.774667 0.510000 0.189333 0.600000
534 66.900333 0.508333 0.076667 0.303333
110 66.995667 0.508333 0.134000 0.496667
568 67.096333 0.493333 0.086000 0.433333
472 67.162333 0.508333 0.060667 0.363333
843 67.238333 0.488333 0.111333 0.530000
920 67.331333 0.500000 0.094667 0.340000
1002 67.389333 0.508333 0.038667 0.330000
485 67.433000 0.493333 0.064667 0.340000
949 67.477000 0.488333 0.042000 0.330000
558 67.527667 0.490000 0.078000 0.380000
953 67.580333 0.503333 0.040667 0.320000
661 67.636000 0.496667 0.088000 0.333333
812 67.727667 0.498333 0.115333 0.376667
333 67.855333 0.506667 0.154667 0.773333
620 67.978667 0.495000 0.109333 0.470000
479 68.062333 0.490000 0.076667 0.406667
148 68.166000 0.500000 0.145333 0.426667
331 68.336667 0.488333 0.213333 0.503333
271 68.539333 0.493333 0.209333 1.046667
106 68.732667 0.503333 0.193333 0.966667
958 68.839333 0.505000 0.038667 0.316667
176 68.933667 0.508333 0.170000 0.850000
657 69.046333 0.505000 0.075333 0.310000
121 69.084000 0.493333 0.017333 0.326667
529 69.137333 0.490000 0.109333 0.520000
868 69.218333 0.490000 0.071333 0.400000
966 69.264333 0.510000 0.036667 0.300000
298 69.319000 0.510000 0.086000 0.440000
719 69.457000 0.508333 0.204667 0.523333
44 69.596000 0.508333 0.089333 0.356667
98 69.741000 0.495000 0.218000 1.090000
671 69.887667 0.500000 0.095333 0.333333
744 70.035333 0.496667 0.220000 1.100000
411 70.251333 0.490000 0.225333 1.126667
466 70.389667 0.495000 0.064667 0.370000
289 70.545333 0.495000 0.261333 0.510000
694 70.704667 0.498333 0.076000 0.376667
252 70.800000 0.490000 0.130667 0.526667
63 70.915333 0.488333 0.117333 0.416667
264 71.022333 0.503333 0.115333 0.440000
442 71.110333 0.495000 0.076667 0.456667
30 71.219000 0.500000 0.158000 0.460000
201 71.329333 0.488333 0.078667 0.390000
233 71.405333 0.505000 0.086667 0.423333
425 71.494667 0.510000 0.108000 0.613333
268 71.643000 0.488333 0.208667 1.043333
672 71.796333 0.490000 0.116667 0.380000
0 71.874667 0.488333 0.056000 0.436667
639 71.934000 0.500000 0.076000 0.373333
783 72.011667 0.491667 0.094000 0.496667
363 72.132333 0.501667 0.167333 0.836667
570 72.247667 0.501667 0.078000 0.323333
781 72.307667 0.500000 0.059333 0.306667
937 72.350667 0.506667 0.041333 0.306667
374 72.418667 0.495000 0.112000 0.296667
130 72.566000 0.505000 0.202667 0.423333
806 72.763333 0.510000 0.205333 1.026667
890 72.901333 0.498333 0.085333 0.376667
772 73.031333 0.490000 0.189333 0.946667
315 73.164333 0.508333 0.092667 0.330000
659 73.243667 0.508333 0.083333 0.336667
764 73.314000 0.503333 0.074667 0.353333
199 73.397333 0.505000 0.109333 0.443333
722 73.518667 0.503333 0.146667 0.426667
547 73.611667 0.491667 0.056667 0.316667
156 73.713667 0.496667 0.163333 0.453333
377 73.869333 0.503333 0.162667 0.453333
505 73.977667 0.505000 0.071333 0.296667
174 74.090333 0.505000 0.168667 0.843333
848 74.220333 0.490000 0.107333 0.326667
353 74.331667 0.488333 0.134000 0.370000
701 74.506000 0.493333 0.229333 1.146667
951 74.633667 0.510000 0.042000 0.306667
397 74.697667 0.508333 0.100667 0.450000
1007 74.761333 0.488333 0.042667 0.336667
225 74.818000 0.498333 0.088000 0.363333
599 74.919667 0.498333 0.132667 0.403333
553 75.032333 0.508333 0.107333 0.370000
280 75.135667 0.505000 0.119333 0.436667
539 75.220000 0.510000 0.065333 0.293333
970 75.264000 0.505000 0.041333 0.343333
348 75.352000 0.495000 0.148000 0.450000
412 75.468333 0.491667 0.102000 0.510000
431 75.553333 0.491667 0.082667 0.283333
102 75.699667 0.491667 0.226000 0.490000
295 75.854667 0.488333 0.104000 0.443333
468 75.938333 0.503333 0.080667 0.420000
302 76.006000 0.508333 0.068000 0.383333
343 76.108667 0.493333 0.156000 0.440000
74 76.237667 0.505000 0.122000 0.376667
581 76.330333 0.496667 0.080667 0.340000
521 76.424667 0.506667 0.124000 0.326667
810 76.520667 0.501667 0.082667 0.370000
391 76.630667 0.505000 0.153333 0.463333
136 76.764000 0.501667 0.132000 0.590000
484 76.869667 0.503333 0.096667 0.360000
57 76.934667 0.490000 0.049333 0.206667
270 77.027667 0.491667 0.155333 0.463333
777 77.159667 0.503333 0.127333 0.533333
837 77.268000 0.488333 0.106667 0.510000
916 77.399333 0.493333 0.170667 0.853333
361 77.592000 0.490000 0.228000 1.140000
190 77.751000 0.508333 0.108667 0.463333
458 77.824000 0.510000 0.057333 0.346667
602 77.905000 0.491667 0.123333 0.376667
119 77.998667 0.498333 0.077333 0.450000
904 78.063333 0.501667 0.065333 0.303333
827 78.143333 0.510000 0.109333 0.453333
160 78.234000 0.506667 0.090667 0.480000
766 78.343333 0.500000 0.144000 0.426667
281 78.455333 0.491667 0.100000 0.336667
195 78.550667 0.490000 0.104000 0.513333
237 78.637000 0.491667 0.087333 0.590000
799 78.725333 0.506667 0.102667 0.380000
402 78.853000 0.493333 0.168667 0.453333
857 79.032333 0.491667 0.203333 0.430000
739 79.151667 0.505000 0.054000 0.470000
649 79.225000 0.491667 0.107333 0.550000
518 79.315000 0.510000 0.091333 0.293333
674 79.398667 0.505000 0.096000 0.330000
542 79.502667 0.496667 0.130667 0.500000
906 79.637667 0.508333 0.152667 0.476667
785 79.741667 0.498333 0.075333 0.323333
460 79.809333 0.490000 0.073333 0.366667
459 79.884000 0.490000 0.089333 0.460000
669 79.988000 0.498333 0.136000 0.476667
66 80.085333 0.496667 0.077333 0.540000
203 80.171333 0.493333 0.110667 0.446667
78 80.312333 0.508333 0.188667 0.530000
50 80.457333 0.506667 0.118667 0.346667
968 80.535000 0.488333 0.050000 0.363333
866 80.634667 0.490000 0.168000 0.840000
841 80.766667 0.501667 0.109333 0.530000
943 80.836000 0.493333 0.042667 0.313333
977 80.876333 0.493333 0.051333 0.373333
297 80.922333 0.490000 0.056667 0.293333
192 80.988000 0.495000 0.094667 0.390000
897 81.090000 0.496667 0.129333 0.373333
646 81.197667 0.503333 0.099333 0.420000
651 81.313667 0.493333 0.150000 0.486667
356 81.446000 0.493333 0.128000 0.360000
419 81.536333 0.490000 0.071333 0.346667
428 81.607000 0.490000 0.090000 0.620000
145 81.685667 0.498333 0.080667 0.370000
961 81.738667 0.488333 0.041333 0.330000
821 81.860667 0.506667 0.216000 1.080000
276 81.992667 0.491667 0.064000 0.410000
207 82.067667 0.503333 0.106000 0.513333
178 82.181000 0.503333 0.136667 0.480000
900 82.326333 0.495000 0.172667 0.863333
28 82.462333 0.503333 0.119333 0.406667
898 82.590333 0.495000 0.155333 0.410000
628 82.744333 0.495000 0.171333 0.856667
750 82.884000 0.501667 0.125333 0.463333
299 82.993000 0.488333 0.110000 0.430000
769 83.096333 0.498333 0.110000 0.343333
164 83.198333 0.495000 0.110000 0.390000
604 83.303000 0.493333 0.114000 0.346667
488 83.388000 0.505000 0.074667 0.363333
988 83.439000 0.498333 0.042000 0.350000
835 83.508333 0.506667 0.111333 0.466667
707 83.613667 0.493333 0.118000 0.546667
179 83.766000 0.510000 0.204000 1.020000
422 83.901333 0.491667 0.080000 0.290000
147 83.976000 0.498333 0.085333 0.363333
177 84.056333 0.488333 0.092667 0.343333
983 84.109667 0.493333 0.032667 0.253333
879 84.187000 0.490000 0.142000 0.380000
360 84.318667 0.491667 0.134667 0.356667
774 84.406333 0.498333 0.060667 0.310000
773 84.516000 0.506667 0.172000 0.860000
642 84.647333 0.493333 0.105333 0.420000
243 84.761333 0.495000 0.140000 0.463333
150 84.882333 0.490000 0.116667 0.473333
502 84.971333 0.490000 0.080000 0.380000
489 85.036333 0.503333 0.068667 0.380000
163 85.174333 0.508333 0.220667 1.103333
439 85.326000 0.503333 0.096000 0.400000
350 85.432000 0.501667 0.130667 0.383333
670 85.538333 0.498333 0.098000 0.316667
426 85.609000 0.495000 0.058000 0.336667
95 85.738333 0.508333 0.214000 1.070000
993 85.855000 0.501667 0.039333 0.296667
319 85.914667 0.495000 0.096000 0.343333
83 85.989333 0.510000 0.066667 0.320000
62 86.055667 0.496667 0.080667 0.386667
469 86.119667 0.493333 0.066000 0.353333
40 86.202667 0.491667 0.116000 0.370000
462 86.289667 0.503333 0.071333 0.426667
613 86.388000 0.508333 0.140000 0.376667
490 86.479000 0.501667 0.055333 0.296667
142 86.536333 0.501667 0.078000 0.330000
716 86.646000 0.506667 0.156000 0.780000
437 86.769333 0.501667 0.109333 0.490000
984 86.834000 0.491667 0.040000 0.336667
89 86.938000 0.500000 0.188000 0.400000
551 87.092000 0.506667 0.133333 0.426667
779 87.165333 0.495000 0.032000 0.310000
68 87.234667 0.505000 0.124000 0.356667
796 87.355333 0.493333 0.130667 0.440000
829 87.459333 0.491667 0.097333 0.403333
832 87.551333 0.490000 0.101333 0.406667
751 87.655000 0.501667 0.123333 0.496667
862 87.742667 0.506667 0.072000 0.353333
915 87.804333 0.495000 0.064667 0.516667
708 87.891667 0.498333 0.124667 0.496667
12 88.005667 0.506667 0.119333 0.420000
855 88.092667 0.490000 0.072000 0.186667
217 88.183667 0.491667 0.127333 0.530000
573 88.280667 0.496667 0.081333 0.346667
99 88.423333 0.506667 0.220000 1.100000
418 88.569000 0.506667 0.088667 0.426667
811 88.679667 0.495000 0.147333 0.510000
648 88.780333 0.505000 0.071333 0.303333
227 88.860000 0.496667 0.106667 0.433333
389 88.994667 0.510000 0.177333 0.886667
767 89.122333 0.500000 0.098000 0.286667
853 89.220000 0.501667 0.117333 0.550000
399 89.331000 0.505000 0.124667 0.456667
351 89.439333 0.510000 0.108000 0.326667
838 89.542333 0.495000 0.112667 0.496667
14 89.645000 0.501667 0.107333 0.370000
125 89.736667 0.488333 0.089333 0.390000
969 89.792333 0.490000 0.040667 0.306667
997 89.820333 0.510000 0.035333 0.273333
135 89.888667 0.500000 0.120000 0.473333
967 89.963667 0.491667 0.047333 0.350000
235 90.031667 0.506667 0.108667 0.453333
379 90.173333 0.500000 0.190667 0.953333
912 90.313667 0.501667 0.104667 0.410000
974 90.373000 0.503333 0.034000 0.260000
593 90.464667 0.496667 0.162667 0.813333
450 90.571333 0.500000 0.064000 0.373333
950 90.620667 0.491667 0.048000 0.343333
31 90.704333 0.505000 0.136667 0.423333
367 90.824000 0.495000 0.118667 0.350000
434 90.944000 0.493333 0.138667 0.473333
611 91.061000 0.488333 0.112667 0.416667
894 91.182000 0.510000 0.145333 0.400000
393 91.322000 0.505000 0.152000 0.470000
580 91.462000 0.495000 0.148000 0.376667
312 91.588000 0.501667 0.121333 0.450000
761 91.713333 0.495000 0.142667 0.483333
948 91.797000 0.493333 0.044667 0.353333
282 91.873333 0.510000 0.121333 0.420000
527 91.982667 0.503333 0.114667 0.326667
954 92.054000 0.490000 0.048000 0.373333
259 92.178667 0.496667 0.214667 1.073333
278 92.347333 0.491667 0.142667 0.430000
907 92.469333 0.498333 0.114667 0.376667
901 92.589000 0.493333 0.140667 0.386667
35 92.705000 0.495000 0.104667 0.330000
998 92.770000 0.510000 0.038667 0.300000
940 92.798667 0.501667 0.036000 0.290000
698 92.835000 0.495000 0.054000 0.283333
519 92.918000 0.505000 0.129333 0.423333
804 93.090333 0.501667 0.228667 1.143333
931 93.218333 0.498333 0.040667 0.336667
801 93.283333 0.493333 0.106667 0.426667
709 93.439667 0.495000 0.224667 1.123333
131 93.642333 0.501667 0.195333 0.976667
830 93.791333 0.490000 0.117333 0.480000
103 93.927333 0.493333 0.173333 0.373333
55 94.060667 0.496667 0.112000 0.273333
286 94.150667 0.503333 0.086667 0.320000
526 94.242667 0.508333 0.117333 0.310000
873 94.328333 0.490000 0.072667 0.346667
625 94.468000 0.490000 0.220000 1.100000
441 94.602333 0.501667 0.064667 0.330000
257 94.697333 0.501667 0.140000 0.463333
676 94.807667 0.488333 0.099333 0.343333
871 94.873000 0.495000 0.051333 0.283333
1003 94.913000 0.493333 0.047333 0.346667
189 94.985000 0.491667 0.114000 0.470000
481 95.069000 0.496667 0.068667 0.393333
814 95.157667 0.510000 0.123333 0.453333
696 95.283667 0.500000 0.143333 0.333333
545 95.396000 0.508333 0.096000 0.363333
69 95.494667 0.488333 0.117333 0.570000
387 95.603000 0.500000 0.116667 0.340000
882 95.695667 0.505000 0.087333 0.336667
922 95.751333 0.490000 0.040000 0.300000
498 95.795333 0.506667 0.068000 0.406667
569 95.867667 0.506667 0.095333 0.400000
306 95.937667 0.503333 0.058000 0.326667
805 96.038667 0.505000 0.158667 0.456667
392 96.223000 0.508333 0.230000 1.150000
962 96.351333 0.490000 0.042667 0.333333
621 96.387333 0.505000 0.048000 0.496667
357 96.499333 0.506667 0.190667 0.953333
756 96.660333 0.493333 0.151333 0.486667
902 96.793000 0.501667 0.127333 0.363333
876 96.932000 0.500000 0.165333 0.413333
686 97.050333 0.490000 0.091333 0.446667
797 97.130000 0.490000 0.082667 0.313333
881 97.217000 0.510000 0.106000 0.360000
662 97.313333 0.496667 0.104000 0.373333
25 97.430000 0.508333 0.142667 0.490000
656 97.559000 0.496667 0.135333 0.360000
938 97.639000 0.495000 0.043333 0.356667
404 97.709333 0.493333 0.117333 0.593333
688 97.810333 0.493333 0.102000 0.506667
935 97.876000 0.496667 0.045333 0.333333
193 97.939667 0.495000 0.095333 0.383333
424 98.056667 0.490000 0.154667 0.500000
533 98.186000 0.506667 0.124000 0.426667
893 98.332000 0.503333 0.186667 0.546667
421 98.498000 0.493333 0.164000 0.486667
1011 98.591333 0.501667 0.041333 0.323333
892 98.695333 0.498333 0.180000 0.516667
809 98.824000 0.501667 0.097333 0.530000
230 98.917000 0.488333 0.106000 0.456667
9 98.999667 0.498333 0.079333 0.316667
537 99.127333 0.506667 0.189333 0.946667
94 99.303000 0.490000 0.180667 0.380000
506 99.405667 0.496667 0.042000 0.453333
673 99.481667 0.508333 0.124667 0.443333
245 99.570333 0.503333 0.072667 0.333333
815 99.662667 0.503333 0.126667 0.333333
127 99.829667 0.501667 0.226000 1.130000
288 99.987000 0.488333 0.104667 0.390000
85 100.076333 0.490000 0.094000 0.360000
895 100.191000 0.490000 0.154000 0.460000
181 100.317000 0.490000 0.118000 0.393333
579 100.443667 0.491667 0.154000 0.470000
153 100.556667 0.496667 0.089333 0.406667
72 100.636667 0.495000 0.086667 0.416667
730 100.743333 0.493333 0.140000 0.500000
247 100.848000 0.503333 0.089333 0.433333
46 100.913667 0.503333 0.056667 0.526667
587 101.016667 0.510000 0.162667 0.813333
80 101.138000 0.506667 0.096000 0.453333
699 101.236000 0.488333 0.118667 0.323333
791 101.326000 0.488333 0.074667 0.436667
600 101.420333 0.510000 0.130000 0.386667
22 101.526667 0.490000 0.101333 0.340000
143 101.618000 0.503333 0.094667 0.446667
97 101.740333 0.510000 0.168667 0.360000
666 101.865000 0.505000 0.094000 0.350000
768 101.938000 0.493333 0.065333 0.173333
775 102.003333 0.505000 0.082667 0.396667
73 102.119667 0.493333 0.167333 0.553333
59 102.277667 0.506667 0.168667 0.433333
206 102.394667 0.496667 0.081333 0.373333
972 102.446000 0.501667 0.038667 0.316667
324 102.524333 0.508333 0.134000 0.656667
718 102.693667 0.508333 0.219333 1.096667
323 102.911667 0.503333 0.236667 0.500000
20 103.075000 0.490000 0.106000 0.373333
908 103.183667 0.493333 0.126000 0.493333
885 103.282000 0.488333 0.085333 0.376667
314 103.375000 0.498333 0.116667 0.423333
684 103.479333 0.495000 0.110667 0.383333
380 103.594333 0.493333 0.138000 0.440000
