833 0.053667 0.503333 0.100667 0.413333
942 0.115000 0.505000 0.042000 0.330000
16 0.179667 0.508333 0.106000 0.370000
691 0.274000 0.508333 0.101333 0.490000
690 0.366667 0.503333 0.101333 0.493333
969 0.426667 0.501667 0.037333 0.270000
284 0.497667 0.491667 0.122000 0.436667
850 0.593000 0.490000 0.086000 0.373333
911 0.684667 0.498333 0.116000 0.423333
472 0.767667 0.493333 0.068667 0.406667
496 0.842333 0.501667 0.098000 0.410000
32 0.940333 0.488333 0.111333 0.376667
121 0.997333 0.503333 0.017333 0.313333
237 1.040333 0.495000 0.087333 0.623333
555 1.095333 0.505000 0.042667 0.416667
105 1.193667 0.488333 0.174000 0.870000
140 1.374667 0.500000 0.205333 1.026667
378 1.524667 0.490000 0.114667 0.326667
644 1.604667 0.488333 0.065333 0.303333
506 1.646000 0.510000 0.033333 0.373333
274 1.704000 0.493333 0.098667 0.480000
41 1.799333 0.500000 0.112000 0.320000
723 1.906000 0.508333 0.121333 0.416667
694 2.000333 0.488333 0.087333 0.430000
982 2.057000 0.503333 0.039333 0.300000
297 2.105667 0.490000 0.071333 0.366667
233 2.187333 0.490000 0.110667 0.466667
189 2.288667 0.506667 0.106667 0.433333
669 2.392667 0.510000 0.120000 0.413333
700 2.514667 0.493333 0.138667 0.560000
358 2.649333 0.505000 0.149333 0.436667
342 2.763000 0.508333 0.095333 0.403333
955 2.823667 0.496667 0.042000 0.306667
799 2.888000 0.505000 0.105333 0.423333
963 2.947333 0.500000 0.032000 0.253333
136 3.011000 0.505000 0.108667 0.410000
164 3.103667 0.508333 0.096667 0.343333
5 3.186000 0.500000 0.081333 0.380000
939 3.241000 0.503333 0.048667 0.360000
238 3.354667 0.500000 0.197333 0.986667
75 3.514333 0.495000 0.135333 0.416667
796 3.624333 0.506667 0.103333 0.353333
266 3.758667 0.490000 0.185333 0.560000
293 3.893667 0.503333 0.102000 0.426667
22 3.991667 0.491667 0.110000 0.370000
150 4.096333 0.505000 0.112667 0.456667
680 4.211000 0.508333 0.130000 0.436667
556 4.327000 0.508333 0.116667 0.490000
280 4.446000 0.505000 0.140000 0.463333
213 4.563333 0.488333 0.112000 0.570000
791 4.641667 0.503333 0.064667 0.393333
903 4.726667 0.501667 0.124000 0.356667
532 4.844667 0.496667 0.126667 0.653333
418 4.945000 0.501667 0.087333 0.416667
771 5.020333 0.505000 0.076667 0.396667
243 5.119333 0.490000 0.141333 0.460000
754 5.239000 0.488333 0.111333 0.543333
559 5.330333 0.503333 0.090000 0.440000
901 5.436333 0.500000 0.139333 0.366667
829 5.558333 0.505000 0.119333 0.536667
63 5.666000 0.501667 0.114667 0.410000
456 5.750667 0.500000 0.070667 0.413333
1001 5.801333 0.496667 0.048000 0.346667
907 5.870667 0.508333 0.108000 0.376667
305 5.953667 0.500000 0.074000 0.413333
656 6.072333 0.491667 0.176667 0.416667
51 6.197000 0.491667 0.091333 0.283333
758 6.311000 0.501667 0.154000 0.443333
135 6.448333 0.505000 0.136667 0.470000
722 6.584333 0.491667 0.154000 0.450000
343 6.728333 0.510000 0.151333 0.460000
604 6.848333 0.495000 0.103333 0.316667
306 6.930333 0.503333 0.076667 0.426667
540 7.039000 0.491667 0.155333 0.563333
509 7.158000 0.503333 0.096000 0.306667
27 7.266333 0.508333 0.134000 0.450000
178 7.386000 0.498333 0.124000 0.470000
1014 7.458667 0.508333 0.037333 0.290000
43 7.529000 0.501667 0.123333 0.483333
927 7.598667 0.510000 0.036000 0.273333
579 7.693333 0.490000 0.169333 0.386667
663 7.831333 0.493333 0.125333 0.473333
224 7.932333 0.506667 0.094000 0.426667
315 8.037000 0.495000 0.131333 0.456667
818 8.155667 0.503333 0.126000 0.273333
618 8.241667 0.495000 0.066000 0.423333
777 8.315667 0.510000 0.098000 0.426667
837 8.410333 0.508333 0.104667 0.483333
642 8.494667 0.490000 0.078667 0.313333
883 8.641000 0.493333 0.228667 0.486667
945 8.768333 0.505000 0.044667 0.323333
203 8.845333 0.495000 0.128000 0.516667
495 8.943667 0.493333 0.088667 0.480000
175 9.031000 0.496667 0.102000 0.380000
168 9.180667 0.490000 0.216000 1.080000
261 9.377667 0.505000 0.196667 0.983333
192 9.513333 0.496667 0.090667 0.366667
609 9.582000 0.501667 0.060000 0.250000
798 9.648667 0.493333 0.090667 0.346667
788 9.776667 0.495000 0.185333 0.550000
34 9.913667 0.493333 0.104667 0.346667
265 10.013333 0.510000 0.108000 0.413333
486 10.099667 0.500000 0.078000 0.466667
616 10.245333 0.493333 0.229333 1.146667
236 10.403333 0.505000 0.106667 0.463333
856 10.519667 0.506667 0.142000 0.353333
451 10.619667 0.500000 0.075333 0.393333
161 10.697667 0.495000 0.096667 0.350000
964 10.759333 0.508333 0.042667 0.316667
979 10.797333 0.488333 0.049333 0.376667
131 10.860333 0.493333 0.096667 0.373333
660 10.955000 0.488333 0.110000 0.376667
507 11.041667 0.490000 0.078000 0.413333
106 11.189000 0.505000 0.234000 0.510000
78 11.397000 0.505000 0.195333 0.450000
108 11.569667 0.491667 0.166000 0.830000
389 11.717667 0.505000 0.150000 0.470000
141 11.829667 0.498333 0.090000 0.436667
435 11.899000 0.506667 0.066000 0.306667
591 11.985333 0.506667 0.121333 0.346667
782 12.088000 0.496667 0.102667 0.500000
216 12.190667 0.510000 0.116000 0.573333
898 12.319667 0.501667 0.162000 0.810000
619 12.442000 0.501667 0.100000 0.490000
302 12.510333 0.510000 0.056667 0.320000
783 12.575667 0.493333 0.092667 0.506667
76 12.680667 0.488333 0.130667 0.403333
99 12.845667 0.506667 0.215333 0.460000
6 12.987333 0.498333 0.088000 0.330000
90 13.124333 0.501667 0.200667 1.003333
704 13.285000 0.501667 0.136667 0.483333
484 13.402333 0.500000 0.112667 0.473333
716 13.554667 0.506667 0.212000 1.060000
219 13.695000 0.491667 0.086000 0.356667
324 13.793333 0.510000 0.130667 0.640000
240 13.888667 0.496667 0.076000 0.380000
277 13.964333 0.495000 0.090000 0.410000
889 14.064000 0.496667 0.128000 0.460000
661 14.188667 0.508333 0.136000 0.456667
836 14.291333 0.493333 0.086667 0.386667
288 14.381333 0.503333 0.106667 0.406667
421 14.495333 0.506667 0.141333 0.426667
925 14.577000 0.490000 0.036667 0.273333
30 14.649333 0.488333 0.122667 0.356667
138 14.743667 0.501667 0.079333 0.456667
710 14.873333 0.500000 0.196000 0.553333
299 15.000000 0.493333 0.077333 0.300000
568 15.075333 0.496667 0.093333 0.466667
634 15.159333 0.501667 0.094667 0.410000
494 15.239000 0.491667 0.082000 0.370000
359 15.371667 0.495000 0.203333 1.016667
992 15.486667 0.505000 0.044000 0.316667
658 15.528667 0.508333 0.053333 0.316667
143 15.591333 0.488333 0.089333 0.383333
159 15.651333 0.508333 0.048000 0.370000
790 15.704667 0.508333 0.074667 0.436667
127 15.802000 0.506667 0.137333 0.466667
227 15.929333 0.496667 0.134667 0.540000
986 16.010000 0.506667 0.044000 0.320000
983 16.041667 0.493333 0.038000 0.286667
971 16.071667 0.505000 0.040667 0.296667
705 16.138000 0.490000 0.106667 0.326667
331 16.300667 0.488333 0.233333 0.530000
123 16.508333 0.498333 0.195333 0.976667
918 16.658667 0.506667 0.118667 0.406667
114 16.744000 0.501667 0.070667 0.356667
44 16.828667 0.490000 0.117333 0.466667
891 16.913667 0.506667 0.068667 0.273333
859 17.007333 0.510000 0.136000 0.413333
508 17.112333 0.496667 0.090000 0.460000
373 17.253333 0.496667 0.209333 1.046667
173 17.400000 0.510000 0.098667 0.440000
612 17.543667 0.495000 0.206000 1.030000
271 17.743000 0.491667 0.212667 1.063333
349 17.920667 0.503333 0.160000 0.440000
565 18.071000 0.506667 0.156667 0.320000
35 18.200000 0.493333 0.120000 0.460000
309 18.284000 0.493333 0.061333 0.346667
344 18.379333 0.506667 0.145333 0.400000
156 18.527000 0.498333 0.164667 0.483333
258 18.662000 0.490000 0.124000 0.420000
62 18.762000 0.506667 0.093333 0.433333
1010 18.817333 0.491667 0.033333 0.276667
505 18.851000 0.508333 0.054000 0.230000
132 18.907000 0.501667 0.074000 0.316667
230 19.048000 0.493333 0.222667 1.113333
978 19.172667 0.500000 0.044000 0.326667
42 19.226667 0.488333 0.080000 0.450000
430 19.305667 0.493333 0.092667 0.393333
648 19.394000 0.501667 0.097333 0.410000
726 19.474333 0.493333 0.079333 0.420000
272 19.620333 0.495000 0.226000 1.130000
25 19.779000 0.488333 0.106000 0.383333
902 19.931667 0.505000 0.215333 1.076667
375 20.104333 0.503333 0.147333 0.400000
3 20.212000 0.500000 0.088000 0.386667
826 20.293667 0.503333 0.088667 0.433333
217 20.386667 0.505000 0.114667 0.463333
695 20.542667 0.493333 0.210667 1.053333
909 20.681333 0.506667 0.081333 0.360000
698 20.746667 0.496667 0.065333 0.340000
500 20.810333 0.508333 0.082000 0.390000
938 20.864667 0.493333 0.041333 0.320000
235 20.933667 0.505000 0.114000 0.463333
651 21.061000 0.490000 0.154000 0.500000
862 21.171667 0.510000 0.080667 0.400000
867 21.259000 0.490000 0.112667 0.353333
328 21.396333 0.505000 0.175333 0.396667
303 21.513333 0.506667 0.072000 0.400000
860 21.650667 0.503333 0.216000 0.586667
61 21.795333 0.503333 0.088000 0.433333
687 21.872333 0.500000 0.084667 0.413333
869 21.937000 0.488333 0.059333 0.363333
220 22.009667 0.488333 0.102000 0.410000
672 22.102000 0.493333 0.100000 0.340000
676 22.199667 0.496667 0.114000 0.380000
595 22.311667 0.498333 0.128667 0.383333
999 22.388667 0.510000 0.041333 0.340000
922 22.422333 0.496667 0.043333 0.340000
176 22.530333 0.505000 0.191333 0.956667
242 22.668333 0.498333 0.102000 0.403333
341 22.753000 0.505000 0.086000 0.370000
384 22.863000 0.510000 0.150000 0.453333
429 22.983333 0.510000 0.104000 0.353333
259 23.132667 0.503333 0.213333 1.066667
9 23.270000 0.491667 0.081333 0.330000
633 23.388000 0.493333 0.168000 0.840000
919 23.495000 0.496667 0.066000 0.320000
177 23.622000 0.506667 0.201333 1.006667
72 23.753667 0.508333 0.076667 0.363333
631 23.886667 0.490000 0.202667 1.013333
21 24.022000 0.496667 0.085333 0.293333
809 24.105667 0.493333 0.099333 0.506667
311 24.194000 0.506667 0.090667 0.386667
111 24.282333 0.498333 0.102000 0.450000
329 24.416667 0.500000 0.184000 0.920000
522 24.557667 0.498333 0.115333 0.356667
933 24.631667 0.493333 0.050000 0.360000
195 24.700333 0.501667 0.107333 0.543333
715 24.838667 0.493333 0.182667 0.553333
245 24.950000 0.491667 0.058667 0.236667
157 25.050667 0.488333 0.158667 0.656667
365 25.195667 0.503333 0.144667 0.393333
287 25.312000 0.503333 0.108000 0.393333
31 25.419000 0.510000 0.126000 0.380000
855 25.508333 0.506667 0.071333 0.180000
615 25.586667 0.508333 0.098667 0.443333
202 25.686000 0.498333 0.118667 0.463333
174 25.803667 0.501667 0.132667 0.476667
1 25.897333 0.488333 0.068000 0.330000
409 25.969667 0.498333 0.095333 0.483333
172 26.071667 0.493333 0.126000 0.466667
913 26.191000 0.495000 0.127333 0.390000
707 26.295000 0.490000 0.094000 0.406667
269 26.424667 0.503333 0.178667 0.533333
404 26.606000 0.500000 0.201333 1.006667
569 26.748000 0.495000 0.096000 0.390000
502 26.822333 0.503333 0.071333 0.313333
446 26.890000 0.496667 0.081333 0.413333
207 26.977333 0.488333 0.109333 0.556667
116 27.088333 0.496667 0.126000 0.373333
864 27.189667 0.510000 0.091333 0.360000
52 27.273333 0.508333 0.096000 0.350000
549 27.357000 0.491667 0.090000 0.303333
763 27.420667 0.490000 0.052000 0.353333
530 27.482667 0.491667 0.092000 0.423333
368 27.613000 0.508333 0.182000 0.910000
232 27.747333 0.503333 0.100000 0.413333
334 27.861667 0.491667 0.142000 0.476667
958 27.941000 0.498333 0.036667 0.263333
538 28.024000 0.488333 0.149333 0.376667
514 28.139000 0.503333 0.095333 0.313333
29 28.255667 0.500000 0.156667 0.440000
1018 28.347000 0.500000 0.040667 0.340000
248 28.402000 0.503333 0.085333 0.466667
543 28.530333 0.508333 0.184667 0.923333
184 28.675667 0.503333 0.122000 0.493333
760 28.783333 0.501667 0.113333 0.323333
552 28.862667 0.508333 0.064000 0.390000
250 28.970333 0.508333 0.164667 0.776667
688 29.091000 0.510000 0.095333 0.473333
395 29.198000 0.488333 0.132000 0.370000
563 29.324667 0.498333 0.141333 0.303333
665 29.439667 0.506667 0.108667 0.360000
112 29.578333 0.505000 0.184667 0.923333
137 29.691667 0.506667 0.058000 0.300000
371 29.786000 0.495000 0.144000 0.403333
731 29.888667 0.501667 0.077333 0.390000
916 30.013333 0.495000 0.192000 0.456667
346 30.173667 0.505000 0.144667 0.390000
194 30.317667 0.508333 0.163333 0.816667
1005 30.415667 0.496667 0.051333 0.380000
949 30.452333 0.493333 0.039333 0.306667
301 30.497000 0.506667 0.070000 0.393333
454 30.554333 0.491667 0.058000 0.336667
139 30.615000 0.493333 0.079333 0.426667
374 30.707667 0.510000 0.120667 0.326667
857 30.857667 0.510000 0.198000 0.420000
657 30.999333 0.505000 0.098667 0.403333
668 31.091333 0.491667 0.102667 0.356667
996 31.152000 0.490000 0.037333 0.293333
167 31.230667 0.495000 0.134667 0.523333
904 31.329333 0.508333 0.077333 0.390000
482 31.391333 0.496667 0.062667 0.373333
1023 31.432667 0.505000 0.038667 0.310000
357 31.525667 0.498333 0.166000 0.830000
82 31.634333 0.495000 0.066000 0.516667
425 31.701667 0.498333 0.087333 0.523333
444 31.770000 0.488333 0.065333 0.376667
708 31.874667 0.510000 0.161333 0.806667
775 31.991000 0.501667 0.090000 0.450000
179 32.088333 0.501667 0.124667 0.436667
120 32.245333 0.495000 0.205333 0.596667
948 32.361000 0.503333 0.039333 0.333333
746 32.454000 0.505000 0.162667 0.470000
629 32.610333 0.501667 0.164667 0.543333
575 32.744667 0.491667 0.120000 0.390000
364 32.879333 0.506667 0.165333 0.826667
884 33.011667 0.490000 0.119333 0.446667
874 33.107333 0.498333 0.088000 0.396667
12 33.187667 0.506667 0.090000 0.293333
290 33.288667 0.500000 0.125333 0.366667
655 33.390333 0.496667 0.094000 0.380000
267 33.521000 0.508333 0.187333 0.570000
85 33.650333 0.500000 0.088667 0.340000
751 33.741333 0.498333 0.113333 0.456667
104 33.870000 0.490000 0.161333 0.806667
944 33.958333 0.495000 0.035333 0.276667
434 34.021000 0.488333 0.110000 0.376667
1019 34.087667 0.503333 0.038000 0.293333
330 34.154000 0.496667 0.110667 0.420000
537 34.288667 0.493333 0.172000 0.860000
181 34.438000 0.496667 0.145333 0.480000
70 34.566000 0.506667 0.129333 0.453333
38 34.669333 0.488333 0.096000 0.323333
885 34.750333 0.490000 0.083333 0.353333
877 34.819000 0.501667 0.071333 0.370000
937 34.861000 0.495000 0.031333 0.256667
550 34.904000 0.501667 0.069333 0.350000
875 35.011333 0.506667 0.162667 0.453333
450 35.124667 0.505000 0.077333 0.403333
932 35.175667 0.498333 0.040667 0.310000
39 35.243000 0.488333 0.108667 0.363333
18 35.335000 0.488333 0.088667 0.290000
724 35.409667 0.490000 0.078000 0.340000
965 35.458667 0.488333 0.038667 0.303333
86 35.516667 0.491667 0.094667 0.436667
102 35.661000 0.501667 0.207333 0.436667
988 35.776667 0.508333 0.037333 0.290000
920 35.847000 0.506667 0.118000 0.426667
840 35.956667 0.490000 0.116000 0.580000
200 36.056000 0.506667 0.100000 0.413333
762 36.143000 0.510000 0.091333 0.393333
234 36.239333 0.491667 0.120000 0.516667
792 36.342000 0.496667 0.098667 0.400000
419 36.427333 0.506667 0.085333 0.413333
199 36.521000 0.490000 0.115333 0.580000
997 36.592667 0.500000 0.045333 0.360000
225 36.651667 0.510000 0.091333 0.366667
398 36.733333 0.503333 0.089333 0.473333
459 36.802333 0.495000 0.063333 0.370000
442 36.863000 0.505000 0.072667 0.383333
735 36.951667 0.496667 0.118000 0.460000
413 37.055667 0.496667 0.108667 0.466667
294 37.200333 0.501667 0.200667 1.003333
399 37.356667 0.501667 0.125333 0.463333
759 37.468333 0.488333 0.112667 0.370000
406 37.573667 0.488333 0.114000 0.430000
452 37.668000 0.508333 0.089333 0.456667
814 37.772667 0.510000 0.138667 0.486667
153 37.870000 0.488333 0.070667 0.316667
976 37.915333 0.496667 0.033333 0.260000
921 37.960333 0.491667 0.071333 0.423333
20 38.029333 0.503333 0.081333 0.293333
667 38.124667 0.495000 0.122667 0.403333
675 38.240000 0.490000 0.124000 0.400000
439 38.338667 0.498333 0.093333 0.363333
352 38.448333 0.508333 0.139333 0.403333
802 38.596333 0.498333 0.172667 0.376667
388 38.740000 0.495000 0.128000 0.356667
830 38.850333 0.500000 0.107333 0.460000
408 38.947333 0.510000 0.106667 0.406667
649 39.034667 0.508333 0.086667 0.483333
636 39.123333 0.501667 0.109333 0.290000
600 39.236667 0.490000 0.130667 0.386667
37 39.350667 0.505000 0.117333 0.396667
570 39.448000 0.508333 0.096000 0.410000
816 39.559333 0.510000 0.146667 0.360000
405 39.683000 0.510000 0.120667 0.453333
900 39.797000 0.490000 0.123333 0.346667
356 39.931000 0.510000 0.160667 0.446667
639 40.037333 0.498333 0.070667 0.350000
246 40.153667 0.500000 0.182000 0.640000
391 40.311333 0.488333 0.148000 0.410000
149 40.458333 0.500000 0.163333 0.426667
912 40.581000 0.493333 0.095333 0.406667
734 40.698333 0.498333 0.154000 0.396667
362 40.846333 0.491667 0.155333 0.483333
262 41.013333 0.510000 0.193333 0.966667
578 41.144333 0.491667 0.087333 0.350000
610 41.244333 0.496667 0.127333 0.393333
756 41.358000 0.508333 0.114667 0.390000
402 41.484000 0.490000 0.153333 0.393333
682 41.610333 0.506667 0.116667 0.473333
854 41.740667 0.493333 0.157333 0.786667
750 41.873667 0.510000 0.128667 0.480000
313 41.980333 0.498333 0.099333 0.343333
241 42.060000 0.488333 0.080000 0.443333
326 42.133000 0.491667 0.080667 0.363333
517 42.209667 0.503333 0.092667 0.293333
426 42.275000 0.498333 0.056667 0.390000
711 42.376000 0.493333 0.158667 0.793333
416 42.488000 0.508333 0.081333 0.396667
84 42.577667 0.498333 0.115333 0.323333
463 42.664667 0.491667 0.076000 0.390000
806 42.781333 0.510000 0.172000 0.860000
526 42.921000 0.506667 0.126000 0.340000
632 43.065000 0.505000 0.182000 0.910000
59 43.231333 0.496667 0.170667 0.440000
109 43.400333 0.498333 0.180667 0.903333
954 43.505000 0.505000 0.047333 0.336667
776 43.612000 0.500000 0.181333 0.420000
566 43.762333 0.491667 0.135333 0.563333
322 43.882333 0.493333 0.119333 0.146667
308 43.965333 0.496667 0.061333 0.346667
640 44.021667 0.496667 0.068667 0.340000
805 44.120333 0.496667 0.146000 0.440000
951 44.199667 0.491667 0.032667 0.256667
952 44.232667 0.505000 0.052000 0.383333
440 44.280333 0.505000 0.059333 0.350000
354 44.357000 0.506667 0.110000 0.293333
915 44.436667 0.500000 0.069333 0.566667
674 44.518000 0.490000 0.110667 0.380000
934 44.582333 0.490000 0.038000 0.306667
400 44.622333 0.503333 0.059333 0.540000
608 44.697000 0.495000 0.110000 0.370000
599 44.811667 0.501667 0.135333 0.410000
793 44.914000 0.491667 0.085333 0.350000
201 45.008667 0.496667 0.124000 0.506667
866 45.138000 0.490000 0.154667 0.433333
892 45.284667 0.503333 0.154667 0.773333
264 45.410333 0.488333 0.114000 0.436667
276 45.491333 0.491667 0.065333 0.416667
597 45.570667 0.508333 0.106667 0.323333
428 45.666000 0.496667 0.098667 0.660000
353 45.774000 0.500000 0.137333 0.406667
215 45.885667 0.500000 0.099333 0.473333
766 45.981667 0.496667 0.108667 0.320000
457 46.066000 0.501667 0.074667 0.376667
130 46.198333 0.510000 0.207333 0.426667
0 46.311667 0.506667 0.036667 0.293333
196 46.378333 0.490000 0.115333 0.573333
253 46.455333 0.501667 0.054667 0.470000
397 46.511667 0.491667 0.076667 0.316667
673 46.596333 0.490000 0.107333 0.366667
205 46.692000 0.495000 0.098667 0.410000
581 46.772333 0.505000 0.075333 0.363333
654 46.913667 0.488333 0.222000 1.110000
89 47.109333 0.493333 0.185333 0.926667
601 47.260000 0.491667 0.133333 0.403333
924 47.336667 0.493333 0.036000 0.286667
602 47.395667 0.491667 0.099333 0.296667
314 47.505333 0.510000 0.136000 0.506667
699 47.620000 0.506667 0.113333 0.313333
714 47.756667 0.506667 0.180000 0.900000
191 47.883000 0.488333 0.090000 0.456667
645 47.962000 0.500000 0.082667 0.360000
851 48.047000 0.493333 0.107333 0.446667
747 48.143667 0.496667 0.100667 0.406667
151 48.216000 0.510000 0.062667 0.313333
479 48.272667 0.493333 0.070667 0.366667
797 48.353667 0.501667 0.110000 0.443333
630 48.503333 0.506667 0.202667 1.013333
739 48.625667 0.495000 0.055333 0.490000
681 48.668000 0.501667 0.042667 0.370000
590 48.732000 0.493333 0.105333 0.426667
110 48.829333 0.506667 0.106667 0.373333
333 48.950000 0.488333 0.150667 0.363333
318 49.064667 0.496667 0.093333 0.386667
366 49.171000 0.510000 0.132667 0.400000
180 49.274000 0.488333 0.090667 0.336667
437 49.359667 0.496667 0.100667 0.493333
443 49.436667 0.505000 0.070667 0.403333
148 49.565333 0.493333 0.202667 1.013333
55 49.713000 0.510000 0.112667 0.273333
573 49.814000 0.496667 0.104000 0.426667
749 49.898667 0.501667 0.085333 0.370000
57 49.955667 0.503333 0.048667 0.253333
134 50.017000 0.500000 0.092667 0.286667
390 50.131333 0.508333 0.152000 0.436667
160 50.235667 0.495000 0.074000 0.416667
576 50.305667 0.501667 0.083333 0.330000
917 50.359667 0.500000 0.038000 0.266667
870 50.402000 0.506667 0.061333 0.320000
768 50.464000 0.496667 0.080000 0.200000
1020 50.516667 0.508333 0.045333 0.356667
87 50.610000 0.500000 0.160000 0.346667
48 50.841333 0.510000 0.317333 0.633333
101 51.099333 0.503333 0.212000 1.060000
296 51.247667 0.506667 0.102000 0.380000
254 51.365667 0.488333 0.147333 0.563333
147 51.474333 0.503333 0.090000 0.380000
880 51.576333 0.493333 0.131333 0.420000
941 51.654333 0.491667 0.043333 0.323333
717 51.773333 0.506667 0.210667 1.053333
960 51.886667 0.496667 0.029333 0.246667
596 51.957333 0.500000 0.125333 0.373333
520 52.065333 0.498333 0.104000 0.350000
893 52.215667 0.501667 0.212667 1.063333
643 52.362000 0.495000 0.093333 0.356667
947 52.418000 0.500000 0.037333 0.293333
605 52.494667 0.496667 0.136000 0.353333
73 52.624667 0.508333 0.138667 0.423333
940 52.710667 0.495000 0.046667 0.376667
171 52.775667 0.501667 0.100667 0.356667
647 52.855000 0.508333 0.076667 0.383333
626 52.959000 0.490000 0.146000 0.486667
312 53.075000 0.493333 0.103333 0.386667
989 53.138667 0.493333 0.038667 0.286667
879 53.217000 0.506667 0.132667 0.386667
931 53.297333 0.493333 0.045333 0.340000
432 53.386667 0.496667 0.146667 0.313333
729 53.465000 0.490000 0.030000 0.393333
360 53.537333 0.500000 0.129333 0.346667
547 53.634667 0.490000 0.080000 0.453333
761 53.730000 0.506667 0.124000 0.360000
185 53.887000 0.498333 0.204667 1.023333
908 54.022667 0.500000 0.080000 0.293333
461 54.096667 0.496667 0.081333 0.413333
987 54.146333 0.510000 0.038000 0.273333
382 54.213000 0.490000 0.114000 0.346667
587 54.342333 0.503333 0.159333 0.473333
772 54.500000 0.496667 0.169333 0.846667
740 54.634333 0.495000 0.116667 0.270000
77 54.749000 0.491667 0.126000 0.316667
14 54.853000 0.498333 0.102000 0.330000
291 54.965667 0.498333 0.138000 0.536667
417 55.070667 0.506667 0.089333 0.426667
370 55.178000 0.500000 0.144000 0.440000
620 55.341000 0.501667 0.198000 0.990000
47 55.485667 0.490000 0.107333 0.526667
853 55.582000 0.491667 0.098667 0.396667
529 55.669667 0.488333 0.095333 0.363333
521 55.773000 0.505000 0.128667 0.376667
115 55.859000 0.508333 0.059333 0.303333
572 55.926000 0.505000 0.089333 0.350000
733 55.996000 0.501667 0.065333 0.390000
350 56.076333 0.500000 0.114000 0.320000
49 56.215000 0.501667 0.176667 0.883333
68 56.362333 0.508333 0.138000 0.396667
221 56.464333 0.491667 0.080667 0.403333
385 56.566000 0.493333 0.137333 0.393333
165 56.674000 0.505000 0.097333 0.376667
53 56.773667 0.491667 0.115333 0.383333
887 56.903000 0.493333 0.159333 0.486667
614 57.052667 0.493333 0.158667 0.793333
295 57.182000 0.490000 0.120000 0.513333
504 57.292000 0.500000 0.120000 0.346667
946 57.365667 0.490000 0.042000 0.326667
628 57.479667 0.491667 0.204667 1.023333
488 57.617000 0.503333 0.088667 0.453333
881 57.726000 0.506667 0.146667 0.493333
528 57.849333 0.496667 0.113333 0.366667
36 57.957667 0.508333 0.123333 0.403333
50 58.090667 0.506667 0.156000 0.520000
17 58.205000 0.508333 0.087333 0.283333
380 58.305333 0.503333 0.132000 0.413333
103 58.457333 0.493333 0.190667 0.406667
487 58.576000 0.505000 0.064000 0.330000
474 58.631000 0.495000 0.062000 0.316667
337 58.782000 0.490000 0.253333 0.746667
832 58.956667 0.503333 0.116000 0.460000
835 59.056000 0.505000 0.097333 0.423333
574 59.131667 0.500000 0.072667 0.293333
347 59.226000 0.496667 0.136000 0.406667
839 59.338000 0.491667 0.106667 0.503333
223 59.437000 0.496667 0.110000 0.466667
321 59.541333 0.501667 0.118667 0.483333
226 59.651333 0.490000 0.116000 0.466667
613 59.784000 0.501667 0.165333 0.476667
787 59.892333 0.510000 0.071333 0.440000
158 60.024333 0.491667 0.212667 1.063333
844 60.182667 0.491667 0.121333 0.543333
376 60.310333 0.508333 0.148667 0.436667
239 60.430000 0.503333 0.108000 0.666667
379 60.552333 0.495000 0.154000 0.483333
152 60.666667 0.491667 0.093333 0.423333
19 60.759333 0.503333 0.110667 0.406667
338 60.874667 0.501667 0.136000 0.703333
69 60.975667 0.491667 0.086000 0.430000
499 61.039333 0.508333 0.056000 0.343333
742 61.144000 0.503333 0.166667 0.833333
188 61.263333 0.500000 0.090667 0.446667
122 61.347667 0.498333 0.095333 0.343333
491 61.440667 0.495000 0.105333 0.516667
956 61.507333 0.505000 0.042667 0.316667
407 61.573000 0.510000 0.102000 0.393333
841 61.667333 0.505000 0.106667 0.503333
501 61.751667 0.503333 0.080667 0.360000
285 61.844333 0.493333 0.119333 0.386667
1008 61.917667 0.508333 0.043333 0.350000
592 61.992667 0.500000 0.120000 0.346667
611 62.092000 0.508333 0.092000 0.390000
834 62.186000 0.505000 0.109333 0.490000
273 62.258333 0.506667 0.051333 0.340000
66 62.325000 0.493333 0.096667 0.686667
1021 62.387333 0.493333 0.041333 0.340000
808 62.456333 0.496667 0.114000 0.500000
819 62.573000 0.495000 0.134000 0.390000
736 62.663000 0.505000 0.060667 0.410000
1017 62.704333 0.510000 0.038000 0.280000
460 62.751667 0.495000 0.075333 0.396667
431 62.831333 0.495000 0.100000 0.323333
307 62.912000 0.488333 0.077333 0.430000
80 62.983000 0.505000 0.083333 0.430000
536 63.129333 0.496667 0.222667 1.113333
813 63.296667 0.488333 0.128000 0.303333
972 63.370333 0.503333 0.036667 0.273333
222 63.433000 0.506667 0.103333 0.526667
1003 63.502333 0.501667 0.048667 0.370000
91 63.628667 0.493333 0.218667 1.093333
752 63.759333 0.490000 0.058667 0.160000
810 63.829000 0.506667 0.099333 0.406667
838 63.929000 0.498333 0.119333 0.490000
1012 64.008000 0.496667 0.052000 0.380000
45 64.059667 0.488333 0.066000 0.330000
71 64.124000 0.503333 0.076000 0.413333
577 64.209667 0.500000 0.115333 0.453333
968 64.282333 0.493333 0.044667 0.333333
664 64.353000 0.500000 0.114000 0.373333
503 64.469000 0.495000 0.138000 0.356667
703 64.591333 0.495000 0.121333 0.416667
807 64.731000 0.503333 0.171333 0.413333
96 64.899333 0.503333 0.184000 0.920000
928 65.003667 0.488333 0.043333 0.323333
518 65.064000 0.505000 0.094667 0.296667
959 65.120333 0.500000 0.038000 0.306667
1007 65.148333 0.501667 0.036667 0.303333
465 65.194000 0.498333 0.072000 0.363333
449 65.261000 0.491667 0.075333 0.390000
623 65.366333 0.490000 0.150000 0.486667
593 65.502333 0.503333 0.142000 0.406667
422 65.611000 0.505000 0.088667 0.323333
8 65.689333 0.510000 0.084000 0.306667
323 65.817333 0.508333 0.188000 0.416667
786 65.934667 0.508333 0.065333 0.403333
182 66.053333 0.506667 0.186667 0.933333
876 66.230667 0.496667 0.181333 0.460000
721 66.420667 0.493333 0.218667 1.093333
415 66.608667 0.500000 0.177333 0.886667
1009 66.715333 0.500000 0.049333 0.353333
671 66.795000 0.490000 0.127333 0.486667
589 66.898000 0.490000 0.098667 0.420000
247 66.982000 0.503333 0.082667 0.406667
197 67.065667 0.508333 0.100667 0.510000
966 67.130333 0.496667 0.048667 0.353333
56 67.180333 0.488333 0.066000 0.090000
361 67.287667 0.501667 0.163333 0.816667
81 67.412667 0.510000 0.104000 0.413333
847 67.528000 0.505000 0.142667 0.430000
744 67.701333 0.510000 0.221333 1.106667
229 67.854000 0.500000 0.104000 0.500000
998 67.918333 0.503333 0.040667 0.313333
1013 67.957333 0.505000 0.050667 0.376667
871 68.001333 0.490000 0.056000 0.260000
363 68.095000 0.498333 0.144667 0.396667
88 68.241667 0.495000 0.164667 0.823333
795 68.344667 0.493333 0.058667 0.360000
981 68.380667 0.503333 0.033333 0.266667
133 68.449333 0.490000 0.120000 0.440000
701 68.606667 0.493333 0.210667 1.053333
895 68.761333 0.491667 0.117333 0.370000
953 68.830000 0.491667 0.034667 0.283333
498 68.863000 0.498333 0.047333 0.290000
275 68.909333 0.500000 0.060000 0.366667
263 69.016333 0.508333 0.172667 0.863333
820 69.143333 0.496667 0.094667 0.400000
268 69.267000 0.495000 0.167333 0.836667
1002 69.363667 0.488333 0.042000 0.343333
789 69.405000 0.503333 0.060667 0.366667
327 69.488333 0.503333 0.124667 0.380000
525 69.614000 0.510000 0.140000 0.466667
270 69.790667 0.506667 0.228000 1.140000
785 69.933667 0.505000 0.078000 0.330000
1000 69.984000 0.493333 0.038667 0.326667
765 70.033667 0.500000 0.074000 0.386667
770 70.157000 0.505000 0.187333 0.936667
624 70.313667 0.503333 0.142000 0.480000
186 70.426667 0.498333 0.100000 0.410000
260 70.558000 0.493333 0.181333 0.906667
995 70.658667 0.490000 0.040000 0.300000
170 70.723000 0.496667 0.106000 0.400000
683 70.834000 0.503333 0.132000 0.393333
423 70.965667 0.510000 0.147333 0.480000
351 71.090667 0.503333 0.121333 0.346667
843 71.195000 0.503333 0.106000 0.486667
480 71.275000 0.508333 0.068667 0.370000
146 71.345000 0.508333 0.091333 0.396667
394 71.458667 0.505000 0.150667 0.416667
304 71.560667 0.495000 0.068000 0.383333
40 71.642667 0.488333 0.113333 0.376667
478 71.732000 0.505000 0.078667 0.403333
113 71.809000 0.508333 0.091333 0.423333
493 71.876333 0.498333 0.062000 0.316667
396 71.977667 0.508333 0.159333 0.436667
458 72.085333 0.500000 0.070667 0.366667
849 72.155333 0.510000 0.089333 0.366667
906 72.252000 0.490000 0.120000 0.333333
93 72.399333 0.498333 0.193333 0.403333
780 72.553000 0.500000 0.130000 0.393333
1011 72.624000 0.503333 0.029333 0.246667
286 72.673333 0.491667 0.084000 0.310000
815 72.764333 0.488333 0.112667 0.383333
129 72.870000 0.491667 0.114667 0.436667
163 72.970000 0.498333 0.104000 0.383333
732 73.056667 0.488333 0.084000 0.403333
471 73.126000 0.490000 0.073333 0.373333
208 73.205667 0.501667 0.104667 0.443333
607 73.320000 0.493333 0.141333 0.433333
560 73.488000 0.496667 0.210667 1.053333
468 73.613000 0.493333 0.055333 0.300000
586 73.728333 0.488333 0.191333 0.956667
154 73.851667 0.503333 0.070000 0.340000
545 73.921000 0.501667 0.082000 0.296667
340 74.015667 0.498333 0.123333 0.350000
98 74.158000 0.496667 0.176000 0.373333
1006 74.259000 0.510000 0.040667 0.326667
558 74.306000 0.510000 0.073333 0.360000
709 74.379667 0.491667 0.091333 0.403333
64 74.443000 0.495000 0.054000 0.296667
453 74.499667 0.510000 0.076667 0.406667
678 74.599333 0.498333 0.136000 0.476667
967 74.679333 0.501667 0.044000 0.323333
584 74.803000 0.508333 0.220667 1.103333
706 74.935667 0.490000 0.060667 0.320000
743 74.998000 0.496667 0.077333 0.333333
994 75.050667 0.500000 0.046667 0.360000
26 75.123333 0.510000 0.112000 0.380000
930 75.191000 0.506667 0.040667 0.326667
187 75.257333 0.505000 0.108000 0.430000
603 75.379667 0.510000 0.151333 0.300000
764 75.486333 0.488333 0.076667 0.390000
489 75.557000 0.503333 0.079333 0.406667
381 75.646667 0.495000 0.113333 0.303333
588 75.741667 0.495000 0.094000 0.403333
282 75.836667 0.488333 0.113333 0.390000
697 75.919000 0.488333 0.064667 0.323333
990 75.963333 0.495000 0.041333 0.330000
119 76.023667 0.488333 0.094000 0.556667
193 76.118333 0.496667 0.112667 0.546667
298 76.209667 0.498333 0.086000 0.436667
872 76.301333 0.510000 0.110667 0.313333
117 76.413333 0.495000 0.130667 0.390000
118 76.511000 0.495000 0.083333 0.316667
719 76.643333 0.498333 0.200000 0.550000
483 76.772667 0.493333 0.077333 0.413333
725 76.858000 0.490000 0.106667 0.453333
401 76.945667 0.490000 0.083333 0.460000
335 77.036000 0.491667 0.117333 0.390000
753 77.157667 0.501667 0.146000 0.476667
513 77.281667 0.488333 0.119333 0.396667
249 77.363000 0.493333 0.060667 0.480000
825 77.434000 0.490000 0.100000 0.480000
865 77.518667 0.510000 0.084000 0.313333
316 77.616000 0.501667 0.128000 0.436667
369 77.739000 0.498333 0.138000 0.376667
527 77.857000 0.495000 0.116667 0.336667
745 77.948667 0.495000 0.085333 0.316667
424 78.061667 0.500000 0.160667 0.513333
670 78.187000 0.495000 0.110000 0.383333
637 78.267333 0.488333 0.069333 0.356667
863 78.351333 0.495000 0.112000 0.536667
214 78.450000 0.505000 0.105333 0.436667
897 78.547333 0.501667 0.106667 0.323333
784 78.626667 0.491667 0.066667 0.516667
13 78.704667 0.503333 0.108000 0.346667
846 78.802000 0.490000 0.102667 0.506667
336 78.891000 0.505000 0.095333 0.450000
811 78.997333 0.501667 0.137333 0.323333
926 79.075667 0.496667 0.035333 0.286667
702 79.194667 0.493333 0.221333 1.106667
92 79.396333 0.501667 0.195333 0.976667
606 79.536333 0.490000 0.102000 0.320000
828 79.630000 0.500000 0.101333 0.433333
553 79.725667 0.501667 0.104667 0.370000
414 79.813000 0.490000 0.088667 0.446667
169 79.913667 0.493333 0.127333 0.440000
377 80.037667 0.493333 0.139333 0.400000
957 80.120333 0.488333 0.042000 0.316667
961 80.151333 0.505000 0.033333 0.263333
894 80.214667 0.501667 0.113333 0.350000
383 80.337333 0.490000 0.149333 0.406667
411 80.501667 0.488333 0.192667 0.963333
228 80.637667 0.490000 0.095333 0.480000
209 80.768000 0.496667 0.180000 0.900000
888 80.909333 0.495000 0.118667 0.376667
567 81.019000 0.508333 0.115333 0.476667
712 81.160667 0.491667 0.188000 0.550000
256 81.292333 0.495000 0.095333 0.316667
689 81.379333 0.510000 0.096000 0.473333
15 81.464667 0.490000 0.094667 0.353333
935 81.518667 0.491667 0.032000 0.250000
218 81.572000 0.490000 0.093333 0.466667
54 81.648333 0.510000 0.075333 0.433333
74 81.747000 0.503333 0.139333 0.426667
410 81.850333 0.510000 0.086000 0.353333
621 81.910000 0.496667 0.050667 0.513333
212 81.970333 0.508333 0.083333 0.356667
279 82.047667 0.493333 0.086000 0.486667
475 82.113000 0.493333 0.062000 0.366667
190 82.195333 0.501667 0.116000 0.530000
445 82.280000 0.488333 0.070667 0.423333
128 82.392333 0.508333 0.167333 0.516667
515 82.528000 0.506667 0.118667 0.373333
497 82.661333 0.501667 0.162667 0.416667
231 82.776333 0.495000 0.087333 0.443333
345 82.885000 0.488333 0.148667 0.423333
653 83.018333 0.508333 0.131333 0.423333
984 83.095333 0.503333 0.041333 0.340000
7 83.159333 0.490000 0.105333 0.386667
206 83.244000 0.491667 0.084000 0.390000
319 83.329333 0.498333 0.105333 0.376667
511 83.425667 0.500000 0.107333 0.333333
438 83.555667 0.500000 0.168667 0.513333
827 83.688667 0.490000 0.113333 0.566667
557 83.783333 0.488333 0.089333 0.623333
779 83.839333 0.506667 0.042667 0.406667
873 83.886333 0.500000 0.071333 0.340000
466 83.949667 0.490000 0.068667 0.353333
554 84.056667 0.495000 0.158667 0.436667
650 84.212333 0.488333 0.172667 0.556667
878 84.346000 0.488333 0.109333 0.563333
251 84.429000 0.501667 0.074000 0.423333
823 84.499333 0.488333 0.084000 0.436667
436 84.590000 0.510000 0.113333 0.300000
950 84.658000 0.490000 0.042667 0.320000
757 84.731000 0.510000 0.123333 0.400000
427 84.880000 0.490000 0.190667 0.953333
325 85.045333 0.503333 0.153333 0.673333
778 85.167000 0.496667 0.103333 0.680000
533 85.266667 0.493333 0.116000 0.393333
244 85.408333 0.508333 0.182000 0.483333
720 85.604333 0.508333 0.226000 1.130000
692 85.751000 0.488333 0.080667 0.396667
617 85.836667 0.506667 0.106667 0.460000
97 85.962000 0.496667 0.158667 0.793333
693 86.077667 0.493333 0.091333 0.453333
585 86.165667 0.496667 0.102000 0.300000
824 86.267000 0.500000 0.116667 0.486667
46 86.340000 0.496667 0.049333 0.433333
977 86.372000 0.506667 0.032000 0.260000
300 86.418667 0.498333 0.076000 0.250000
278 86.515333 0.505000 0.136000 0.416667
283 86.630000 0.496667 0.110667 0.380000
812 86.738000 0.500000 0.121333 0.386667
845 86.835667 0.503333 0.088667 0.366667
646 86.917000 0.493333 0.087333 0.406667
23 87.025667 0.490000 0.150000 0.426667
773 87.161667 0.506667 0.139333 0.400000
531 87.310000 0.493333 0.170667 0.853333
28 87.440333 0.488333 0.110000 0.410000
666 87.548333 0.488333 0.122000 0.390000
10 87.650333 0.498333 0.100667 0.356667
60 87.727667 0.488333 0.070000 0.283333
387 87.813333 0.493333 0.116000 0.346667
662 87.917000 0.488333 0.108667 0.350000
861 87.992333 0.510000 0.056667 0.440000
420 88.058667 0.496667 0.089333 0.353333
801 88.150000 0.506667 0.106667 0.400000
962 88.217333 0.506667 0.044000 0.333333
991 88.252333 0.495000 0.039333 0.323333
464 88.299000 0.488333 0.068667 0.350000
718 88.422667 0.510000 0.196000 0.980000
652 88.573667 0.495000 0.126000 0.430000
541 88.718333 0.505000 0.179333 0.456667
339 88.845333 0.500000 0.090667 0.466667
145 88.920667 0.498333 0.074667 0.356667
635 88.992000 0.498333 0.086667 0.356667
679 89.071333 0.500000 0.092000 0.573333
923 89.128667 0.500000 0.040000 0.313333
737 89.167667 0.498333 0.055333 0.350000
821 89.225000 0.496667 0.078000 0.560000
24 89.321000 0.510000 0.132667 0.453333
638 89.424667 0.500000 0.092000 0.366667
492 89.502000 0.510000 0.081333 0.366667
544 89.590333 0.508333 0.110000 0.396667
769 89.703333 0.503333 0.132000 0.380000
551 89.818667 0.503333 0.113333 0.366667
882 89.930333 0.488333 0.128667 0.510000
252 90.052000 0.506667 0.128000 0.513333
4 90.148333 0.505000 0.082000 0.343333
868 90.213333 0.505000 0.065333 0.376667
94 90.341333 0.491667 0.204000 0.436667
403 90.538000 0.510000 0.204000 1.020000
730 90.694333 0.490000 0.124667 0.440000
65 90.799667 0.503333 0.102000 0.253333
896 90.913667 0.491667 0.142000 0.416667
292 91.031667 0.505000 0.108667 0.430000
794 91.106333 0.493333 0.060667 0.373333
2 91.172667 0.488333 0.088000 0.436667
58 91.234000 0.493333 0.053333 0.300000
598 91.325000 0.505000 0.146000 0.450000
473 91.428000 0.506667 0.073333 0.373333
469 91.490000 0.496667 0.065333 0.386667
142 91.564667 0.491667 0.097333 0.416667
980 91.624667 0.505000 0.040000 0.290000
677 91.690000 0.488333 0.109333 0.370000
467 91.774667 0.488333 0.074667 0.376667
455 91.837333 0.491667 0.066667 0.396667
162 91.928000 0.501667 0.132000 0.470000
516 92.034667 0.500000 0.100000 0.326667
767 92.132000 0.506667 0.109333 0.320000
1016 92.200667 0.491667 0.045333 0.350000
781 92.251667 0.495000 0.075333 0.390000
583 92.311333 0.506667 0.058667 0.353333
519 92.381000 0.508333 0.094000 0.296667
943 92.441667 0.508333 0.043333 0.356667
289 92.550667 0.500000 0.190667 0.386667
625 92.719000 0.496667 0.159333 0.540000
803 92.861333 0.498333 0.140000 0.410000
198 92.970333 0.510000 0.091333 0.433333
774 93.038333 0.503333 0.060667 0.313333
204 93.111667 0.493333 0.104667 0.420000
332 93.233333 0.510000 0.157333 0.786667
485 93.336000 0.506667 0.061333 0.353333
386 93.428000 0.500000 0.137333 0.406667
79 93.594000 0.501667 0.214667 0.470000
477 93.721000 0.500000 0.059333 0.326667
412 93.792000 0.506667 0.096000 0.480000
970 93.849667 0.508333 0.036667 0.270000
546 93.899000 0.488333 0.082000 0.303333
255 93.994333 0.491667 0.128667 0.490000
905 94.108333 0.495000 0.114000 0.376667
393 94.229000 0.493333 0.147333 0.426667
542 94.355667 0.496667 0.124667 0.433333
561 94.492333 0.501667 0.166000 0.343333
929 94.589000 0.490000 0.040667 0.333333
738 94.644667 0.495000 0.089333 0.430000
627 94.768667 0.501667 0.173333 0.583333
842 94.903333 0.503333 0.109333 0.486667
124 94.999333 0.493333 0.100000 0.360000
622 95.114000 0.493333 0.149333 0.513333
539 95.217667 0.501667 0.078000 0.343333
993 95.270000 0.501667 0.045333 0.336667
848 95.347000 0.510000 0.126000 0.380000
659 95.447333 0.503333 0.089333 0.360000
257 95.547000 0.505000 0.124667 0.370000
910 95.649000 0.503333 0.099333 0.340000
155 95.746333 0.491667 0.110000 0.543333
973 95.809667 0.503333 0.034000 0.260000
985 95.840000 0.501667 0.042667 0.330000
33 95.905333 0.510000 0.105333 0.393333
852 96.012333 0.508333 0.126000 0.516667
641 96.104667 0.488333 0.073333 0.356667
95 96.226000 0.495000 0.188000 0.403333
183 96.368667 0.510000 0.114667 0.480000
936 96.437333 0.495000 0.036000 0.290000
512 96.497667 0.490000 0.100667 0.346667
355 96.651000 0.491667 0.223333 1.116667
548 96.827000 0.508333 0.142000 0.450000
713 96.986000 0.510000 0.192000 0.960000
728 97.109333 0.505000 0.068000 0.603333
166 97.198667 0.493333 0.129333 0.466667
899 97.330333 0.501667 0.151333 0.436667
582 97.473333 0.508333 0.148000 0.610000
685 97.585667 0.508333 0.090000 0.356667
975 97.640333 0.505000 0.035333 0.270000
490 97.686333 0.501667 0.076667 0.403333
822 97.773000 0.510000 0.110000 0.386667
448 97.858333 0.490000 0.074000 0.413333
348 97.957667 0.503333 0.139333 0.380000
686 98.067333 0.493333 0.098667 0.486667
462 98.148667 0.500000 0.082667 0.426667
741 98.231000 0.500000 0.100667 0.353333
580 98.337667 0.510000 0.127333 0.326667
310 98.429000 0.508333 0.068667 0.383333
392 98.511333 0.496667 0.109333 0.300000
317 98.607333 0.510000 0.100000 0.386667
914 98.700667 0.491667 0.104000 0.310000
571 98.800333 0.506667 0.110000 0.446667
748 98.898667 0.490000 0.105333 0.360000
481 98.974333 0.488333 0.063333 0.336667
974 99.017333 0.496667 0.037333 0.286667
433 99.085000 0.505000 0.115333 0.263333
858 99.190333 0.503333 0.108667 0.326667
562 99.321333 0.510000 0.172000 0.353333
100 99.481667 0.505000 0.162000 0.343333
107 99.644667 0.506667 0.180000 0.900000
67 99.827000 0.508333 0.199333 0.996667
1022 99.934667 0.503333 0.036000 0.266667
535 100.037667 0.498333 0.184667 0.923333
886 100.209000 0.508333 0.171333 0.856667
510 100.341667 0.490000 0.111333 0.386667
684 100.443667 0.500000 0.106000 0.360000
211 100.541000 0.505000 0.104667 0.523333
83 100.629667 0.493333 0.092667 0.453333
804 100.732333 0.501667 0.127333 0.370000
125 100.828667 0.496667 0.082667 0.380000
890 100.913000 0.500000 0.104667 0.486667
1004 100.977667 0.495000 0.039333 0.296667
372 101.044667 0.503333 0.108000 0.333333
320 101.146333 0.500000 0.110000 0.320000
524 101.241667 0.490000 0.095333 0.300000
11 101.328333 0.500000 0.092667 0.320000
367 101.470667 0.490000 0.209333 1.046667
696 101.623000 0.491667 0.112667 0.256667
476 101.699333 0.498333 0.056000 0.323333
817 101.781667 0.500000 0.124667 0.460000
564 101.918000 0.508333 0.168000 0.343333
441 102.025667 0.506667 0.063333 0.333333
831 102.114667 0.488333 0.129333 0.530000
800 102.224333 0.493333 0.107333 0.413333
534 102.309000 0.491667 0.082000 0.350000
470 102.376333 0.501667 0.070000 0.410000
281 102.468667 0.500000 0.133333 0.453333
144 102.572667 0.503333 0.089333 0.400000
594 102.678000 0.490000 0.140000 0.433333
210 102.788667 0.508333 0.097333 0.410000
447 102.873333 0.506667 0.085333 0.440000
727 102.952000 0.501667 0.089333 0.410000
755 103.048667 0.498333 0.121333 0.363333
523 103.162333 0.503333 0.122000 0.400000
126 103.323333 0.510000 0.216000 1.080000
1015 103.443667 0.495000 0.038000 0.290000
