678 0.049000 0.498333 0.091333 0.303333
682 0.133667 0.491667 0.098000 0.396667
511 0.237667 0.501667 0.127333 0.403333
506 0.311333 0.510000 0.038667 0.406667
301 0.357333 0.508333 0.073333 0.410000
853 0.428333 0.498333 0.088667 0.423333
190 0.571000 0.505000 0.212667 1.063333
3 0.703000 0.491667 0.070000 0.310000
291 0.794667 0.491667 0.132000 0.510000
233 0.897000 0.493333 0.092667 0.446667
502 0.967333 0.510000 0.068000 0.326667
469 1.023000 0.500000 0.058000 0.346667
165 1.099667 0.506667 0.111333 0.400000
456 1.173333 0.505000 0.053333 0.303333
905 1.251000 0.495000 0.120667 0.403333
742 1.362333 0.501667 0.120667 0.483333
178 1.460667 0.500000 0.096000 0.360000
554 1.559000 0.500000 0.120667 0.326667
564 1.677000 0.510000 0.131333 0.286667
605 1.792667 0.510000 0.117333 0.306667
434 1.902667 0.510000 0.118667 0.400000
780 2.011667 0.505000 0.118000 0.336667
923 2.087667 0.490000 0.048667 0.353333
895 2.159333 0.490000 0.113333 0.353333
310 2.237000 0.506667 0.062000 0.353333
214 2.307667 0.501667 0.096667 0.416667
1007 2.371333 0.510000 0.048000 0.366667
527 2.456667 0.500000 0.142667 0.466667
523 2.568667 0.496667 0.094667 0.313333
943 2.626333 0.505000 0.038000 0.276667
441 2.667667 0.493333 0.062000 0.326667
467 2.725333 0.488333 0.070667 0.403333
212 2.792000 0.490000 0.082667 0.413333
52 2.887333 0.501667 0.125333 0.423333
846 2.982000 0.488333 0.080000 0.383333
338 3.071333 0.506667 0.117333 0.613333
594 3.188667 0.508333 0.133333 0.416667
979 3.261667 0.493333 0.032667 0.266667
68 3.325000 0.508333 0.111333 0.316667
18 3.417667 0.496667 0.087333 0.286667
647 3.488000 0.510000 0.068000 0.346667
848 3.578667 0.500000 0.129333 0.393333
954 3.657000 0.503333 0.040667 0.293333
406 3.721333 0.500000 0.102667 0.400000
107 3.848333 0.495000 0.164667 0.343333
754 4.002000 0.505000 0.157333 0.770000
364 4.169000 0.510000 0.190000 0.460000
12 4.310667 0.501667 0.112000 0.376667
757 4.427667 0.508333 0.135333 0.410000
762 4.527333 0.503333 0.078667 0.360000
393 4.622333 0.496667 0.128667 0.346667
21 4.730000 0.510000 0.105333 0.360000
663 4.834333 0.501667 0.120667 0.390000
700 4.957333 0.496667 0.144000 0.580000
397 5.068000 0.505000 0.097333 0.396667
1002 5.122667 0.488333 0.030667 0.256667
751 5.171000 0.496667 0.080667 0.353333
800 5.258667 0.493333 0.114667 0.446667
576 5.364333 0.500000 0.116667 0.460000
189 5.466667 0.506667 0.101333 0.513333
626 5.590667 0.503333 0.164000 0.820000
904 5.702333 0.506667 0.076667 0.360000
797 5.783000 0.498333 0.102000 0.383333
798 5.872667 0.495000 0.093333 0.363333
255 5.990333 0.508333 0.155333 0.596667
173 6.108000 0.505000 0.098667 0.443333
507 6.186000 0.488333 0.077333 0.396667
793 6.267000 0.495000 0.100667 0.403333
145 6.356667 0.490000 0.098667 0.426667
819 6.475000 0.508333 0.151333 0.343333
351 6.615000 0.510000 0.147333 0.413333
206 6.734333 0.501667 0.108667 0.443333
703 6.846333 0.495000 0.130000 0.490000
480 6.937333 0.510000 0.072000 0.373333
432 7.032000 0.495000 0.132000 0.283333
676 7.153333 0.491667 0.129333 0.430000
840 7.269667 0.491667 0.118000 0.496667
431 7.367333 0.488333 0.096000 0.330000
685 7.456333 0.495000 0.098000 0.396667
811 7.551333 0.503333 0.112000 0.320000
64 7.631667 0.506667 0.067333 0.366667
843 7.754000 0.490000 0.196000 0.980000
860 7.958333 0.508333 0.228667 1.143333
285 8.135333 0.490000 0.142667 0.506667
45 8.237333 0.506667 0.081333 0.406667
635 8.315667 0.506667 0.094000 0.413333
701 8.433000 0.488333 0.156667 0.783333
855 8.539000 0.491667 0.068667 0.176667
563 8.632000 0.501667 0.134667 0.276667
600 8.764667 0.496667 0.146667 0.440000
648 8.876000 0.503333 0.092000 0.406667
218 8.972000 0.505000 0.114667 0.556667
710 9.104000 0.506667 0.164000 0.446667
898 9.233667 0.500000 0.108667 0.306667
477 9.306333 0.488333 0.055333 0.310000
418 9.377000 0.488333 0.102000 0.490000
722 9.475667 0.508333 0.111333 0.323333
914 9.585667 0.488333 0.127333 0.383333
357 9.732000 0.506667 0.182667 0.913333
384 9.897000 0.508333 0.162000 0.810000
871 10.003333 0.498333 0.064000 0.330000
184 10.067667 0.506667 0.084667 0.360000
340 10.155000 0.493333 0.106000 0.306667
970 10.217333 0.495000 0.032000 0.256667
365 10.299000 0.500000 0.150000 0.466667
333 10.474000 0.506667 0.217333 1.086667
63 10.620667 0.503333 0.094667 0.340000
546 10.702667 0.498333 0.082667 0.296667
850 10.794000 0.501667 0.116000 0.543333
844 10.903000 0.496667 0.119333 0.500000
987 10.970000 0.503333 0.034667 0.266667
612 11.044333 0.500000 0.134000 0.360000
518 11.168667 0.506667 0.129333 0.446667
707 11.288000 0.495000 0.125333 0.510000
607 11.404333 0.505000 0.124667 0.390000
604 11.518667 0.495000 0.117333 0.350000
96 11.656333 0.493333 0.176667 0.380000
890 11.786667 0.500000 0.097333 0.393333
445 11.864000 0.488333 0.070667 0.363333
734 11.975667 0.503333 0.166000 0.426667
297 12.089000 0.493333 0.076667 0.400000
913 12.165333 0.488333 0.096000 0.296667
867 12.260000 0.490000 0.110667 0.366667
427 12.357000 0.505000 0.099333 0.476667
49 12.503667 0.495000 0.208667 1.043333
951 12.613000 0.503333 0.030000 0.246667
58 12.651667 0.488333 0.062000 0.330000
246 12.759333 0.495000 0.172000 0.610000
368 12.914000 0.493333 0.154667 0.773333
81 13.039000 0.496667 0.115333 0.460000
816 13.148667 0.496667 0.121333 0.300000
1004 13.217667 0.510000 0.036667 0.273333
587 13.282000 0.503333 0.108000 0.340000
1009 13.346667 0.503333 0.036000 0.300000
583 13.382333 0.500000 0.054000 0.306667
805 13.469000 0.501667 0.132667 0.383333
482 13.564000 0.493333 0.074667 0.433333
226 13.652000 0.505000 0.118667 0.490000
747 13.758000 0.488333 0.108000 0.470000
568 13.858333 0.493333 0.107333 0.533333
887 13.979333 0.488333 0.150667 0.463333
929 14.065000 0.496667 0.034000 0.273333
543 14.186333 0.498333 0.222000 1.110000
536 14.355333 0.508333 0.136000 0.536667
119 14.455667 0.500000 0.083333 0.506667
177 14.570667 0.500000 0.166667 0.833333
520 14.710333 0.508333 0.132667 0.416667
20 14.815000 0.506667 0.095333 0.333333
210 14.913000 0.505000 0.114000 0.503333
978 14.980333 0.493333 0.039333 0.306667
483 15.027000 0.491667 0.068667 0.383333
774 15.091000 0.493333 0.078000 0.420000
545 15.177333 0.501667 0.110667 0.450000
439 15.273667 0.496667 0.102000 0.420000
180 15.406333 0.498333 0.178000 0.890000
201 15.532667 0.491667 0.089333 0.370000
139 15.609333 0.496667 0.082667 0.453333
627 15.740333 0.505000 0.192667 0.963333
831 15.887333 0.508333 0.121333 0.523333
753 16.022667 0.506667 0.164000 0.566667
567 16.165333 0.503333 0.134667 0.560000
130 16.300333 0.506667 0.152667 0.320000
956 16.384000 0.510000 0.032000 0.253333
574 16.435667 0.490000 0.088667 0.353333
150 16.536667 0.510000 0.132000 0.553333
783 16.638333 0.503333 0.090000 0.500000
207 16.728000 0.500000 0.109333 0.440000
941 16.794000 0.498333 0.042667 0.336667
692 16.850000 0.495000 0.084000 0.410000
966 16.906000 0.510000 0.044000 0.320000
680 16.964667 0.488333 0.093333 0.336667
151 17.039333 0.493333 0.073333 0.366667
319 17.110000 0.495000 0.088000 0.330000
217 17.197333 0.506667 0.102667 0.440000
326 17.285667 0.500000 0.092667 0.420000
110 17.382667 0.501667 0.118667 0.443333
796 17.483333 0.493333 0.101333 0.386667
43 17.582667 0.506667 0.116000 0.460000
335 17.689333 0.510000 0.113333 0.360000
343 17.795000 0.503333 0.111333 0.300000
670 17.889333 0.493333 0.097333 0.360000
247 17.971667 0.505000 0.084667 0.336667
516 18.061667 0.506667 0.112667 0.380000
423 18.162667 0.501667 0.105333 0.390000
683 18.276667 0.498333 0.140000 0.443333
142 18.387667 0.510000 0.102000 0.486667
322 18.470667 0.491667 0.082667 0.116667
191 18.551667 0.506667 0.099333 0.500000
312 18.645333 0.488333 0.108000 0.390000
557 18.728333 0.501667 0.076667 0.490000
839 18.796333 0.498333 0.075333 0.390000
912 18.879667 0.488333 0.104667 0.423333
344 18.993000 0.510000 0.135333 0.373333
115 19.090000 0.505000 0.078667 0.383333
367 19.195667 0.496667 0.152667 0.420000
522 19.311333 0.496667 0.092000 0.313333
713 19.463333 0.506667 0.229333 1.146667
864 19.617667 0.496667 0.098000 0.393333
1019 19.681667 0.500000 0.048667 0.373333
481 19.737000 0.488333 0.080667 0.416667
31 19.840667 0.491667 0.140000 0.416667
54 19.932333 0.500000 0.060667 0.346667
67 20.039667 0.491667 0.167333 0.836667
622 20.193667 0.505000 0.160667 0.803333
551 20.335667 0.506667 0.142000 0.440000
585 20.494333 0.498333 0.191333 0.956667
1022 20.600000 0.503333 0.036000 0.280000
660 20.655000 0.491667 0.091333 0.336667
606 20.748000 0.510000 0.109333 0.326667
823 20.850333 0.508333 0.111333 0.510000
125 20.944667 0.505000 0.097333 0.410000
356 21.061333 0.498333 0.152000 0.430000
575 21.180000 0.501667 0.104000 0.336667
458 21.262667 0.503333 0.080000 0.413333
143 21.345000 0.488333 0.102000 0.436667
493 21.434667 0.488333 0.093333 0.430000
392 21.531000 0.500000 0.112667 0.326667
581 21.623667 0.496667 0.092667 0.406667
776 21.733333 0.500000 0.141333 0.360000
224 21.844667 0.500000 0.094667 0.400000
709 21.935333 0.510000 0.102667 0.440000
76 22.048333 0.496667 0.139333 0.426667
42 22.146333 0.488333 0.076667 0.436667
873 22.223000 0.490000 0.095333 0.460000
47 22.310000 0.508333 0.097333 0.463333
654 22.464000 0.510000 0.225333 1.126667
630 22.666000 0.498333 0.193333 0.643333
878 22.794000 0.495000 0.076000 0.390000
851 22.883333 0.493333 0.118667 0.493333
266 23.026667 0.503333 0.186667 0.933333
87 23.211000 0.488333 0.195333 0.423333
55 23.367000 0.500000 0.132667 0.313333
74 23.490333 0.500000 0.127333 0.393333
261 23.609667 0.488333 0.127333 0.623333
653 23.743000 0.501667 0.155333 0.510000
371 23.876667 0.491667 0.125333 0.336667
249 23.968667 0.495000 0.072000 0.476667
219 24.057000 0.505000 0.118000 0.603333
835 24.162000 0.496667 0.109333 0.426667
870 24.240667 0.508333 0.068000 0.356667
841 24.326333 0.496667 0.116667 0.480000
394 24.441333 0.508333 0.126667 0.336667
168 24.556000 0.510000 0.118667 0.426667
446 24.639000 0.508333 0.060667 0.363333
407 24.717333 0.510000 0.113333 0.426667
572 24.819333 0.510000 0.108000 0.440000
254 24.931333 0.493333 0.133333 0.513333
1017 25.004667 0.493333 0.030667 0.253333
892 25.114333 0.501667 0.206000 1.030000
211 25.255667 0.500000 0.095333 0.453333
662 25.348333 0.488333 0.103333 0.383333
278 25.464667 0.496667 0.144000 0.446667
181 25.603000 0.495000 0.150000 0.543333
359 25.754667 0.500000 0.173333 0.866667
859 25.883667 0.488333 0.102000 0.303333
916 26.025333 0.495000 0.197333 0.423333
896 26.180333 0.503333 0.127333 0.373333
988 26.254333 0.491667 0.038000 0.316667
444 26.305000 0.508333 0.082000 0.423333
464 26.368333 0.488333 0.060667 0.316667
400 26.418000 0.503333 0.053333 0.486667
33 26.489333 0.506667 0.106667 0.360000
307 26.568000 0.508333 0.070667 0.383333
669 26.646667 0.493333 0.102667 0.360000
366 26.752000 0.488333 0.126667 0.336667
547 26.834333 0.491667 0.058000 0.323333
933 26.877000 0.498333 0.040667 0.330000
19 26.945333 0.496667 0.109333 0.406667
305 27.019667 0.498333 0.055333 0.316667
721 27.127667 0.506667 0.179333 0.480000
345 27.293000 0.501667 0.170000 0.850000
558 27.412667 0.498333 0.085333 0.423333
588 27.498000 0.496667 0.102667 0.440000
229 27.596333 0.505000 0.114000 0.456667
925 27.667667 0.501667 0.042000 0.316667
733 27.724333 0.506667 0.090000 0.526667
885 27.796333 0.495000 0.074000 0.323333
675 27.878333 0.500000 0.106000 0.360000
455 27.955333 0.500000 0.062667 0.320000
376 28.040667 0.490000 0.128000 0.380000
361 28.150333 0.503333 0.110000 0.313333
97 28.285667 0.498333 0.178000 0.383333
618 28.405000 0.500000 0.075333 0.486667
950 28.452333 0.488333 0.038000 0.283333
166 28.526333 0.498333 0.124667 0.456667
286 28.635333 0.490000 0.106667 0.393333
346 28.758667 0.496667 0.154667 0.480000
965 28.844333 0.508333 0.036667 0.270000
765 28.896000 0.491667 0.082667 0.430000
27 28.988000 0.501667 0.118667 0.403333
388 29.104333 0.490000 0.134000 0.366667
538 29.264000 0.500000 0.202667 1.013333
611 29.410000 0.488333 0.104000 0.390000
300 29.491333 0.496667 0.076000 0.240000
37 29.574000 0.493333 0.108000 0.366667
147 29.661667 0.498333 0.083333 0.416667
983 29.718333 0.500000 0.046000 0.340000
684 29.779667 0.496667 0.094000 0.340000
679 29.854000 0.498333 0.068000 0.416667
275 29.910333 0.496667 0.064667 0.400000
837 29.982333 0.501667 0.096667 0.396667
1015 30.041667 0.490000 0.038000 0.293333
38 30.100667 0.498333 0.096000 0.343333
614 30.208667 0.490000 0.137333 0.393333
548 30.334667 0.488333 0.128000 0.483333
617 30.433000 0.493333 0.086000 0.346667
422 30.520667 0.491667 0.108000 0.403333
339 30.608000 0.498333 0.080000 0.403333
532 30.704000 0.501667 0.125333 0.643333
775 30.794667 0.491667 0.076000 0.350000
416 30.876000 0.500000 0.100000 0.486667
917 30.936000 0.505000 0.037333 0.276667
263 31.030333 0.496667 0.168667 0.573333
77 31.164333 0.493333 0.115333 0.286667
437 31.266333 0.510000 0.102000 0.506667
822 31.370667 0.495000 0.126667 0.456667
408 31.466333 0.501667 0.082000 0.310000
735 31.571667 0.495000 0.143333 0.590000
264 31.702667 0.491667 0.132000 0.510000
764 31.804333 0.506667 0.087333 0.406667
78 31.943000 0.498333 0.210000 0.476667
862 32.069333 0.488333 0.062667 0.330000
283 32.144333 0.493333 0.103333 0.353333
633 32.292000 0.503333 0.208000 1.040000
540 32.479667 0.493333 0.180667 0.693333
1008 32.576333 0.501667 0.031333 0.256667
35 32.638667 0.493333 0.108000 0.360000
193 32.733333 0.503333 0.097333 0.400000
948 32.797333 0.491667 0.044000 0.343333
767 32.878000 0.501667 0.134667 0.383333
260 33.033333 0.510000 0.189333 0.946667
402 33.189000 0.495000 0.135333 0.350000
691 33.286333 0.503333 0.076667 0.373333
903 33.399000 0.495000 0.162000 0.463333
129 33.528667 0.503333 0.116000 0.460000
2 33.614667 0.495000 0.073333 0.363333
182 33.736333 0.501667 0.186000 0.930000
132 33.857667 0.490000 0.075333 0.326667
405 33.934333 0.501667 0.094000 0.356667
183 34.011667 0.496667 0.080667 0.386667
347 34.119000 0.488333 0.152667 0.443333
155 34.243667 0.493333 0.112667 0.560000
652 34.371667 0.498333 0.163333 0.543333
908 34.490333 0.488333 0.087333 0.323333
808 34.568667 0.495000 0.085333 0.383333
992 34.625667 0.500000 0.043333 0.320000
961 34.655333 0.491667 0.036000 0.276667
609 34.704000 0.491667 0.074667 0.310000
806 34.847333 0.500000 0.229333 1.146667
259 35.006333 0.496667 0.102000 0.506667
209 35.130667 0.506667 0.165333 0.826667
937 35.222333 0.510000 0.032667 0.273333
468 35.268333 0.498333 0.079333 0.410000
637 35.333333 0.503333 0.070667 0.360000
1023 35.379000 0.495000 0.040667 0.296667
415 35.470000 0.508333 0.154667 0.543333
542 35.603333 0.500000 0.130667 0.460000
253 35.682333 0.506667 0.043333 0.386667
513 35.761333 0.496667 0.128000 0.433333
565 35.889667 0.505000 0.143333 0.290000
577 36.000333 0.498333 0.094000 0.363333
424 36.112333 0.503333 0.148667 0.473333
967 36.197667 0.508333 0.040667 0.330000
656 36.281667 0.503333 0.147333 0.366667
279 36.407000 0.501667 0.116667 0.656667
257 36.517667 0.510000 0.123333 0.366667
777 36.628333 0.506667 0.118000 0.506667
632 36.769000 0.496667 0.179333 0.586667
471 36.882667 0.496667 0.064000 0.366667
718 36.990667 0.505000 0.166667 0.476667
634 37.106667 0.496667 0.082667 0.346667
960 37.163667 0.488333 0.046000 0.356667
881 37.236667 0.488333 0.114667 0.383333
80 37.329000 0.508333 0.084667 0.410000
589 37.418333 0.496667 0.107333 0.426667
874 37.500667 0.493333 0.073333 0.360000
452 37.567667 0.496667 0.078000 0.413333
487 37.630333 0.488333 0.063333 0.376667
202 37.706333 0.496667 0.102000 0.393333
382 37.821667 0.498333 0.142000 0.436667
478 37.917000 0.496667 0.063333 0.333333
677 37.993000 0.501667 0.104667 0.350000
451 38.066667 0.491667 0.056000 0.336667
763 38.116333 0.493333 0.060667 0.406667
1018 38.153667 0.491667 0.034000 0.276667
341 38.204333 0.508333 0.083333 0.343333
1010 38.254667 0.503333 0.036000 0.260000
474 38.297000 0.495000 0.064667 0.330000
250 38.391667 0.503333 0.144667 0.693333
381 38.569333 0.490000 0.230667 1.153333
940 38.696667 0.501667 0.040000 0.316667
1016 38.727000 0.493333 0.034000 0.260000
636 38.785667 0.500000 0.100667 0.226667
410 38.875667 0.501667 0.099333 0.403333
699 38.992667 0.496667 0.148000 0.413333
803 39.122000 0.498333 0.126667 0.363333
472 39.211667 0.495000 0.067333 0.390000
963 39.254667 0.495000 0.037333 0.290000
879 39.327667 0.491667 0.128667 0.390000
773 39.456333 0.493333 0.148667 0.406667
687 39.565667 0.510000 0.087333 0.426667
89 39.716333 0.498333 0.231333 0.496667
649 39.868667 0.501667 0.089333 0.456667
858 39.967000 0.496667 0.120667 0.420000
535 40.099667 0.498333 0.163333 0.370000
154 40.220000 0.510000 0.093333 0.486667
579 40.339333 0.488333 0.162667 0.356667
186 40.463333 0.503333 0.104000 0.533333
354 40.619667 0.491667 0.227333 1.136667
719 40.818000 0.503333 0.185333 0.926667
401 40.946667 0.493333 0.085333 0.440000
158 41.048667 0.503333 0.137333 0.453333
815 41.174000 0.503333 0.126667 0.400000
270 41.323000 0.506667 0.186000 0.560000
11 41.453000 0.510000 0.087333 0.293333
539 41.526000 0.508333 0.078667 0.376667
200 41.648667 0.500000 0.186667 0.933333
976 41.756333 0.488333 0.043333 0.310000
561 41.842667 0.506667 0.145333 0.313333
4 41.948000 0.491667 0.081333 0.330000
34 42.025667 0.498333 0.094000 0.303333
643 42.108000 0.495000 0.085333 0.316667
602 42.195667 0.500000 0.106000 0.326667
116 42.305333 0.506667 0.133333 0.393333
974 42.383667 0.508333 0.039333 0.283333
465 42.428000 0.488333 0.064000 0.356667
807 42.559667 0.503333 0.216667 0.500000
420 42.699333 0.508333 0.078667 0.303333
842 42.780667 0.491667 0.100000 0.410000
412 42.859333 0.496667 0.072000 0.366667
238 42.954000 0.496667 0.130667 0.513333
8 43.068000 0.488333 0.112000 0.383333
296 43.168000 0.506667 0.101333 0.373333
118 43.257667 0.503333 0.098000 0.400000
745 43.353333 0.506667 0.112000 0.453333
659 43.447667 0.490000 0.091333 0.360000
596 43.548333 0.510000 0.127333 0.373333
768 43.644333 0.498333 0.078000 0.163333
470 43.701000 0.495000 0.055333 0.330000
396 43.793667 0.490000 0.150000 0.393333
665 43.919333 0.501667 0.116000 0.403333
497 44.035333 0.506667 0.130667 0.333333
779 44.110333 0.490000 0.032667 0.326667
324 44.185667 0.500000 0.136667 0.673333
85 44.303000 0.501667 0.111333 0.443333
28 44.393333 0.496667 0.085333 0.320000
972 44.446333 0.510000 0.040667 0.300000
644 44.490000 0.498333 0.064000 0.290000
969 44.530667 0.501667 0.034667 0.256667
7 44.604000 0.501667 0.130667 0.456667
350 44.722667 0.508333 0.120000 0.336667
413 44.835000 0.491667 0.122000 0.516667
10 44.946333 0.498333 0.115333 0.410000
743 45.048333 0.510000 0.106000 0.446667
755 45.149667 0.510000 0.112667 0.333333
349 45.302333 0.488333 0.206000 1.030000
1011 45.412333 0.490000 0.031333 0.253333
171 45.479667 0.505000 0.116667 0.423333
888 45.609333 0.498333 0.156000 0.483333
610 45.731333 0.503333 0.104000 0.320000
399 45.824667 0.496667 0.102667 0.346667
621 45.898000 0.500000 0.060000 0.640000
716 46.001667 0.488333 0.162000 0.810000
759 46.133667 0.493333 0.115333 0.326667
60 46.220333 0.490000 0.078000 0.320000
688 46.290667 0.501667 0.077333 0.383333
73 46.384333 0.505000 0.126000 0.410000
30 46.502667 0.500000 0.126667 0.373333
490 46.586000 0.510000 0.058667 0.306667
686 46.654000 0.491667 0.093333 0.450000
95 46.791000 0.500000 0.200667 0.426667
317 46.943000 0.503333 0.120667 0.440000
906 47.062667 0.506667 0.132000 0.400000
590 47.174000 0.503333 0.110667 0.413333
131 47.309000 0.488333 0.174000 0.870000
593 47.473333 0.493333 0.169333 0.846667
358 47.627667 0.488333 0.154000 0.403333
750 47.747667 0.508333 0.103333 0.383333
907 47.850667 0.505000 0.118667 0.403333
778 47.953667 0.495000 0.100667 0.663333
909 48.043667 0.500000 0.096667 0.473333
17 48.143667 0.503333 0.119333 0.413333
88 48.292333 0.495000 0.191333 0.410000
599 48.431667 0.503333 0.104667 0.326667
989 48.494333 0.500000 0.036667 0.286667
92 48.605667 0.505000 0.200667 1.003333
620 48.759000 0.510000 0.119333 0.520000
872 48.913000 0.498333 0.207333 1.036667
584 49.079333 0.510000 0.142667 0.440000
232 49.187000 0.505000 0.091333 0.370000
198 49.275000 0.493333 0.099333 0.406667
758 49.391667 0.496667 0.151333 0.453333
533 49.504000 0.496667 0.093333 0.320000
900 49.602333 0.490000 0.120667 0.353333
282 49.727000 0.510000 0.143333 0.493333
826 49.839333 0.508333 0.094667 0.476667
495 49.919667 0.496667 0.082000 0.360000
802 50.053000 0.498333 0.198000 0.483333
769 50.216667 0.503333 0.149333 0.420000
696 50.350333 0.505000 0.131333 0.303333
287 50.467667 0.505000 0.120667 0.450000
897 50.602000 0.510000 0.161333 0.460000
94 50.772000 0.490000 0.198667 0.993333
5 50.898667 0.506667 0.070667 0.320000
71 50.954667 0.493333 0.054667 0.280000
500 51.009000 0.508333 0.071333 0.316667
316 51.092000 0.505000 0.110667 0.396667
711 51.249333 0.510000 0.224000 1.120000
741 51.404000 0.490000 0.098667 0.340000
920 51.488667 0.506667 0.084000 0.306667
196 51.571667 0.490000 0.098000 0.406667
90 51.697333 0.488333 0.172000 0.363333
121 51.784000 0.505000 0.014667 0.283333
582 51.886000 0.500000 0.208000 1.040000
404 52.025667 0.505000 0.090000 0.450000
689 52.116667 0.491667 0.106667 0.516667
521 52.233333 0.488333 0.145333 0.376667
126 52.361333 0.506667 0.129333 0.453333
213 52.474667 0.500000 0.117333 0.593333
454 52.559000 0.490000 0.070000 0.386667
697 52.621667 0.490000 0.075333 0.380000
293 52.708667 0.488333 0.117333 0.456667
75 52.838667 0.510000 0.162667 0.500000
836 52.958667 0.493333 0.093333 0.426667
702 53.085667 0.493333 0.175333 0.553333
657 53.214333 0.500000 0.095333 0.380000
959 53.274000 0.493333 0.038667 0.300000
146 53.337000 0.488333 0.102000 0.530000
664 53.437000 0.498333 0.111333 0.423333
251 53.508333 0.495000 0.051333 0.296667
645 53.568333 0.498333 0.082000 0.376667
269 53.700667 0.490000 0.198667 0.993333
786 53.822000 0.496667 0.061333 0.380000
944 53.863333 0.503333 0.041333 0.320000
642 53.925667 0.488333 0.103333 0.396667
868 54.006333 0.506667 0.076667 0.440000
569 54.085667 0.491667 0.102000 0.403333
175 54.176333 0.500000 0.095333 0.346667
409 54.294000 0.500000 0.156000 0.780000
172 54.420000 0.496667 0.114667 0.426667
348 54.537000 0.505000 0.134000 0.403333
509 54.664333 0.500000 0.135333 0.433333
329 54.797667 0.488333 0.151333 0.523333
135 54.921333 0.493333 0.114667 0.380000
205 55.087333 0.500000 0.230667 1.153333
342 55.229667 0.496667 0.068667 0.313333
398 55.300000 0.503333 0.086667 0.460000
98 55.435000 0.493333 0.198000 0.426667
429 55.577333 0.500000 0.105333 0.353333
122 55.681667 0.488333 0.118000 0.430000
746 55.807667 0.501667 0.150000 0.436667
752 55.914333 0.491667 0.079333 0.210000
374 56.021333 0.510000 0.150667 0.433333
53 56.134000 0.493333 0.088000 0.300000
832 56.224333 0.510000 0.110000 0.446667
924 56.293000 0.496667 0.044667 0.360000
245 56.334333 0.495000 0.056667 0.316667
48 56.453667 0.498333 0.200667 1.003333
817 56.604667 0.505000 0.114667 0.290000
187 56.705333 0.488333 0.100000 0.416667
849 56.794667 0.493333 0.096000 0.453333
982 56.851667 0.510000 0.032667 0.253333
363 56.936000 0.508333 0.153333 0.456667
784 57.027667 0.505000 0.046000 0.403333
373 57.116000 0.493333 0.144000 0.386667
834 57.231000 0.491667 0.103333 0.503333
705 57.367667 0.495000 0.183333 0.916667
499 57.480333 0.510000 0.059333 0.360000
724 57.545667 0.490000 0.086000 0.446667
134 57.625667 0.495000 0.088667 0.303333
192 57.705333 0.501667 0.090667 0.430000
236 57.801333 0.488333 0.116000 0.470000
571 57.891333 0.503333 0.081333 0.333333
824 57.987667 0.508333 0.127333 0.523333
809 58.095000 0.488333 0.104667 0.530000
818 58.208000 0.491667 0.140000 0.323333
298 58.302667 0.500000 0.066667 0.333333
447 58.365000 0.493333 0.076667 0.393333
672 58.448333 0.495000 0.107333 0.383333
9 58.541000 0.493333 0.095333 0.386667
148 58.651667 0.501667 0.143333 0.410000
231 58.765333 0.500000 0.104000 0.500000
693 58.853333 0.495000 0.090667 0.443333
785 58.921333 0.495000 0.058667 0.250000
880 58.995333 0.490000 0.105333 0.340000
128 59.110333 0.506667 0.138000 0.453333
377 59.250667 0.491667 0.158667 0.450000
460 59.355000 0.498333 0.067333 0.336667
127 59.460333 0.505000 0.159333 0.796667
723 59.578000 0.493333 0.092000 0.313333
494 59.649333 0.495000 0.068000 0.363333
137 59.708000 0.510000 0.066667 0.326667
799 59.772333 0.501667 0.078000 0.310000
971 59.829333 0.495000 0.053333 0.383333
1 59.881000 0.493333 0.063333 0.333333
531 60.003000 0.505000 0.200667 0.490000
320 60.149667 0.496667 0.108667 0.326667
443 60.228667 0.493333 0.064000 0.333333
411 60.346333 0.491667 0.188667 0.943333
65 60.475333 0.493333 0.089333 0.226667
942 60.530333 0.495000 0.036667 0.283333
262 60.585333 0.501667 0.088000 0.443333
138 60.662667 0.488333 0.081333 0.436667
86 60.738667 0.508333 0.085333 0.356667
221 60.865000 0.491667 0.183333 0.916667
655 60.995667 0.491667 0.098000 0.443333
459 61.078667 0.495000 0.082667 0.423333
442 61.148667 0.498333 0.072000 0.370000
928 61.195333 0.493333 0.040000 0.300000
918 61.251333 0.500000 0.089333 0.340000
704 61.353000 0.506667 0.132667 0.486667
825 61.464667 0.491667 0.108000 0.483333
199 61.571667 0.508333 0.122000 0.516667
708 61.676667 0.498333 0.104000 0.430000
419 61.772000 0.495000 0.104000 0.503333
623 61.887333 0.498333 0.141333 0.463333
302 61.979000 0.498333 0.055333 0.316667
435 62.027667 0.488333 0.060667 0.303333
884 62.109000 0.490000 0.118000 0.413333
891 62.191000 0.500000 0.066000 0.280000
931 62.233000 0.505000 0.038000 0.303333
640 62.281000 0.496667 0.075333 0.373333
980 62.328000 0.505000 0.034667 0.283333
863 62.384333 0.500000 0.095333 0.453333
105 62.531667 0.498333 0.212667 0.463333
314 62.683000 0.503333 0.110000 0.393333
332 62.825000 0.498333 0.190000 0.950000
795 62.954000 0.503333 0.082667 0.500000
968 63.005333 0.490000 0.033333 0.266667
658 63.038333 0.508333 0.051333 0.296667
911 63.115000 0.493333 0.118000 0.420000
984 63.185000 0.510000 0.042000 0.320000
386 63.274333 0.490000 0.151333 0.426667
932 63.357333 0.506667 0.030667 0.253333
566 63.414333 0.491667 0.102000 0.410000
294 63.586667 0.508333 0.256000 0.403333
852 63.771333 0.508333 0.129333 0.530000
957 63.845333 0.503333 0.034667 0.266667
857 63.948000 0.491667 0.186667 0.396667
952 64.048667 0.500000 0.034667 0.260000
369 64.129667 0.498333 0.143333 0.443333
375 64.270667 0.496667 0.156000 0.440000
651 64.421000 0.496667 0.163333 0.533333
830 64.547000 0.501667 0.107333 0.463333
133 64.654333 0.506667 0.123333 0.440000
519 64.768667 0.503333 0.125333 0.433333
15 64.874333 0.488333 0.102000 0.336667
503 65.029333 0.496667 0.222667 1.113333
188 65.187667 0.510000 0.108667 0.553333
639 65.269333 0.490000 0.070667 0.346667
938 65.319667 0.505000 0.043333 0.323333
277 65.365000 0.503333 0.064667 0.313333
515 65.459333 0.508333 0.140000 0.436667
827 65.577333 0.495000 0.112000 0.503333
794 65.666667 0.495000 0.085333 0.510000
104 65.816667 0.488333 0.228000 0.496667
578 65.968333 0.505000 0.091333 0.356667
112 66.087000 0.510000 0.163333 0.540000
353 66.241000 0.500000 0.158000 0.473333
977 66.327667 0.491667 0.032667 0.256667
244 66.403000 0.500000 0.138000 0.373333
448 66.495333 0.488333 0.066667 0.376667
995 66.546000 0.503333 0.050667 0.373333
389 66.644000 0.500000 0.161333 0.806667
740 66.798333 0.506667 0.164667 0.380000
996 66.894333 0.488333 0.042000 0.303333
496 66.956333 0.510000 0.095333 0.366667
737 67.024667 0.510000 0.060000 0.386667
544 67.097000 0.506667 0.103333 0.366667
234 67.200000 0.501667 0.121333 0.556667
530 67.295000 0.508333 0.086000 0.403333
715 67.442000 0.490000 0.226667 1.133333
318 67.600000 0.491667 0.108000 0.516667
910 67.714333 0.491667 0.136667 0.476667
331 67.900000 0.488333 0.250667 0.596667
91 68.115333 0.503333 0.193333 0.413333
438 68.277667 0.506667 0.147333 0.446667
760 68.403000 0.510000 0.116667 0.360000
163 68.508333 0.503333 0.112667 0.393333
854 68.623000 0.501667 0.135333 0.456667
59 68.778333 0.508333 0.195333 0.976667
1013 68.886333 0.490000 0.035333 0.266667
440 68.928667 0.503333 0.065333 0.386667
99 69.065333 0.493333 0.225333 1.126667
829 69.216000 0.495000 0.094667 0.410000
370 69.350667 0.490000 0.189333 0.946667
927 69.456667 0.501667 0.036000 0.296667
311 69.511000 0.501667 0.088667 0.383333
624 69.630000 0.496667 0.169333 0.573333
728 69.728333 0.490000 0.047333 0.426667
111 69.781667 0.501667 0.074000 0.350000
580 69.889333 0.508333 0.157333 0.396667
529 70.007333 0.488333 0.092000 0.376667
738 70.083000 0.496667 0.072667 0.360000
592 70.177000 0.506667 0.131333 0.400000
315 70.295333 0.506667 0.121333 0.426667
84 70.406333 0.508333 0.115333 0.336667
1003 70.475333 0.490000 0.042667 0.333333
280 70.550000 0.496667 0.124000 0.446667
488 70.643000 0.500000 0.082000 0.393333
861 70.694333 0.498333 0.038000 0.296667
999 70.720000 0.496667 0.030667 0.253333
108 70.811667 0.495000 0.168667 0.843333
573 70.930333 0.490000 0.082000 0.333333
136 71.020333 0.496667 0.112667 0.500000
1006 71.095000 0.506667 0.051333 0.373333
457 71.152333 0.488333 0.076667 0.396667
1000 71.204667 0.491667 0.045333 0.330000
847 71.286000 0.508333 0.136000 0.410000
524 71.397667 0.510000 0.103333 0.326667
875 71.534667 0.506667 0.190667 0.953333
698 71.647333 0.491667 0.053333 0.276667
113 71.711000 0.488333 0.092667 0.476667
616 71.817000 0.510000 0.138000 0.340000
717 71.947333 0.493333 0.140000 0.366667
833 72.064333 0.495000 0.111333 0.463333
894 72.177000 0.498333 0.134000 0.363333
240 72.275333 0.496667 0.078667 0.413333
812 72.377333 0.495000 0.141333 0.336667
615 72.495333 0.506667 0.114667 0.500000
671 72.601333 0.488333 0.116000 0.383333
194 72.704333 0.495000 0.104667 0.530000
265 72.813000 0.500000 0.128667 0.493333
414 72.924000 0.493333 0.108000 0.553333
334 73.032667 0.491667 0.122667 0.410000
930 73.107333 0.501667 0.045333 0.343333
144 73.179333 0.503333 0.112000 0.473333
720 73.304000 0.510000 0.156000 0.780000
141 73.415667 0.506667 0.084667 0.393333
694 73.495000 0.495000 0.088667 0.430000
174 73.589333 0.506667 0.118667 0.433333
25 73.712333 0.510000 0.143333 0.500000
712 73.879667 0.508333 0.208667 1.043333
788 74.045333 0.490000 0.142667 0.400000
159 74.127000 0.501667 0.035333 0.270000
273 74.165333 0.503333 0.061333 0.380000
975 74.204333 0.491667 0.036667 0.290000
498 74.246667 0.501667 0.065333 0.410000
425 74.322000 0.503333 0.098667 0.580000
197 74.423000 0.496667 0.116667 0.566667
56 74.513333 0.503333 0.077333 0.106667
157 74.613000 0.501667 0.142000 0.570000
430 74.718667 0.510000 0.089333 0.380000
505 74.787000 0.496667 0.060667 0.253333
625 74.897000 0.498333 0.176667 0.883333
962 74.997667 0.508333 0.042000 0.303333
195 75.073333 0.493333 0.124000 0.500000
258 75.179000 0.501667 0.102000 0.343333
666 75.278000 0.493333 0.110667 0.386667
323 75.429333 0.505000 0.212000 0.410000
801 75.577333 0.506667 0.104000 0.413333
628 75.703667 0.498333 0.166000 0.830000
237 75.815667 0.506667 0.072667 0.473333
629 75.935333 0.491667 0.186667 0.630000
204 76.077667 0.506667 0.111333 0.560000
83 76.166000 0.488333 0.085333 0.423333
791 76.231667 0.505000 0.059333 0.363333
810 76.310667 0.505000 0.113333 0.516667
271 76.427000 0.498333 0.139333 0.423333
40 76.546667 0.510000 0.117333 0.420000
167 76.653000 0.506667 0.110000 0.386667
936 76.714667 0.490000 0.032000 0.266667
352 76.811333 0.500000 0.174667 0.873333
641 76.926667 0.508333 0.074667 0.350000
673 77.010000 0.496667 0.109333 0.386667
1001 77.080667 0.506667 0.048000 0.366667
290 77.167667 0.503333 0.143333 0.393333
303 77.264000 0.501667 0.066667 0.370000
103 77.375000 0.491667 0.174000 0.870000
953 77.471000 0.503333 0.036667 0.306667
391 77.590333 0.508333 0.218000 1.090000
595 77.751667 0.508333 0.122000 0.370000
162 77.863000 0.488333 0.119333 0.456667
955 77.930000 0.501667 0.034667 0.270000
362 78.010333 0.506667 0.146000 0.393333
994 78.097000 0.505000 0.042000 0.343333
124 78.163667 0.490000 0.107333 0.413333
934 78.226667 0.508333 0.036000 0.283333
153 78.279333 0.505000 0.086667 0.390000
736 78.346000 0.496667 0.064000 0.386667
586 78.425333 0.510000 0.112000 0.340000
883 78.552000 0.488333 0.161333 0.343333
714 78.707333 0.500000 0.162667 0.453333
877 78.817000 0.493333 0.072667 0.346667
466 78.879667 0.490000 0.067333 0.366667
222 78.957667 0.506667 0.107333 0.546667
117 79.068333 0.501667 0.134000 0.396667
306 79.165333 0.510000 0.080000 0.446667
804 79.276667 0.495000 0.162667 0.470000
997 79.366333 0.500000 0.035333 0.300000
161 79.445333 0.500000 0.136000 0.520000
601 79.562333 0.496667 0.114000 0.346667
749 79.655000 0.510000 0.086000 0.346667
230 79.779000 0.505000 0.175333 0.876667
403 79.946000 0.508333 0.178667 0.523333
295 80.086000 0.500000 0.121333 0.513333
485 80.170667 0.493333 0.064000 0.326667
29 80.256000 0.495000 0.120000 0.336667
39 80.362667 0.495000 0.112000 0.370000
26 80.461667 0.505000 0.100667 0.336667
781 80.532000 0.498333 0.060000 0.310000
372 80.618333 0.491667 0.128667 0.390000
473 80.707667 0.506667 0.064667 0.380000
0 80.756000 0.510000 0.050667 0.400000
327 80.831333 0.495000 0.120000 0.323333
395 80.949000 0.496667 0.135333 0.366667
235 81.051667 0.500000 0.083333 0.380000
1014 81.101333 0.488333 0.032000 0.256667
559 81.150000 0.496667 0.081333 0.400000
820 81.221667 0.500000 0.082000 0.333333
453 81.287333 0.510000 0.065333 0.340000
631 81.396000 0.506667 0.166667 0.833333
668 81.516667 0.503333 0.094667 0.306667
813 81.614333 0.508333 0.115333 0.303333
185 81.707667 0.510000 0.091333 0.366667
603 81.825000 0.491667 0.160667 0.803333
726 81.946667 0.508333 0.098667 0.523333
100 82.105667 0.500000 0.238000 0.513333
484 82.269667 0.506667 0.110000 0.400000
528 82.377667 0.490000 0.123333 0.393333
36 82.477333 0.501667 0.090667 0.316667
228 82.562333 0.495000 0.092667 0.463333
208 82.653000 0.488333 0.104667 0.430000
748 82.747000 0.498333 0.102000 0.383333
463 82.822333 0.510000 0.066000 0.393333
985 82.866000 0.493333 0.037333 0.273333
613 82.962667 0.506667 0.176000 0.513333
308 83.080333 0.490000 0.079333 0.446667
537 83.272667 0.491667 0.321333 0.556667
336 83.487333 0.508333 0.121333 0.583333
731 83.576333 0.506667 0.074000 0.386667
570 83.650667 0.488333 0.093333 0.390000
772 83.776333 0.496667 0.171333 0.473333
865 83.906000 0.508333 0.106667 0.376667
421 84.031000 0.500000 0.158000 0.500000
239 84.154333 0.495000 0.108667 0.663333
915 84.234000 0.498333 0.065333 0.536667
32 84.310667 0.506667 0.104000 0.346667
727 84.389000 0.510000 0.072667 0.340000
462 84.449667 0.488333 0.066000 0.390000
268 84.584333 0.498333 0.216667 1.083333
556 84.742667 0.501667 0.120000 0.503333
70 84.854667 0.500000 0.124000 0.433333
945 84.929333 0.508333 0.041333 0.343333
23 85.024000 0.510000 0.168000 0.480000
93 85.183667 0.495000 0.170000 0.356667
674 85.307667 0.495000 0.095333 0.343333
241 85.390667 0.506667 0.085333 0.480000
922 85.442333 0.506667 0.032667 0.246667
1005 85.468667 0.495000 0.037333 0.276667
50 85.545667 0.508333 0.135333 0.403333
541 85.698333 0.493333 0.183333 0.400000
790 85.812667 0.491667 0.064000 0.383333
169 85.887667 0.501667 0.100667 0.363333
706 85.965667 0.490000 0.071333 0.386667
385 86.046667 0.488333 0.106667 0.296667
216 86.152000 0.506667 0.124000 0.533333
695 86.306000 0.496667 0.197333 0.986667
276 86.424667 0.491667 0.060000 0.376667
946 86.472000 0.498333 0.048000 0.363333
828 86.533333 0.495000 0.092000 0.443333
964 86.588667 0.503333 0.038667 0.306667
281 86.656333 0.493333 0.112667 0.393333
856 86.775000 0.510000 0.140667 0.346667
744 86.915667 0.506667 0.154000 0.620000
227 87.038667 0.508333 0.109333 0.550000
534 87.129333 0.503333 0.085333 0.340000
6 87.218667 0.510000 0.110667 0.420000
321 87.318000 0.500000 0.106667 0.526667
461 87.395333 0.496667 0.064000 0.333333
902 87.472333 0.500000 0.108667 0.306667
51 87.577333 0.503333 0.117333 0.400000
426 87.665333 0.491667 0.072000 0.423333
479 87.726667 0.503333 0.069333 0.360000
102 87.863667 0.498333 0.220667 0.476667
732 88.008000 0.493333 0.088000 0.460000
893 88.122667 0.490000 0.156000 0.780000
114 88.239667 0.503333 0.098000 0.473333
1021 88.298333 0.496667 0.035333 0.260000
152 88.358333 0.501667 0.098000 0.490000
62 88.436333 0.500000 0.076667 0.353333
379 88.529000 0.496667 0.126000 0.360000
69 88.636667 0.490000 0.102667 0.540000
101 88.794667 0.506667 0.230667 1.153333
990 88.922333 0.491667 0.040667 0.336667
225 88.991333 0.488333 0.112000 0.510000
787 89.072000 0.505000 0.065333 0.396667
947 89.116000 0.495000 0.040000 0.323333
72 89.169000 0.508333 0.080667 0.383333
156 89.289333 0.496667 0.174667 0.473333
378 89.424667 0.506667 0.114667 0.306667
123 89.538333 0.495000 0.128667 0.750000
597 89.664000 0.500000 0.137333 0.413333
242 89.772000 0.506667 0.094667 0.366667
428 89.854667 0.498333 0.086667 0.576667
267 89.999000 0.491667 0.218000 1.090000
476 90.130667 0.508333 0.058667 0.303333
220 90.198333 0.503333 0.091333 0.440000
667 90.281000 0.506667 0.092667 0.333333
525 90.372000 0.498333 0.104000 0.343333
882 90.477000 0.493333 0.122000 0.480000
501 90.571667 0.503333 0.086000 0.393333
390 90.684667 0.503333 0.158667 0.453333
289 90.854000 0.498333 0.198667 0.390000
288 91.018000 0.490000 0.145333 0.546667
82 91.116667 0.495000 0.068000 0.476667
555 91.158667 0.500000 0.033333 0.340000
179 91.231000 0.498333 0.128667 0.496667
921 91.311667 0.490000 0.051333 0.306667
821 91.365000 0.491667 0.075333 0.536667
766 91.451667 0.508333 0.114000 0.330000
284 91.550667 0.500000 0.098667 0.353333
1012 91.609667 0.488333 0.032667 0.270000
646 91.665667 0.508333 0.095333 0.436667
325 91.791333 0.493333 0.174667 0.873333
926 91.888000 0.501667 0.037333 0.303333
140 91.958000 0.496667 0.121333 0.653333
981 92.026000 0.501667 0.032000 0.263333
203 92.086333 0.493333 0.106000 0.433333
79 92.260333 0.510000 0.256667 0.506667
417 92.421000 0.510000 0.083333 0.406667
939 92.472333 0.500000 0.036667 0.273333
44 92.544333 0.510000 0.123333 0.486667
508 92.624667 0.500000 0.056000 0.340000
215 92.702667 0.496667 0.117333 0.546667
223 92.802000 0.488333 0.094667 0.416667
512 92.888000 0.491667 0.094667 0.316667
450 92.956333 0.496667 0.062000 0.320000
14 93.020667 0.510000 0.086667 0.313333
66 93.097333 0.503333 0.084000 0.573333
252 93.192333 0.488333 0.119333 0.463333
770 93.305333 0.493333 0.122667 0.353333
730 93.439333 0.506667 0.162667 0.593333
170 93.567667 0.496667 0.111333 0.406667
792 93.660333 0.503333 0.087333 0.360000
650 93.771667 0.508333 0.148667 0.490000
491 93.898000 0.508333 0.120000 0.590000
886 94.037333 0.496667 0.176000 0.880000
160 94.153333 0.500000 0.073333 0.446667
1020 94.206000 0.501667 0.050667 0.376667
949 94.246333 0.495000 0.044667 0.356667
550 94.293667 0.508333 0.066000 0.330000
729 94.332667 0.505000 0.028000 0.296667
560 94.421333 0.496667 0.168000 0.500000
782 94.540000 0.510000 0.088000 0.406667
313 94.633667 0.503333 0.118000 0.426667
761 94.760667 0.506667 0.156000 0.466667
598 94.902333 0.490000 0.147333 0.460000
998 94.987000 0.495000 0.038000 0.270000
449 95.040667 0.506667 0.089333 0.453333
866 95.164333 0.505000 0.174000 0.490000
61 95.286667 0.496667 0.084000 0.413333
120 95.434667 0.491667 0.225333 0.503333
552 95.559667 0.496667 0.044667 0.286667
304 95.606000 0.508333 0.066667 0.370000
510 95.691667 0.495000 0.120667 0.376667
814 95.799000 0.505000 0.114000 0.296667
109 95.964000 0.493333 0.230667 1.153333
504 96.154333 0.503333 0.164667 0.486667
24 96.280333 0.506667 0.102000 0.346667
991 96.345333 0.490000 0.041333 0.326667
41 96.420667 0.503333 0.126667 0.353333
838 96.537667 0.503333 0.123333 0.506667
549 96.649667 0.495000 0.119333 0.403333
360 96.773333 0.493333 0.142667 0.413333
13 96.899333 0.498333 0.126667 0.436667
638 97.002333 0.495000 0.095333 0.376667
973 97.060000 0.510000 0.040000 0.306667
958 97.097000 0.510000 0.051333 0.366667
243 97.193667 0.501667 0.155333 0.543333
514 97.320000 0.495000 0.110667 0.356667
383 97.428000 0.496667 0.122667 0.360000
562 97.555333 0.495000 0.149333 0.303333
935 97.638667 0.500000 0.030667 0.246667
869 97.678667 0.495000 0.068000 0.423333
876 97.773667 0.505000 0.136667 0.383333
433 97.896000 0.498333 0.128000 0.270000
16 98.004667 0.506667 0.106667 0.393333
526 98.123667 0.506667 0.147333 0.393333
486 98.219333 0.491667 0.064000 0.376667
845 98.293000 0.488333 0.102000 0.456667
553 98.385000 0.491667 0.096667 0.330000
22 98.486000 0.496667 0.118667 0.400000
919 98.579000 0.498333 0.086000 0.410000
292 98.679000 0.506667 0.131333 0.520000
475 98.773333 0.506667 0.074667 0.386667
248 98.845667 0.500000 0.088667 0.453333
739 98.918667 0.503333 0.072000 0.600000
993 98.964333 0.496667 0.036667 0.280000
489 99.013667 0.493333 0.078000 0.466667
899 99.125000 0.488333 0.159333 0.483333
889 99.273667 0.508333 0.156667 0.783333
106 99.432667 0.496667 0.180000 0.380000
149 99.591000 0.495000 0.151333 0.396667
986 99.678667 0.505000 0.040000 0.290000
681 99.714333 0.503333 0.046000 0.406667
57 99.761000 0.501667 0.063333 0.343333
330 99.839000 0.493333 0.106000 0.406667
387 99.946333 0.505000 0.128667 0.363333
176 100.065333 0.493333 0.122667 0.453333
591 100.197000 0.491667 0.156667 0.450000
756 100.343000 0.503333 0.151333 0.440000
608 100.457333 0.493333 0.090667 0.320000
436 100.557333 0.500000 0.125333 0.360000
274 100.670667 0.505000 0.118667 0.583333
355 100.788000 0.488333 0.130667 0.350000
789 100.876667 0.491667 0.061333 0.376667
492 100.940667 0.508333 0.086667 0.463333
328 101.077667 0.496667 0.207333 0.520000
725 101.232333 0.505000 0.116667 0.496667
901 101.390667 0.500000 0.217333 1.086667
164 101.559333 0.506667 0.138667 0.493333
661 101.669000 0.506667 0.096667 0.326667
299 101.760000 0.496667 0.105333 0.413333
272 101.894000 0.493333 0.176000 0.880000
517 102.028333 0.508333 0.108667 0.370000
380 102.154000 0.501667 0.157333 0.496667
309 102.266333 0.488333 0.082000 0.463333
619 102.355333 0.490000 0.109333 0.546667
46 102.424333 0.500000 0.047333 0.440000
256 102.504333 0.498333 0.128667 0.443333
771 102.596667 0.508333 0.076000 0.396667
690 102.673000 0.501667 0.095333 0.463333
337 102.815333 0.496667 0.202667 1.013333
