52 0.062667 0.508333 0.118667 0.410000
339 0.156000 0.493333 0.082667 0.413333
839 0.239667 0.491667 0.099333 0.456667
454 0.318333 0.495000 0.072667 0.376667
989 0.366000 0.488333 0.036000 0.303333
272 0.473000 0.498333 0.194000 0.970000
868 0.596333 0.503333 0.072667 0.413333
382 0.736333 0.508333 0.227333 1.136667
70 0.950000 0.506667 0.220000 1.100000
489 1.087000 0.488333 0.068667 0.396667
601 1.184000 0.500000 0.138667 0.420000
53 1.302667 0.495000 0.117333 0.423333
342 1.392333 0.501667 0.075333 0.330000
440 1.462667 0.493333 0.085333 0.433333
488 1.527000 0.505000 0.059333 0.310000
439 1.612667 0.490000 0.125333 0.520000
776 1.728333 0.510000 0.123333 0.273333
432 1.846000 0.498333 0.128000 0.256667
390 1.979333 0.491667 0.156000 0.490000
69 2.103333 0.506667 0.109333 0.566667
22 2.224000 0.500000 0.145333 0.486667
287 2.329667 0.500000 0.084667 0.313333
108 2.471333 0.505000 0.213333 0.456667
1016 2.594667 0.506667 0.048000 0.366667
356 2.678000 0.488333 0.133333 0.423333
352 2.813333 0.496667 0.156000 0.413333
406 2.941667 0.495000 0.118000 0.456667
273 3.025667 0.510000 0.067333 0.386667
363 3.117000 0.505000 0.130000 0.396667
397 3.217667 0.496667 0.090000 0.373333
758 3.327000 0.500000 0.142000 0.433333
200 3.492667 0.510000 0.206667 1.033333
828 3.632333 0.496667 0.086000 0.360000
830 3.713000 0.488333 0.091333 0.423333
565 3.833667 0.498333 0.163333 0.350000
312 3.951000 0.508333 0.090000 0.330000
699 4.067333 0.491667 0.157333 0.436667
875 4.223000 0.508333 0.174000 0.436667
228 4.344000 0.503333 0.082667 0.373333
554 4.460333 0.508333 0.167333 0.836667
847 4.583667 0.493333 0.099333 0.313333
507 4.662333 0.505000 0.072667 0.370000
891 4.721667 0.508333 0.059333 0.276667
584 4.809000 0.500000 0.130000 0.366667
49 4.943000 0.491667 0.151333 0.756667
285 5.076000 0.506667 0.130667 0.446667
909 5.188333 0.506667 0.108667 0.473333
456 5.264000 0.510000 0.056000 0.300000
0 5.306667 0.491667 0.048000 0.370000
458 5.349333 0.498333 0.053333 0.303333
453 5.397000 0.508333 0.060667 0.363333
540 5.493333 0.495000 0.145333 0.523333
427 5.636667 0.496667 0.157333 0.786667
612 5.777333 0.488333 0.137333 0.350000
485 5.878000 0.506667 0.082667 0.426667
901 5.985333 0.496667 0.145333 0.393333
963 6.069000 0.500000 0.042000 0.333333
517 6.138667 0.501667 0.110667 0.343333
39 6.238000 0.495000 0.104000 0.403333
720 6.365667 0.488333 0.166000 0.830000
32 6.501000 0.510000 0.119333 0.393333
476 6.589667 0.510000 0.071333 0.373333
823 6.671333 0.501667 0.110667 0.510000
826 6.761000 0.506667 0.087333 0.420000
487 6.830000 0.501667 0.064000 0.323333
106 6.968333 0.488333 0.230000 1.150000
548 7.137667 0.498333 0.127333 0.403333
907 7.263333 0.506667 0.137333 0.480000
772 7.414333 0.501667 0.178000 0.890000
725 7.558333 0.503333 0.130000 0.553333
884 7.677000 0.508333 0.120667 0.430000
402 7.793000 0.488333 0.127333 0.343333
903 7.902333 0.501667 0.107333 0.310000
251 7.976667 0.500000 0.058667 0.333333
204 8.045333 0.501667 0.096000 0.416667
321 8.133667 0.501667 0.095333 0.470000
950 8.187333 0.510000 0.032000 0.260000
16 8.253000 0.488333 0.114000 0.370000
235 8.348333 0.488333 0.091333 0.396667
15 8.441000 0.491667 0.107333 0.376667
947 8.508333 0.498333 0.046000 0.356667
810 8.581333 0.495000 0.120000 0.496667
305 8.664667 0.510000 0.064000 0.360000
165 8.747333 0.503333 0.120000 0.420000
212 8.902667 0.503333 0.206667 1.033333
379 9.067667 0.498333 0.139333 0.430000
227 9.184333 0.510000 0.112667 0.566667
821 9.283333 0.505000 0.104000 0.696667
785 9.360333 0.491667 0.064667 0.276667
621 9.415667 0.495000 0.063333 0.636667
829 9.481333 0.506667 0.088000 0.386667
528 9.585000 0.508333 0.134000 0.450000
377 9.711000 0.503333 0.135333 0.373333
755 9.845000 0.510000 0.146000 0.420000
462 9.948333 0.493333 0.076667 0.413333
744 10.075000 0.495000 0.192667 0.963333
358 10.255333 0.493333 0.188000 0.940000
740 10.399667 0.505000 0.116667 0.263333
109 10.563333 0.500000 0.224000 0.486667
8 10.721667 0.490000 0.107333 0.433333
951 10.786333 0.493333 0.036667 0.313333
745 10.843000 0.505000 0.094000 0.363333
616 10.961333 0.498333 0.156000 0.416667
328 11.126333 0.495000 0.194000 0.970000
420 11.258667 0.505000 0.089333 0.370000
825 11.347667 0.510000 0.102000 0.420000
985 11.410667 0.506667 0.041333 0.326667
834 11.480000 0.488333 0.117333 0.563333
161 11.596333 0.490000 0.130000 0.460000
777 11.716000 0.505000 0.126667 0.536667
637 11.802667 0.493333 0.060000 0.313333
191 11.881000 0.495000 0.114000 0.470000
426 11.953667 0.501667 0.050000 0.310000
925 11.986000 0.506667 0.034667 0.253333
156 12.059000 0.493333 0.131333 0.393333
274 12.172000 0.500000 0.113333 0.526667
923 12.234333 0.500000 0.031333 0.253333
225 12.294000 0.495000 0.101333 0.490000
398 12.374000 0.490000 0.076000 0.386667
657 12.449333 0.510000 0.090667 0.393333
574 12.537000 0.495000 0.099333 0.396667
813 12.631333 0.501667 0.109333 0.356667
635 12.725667 0.506667 0.099333 0.406667
972 12.782667 0.496667 0.030667 0.260000
814 12.868000 0.488333 0.154667 0.363333
459 12.964667 0.496667 0.054667 0.293333
798 13.035667 0.500000 0.104667 0.420000
1001 13.106000 0.498333 0.049333 0.370000
644 13.167333 0.491667 0.093333 0.470000
636 13.256333 0.500000 0.099333 0.220000
130 13.390667 0.503333 0.186667 0.406667
996 13.492333 0.491667 0.030000 0.243333
770 13.572333 0.500000 0.146000 0.413333
1023 13.659667 0.501667 0.043333 0.316667
756 13.746667 0.503333 0.149333 0.473333
493 13.857667 0.490000 0.087333 0.453333
219 13.954000 0.498333 0.118667 0.483333
610 14.069667 0.500000 0.130000 0.400000
604 14.196667 0.506667 0.140000 0.420000
81 14.310000 0.491667 0.104000 0.423333
892 14.440000 0.496667 0.173333 0.506667
961 14.536000 0.498333 0.032000 0.256667
531 14.657333 0.500000 0.228000 1.140000
72 14.866667 0.503333 0.210667 1.053333
871 14.998333 0.490000 0.066000 0.333333
999 15.047000 0.491667 0.046000 0.356667
705 15.113000 0.496667 0.102000 0.326667
557 15.196333 0.505000 0.082000 0.570000
711 15.301000 0.488333 0.147333 0.463333
900 15.447667 0.488333 0.164667 0.483333
385 15.612667 0.493333 0.181333 0.906667
313 15.753667 0.495000 0.115333 0.423333
210 15.851667 0.495000 0.096667 0.463333
199 15.951667 0.503333 0.118000 0.593333
350 16.076333 0.501667 0.148667 0.423333
93 16.223667 0.498333 0.166000 0.830000
102 16.380333 0.510000 0.167333 0.360000
23 16.516333 0.491667 0.124667 0.356667
1018 16.590667 0.490000 0.041333 0.320000
580 16.676000 0.506667 0.145333 0.353333
411 16.841667 0.505000 0.200667 0.443333
523 16.986667 0.493333 0.105333 0.326667
954 17.049000 0.501667 0.035333 0.283333
906 17.135667 0.491667 0.151333 0.430000
965 17.221667 0.490000 0.038000 0.280000
418 17.270333 0.500000 0.079333 0.386667
783 17.354667 0.510000 0.105333 0.560000
1017 17.418667 0.506667 0.036000 0.273333
388 17.542667 0.500000 0.226667 1.133333
944 17.671333 0.500000 0.045333 0.340000
202 17.740000 0.505000 0.109333 0.483333
502 17.828333 0.506667 0.080667 0.360000
988 17.878333 0.488333 0.038000 0.296667
275 17.922000 0.495000 0.066667 0.416667
782 17.991333 0.505000 0.092000 0.423333
104 18.124333 0.498333 0.188667 0.943333
622 18.326333 0.505000 0.231333 1.156667
501 18.480667 0.496667 0.093333 0.413333
993 18.536333 0.505000 0.038000 0.283333
223 18.605333 0.490000 0.117333 0.493333
1008 18.678667 0.498333 0.044000 0.323333
58 18.717333 0.510000 0.050667 0.280000
94 18.834333 0.501667 0.200667 1.003333
562 19.000333 0.493333 0.148667 0.306667
941 19.087667 0.488333 0.039333 0.283333
867 19.155000 0.493333 0.110000 0.373333
762 19.233333 0.498333 0.064000 0.276667
479 19.301333 0.503333 0.090667 0.460000
638 19.394000 0.496667 0.110667 0.433333
289 19.548000 0.490000 0.214667 1.073333
953 19.666333 0.503333 0.040667 0.333333
912 19.715333 0.506667 0.077333 0.300000
831 19.809000 0.500000 0.123333 0.513333
694 19.910000 0.510000 0.093333 0.460000
799 19.989000 0.506667 0.084667 0.333333
619 20.076667 0.506667 0.110667 0.613333
346 20.199667 0.500000 0.154000 0.440000
150 20.330000 0.510000 0.120000 0.493333
735 20.452667 0.508333 0.144000 0.563333
62 20.562000 0.500000 0.089333 0.413333
926 20.616667 0.496667 0.037333 0.306667
447 20.665333 0.501667 0.076000 0.456667
844 20.747333 0.510000 0.108000 0.466667
27 20.861667 0.498333 0.135333 0.463333
896 20.991333 0.500000 0.141333 0.420000
995 21.072667 0.490000 0.041333 0.340000
335 21.151000 0.498333 0.128667 0.416667
444 21.235667 0.508333 0.059333 0.310000
127 21.308333 0.506667 0.103333 0.346667
836 21.403333 0.491667 0.104000 0.516667
316 21.494667 0.510000 0.094667 0.326667
284 21.600333 0.508333 0.136667 0.490000
709 21.709667 0.508333 0.099333 0.416667
555 21.766667 0.496667 0.032000 0.300000
436 21.823333 0.508333 0.100000 0.263333
978 21.882667 0.503333 0.034667 0.273333
994 21.913333 0.498333 0.046667 0.356667
131 21.981667 0.496667 0.104667 0.406667
650 22.130333 0.505000 0.207333 1.036667
631 22.331667 0.501667 0.214000 1.070000
800 22.474667 0.490000 0.090667 0.333333
491 22.570000 0.488333 0.114667 0.563333
3 22.657333 0.506667 0.078667 0.353333
726 22.734333 0.498333 0.092667 0.490000
917 22.793333 0.490000 0.042667 0.313333
877 22.852333 0.506667 0.092667 0.473333
74 22.968333 0.503333 0.154000 0.480000
876 23.115333 0.503333 0.154667 0.773333
998 23.203000 0.490000 0.035333 0.273333
145 23.250000 0.493333 0.078667 0.380000
539 23.318000 0.493333 0.074667 0.333333
319 23.396000 0.490000 0.100000 0.373333
1013 23.455333 0.508333 0.032000 0.270000
682 23.516667 0.488333 0.104000 0.383333
614 23.666333 0.491667 0.215333 1.076667
59 23.866000 0.496667 0.202667 1.013333
822 24.009667 0.490000 0.104667 0.386667
208 24.103333 0.488333 0.097333 0.396667
593 24.228000 0.508333 0.168000 0.483333
330 24.347667 0.506667 0.084667 0.320000
948 24.401333 0.503333 0.037333 0.286667
144 24.467000 0.488333 0.111333 0.490000
470 24.554000 0.503333 0.080000 0.413333
937 24.602333 0.501667 0.035333 0.276667
658 24.639333 0.508333 0.056000 0.330000
135 24.726667 0.495000 0.137333 0.416667
494 24.825667 0.506667 0.076667 0.333333
634 24.897667 0.501667 0.086000 0.356667
506 24.948667 0.491667 0.030667 0.343333
734 25.041333 0.491667 0.168000 0.443333
915 25.162000 0.500000 0.093333 0.753333
706 25.238667 0.505000 0.078667 0.423333
615 25.333333 0.498333 0.124000 0.576667
849 25.439000 0.501667 0.103333 0.416667
354 25.577333 0.503333 0.186667 0.933333
384 25.739667 0.510000 0.154000 0.426667
288 25.878000 0.495000 0.137333 0.516667
17 25.999667 0.501667 0.119333 0.390000
263 26.131000 0.498333 0.158000 0.576667
851 26.254667 0.496667 0.105333 0.433333
449 26.332000 0.508333 0.062667 0.350000
33 26.411667 0.495000 0.114000 0.436667
196 26.514667 0.495000 0.108000 0.463333
597 26.610000 0.495000 0.100000 0.296667
188 26.706667 0.501667 0.110667 0.463333
803 26.825667 0.506667 0.146000 0.426667
43 26.937667 0.488333 0.095333 0.376667
163 27.026667 0.491667 0.101333 0.356667
25 27.137333 0.508333 0.133333 0.476667
66 27.239667 0.501667 0.084667 0.456667
91 27.375667 0.493333 0.203333 0.440000
905 27.528667 0.493333 0.116000 0.366667
186 27.637667 0.501667 0.116667 0.596667
19 27.743333 0.500000 0.114667 0.400000
575 27.856333 0.490000 0.127333 0.413333
519 27.974333 0.498333 0.128667 0.423333
781 28.072333 0.506667 0.084667 0.440000
466 28.142667 0.491667 0.076000 0.396667
1021 28.192000 0.503333 0.038667 0.320000
467 28.240333 0.501667 0.076667 0.410000
98 28.387333 0.490000 0.230667 1.153333
252 28.556333 0.503333 0.120667 0.473333
564 28.677000 0.508333 0.138000 0.290000
296 28.789667 0.488333 0.102000 0.370000
245 28.857667 0.495000 0.052667 0.323333
314 28.919667 0.496667 0.091333 0.313333
326 29.003000 0.503333 0.088667 0.400000
237 29.081333 0.508333 0.084000 0.610000
147 29.165333 0.498333 0.104000 0.443333
201 29.266333 0.493333 0.112667 0.460000
11 29.376000 0.496667 0.122667 0.400000
703 29.480000 0.505000 0.098667 0.330000
405 29.575333 0.500000 0.109333 0.413333
819 29.682333 0.501667 0.120667 0.356667
887 29.794333 0.506667 0.122000 0.386667
294 29.959000 0.495000 0.226000 0.376667
913 30.125000 0.493333 0.124667 0.380000
248 30.229333 0.493333 0.104000 0.560000
639 30.309333 0.490000 0.076000 0.380000
298 30.386000 0.508333 0.094667 0.470000
838 30.476667 0.491667 0.100000 0.416667
481 30.560000 0.503333 0.080000 0.420000
46 30.623000 0.510000 0.063333 0.513333
414 30.705333 0.495000 0.121333 0.616667
239 30.804333 0.491667 0.096667 0.596667
857 30.957667 0.505000 0.230000 0.503333
511 31.115000 0.498333 0.099333 0.336667
968 31.181000 0.490000 0.047333 0.353333
349 31.254667 0.500000 0.117333 0.326667
652 31.390333 0.503333 0.172667 0.560000
873 31.515667 0.503333 0.092667 0.406667
438 31.639333 0.506667 0.172000 0.860000
45 31.751667 0.490000 0.068667 0.340000
424 31.852667 0.496667 0.149333 0.473333
498 31.944333 0.508333 0.052667 0.316667
483 31.992333 0.490000 0.060667 0.346667
341 32.048000 0.506667 0.065333 0.293333
936 32.091667 0.500000 0.042000 0.320000
366 32.175000 0.495000 0.140667 0.410000
78 32.324667 0.508333 0.178667 0.490000
86 32.444667 0.488333 0.076000 0.350000
793 32.526000 0.500000 0.100000 0.406667
563 32.634333 0.488333 0.134000 0.276667
419 32.743333 0.503333 0.100000 0.486667
938 32.810000 0.500000 0.046667 0.353333
226 32.870667 0.503333 0.088000 0.413333
132 32.951667 0.500000 0.092667 0.400000
786 33.030333 0.505000 0.079333 0.490000
843 33.161333 0.490000 0.198667 0.993333
870 33.287667 0.505000 0.067333 0.330000
508 33.352333 0.506667 0.076667 0.393333
307 33.413667 0.508333 0.064667 0.356667
942 33.459333 0.498333 0.042667 0.316667
499 33.503000 0.501667 0.058000 0.350000
478 33.560333 0.500000 0.075333 0.420000
811 33.661333 0.493333 0.142667 0.360000
291 33.783333 0.505000 0.117333 0.470000
904 33.880333 0.506667 0.095333 0.446667
715 34.000000 0.496667 0.164000 0.413333
119 34.111667 0.510000 0.078000 0.460000
232 34.188000 0.510000 0.090667 0.453333
243 34.306000 0.506667 0.160000 0.800000
325 34.482667 0.510000 0.212000 1.060000
20 34.638000 0.510000 0.117333 0.420000
183 34.735667 0.498333 0.092667 0.403333
710 34.872000 0.495000 0.194667 0.483333
295 35.013667 0.503333 0.102000 0.426667
41 35.117333 0.490000 0.121333 0.353333
780 35.240000 0.488333 0.138667 0.410000
1 35.331333 0.491667 0.062667 0.310000
387 35.421000 0.508333 0.135333 0.363333
365 35.549000 0.501667 0.135333 0.376667
1011 35.629333 0.493333 0.045333 0.346667
194 35.686667 0.503333 0.082667 0.353333
779 35.739667 0.491667 0.040667 0.383333
581 35.797000 0.503333 0.094000 0.406667
276 35.866667 0.493333 0.058667 0.380000
445 35.920667 0.493333 0.065333 0.340000
9 35.991000 0.491667 0.092667 0.410000
64 36.066667 0.498333 0.077333 0.416667
979 36.124667 0.491667 0.052000 0.376667
374 36.195333 0.503333 0.106667 0.320000
231 36.320000 0.500000 0.161333 0.806667
38 36.440333 0.510000 0.094000 0.353333
957 36.501000 0.488333 0.040667 0.336667
28 36.566000 0.491667 0.104000 0.403333
120 36.691000 0.495000 0.162000 0.810000
170 36.828333 0.503333 0.127333 0.453333
103 36.995333 0.503333 0.225333 0.493333
340 37.148000 0.510000 0.100000 0.286667
137 37.223333 0.503333 0.070667 0.366667
560 37.343000 0.490000 0.184667 0.620000
264 37.486333 0.503333 0.115333 0.440000
879 37.599667 0.510000 0.128667 0.426667
688 37.705667 0.488333 0.103333 0.503333
959 37.768000 0.510000 0.041333 0.326667
413 37.844667 0.491667 0.128000 0.543333
10 37.955667 0.496667 0.114000 0.420000
571 38.048667 0.510000 0.090667 0.380000
656 38.173000 0.505000 0.178000 0.430000
572 38.306000 0.510000 0.106667 0.426667
935 38.374000 0.503333 0.045333 0.360000
122 38.436000 0.500000 0.092000 0.320000
952 38.496000 0.495000 0.048000 0.356667
522 38.571333 0.506667 0.118667 0.373333
504 38.681333 0.510000 0.117333 0.340000
558 38.773333 0.498333 0.085333 0.416667
919 38.847000 0.491667 0.082000 0.410000
162 38.931333 0.498333 0.101333 0.370000
193 39.029000 0.496667 0.110000 0.553333
90 39.159333 0.500000 0.166667 0.833333
929 39.254000 0.488333 0.036000 0.290000
429 39.315667 0.506667 0.104667 0.353333
277 39.407667 0.508333 0.095333 0.430000
728 39.478667 0.493333 0.061333 0.526667
702 39.582000 0.501667 0.158667 0.496667
412 39.702000 0.505000 0.098667 0.503333
741 39.804667 0.490000 0.121333 0.413333
529 39.917333 0.510000 0.121333 0.460000
302 39.998000 0.510000 0.056000 0.320000
964 40.035000 0.496667 0.036667 0.286667
561 40.135333 0.501667 0.178667 0.483333
224 40.271000 0.496667 0.108667 0.486667
672 40.377667 0.496667 0.122000 0.406667
675 40.478000 0.493333 0.098667 0.320000
422 40.572333 0.490000 0.104667 0.426667
105 40.721667 0.508333 0.210000 1.050000
761 40.894333 0.508333 0.151333 0.456667
895 41.017000 0.506667 0.112667 0.333333
578 41.118000 0.506667 0.105333 0.413333
185 41.222000 0.488333 0.117333 0.503333
36 41.331333 0.490000 0.116000 0.366667
503 41.460333 0.495000 0.159333 0.416667
359 41.626000 0.510000 0.185333 0.926667
403 41.807000 0.488333 0.196667 0.983333
628 41.977000 0.500000 0.163333 0.546667
180 42.112333 0.510000 0.122000 0.446667
249 42.200333 0.501667 0.068667 0.496667
856 42.300667 0.490000 0.152000 0.380000
268 42.473333 0.500000 0.210667 1.053333
113 42.610333 0.491667 0.076667 0.416667
966 42.656333 0.490000 0.031333 0.246667
902 42.717000 0.505000 0.110000 0.343333
65 42.809000 0.495000 0.090000 0.230000
955 42.869333 0.490000 0.050667 0.373333
4 42.923333 0.496667 0.077333 0.313333
943 42.972000 0.490000 0.038667 0.306667
732 43.029000 0.491667 0.091333 0.463333
921 43.095333 0.500000 0.054667 0.326667
348 43.190000 0.501667 0.152000 0.416667
129 43.328333 0.510000 0.139333 0.546667
128 43.470000 0.510000 0.162667 0.813333
583 43.571000 0.491667 0.059333 0.336667
505 43.632000 0.503333 0.076000 0.313333
886 43.752333 0.501667 0.184667 0.923333
729 43.852000 0.510000 0.033333 0.420000
428 43.905000 0.488333 0.087333 0.610000
958 43.962000 0.490000 0.042667 0.320000
399 44.028000 0.506667 0.102667 0.340000
68 44.127333 0.506667 0.109333 0.313333
283 44.239667 0.503333 0.130000 0.440000
962 44.317000 0.490000 0.043333 0.333333
172 44.387333 0.510000 0.113333 0.393333
808 44.481000 0.505000 0.088667 0.330000
931 44.536667 0.490000 0.036000 0.293333
922 44.568000 0.493333 0.044000 0.333333
152 44.629333 0.506667 0.096000 0.466667
430 44.730333 0.498333 0.120667 0.510000
218 44.831000 0.491667 0.099333 0.496667
541 44.949667 0.488333 0.152667 0.330000
784 45.046000 0.510000 0.058667 0.473333
568 45.119000 0.500000 0.106000 0.533333
746 45.220000 0.503333 0.112000 0.346667
716 45.341667 0.508333 0.148667 0.403333
767 45.457333 0.491667 0.100000 0.303333
662 45.562000 0.510000 0.126667 0.440000
956 45.639333 0.496667 0.041333 0.333333
521 45.728000 0.508333 0.153333 0.410000
297 45.827000 0.508333 0.058000 0.316667
754 45.904333 0.501667 0.110000 0.536667
611 45.992333 0.493333 0.082000 0.326667
751 46.080333 0.505000 0.114000 0.483333
824 46.187667 0.488333 0.120667 0.496667
533 46.289333 0.500000 0.096000 0.326667
433 46.408667 0.488333 0.162667 0.370000
679 46.533000 0.498333 0.099333 0.576667
480 46.610333 0.488333 0.074000 0.443333
1014 46.663667 0.500000 0.046000 0.346667
205 46.730000 0.488333 0.101333 0.463333
671 46.832333 0.508333 0.116667 0.376667
714 46.953333 0.491667 0.144000 0.463333
266 47.110667 0.503333 0.186667 0.626667
133 47.246000 0.500000 0.098667 0.406667
973 47.311667 0.510000 0.050000 0.373333
164 47.399000 0.508333 0.138000 0.503333
530 47.501000 0.495000 0.084667 0.403333
492 47.567667 0.505000 0.067333 0.350000
280 47.645000 0.490000 0.103333 0.366667
310 47.727333 0.508333 0.081333 0.456667
140 47.809667 0.496667 0.103333 0.513333
281 47.917667 0.488333 0.131333 0.450000
624 48.063333 0.488333 0.178667 0.596667
151 48.178000 0.493333 0.065333 0.326667
233 48.261000 0.501667 0.116667 0.483333
472 48.338000 0.488333 0.054667 0.290000
495 48.400000 0.496667 0.084000 0.460000
421 48.501000 0.505000 0.138000 0.443333
654 48.670333 0.501667 0.220667 1.103333
570 48.820667 0.500000 0.098667 0.426667
924 48.876333 0.503333 0.032667 0.253333
605 48.952333 0.501667 0.135333 0.350000
490 49.043333 0.488333 0.065333 0.370000
1003 49.091333 0.506667 0.049333 0.366667
689 49.147667 0.498333 0.080667 0.390000
545 49.225667 0.498333 0.092667 0.356667
858 49.311333 0.488333 0.094667 0.303333
306 49.389000 0.510000 0.078000 0.440000
455 49.461333 0.503333 0.086667 0.440000
88 49.601000 0.490000 0.212667 0.453333
992 49.722000 0.505000 0.045333 0.350000
123 49.780667 0.505000 0.089333 0.576667
603 49.920667 0.510000 0.205333 1.026667
911 50.060667 0.490000 0.092000 0.360000
431 50.156667 0.498333 0.116000 0.396667
50 50.267000 0.506667 0.124667 0.386667
520 50.372333 0.491667 0.102000 0.323333
443 50.452333 0.505000 0.076667 0.410000
595 50.547333 0.495000 0.130667 0.403333
247 50.648667 0.488333 0.085333 0.383333
651 50.767667 0.493333 0.168667 0.580000
818 50.924667 0.490000 0.160000 0.373333
685 51.036000 0.495000 0.081333 0.310000
883 51.175333 0.503333 0.210667 1.053333
698 51.303667 0.495000 0.060667 0.316667
596 51.388333 0.501667 0.126000 0.383333
383 51.499667 0.500000 0.116667 0.333333
980 51.571667 0.496667 0.040667 0.306667
267 51.664333 0.495000 0.164667 0.823333
594 51.800333 0.495000 0.124667 0.383333
546 51.901000 0.488333 0.092667 0.343333
684 51.994000 0.505000 0.113333 0.383333
236 52.094000 0.508333 0.105333 0.423333
512 52.194000 0.490000 0.114667 0.366667
47 52.296667 0.500000 0.104000 0.500000
749 52.396000 0.500000 0.114667 0.493333
240 52.480667 0.501667 0.073333 0.390000
396 52.606667 0.506667 0.193333 0.966667
695 52.761000 0.498333 0.134000 0.410000
549 52.882333 0.505000 0.126000 0.430000
299 52.976667 0.498333 0.077333 0.296667
680 53.066667 0.495000 0.122667 0.423333
653 53.202333 0.491667 0.164667 0.530000
195 53.338333 0.491667 0.123333 0.523333
1020 53.409000 0.501667 0.038000 0.283333
763 53.447333 0.490000 0.057333 0.466667
642 53.519333 0.506667 0.104000 0.413333
812 53.626000 0.505000 0.125333 0.463333
733 53.716333 0.496667 0.072667 0.440000
2 53.776000 0.490000 0.061333 0.306667
29 53.876333 0.490000 0.156667 0.426667
73 54.023000 0.493333 0.155333 0.480000
173 54.138667 0.488333 0.094667 0.430000
211 54.238333 0.488333 0.124667 0.496667
279 54.336000 0.501667 0.085333 0.496667
87 54.468667 0.505000 0.196000 0.416667
256 54.603000 0.490000 0.091333 0.326667
626 54.736333 0.505000 0.188667 0.943333
177 54.876667 0.496667 0.112000 0.413333
683 54.990333 0.505000 0.131333 0.370000
146 55.143000 0.508333 0.188667 0.943333
37 55.273333 0.501667 0.088000 0.323333
676 55.364333 0.501667 0.111333 0.390000
524 55.466667 0.510000 0.106667 0.333333
916 55.590000 0.490000 0.160000 0.800000
940 55.683333 0.503333 0.040000 0.333333
514 55.743000 0.495000 0.096667 0.303333
577 55.825333 0.488333 0.082667 0.316667
794 55.887000 0.505000 0.058000 0.363333
863 55.968667 0.495000 0.120000 0.576667
881 56.088667 0.500000 0.138667 0.466667
837 56.196333 0.500000 0.090000 0.446667
407 56.292000 0.500000 0.116000 0.453333
167 56.455667 0.491667 0.227333 1.136667
608 56.614667 0.500000 0.108000 0.386667
620 56.725333 0.508333 0.133333 0.576667
602 56.840333 0.503333 0.110000 0.340000
471 56.914333 0.493333 0.052667 0.293333
536 57.019000 0.505000 0.174000 0.870000
415 57.193667 0.508333 0.194000 0.970000
309 57.322333 0.495000 0.079333 0.443333
190 57.398000 0.493333 0.090667 0.426667
203 57.493667 0.500000 0.115333 0.580000
331 57.655000 0.500000 0.222000 0.506667
55 57.827667 0.503333 0.142000 0.386667
894 57.953333 0.498333 0.128000 0.376667
816 58.083333 0.500000 0.148000 0.420000
967 58.166667 0.500000 0.032000 0.253333
244 58.262000 0.508333 0.176000 0.470000
234 58.382000 0.488333 0.081333 0.403333
107 58.508667 0.498333 0.189333 0.410000
708 58.657333 0.493333 0.121333 0.500000
496 58.753333 0.490000 0.089333 0.346667
18 58.847667 0.505000 0.114000 0.363333
242 58.950667 0.501667 0.109333 0.436667
647 59.040000 0.510000 0.084000 0.420000
848 59.124667 0.495000 0.098667 0.296667
538 59.245333 0.510000 0.160000 0.393333
897 59.393333 0.508333 0.153333 0.410000
855 59.496667 0.491667 0.068000 0.170000
721 59.615000 0.503333 0.188667 0.506667
465 59.743333 0.501667 0.086667 0.443333
311 59.817333 0.501667 0.074667 0.323333
753 59.912333 0.503333 0.130000 0.413333
83 60.013000 0.503333 0.091333 0.453333
373 60.147667 0.501667 0.195333 0.976667
809 60.295000 0.491667 0.112667 0.616667
473 60.372333 0.508333 0.055333 0.316667
914 60.447000 0.501667 0.108667 0.330000
880 60.541667 0.500000 0.094000 0.320000
371 60.675667 0.505000 0.191333 0.956667
569 60.816000 0.505000 0.108000 0.436667
367 60.962667 0.503333 0.201333 1.006667
60 61.099333 0.490000 0.089333 0.366667
701 61.221333 0.506667 0.173333 0.866667
666 61.352667 0.506667 0.108000 0.360000
750 61.457333 0.495000 0.117333 0.443333
254 61.563667 0.505000 0.110000 0.416667
663 61.676000 0.508333 0.129333 0.430000
222 61.788333 0.508333 0.108667 0.450000
334 61.915667 0.500000 0.163333 0.520000
934 62.010333 0.500000 0.040667 0.320000
178 62.073667 0.493333 0.106000 0.406667
649 62.162667 0.508333 0.090667 0.496667
393 62.268667 0.498333 0.140000 0.436667
860 62.457000 0.508333 0.256667 0.636667
460 62.613333 0.495000 0.069333 0.390000
404 62.754667 0.510000 0.230667 1.153333
807 62.943000 0.501667 0.164667 0.823333
544 63.068333 0.510000 0.106000 0.386667
920 63.155000 0.500000 0.082000 0.306667
788 63.287667 0.491667 0.198000 0.990000
99 63.495000 0.503333 0.232667 0.506667
338 63.669333 0.488333 0.132000 0.683333
380 63.790000 0.508333 0.124000 0.343333
609 63.876000 0.501667 0.061333 0.250000
324 63.962667 0.506667 0.126667 0.620000
509 64.067333 0.500000 0.100000 0.313333
510 64.158333 0.505000 0.099333 0.310000
888 64.268333 0.495000 0.139333 0.430000
537 64.442333 0.495000 0.228667 1.143333
450 64.590000 0.493333 0.082667 0.433333
731 64.668333 0.490000 0.091333 0.440000
949 64.723667 0.500000 0.039333 0.306667
859 64.796333 0.501667 0.120667 0.376667
260 64.913000 0.503333 0.131333 0.346667
1002 64.997333 0.488333 0.050667 0.370000
486 65.049333 0.501667 0.069333 0.363333
79 65.162000 0.503333 0.173333 0.866667
606 65.301667 0.505000 0.126000 0.383333
84 65.418667 0.501667 0.125333 0.356667
862 65.511000 0.496667 0.074000 0.386667
696 65.604667 0.510000 0.130667 0.300000
286 65.718000 0.491667 0.114667 0.430000
543 65.869667 0.495000 0.206000 0.683333
700 66.033333 0.491667 0.140000 0.570000
864 66.151667 0.493333 0.112667 0.446667
707 66.258333 0.510000 0.118000 0.533333
691 66.348667 0.506667 0.080000 0.386667
933 66.401667 0.495000 0.043333 0.323333
890 66.473667 0.508333 0.114000 0.576667
468 66.550333 0.501667 0.056667 0.330000
24 66.627000 0.506667 0.110000 0.373333
437 66.714667 0.508333 0.078667 0.356667
567 66.833667 0.491667 0.176667 0.883333
13 66.957333 0.498333 0.089333 0.290000
889 67.058333 0.498333 0.128667 0.403333
401 67.159667 0.493333 0.092667 0.480000
35 67.260000 0.501667 0.121333 0.403333
461 67.342000 0.496667 0.061333 0.306667
939 67.385333 0.503333 0.038667 0.320000
389 67.449000 0.491667 0.108667 0.303333
878 67.541333 0.493333 0.089333 0.453333
441 67.615000 0.500000 0.078000 0.400000
730 67.708333 0.500000 0.123333 0.486667
667 67.808333 0.503333 0.096667 0.313333
832 67.908667 0.491667 0.117333 0.490000
775 67.997667 0.505000 0.080667 0.390000
854 68.109000 0.500000 0.162000 0.533333
792 68.226000 0.488333 0.086667 0.350000
869 68.287000 0.491667 0.055333 0.363333
253 68.335667 0.496667 0.058000 0.553333
661 68.419667 0.491667 0.126000 0.430000
207 68.562667 0.496667 0.178667 0.893333
182 68.732000 0.496667 0.177333 0.886667
303 68.846000 0.490000 0.068000 0.386667
378 68.971333 0.500000 0.202667 1.013333
930 69.081000 0.490000 0.032667 0.273333
282 69.151333 0.495000 0.128000 0.463333
893 69.293667 0.508333 0.176667 0.510000
840 69.421000 0.510000 0.092667 0.386667
198 69.550667 0.490000 0.180000 0.900000
874 69.678667 0.491667 0.094667 0.470000
801 69.759333 0.493333 0.080000 0.293333
216 69.843000 0.501667 0.104667 0.530000
293 69.933000 0.490000 0.090000 0.373333
353 70.056333 0.491667 0.170000 0.850000
670 70.189333 0.505000 0.114667 0.390000
764 70.275667 0.510000 0.076667 0.406667
668 70.375000 0.500000 0.135333 0.466667
61 70.476333 0.490000 0.084667 0.426667
946 70.531667 0.496667 0.046000 0.360000
292 70.604333 0.508333 0.115333 0.436667
448 70.681333 0.500000 0.057333 0.300000
629 70.784667 0.498333 0.164000 0.543333
14 70.899667 0.500000 0.080667 0.293333
518 70.980667 0.493333 0.094667 0.306667
618 71.061333 0.506667 0.082667 0.520000
585 71.168333 0.490000 0.146000 0.460000
827 71.287667 0.496667 0.107333 0.493333
394 71.407333 0.500000 0.146667 0.440000
607 71.535333 0.495000 0.122667 0.376667
141 71.633333 0.488333 0.092000 0.430000
184 71.726667 0.500000 0.108000 0.433333
220 71.825000 0.506667 0.104667 0.433333
360 71.942333 0.508333 0.148667 0.403333
278 72.079000 0.510000 0.138000 0.406667
899 72.216333 0.500000 0.156667 0.426667
802 72.370333 0.505000 0.171333 0.350000
42 72.474667 0.493333 0.057333 0.320000
317 72.558667 0.495000 0.128000 0.503333
587 72.728333 0.495000 0.230000 1.150000
92 72.942667 0.510000 0.212000 1.060000
391 73.093667 0.506667 0.108667 0.313333
927 73.158000 0.510000 0.037333 0.306667
841 73.224000 0.501667 0.112000 0.510000
148 73.333333 0.506667 0.125333 0.366667
416 73.438000 0.501667 0.104000 0.510000
846 73.531000 0.496667 0.095333 0.393333
271 73.672000 0.510000 0.204000 1.020000
333 73.882000 0.496667 0.230667 1.153333
155 74.029333 0.500000 0.082667 0.466667
452 74.103333 0.505000 0.080000 0.410000
820 74.174333 0.505000 0.079333 0.330000
71 74.237333 0.505000 0.062667 0.350000
613 74.326667 0.496667 0.130667 0.366667
534 74.418333 0.496667 0.072667 0.300000
1007 74.466000 0.496667 0.037333 0.300000
882 74.539333 0.491667 0.125333 0.490000
769 74.661667 0.490000 0.134000 0.386667
168 74.774000 0.505000 0.110667 0.396667
677 74.883667 0.506667 0.126000 0.426667
553 74.991000 0.500000 0.108667 0.380000
659 75.091333 0.505000 0.109333 0.470000
551 75.192000 0.496667 0.109333 0.333333
977 75.264667 0.498333 0.049333 0.363333
482 75.311667 0.506667 0.059333 0.306667
576 75.381667 0.493333 0.094000 0.373333
118 75.473667 0.506667 0.110000 0.400000
592 75.587000 0.488333 0.136667 0.390000
632 75.733667 0.506667 0.174000 0.560000
157 75.887667 0.501667 0.154000 0.603333
742 76.069333 0.490000 0.228000 1.140000
582 76.250333 0.493333 0.151333 0.620000
301 76.351667 0.495000 0.064667 0.363333
435 76.404667 0.490000 0.061333 0.280000
500 76.469000 0.493333 0.080667 0.360000
724 76.535333 0.493333 0.069333 0.326667
189 76.627333 0.506667 0.132000 0.533333
7 76.734333 0.490000 0.098000 0.306667
739 76.806667 0.508333 0.060000 0.503333
713 76.921667 0.491667 0.184667 0.923333
589 77.045333 0.490000 0.082667 0.340000
89 77.193333 0.493333 0.230667 0.493333
80 77.354000 0.490000 0.110667 0.553333
625 77.496667 0.490000 0.192000 0.960000
627 77.674667 0.503333 0.180000 0.900000
217 77.809333 0.490000 0.108000 0.546667
323 77.968667 0.490000 0.224000 0.426667
142 78.108000 0.500000 0.072000 0.360000
648 78.180000 0.505000 0.089333 0.423333
337 78.343667 0.501667 0.255333 0.670000
774 78.503667 0.501667 0.080667 0.416667
290 78.597000 0.505000 0.123333 0.330000
1022 78.669000 0.496667 0.036667 0.306667
97 78.789333 0.496667 0.222667 1.113333
516 78.952667 0.496667 0.118667 0.393333
336 79.056000 0.508333 0.101333 0.490000
315 79.146000 0.505000 0.093333 0.330000
121 79.190667 0.503333 0.016000 0.286667
983 79.207333 0.490000 0.034667 0.266667
717 79.314000 0.506667 0.192000 0.960000
171 79.455333 0.498333 0.110667 0.410000
591 79.575333 0.501667 0.149333 0.430000
598 79.690667 0.506667 0.097333 0.286667
805 79.801667 0.503333 0.142000 0.413333
646 79.901000 0.488333 0.074000 0.316667
704 79.993667 0.501667 0.124667 0.390000
423 80.114667 0.496667 0.137333 0.433333
75 80.240667 0.498333 0.134667 0.410000
673 80.346667 0.503333 0.097333 0.320000
678 80.435667 0.495000 0.099333 0.330000
257 80.534000 0.493333 0.116000 0.386667
138 80.613333 0.501667 0.062667 0.363333
117 80.693667 0.501667 0.116667 0.343333
395 80.809333 0.505000 0.128000 0.356667
369 80.923667 0.495000 0.118000 0.343333
845 81.031333 0.508333 0.110667 0.530000
987 81.099333 0.503333 0.041333 0.306667
748 81.161333 0.498333 0.101333 0.343333
898 81.261667 0.500000 0.118000 0.340000
48 81.403667 0.495000 0.184667 0.923333
386 81.545667 0.498333 0.115333 0.330000
835 81.650000 0.503333 0.108000 0.433333
1005 81.712333 0.508333 0.034000 0.283333
665 81.777000 0.498333 0.114000 0.376667
630 81.907667 0.496667 0.163333 0.540000
690 82.022333 0.491667 0.083333 0.410000
908 82.114000 0.496667 0.113333 0.413333
1010 82.179667 0.503333 0.035333 0.266667
669 82.236667 0.506667 0.093333 0.320000
590 82.331000 0.496667 0.112667 0.373333
797 82.422000 0.505000 0.089333 0.330000
633 82.534667 0.510000 0.154667 0.773333
640 82.645000 0.490000 0.079333 0.400000
693 82.725667 0.490000 0.102000 0.500000
329 82.874333 0.498333 0.215333 1.076667
664 83.044333 0.496667 0.138000 0.480000
95 83.210000 0.506667 0.208000 1.040000
872 83.381333 0.505000 0.148000 0.410000
372 83.509667 0.505000 0.126000 0.350000
527 83.622333 0.491667 0.119333 0.370000
599 83.724000 0.498333 0.102667 0.310000
719 83.850667 0.495000 0.169333 0.523333
969 83.944000 0.505000 0.033333 0.276667
687 83.990000 0.506667 0.076000 0.373333
375 84.102000 0.503333 0.168000 0.840000
361 84.242667 0.503333 0.126667 0.366667
1004 84.320000 0.495000 0.048000 0.350000
975 84.351000 0.510000 0.034000 0.260000
34 84.419667 0.493333 0.119333 0.413333
815 84.534667 0.503333 0.125333 0.306667
1019 84.609333 0.493333 0.037333 0.280000
5 84.670667 0.505000 0.098667 0.436667
986 84.736000 0.493333 0.045333 0.333333
345 84.808000 0.508333 0.112000 0.316667
976 84.873000 0.506667 0.036667 0.306667
579 84.958667 0.506667 0.150667 0.353333
213 85.070667 0.490000 0.089333 0.386667
327 85.162667 0.503333 0.113333 0.306667
322 85.264000 0.506667 0.104000 0.106667
54 85.334000 0.506667 0.053333 0.306667
270 85.453000 0.491667 0.202000 1.010000
134 85.598333 0.505000 0.103333 0.316667
158 85.712667 0.505000 0.140000 0.436667
497 85.853333 0.505000 0.157333 0.396667
617 85.974333 0.503333 0.100667 0.433333
747 86.065333 0.500000 0.097333 0.406667
1015 86.124333 0.491667 0.035333 0.276667
115 86.162000 0.506667 0.060000 0.293333
76 86.243667 0.505000 0.119333 0.370000
928 86.316333 0.488333 0.046000 0.336667
990 86.350667 0.500000 0.037333 0.306667
971 86.377333 0.491667 0.032000 0.250000
771 86.428000 0.506667 0.089333 0.440000
159 86.486667 0.493333 0.048000 0.353333
85 86.549333 0.505000 0.090667 0.376667
981 86.609667 0.510000 0.043333 0.340000
265 86.712000 0.503333 0.176000 0.880000
238 86.854333 0.508333 0.122000 0.476667
364 86.987333 0.503333 0.162667 0.813333
760 87.118333 0.500000 0.116667 0.353333
410 87.217667 0.496667 0.095333 0.446667
160 87.293000 0.495000 0.074000 0.390000
757 87.387667 0.500000 0.130000 0.406667
114 87.493667 0.501667 0.102000 0.510000
474 87.577333 0.503333 0.085333 0.440000
192 87.665667 0.500000 0.108667 0.526667
736 87.741667 0.510000 0.060667 0.340000
197 87.816333 0.493333 0.108667 0.466667
362 87.937667 0.500000 0.147333 0.420000
817 88.063333 0.505000 0.122667 0.423333
451 88.142667 0.491667 0.052000 0.316667
660 88.213000 0.488333 0.103333 0.383333
997 88.272333 0.490000 0.032667 0.273333
686 88.315667 0.506667 0.074000 0.360000
982 88.364000 0.506667 0.037333 0.300000
692 88.426333 0.506667 0.103333 0.513333
727 88.509667 0.500000 0.076667 0.393333
111 88.588333 0.508333 0.100667 0.456667
842 88.674667 0.490000 0.090667 0.440000
768 88.743667 0.488333 0.063333 0.156667
806 88.859333 0.510000 0.186667 0.500000
229 88.995667 0.510000 0.104667 0.486667
1006 89.053000 0.501667 0.028667 0.236667
559 89.092333 0.503333 0.070000 0.340000
26 89.187667 0.508333 0.139333 0.470000
250 89.307333 0.503333 0.117333 0.566667
712 89.448667 0.488333 0.184000 0.523333
1012 89.555667 0.506667 0.046000 0.366667
96 89.678333 0.495000 0.218000 1.090000
853 89.832667 0.493333 0.108000 0.493333
697 89.912667 0.500000 0.069333 0.346667
101 90.028333 0.506667 0.179333 0.386667
457 90.151000 0.490000 0.083333 0.426667
368 90.252667 0.510000 0.133333 0.353333
77 90.385667 0.498333 0.146000 0.363333
573 90.497000 0.505000 0.091333 0.356667
381 90.608333 0.508333 0.148667 0.436667
392 90.761000 0.501667 0.171333 0.856667
221 90.917000 0.501667 0.156667 0.783333
214 91.043667 0.503333 0.115333 0.473333
552 91.119667 0.505000 0.056667 0.356667
376 91.219333 0.498333 0.161333 0.470000
932 91.316333 0.505000 0.048667 0.350000
790 91.365333 0.501667 0.065333 0.403333
535 91.484333 0.500000 0.186000 0.406667
179 91.628000 0.495000 0.114667 0.410000
31 91.750000 0.496667 0.148000 0.433333
765 91.850000 0.501667 0.065333 0.350000
100 91.992000 0.510000 0.238667 0.506667
791 92.139667 0.501667 0.076667 0.463333
645 92.212667 0.496667 0.089333 0.413333
417 92.291333 0.495000 0.082667 0.403333
262 92.403333 0.500000 0.158667 0.793333
110 92.547000 0.508333 0.146000 0.516667
56 92.642667 0.491667 0.060000 0.083333
21 92.728333 0.488333 0.130000 0.423333
477 92.822667 0.503333 0.077333 0.400000
126 92.924000 0.505000 0.145333 0.503333
588 93.030000 0.488333 0.086667 0.390000
674 93.111667 0.508333 0.094000 0.303333
945 93.174000 0.500000 0.045333 0.340000
169 93.241333 0.496667 0.105333 0.373333
181 93.374000 0.496667 0.177333 0.886667
355 93.534333 0.510000 0.163333 0.440000
1000 93.628667 0.505000 0.044000 0.350000
513 93.699333 0.496667 0.112000 0.346667
209 93.800667 0.491667 0.110667 0.483333
241 93.885667 0.493333 0.074000 0.420000
655 93.951667 0.495000 0.078000 0.323333
136 94.030000 0.508333 0.098667 0.423333
246 94.179667 0.491667 0.214000 1.070000
12 94.321667 0.505000 0.083333 0.310000
586 94.435333 0.488333 0.158667 0.470000
343 94.564000 0.500000 0.114667 0.320000
67 94.710000 0.496667 0.193333 0.966667
320 94.863000 0.510000 0.126000 0.433333
547 94.945333 0.493333 0.057333 0.326667
525 95.029000 0.491667 0.128667 0.430000
1009 95.106333 0.493333 0.039333 0.313333
82 95.158000 0.490000 0.078667 0.586667
532 95.237000 0.501667 0.099333 0.503333
51 95.335333 0.500000 0.112000 0.393333
865 95.437667 0.495000 0.112667 0.410000
723 95.551000 0.498333 0.132667 0.456667
600 95.676667 0.506667 0.133333 0.406667
643 95.780333 0.496667 0.090000 0.326667
261 95.883000 0.496667 0.132667 0.633333
885 95.983333 0.491667 0.086667 0.376667
475 96.054333 0.505000 0.068667 0.376667
833 96.129000 0.490000 0.094000 0.426667
442 96.204667 0.496667 0.074667 0.426667
960 96.257333 0.498333 0.050667 0.376667
910 96.331667 0.501667 0.111333 0.370000
174 96.436667 0.491667 0.117333 0.423333
526 96.543000 0.491667 0.114000 0.296667
991 96.606333 0.496667 0.028667 0.240000
752 96.650333 0.495000 0.076667 0.210000
116 96.737000 0.495000 0.114000 0.343333
738 96.820667 0.505000 0.069333 0.316667
556 96.894333 0.496667 0.095333 0.380000
743 96.989333 0.490000 0.108000 0.460000
789 97.070667 0.491667 0.074667 0.456667
215 97.144333 0.505000 0.091333 0.370000
566 97.248667 0.496667 0.130667 0.553333
187 97.361667 0.498333 0.114000 0.576667
641 97.453667 0.490000 0.086000 0.406667
759 97.564667 0.505000 0.150667 0.450000
409 97.674333 0.501667 0.086000 0.430000
796 97.769333 0.493333 0.120000 0.473333
766 97.892000 0.501667 0.142667 0.416667
866 98.030667 0.503333 0.154667 0.406667
681 98.120000 0.500000 0.040000 0.366667
154 98.169667 0.501667 0.072667 0.363333
112 98.267333 0.500000 0.141333 0.473333
269 98.422000 0.500000 0.182667 0.913333
318 98.549333 0.506667 0.088000 0.440000
255 98.654000 0.503333 0.136000 0.513333
308 98.748667 0.488333 0.073333 0.410000
970 98.793000 0.491667 0.034000 0.283333
166 98.864333 0.500000 0.126000 0.453333
623 98.993000 0.496667 0.147333 0.486667
344 99.132667 0.491667 0.145333 0.423333
718 99.286667 0.500000 0.176000 0.880000
400 99.389667 0.493333 0.050000 0.466667
230 99.467667 0.496667 0.119333 0.466667
722 99.579000 0.501667 0.118000 0.350000
259 99.684000 0.490000 0.109333 0.540000
795 99.764333 0.500000 0.070000 0.433333
974 99.810000 0.503333 0.038667 0.286667
153 99.860000 0.496667 0.077333 0.346667
861 99.916000 0.488333 0.052000 0.403333
57 99.965000 0.508333 0.063333 0.310000
852 100.037333 0.508333 0.094667 0.416667
332 100.166667 0.490000 0.184000 0.920000
773 100.307333 0.491667 0.113333 0.350000
175 100.466000 0.493333 0.220000 1.100000
370 100.634000 0.508333 0.132000 0.396667
176 100.753000 0.490000 0.120667 0.460000
139 100.843667 0.505000 0.078000 0.450000
778 100.919333 0.510000 0.090667 0.593333
737 100.987667 0.498333 0.060667 0.436667
40 101.060333 0.495000 0.104667 0.356667
347 101.170000 0.495000 0.129333 0.403333
149 101.323667 0.488333 0.196667 0.983333
124 101.459333 0.500000 0.092000 0.340000
44 101.543667 0.496667 0.095333 0.380000
787 101.610000 0.501667 0.056000 0.350000
351 101.691333 0.498333 0.125333 0.370000
30 101.809000 0.498333 0.126000 0.370000
63 101.922667 0.491667 0.116000 0.410000
425 102.019000 0.500000 0.096667 0.586667
515 102.122000 0.510000 0.125333 0.406667
464 102.210000 0.491667 0.068000 0.410000
258 102.286000 0.503333 0.101333 0.346667
206 102.374000 0.501667 0.089333 0.363333
143 102.461333 0.495000 0.104000 0.443333
542 102.571333 0.495000 0.130667 0.530000
6 102.685000 0.510000 0.114000 0.413333
446 102.761000 0.490000 0.058000 0.346667
804 102.852667 0.506667 0.141333 0.406667
469 102.943333 0.508333 0.054667 0.330000
918 103.022333 0.490000 0.119333 0.453333
304 103.106333 0.501667 0.068667 0.383333
850 103.190333 0.490000 0.112667 0.533333
550 103.273667 0.491667 0.068667 0.343333
463 103.343000 0.490000 0.088667 0.453333
125 103.420667 0.503333 0.081333 0.386667
484 103.517667 0.488333 0.127333 0.470000
984 103.597333 0.500000 0.050667 0.373333
434 103.675333 0.501667 0.121333 0.410000
300 103.765667 0.488333 0.078000 0.250000
408 103.839000 0.505000 0.084667 0.323333
357 103.930333 0.498333 0.112667 0.310000
