78 0.091333 0.506667 0.176000 0.880000
447 0.210667 0.496667 0.077333 0.406667
587 0.303667 0.500000 0.126000 0.373333
81 0.409667 0.500000 0.103333 0.420000
361 0.539333 0.490000 0.176000 0.880000
212 0.669000 0.503333 0.099333 0.400000
286 0.771333 0.506667 0.122667 0.460000
1000 0.846333 0.490000 0.044667 0.346667
890 0.906667 0.506667 0.096000 0.486667
683 1.052000 0.496667 0.209333 1.046667
962 1.166667 0.488333 0.037333 0.270000
711 1.276333 0.491667 0.195333 0.543333
347 1.434000 0.490000 0.137333 0.380000
884 1.561667 0.490000 0.136667 0.506667
903 1.696000 0.498333 0.148000 0.416667
680 1.816333 0.488333 0.106000 0.383333
330 1.910333 0.506667 0.096667 0.373333
229 2.042000 0.493333 0.181333 0.906667
861 2.150333 0.503333 0.048667 0.373333
807 2.269333 0.493333 0.209333 1.046667
982 2.382000 0.496667 0.032000 0.266667
335 2.448333 0.495000 0.115333 0.383333
690 2.550333 0.491667 0.102000 0.496667
48 2.709000 0.498333 0.234000 0.436667
262 2.870667 0.500000 0.105333 0.533333
186 2.975667 0.495000 0.124667 0.523333
522 3.087333 0.498333 0.112000 0.370000
8 3.183000 0.506667 0.098000 0.353333
742 3.319333 0.493333 0.190667 0.953333
16 3.452333 0.508333 0.095333 0.310000
835 3.536333 0.506667 0.091333 0.413333
6 3.614000 0.490000 0.080000 0.333333
303 3.685000 0.493333 0.078000 0.440000
739 3.752000 0.503333 0.070667 0.573333
736 3.809667 0.508333 0.060667 0.410000
843 3.876667 0.488333 0.092000 0.396667
1003 3.937333 0.488333 0.044000 0.336667
424 4.020000 0.496667 0.140000 0.433333
734 4.189000 0.491667 0.212667 0.556667
388 4.361667 0.495000 0.148667 0.430000
882 4.477667 0.505000 0.103333 0.410000
556 4.570667 0.503333 0.096000 0.386667
627 4.684000 0.506667 0.148000 0.500000
898 4.812333 0.495000 0.124667 0.383333
568 4.922333 0.508333 0.112667 0.563333
305 5.000667 0.488333 0.062667 0.350000
538 5.127000 0.498333 0.204667 1.023333
344 5.289333 0.496667 0.134667 0.400000
790 5.389333 0.495000 0.080000 0.490000
966 5.434000 0.503333 0.029333 0.240000
716 5.541667 0.500000 0.204667 0.546667
677 5.684333 0.505000 0.094000 0.316667
810 5.775000 0.505000 0.106000 0.436667
720 5.919000 0.491667 0.195333 0.976667
910 6.067333 0.495000 0.120000 0.383333
289 6.220667 0.506667 0.206667 1.033333
575 6.368667 0.493333 0.106667 0.346667
411 6.507667 0.510000 0.188667 0.413333
745 6.646000 0.491667 0.101333 0.376667
508 6.719667 0.490000 0.064667 0.366667
697 6.782333 0.501667 0.074000 0.370000
779 6.831000 0.508333 0.043333 0.396667
642 6.885667 0.500000 0.083333 0.340000
356 7.024000 0.510000 0.209333 1.046667
715 7.209333 0.491667 0.178667 0.516667
755 7.366000 0.506667 0.153333 0.446667
233 7.486000 0.488333 0.104000 0.490000
224 7.580667 0.493333 0.102667 0.413333
362 7.687000 0.503333 0.126000 0.366667
259 7.801333 0.500000 0.116000 0.573333
609 7.881667 0.490000 0.063333 0.260000
916 7.995667 0.495000 0.182000 0.910000
812 8.149667 0.501667 0.140667 0.343333
772 8.281333 0.508333 0.137333 0.376667
372 8.396000 0.491667 0.105333 0.283333
999 8.460000 0.498333 0.041333 0.336667
733 8.511333 0.498333 0.080000 0.470000
510 8.596000 0.493333 0.105333 0.326667
2 8.682333 0.501667 0.084667 0.403333
809 8.772333 0.495000 0.111333 0.590000
378 8.889667 0.501667 0.138000 0.416667
52 9.011333 0.490000 0.121333 0.406667
822 9.114333 0.488333 0.102000 0.303333
828 9.202667 0.503333 0.093333 0.446667
565 9.315667 0.501667 0.148667 0.323333
47 9.434667 0.498333 0.109333 0.530000
617 9.529667 0.505000 0.096667 0.396667
195 9.623000 0.506667 0.108667 0.446667
402 9.750000 0.496667 0.162667 0.420000
922 9.838667 0.503333 0.033333 0.273333
665 9.904000 0.490000 0.112000 0.386667
943 9.965333 0.493333 0.030667 0.246667
3 10.014000 0.488333 0.085333 0.396667
891 10.080000 0.496667 0.065333 0.326667
365 10.163000 0.508333 0.114000 0.356667
740 10.295000 0.503333 0.167333 0.380000
269 10.464333 0.491667 0.187333 0.936667
991 10.570000 0.491667 0.041333 0.303333
558 10.628000 0.488333 0.090667 0.450000
213 10.719667 0.501667 0.106000 0.443333
892 10.860667 0.506667 0.196000 0.560000
516 11.018333 0.490000 0.134000 0.446667
643 11.134667 0.501667 0.112000 0.390000
602 11.256000 0.491667 0.148000 0.456667
182 11.373667 0.493333 0.102000 0.340000
955 11.437667 0.508333 0.044667 0.343333
787 11.486333 0.500000 0.066000 0.413333
1008 11.527000 0.496667 0.032667 0.260000
775 11.569667 0.506667 0.068667 0.320000
953 11.616667 0.506667 0.040000 0.320000
238 11.690667 0.498333 0.125333 0.483333
50 11.811000 0.495000 0.132667 0.416667
786 11.904667 0.500000 0.072000 0.446667
461 11.968333 0.503333 0.070000 0.380000
707 12.053000 0.501667 0.112667 0.510000
567 12.194667 0.493333 0.184000 0.920000
958 12.297333 0.495000 0.036000 0.263333
545 12.354333 0.503333 0.091333 0.333333
71 12.429667 0.493333 0.079333 0.413333
590 12.533333 0.500000 0.144000 0.613333
36 12.648667 0.496667 0.105333 0.333333
984 12.712333 0.501667 0.039333 0.316667
12 12.770000 0.493333 0.092000 0.293333
487 12.839333 0.501667 0.064000 0.336667
661 12.907333 0.490000 0.089333 0.293333
489 12.987000 0.495000 0.086000 0.436667
336 13.070333 0.496667 0.095333 0.460000
540 13.225000 0.508333 0.230000 1.150000
887 13.396667 0.495000 0.130667 0.410000
421 13.554000 0.490000 0.200000 1.000000
98 13.759000 0.488333 0.226000 1.130000
676 13.914000 0.506667 0.102667 0.393333
76 14.033667 0.488333 0.156667 0.483333
674 14.154667 0.510000 0.102667 0.340000
94 14.313000 0.505000 0.228667 0.483333
437 14.459333 0.510000 0.082667 0.406667
586 14.553667 0.495000 0.124667 0.396667
105 14.715333 0.496667 0.217333 1.086667
485 14.851333 0.491667 0.073333 0.416667
88 14.985667 0.491667 0.210000 0.456667
308 15.120667 0.503333 0.080000 0.453333
610 15.211000 0.498333 0.114000 0.350000
524 15.319667 0.503333 0.122000 0.386667
907 15.431333 0.510000 0.117333 0.400000
168 15.535333 0.495000 0.110667 0.396667
819 15.636333 0.488333 0.108667 0.323333
905 15.748333 0.495000 0.132667 0.430000
863 15.862333 0.510000 0.108667 0.520000
681 15.934333 0.491667 0.050000 0.436667
854 16.052000 0.490000 0.204000 1.020000
834 16.199000 0.500000 0.103333 0.486667
821 16.285667 0.488333 0.084667 0.530000
949 16.339000 0.506667 0.038000 0.300000
937 16.368667 0.508333 0.038667 0.310000
909 16.418000 0.490000 0.074667 0.326667
748 16.495667 0.508333 0.100667 0.376667
929 16.553333 0.490000 0.030667 0.260000
559 16.598000 0.506667 0.076000 0.373333
783 16.670667 0.490000 0.086667 0.460000
699 16.775667 0.490000 0.139333 0.400000
811 16.909667 0.508333 0.146000 0.376667
671 17.020000 0.508333 0.093333 0.303333
608 17.110667 0.491667 0.102667 0.350000
997 17.172667 0.510000 0.041333 0.300000
351 17.254333 0.500000 0.139333 0.406667
442 17.343000 0.501667 0.055333 0.330000
95 17.464000 0.500000 0.202667 1.013333
434 17.614000 0.501667 0.112000 0.383333
721 17.732000 0.490000 0.144000 0.366667
201 17.851667 0.496667 0.115333 0.580000
831 17.944333 0.491667 0.086000 0.423333
560 18.076667 0.490000 0.192000 0.586667
343 18.244667 0.490000 0.157333 0.453333
412 18.362667 0.495000 0.093333 0.470000
438 18.477667 0.505000 0.156667 0.783333
719 18.621333 0.506667 0.146667 0.426667
573 18.726000 0.503333 0.081333 0.346667
143 18.796333 0.505000 0.074000 0.390000
746 18.883000 0.506667 0.114000 0.333333
354 19.047000 0.501667 0.227333 1.136667
795 19.189333 0.498333 0.074667 0.456667
599 19.276000 0.500000 0.116000 0.353333
964 19.347000 0.498333 0.042000 0.336667
651 19.430667 0.501667 0.142667 0.476667
328 19.584667 0.498333 0.182667 0.483333
408 19.709333 0.496667 0.081333 0.306667
753 19.821667 0.503333 0.160667 0.526667
41 19.966333 0.490000 0.142000 0.420000
28 20.081000 0.505000 0.104667 0.410000
266 20.215000 0.493333 0.180667 0.546667
879 20.377000 0.506667 0.158000 0.513333
762 20.479333 0.508333 0.066667 0.276667
555 20.526000 0.488333 0.041333 0.416667
387 20.617000 0.498333 0.158000 0.423333
1005 20.707667 0.508333 0.036667 0.290000
466 20.752333 0.490000 0.068667 0.380000
440 20.805333 0.498333 0.053333 0.290000
43 20.876333 0.500000 0.102000 0.400000
203 20.964000 0.495000 0.086667 0.363333
950 21.024667 0.490000 0.052000 0.380000
579 21.125000 0.491667 0.162000 0.450000
196 21.263000 0.500000 0.128667 0.520000
273 21.343667 0.506667 0.047333 0.306667
205 21.411333 0.498333 0.106667 0.443333
55 21.525000 0.493333 0.138000 0.380000
15 21.646333 0.491667 0.123333 0.403333
318 21.750333 0.508333 0.104667 0.430000
322 21.839000 0.495000 0.087333 0.170000
847 21.922667 0.490000 0.098667 0.333333
211 22.029333 0.505000 0.129333 0.516667
208 22.169667 0.508333 0.168667 0.843333
923 22.260333 0.506667 0.032667 0.260000
124 22.312667 0.498333 0.085333 0.303333
155 22.382333 0.505000 0.074000 0.436667
297 22.445000 0.505000 0.071333 0.390000
338 22.528667 0.505000 0.112000 0.583333
280 22.642333 0.508333 0.131333 0.483333
833 22.746000 0.503333 0.089333 0.406667
157 22.873667 0.488333 0.179333 0.896667
757 23.012667 0.501667 0.116000 0.336667
957 23.083333 0.501667 0.041333 0.323333
808 23.146000 0.505000 0.100000 0.370000
749 23.240000 0.503333 0.108000 0.433333
543 23.396333 0.491667 0.223333 1.116667
875 23.562333 0.501667 0.126000 0.310000
855 23.660667 0.496667 0.090667 0.233333
163 23.757333 0.491667 0.121333 0.463333
282 23.881000 0.501667 0.143333 0.496667
243 24.055667 0.501667 0.222000 1.110000
346 24.234667 0.508333 0.154667 0.483333
700 24.362667 0.510000 0.117333 0.480000
18 24.460667 0.493333 0.092000 0.313333
140 24.589333 0.493333 0.178667 0.893333
134 24.726667 0.510000 0.114667 0.526667
145 24.822000 0.496667 0.089333 0.453333
457 24.891333 0.510000 0.064000 0.326667
366 24.984667 0.493333 0.142667 0.440000
616 25.136333 0.503333 0.180667 0.480000
633 25.330667 0.491667 0.224000 0.630000
409 25.523333 0.506667 0.178667 0.893333
118 25.660000 0.490000 0.110667 0.440000
592 25.793667 0.500000 0.174000 0.500000
275 25.898000 0.503333 0.053333 0.346667
300 25.950667 0.505000 0.072000 0.230000
386 26.042333 0.493333 0.127333 0.393333
770 26.151333 0.498333 0.108000 0.356667
942 26.224333 0.496667 0.052667 0.380000
981 26.264667 0.488333 0.048000 0.363333
866 26.354667 0.501667 0.149333 0.436667
63 26.474667 0.503333 0.106667 0.380000
544 26.561333 0.500000 0.085333 0.313333
980 26.617000 0.488333 0.039333 0.310000
132 26.675000 0.491667 0.090000 0.396667
42 26.744667 0.510000 0.069333 0.393333
129 26.835333 0.506667 0.129333 0.500000
1014 26.907667 0.490000 0.031333 0.246667
888 26.994000 0.505000 0.158667 0.510000
482 27.107000 0.503333 0.087333 0.446667
564 27.213000 0.496667 0.138000 0.300000
197 27.326333 0.510000 0.104667 0.420000
377 27.447000 0.500000 0.152667 0.400000
383 27.588667 0.508333 0.144000 0.396667
274 27.701667 0.490000 0.099333 0.466667
167 27.853333 0.490000 0.217333 1.086667
983 27.972667 0.490000 0.041333 0.306667
629 28.083000 0.508333 0.192667 0.963333
636 28.236333 0.501667 0.131333 0.296667
619 28.342667 0.505000 0.094667 0.463333
531 28.494667 0.490000 0.228000 0.553333
464 28.635000 0.491667 0.071333 0.430000
921 28.695333 0.493333 0.069333 0.406667
722 28.784000 0.491667 0.125333 0.363333
569 28.887667 0.506667 0.099333 0.406667
119 28.977667 0.503333 0.098000 0.600000
422 29.076667 0.491667 0.117333 0.423333
492 29.163667 0.496667 0.076667 0.413333
860 29.292667 0.496667 0.196000 0.980000
653 29.466000 0.496667 0.168000 0.840000
913 29.612333 0.508333 0.140667 0.430000
726 29.718667 0.488333 0.088000 0.463333
600 29.815667 0.493333 0.119333 0.380000
663 29.924667 0.496667 0.118667 0.420000
780 30.032667 0.493333 0.112000 0.320000
635 30.119000 0.498333 0.076667 0.323333
352 30.227667 0.501667 0.155333 0.483333
334 30.351667 0.501667 0.112667 0.390000
160 30.433000 0.510000 0.064667 0.340000
766 30.508667 0.501667 0.105333 0.310000
99 30.668333 0.488333 0.227333 1.136667
539 30.817333 0.510000 0.086667 0.386667
744 30.907333 0.498333 0.113333 0.470000
987 30.977333 0.505000 0.045333 0.330000
773 31.047333 0.488333 0.109333 0.290000
397 31.130667 0.496667 0.074667 0.326667
122 31.220000 0.488333 0.117333 0.410000
357 31.345000 0.490000 0.151333 0.440000
963 31.429333 0.491667 0.033333 0.276667
283 31.492000 0.491667 0.105333 0.356667
113 31.587667 0.510000 0.099333 0.493333
436 31.687333 0.500000 0.116000 0.306667
268 31.815667 0.498333 0.156667 0.783333
625 31.981667 0.491667 0.194000 0.970000
423 32.126667 0.508333 0.110667 0.350000
148 32.247000 0.505000 0.146000 0.416667
444 32.350667 0.506667 0.077333 0.393333
104 32.470667 0.503333 0.180000 0.900000
691 32.592000 0.498333 0.078667 0.383333
594 32.675000 0.510000 0.104667 0.320000
657 32.763333 0.488333 0.086667 0.350000
853 32.854000 0.496667 0.109333 0.446667
468 32.937000 0.510000 0.072667 0.413333
175 33.019667 0.488333 0.108667 0.416667
830 33.123667 0.510000 0.116667 0.486667
972 33.191667 0.498333 0.038000 0.290000
345 33.260000 0.503333 0.113333 0.306667
252 33.385333 0.500000 0.153333 0.613333
867 33.513667 0.496667 0.122000 0.433333
596 33.637000 0.498333 0.139333 0.416667
612 33.782667 0.506667 0.166667 0.833333
588 33.899000 0.498333 0.084667 0.383333
126 33.990000 0.488333 0.113333 0.383333
192 34.099667 0.501667 0.122000 0.496667
9 34.197000 0.508333 0.086000 0.376667
231 34.323667 0.495000 0.184667 0.923333
649 34.445333 0.505000 0.078667 0.423333
735 34.546333 0.508333 0.136667 0.563333
607 34.663333 0.501667 0.116000 0.350000
598 34.768000 0.488333 0.110667 0.343333
623 34.893667 0.491667 0.160667 0.516667
574 35.010333 0.510000 0.086000 0.346667
912 35.101000 0.503333 0.108667 0.426667
931 35.167667 0.505000 0.044667 0.330000
969 35.202667 0.506667 0.040000 0.306667
880 35.281333 0.495000 0.130667 0.423333
894 35.396667 0.501667 0.120000 0.316667
206 35.537000 0.505000 0.180667 0.903333
655 35.662333 0.503333 0.083333 0.333333
72 35.737333 0.500000 0.080000 0.386667
737 35.803667 0.501667 0.067333 0.416667
944 35.843333 0.488333 0.030667 0.243333
794 35.888000 0.506667 0.073333 0.446667
419 35.959333 0.503333 0.085333 0.413333
477 36.027333 0.505000 0.065333 0.363333
557 36.092667 0.508333 0.081333 0.543333
364 36.206000 0.508333 0.164000 0.436667
856 36.368000 0.498333 0.178667 0.443333
267 36.541333 0.493333 0.181333 0.553333
618 36.662667 0.508333 0.074667 0.463333
234 36.749333 0.493333 0.117333 0.473333
251 36.834333 0.493333 0.068667 0.393333
825 36.899333 0.506667 0.081333 0.400000
381 37.002000 0.500000 0.140000 0.386667
646 37.104333 0.505000 0.080667 0.383333
272 37.214000 0.500000 0.156000 0.460000
778 37.320000 0.488333 0.072000 0.503333
933 37.370333 0.496667 0.046000 0.360000
389 37.446333 0.495000 0.126000 0.356667
803 37.576667 0.493333 0.153333 0.440000
497 37.704333 0.508333 0.116667 0.296667
241 37.806000 0.508333 0.102667 0.576667
1012 37.868667 0.503333 0.041333 0.326667
53 37.940667 0.501667 0.120000 0.403333
459 38.033000 0.510000 0.078000 0.400000
120 38.175333 0.488333 0.220000 0.503333
662 38.333667 0.503333 0.112667 0.373333
253 38.410000 0.500000 0.054667 0.493333
870 38.458333 0.510000 0.060667 0.280000
215 38.536333 0.510000 0.111333 0.506667
839 38.636000 0.501667 0.101333 0.503333
21 38.742333 0.491667 0.124667 0.416667
634 38.832000 0.491667 0.072000 0.303333
552 38.890333 0.505000 0.058000 0.390000
813 38.975000 0.490000 0.131333 0.320000
968 39.052333 0.505000 0.042000 0.316667
936 39.088000 0.496667 0.042667 0.340000
177 39.156333 0.505000 0.111333 0.410000
1011 39.220333 0.496667 0.032667 0.260000
521 39.296667 0.493333 0.140000 0.380000
441 39.395333 0.495000 0.072000 0.423333
918 39.478000 0.510000 0.113333 0.386667
342 39.560000 0.510000 0.065333 0.306667
994 39.602667 0.503333 0.034667 0.280000
1006 39.631333 0.501667 0.038667 0.296667
1004 39.662333 0.491667 0.038000 0.290000
246 39.752333 0.505000 0.162000 0.576667
1022 39.844000 0.498333 0.041333 0.310000
93 39.947333 0.493333 0.185333 0.386667
298 40.064000 0.500000 0.068000 0.346667
859 40.150000 0.491667 0.117333 0.343333
874 40.247000 0.490000 0.090000 0.400000
370 40.357333 0.505000 0.146667 0.443333
644 40.457333 0.493333 0.068000 0.313333
136 40.542000 0.495000 0.114667 0.450000
934 40.610000 0.498333 0.040000 0.310000
906 40.678333 0.506667 0.112667 0.326667
601 40.790000 0.491667 0.124000 0.370000
846 40.892333 0.510000 0.098000 0.406667
841 40.982000 0.508333 0.101333 0.456667
194 41.088333 0.505000 0.128667 0.523333
793 41.188333 0.496667 0.091333 0.366667
445 41.254333 0.490000 0.056667 0.306667
59 41.363667 0.498333 0.179333 0.490000
664 41.509667 0.488333 0.127333 0.456667
679 41.598333 0.505000 0.066000 0.410000
276 41.650333 0.491667 0.051333 0.323333
189 41.713667 0.506667 0.094000 0.473333
405 41.801000 0.501667 0.096667 0.383333
4 41.887000 0.503333 0.088667 0.353333
527 41.996000 0.491667 0.146667 0.423333
240 42.092333 0.493333 0.066000 0.346667
648 42.166333 0.505000 0.096667 0.410000
306 42.246000 0.495000 0.081333 0.456667
278 42.352667 0.490000 0.149333 0.453333
379 42.517333 0.496667 0.200000 1.000000
850 42.654667 0.510000 0.092000 0.380000
878 42.729333 0.501667 0.077333 0.396667
325 42.844333 0.501667 0.171333 0.643333
571 42.964667 0.490000 0.088000 0.353333
176 43.091000 0.491667 0.180667 0.903333
494 43.218667 0.498333 0.094667 0.423333
900 43.328000 0.495000 0.144000 0.443333
115 43.425333 0.503333 0.070667 0.340000
375 43.527000 0.490000 0.147333 0.420000
410 43.641333 0.501667 0.100000 0.490000
193 43.731333 0.505000 0.100000 0.410000
561 43.850667 0.508333 0.153333 0.330000
615 43.993333 0.493333 0.149333 0.646667
32 44.124000 0.505000 0.126667 0.403333
533 44.239667 0.505000 0.123333 0.423333
173 44.333000 0.498333 0.082000 0.370000
827 44.426667 0.506667 0.125333 0.520000
758 44.554333 0.508333 0.148667 0.430000
771 44.667333 0.496667 0.092000 0.486667
836 44.763667 0.503333 0.114000 0.466667
333 44.900333 0.508333 0.179333 0.430000
417 45.023333 0.490000 0.086667 0.413333
153 45.101667 0.505000 0.090000 0.403333
287 45.198000 0.493333 0.118667 0.433333
57 45.280333 0.498333 0.062000 0.256667
581 45.348667 0.508333 0.092000 0.390000
901 45.469000 0.493333 0.167333 0.480000
656 45.610000 0.508333 0.134667 0.310000
582 45.774000 0.510000 0.206667 1.033333
632 45.950667 0.503333 0.166667 0.833333
89 46.107000 0.501667 0.159333 0.796667
996 46.200000 0.498333 0.045333 0.336667
239 46.265667 0.491667 0.102000 0.636667
204 46.359000 0.496667 0.099333 0.500000
142 46.442333 0.490000 0.086000 0.460000
106 46.579667 0.501667 0.202000 1.010000
624 46.771667 0.505000 0.198000 0.990000
496 46.911000 0.506667 0.094000 0.360000
638 46.994333 0.496667 0.087333 0.346667
1023 47.044333 0.508333 0.031333 0.250000
529 47.113333 0.510000 0.121333 0.500000
385 47.222333 0.500000 0.116667 0.346667
13 47.322000 0.501667 0.102667 0.336667
869 47.401333 0.493333 0.072000 0.440000
692 47.481667 0.510000 0.102000 0.506667
541 47.624667 0.488333 0.197333 0.430000
312 47.761333 0.496667 0.092000 0.313333
455 47.834667 0.490000 0.072000 0.366667
1007 47.881333 0.488333 0.034667 0.276667
414 47.948000 0.488333 0.112000 0.550000
947 48.020667 0.488333 0.046667 0.370000
731 48.083000 0.500000 0.091333 0.440000
893 48.191333 0.488333 0.140000 0.423333
40 48.303333 0.505000 0.101333 0.323333
526 48.423333 0.506667 0.158667 0.413333
190 48.549667 0.501667 0.107333 0.503333
392 48.660333 0.490000 0.132667 0.373333
840 48.777667 0.490000 0.119333 0.553333
350 48.914667 0.496667 0.174667 0.873333
914 49.050667 0.506667 0.116000 0.346667
500 49.139000 0.493333 0.076667 0.340000
394 49.242667 0.493333 0.144000 0.426667
237 49.347000 0.491667 0.083333 0.576667
74 49.457667 0.491667 0.158000 0.483333
107 49.636333 0.488333 0.214000 0.470000
1019 49.753000 0.498333 0.038000 0.310000
517 49.818333 0.496667 0.108667 0.346667
165 49.932000 0.503333 0.136000 0.486667
49 50.073667 0.491667 0.164667 0.823333
87 50.247333 0.488333 0.197333 0.423333
359 50.399000 0.491667 0.122000 0.343333
669 50.514000 0.501667 0.126667 0.410000
961 50.591333 0.493333 0.041333 0.346667
358 50.701000 0.505000 0.196667 0.983333
407 50.829667 0.505000 0.079333 0.310000
84 50.916000 0.501667 0.112000 0.310000
493 51.003333 0.498333 0.077333 0.350000
29 51.088000 0.510000 0.108000 0.293333
249 51.174667 0.488333 0.078667 0.503333
728 51.237000 0.490000 0.059333 0.500000
626 51.353667 0.498333 0.187333 0.936667
523 51.497000 0.508333 0.115333 0.376667
382 51.625667 0.501667 0.158000 0.496667
66 51.794333 0.491667 0.194000 0.970000
823 51.920000 0.500000 0.077333 0.353333
183 51.998000 0.508333 0.096000 0.403333
191 52.080667 0.498333 0.088000 0.443333
621 52.136000 0.491667 0.041333 0.443333
147 52.195000 0.493333 0.091333 0.466667
820 52.276000 0.508333 0.089333 0.363333
935 52.332333 0.505000 0.039333 0.283333
404 52.400667 0.495000 0.112000 0.563333
570 52.488000 0.493333 0.082667 0.360000
747 52.576000 0.488333 0.108000 0.443333
995 52.641667 0.493333 0.040667 0.326667
701 52.741667 0.493333 0.179333 0.553333
798 52.878333 0.495000 0.114000 0.463333
536 53.034000 0.500000 0.213333 1.066667
754 53.193000 0.500000 0.119333 0.580000
928 53.268333 0.490000 0.046000 0.346667
166 53.331667 0.488333 0.094000 0.336667
566 53.418333 0.500000 0.098000 0.406667
613 53.561667 0.488333 0.208667 1.043333
79 53.772333 0.490000 0.228667 0.486667
595 53.934667 0.510000 0.114667 0.353333
534 54.036667 0.506667 0.109333 0.480000
454 54.121333 0.498333 0.073333 0.376667
67 54.251333 0.490000 0.204000 1.020000
451 54.375333 0.503333 0.058667 0.333333
5 54.436333 0.501667 0.083333 0.363333
467 54.496667 0.506667 0.057333 0.313333
277 54.559000 0.498333 0.084667 0.390000
838 54.641667 0.506667 0.100667 0.446667
395 54.751000 0.510000 0.132667 0.420000
756 54.866667 0.508333 0.112000 0.316667
329 55.002000 0.503333 0.172000 0.860000
92 55.202333 0.500000 0.242000 0.513333
713 55.415000 0.501667 0.200667 1.003333
425 55.561333 0.506667 0.110667 0.633333
331 55.722000 0.510000 0.230667 1.153333
103 55.941000 0.490000 0.226000 0.486667
435 56.074333 0.491667 0.060667 0.276667
604 56.147667 0.508333 0.106000 0.330000
214 56.251000 0.493333 0.120667 0.493333
670 56.364000 0.496667 0.121333 0.453333
478 56.456333 0.508333 0.076667 0.390000
472 56.515333 0.493333 0.060000 0.313333
506 56.551667 0.495000 0.031333 0.343333
857 56.656667 0.491667 0.193333 0.423333
941 56.767667 0.503333 0.044667 0.346667
484 56.829000 0.506667 0.096667 0.413333
584 56.939667 0.508333 0.143333 0.423333
188 57.044000 0.496667 0.084000 0.400000
321 57.121667 0.506667 0.086000 0.346667
637 57.188667 0.488333 0.061333 0.323333
1009 57.233667 0.500000 0.044667 0.353333
151 57.292667 0.510000 0.089333 0.433333
708 57.376333 0.510000 0.096667 0.440000
693 57.465667 0.500000 0.099333 0.493333
776 57.584667 0.505000 0.154667 0.356667
121 57.662667 0.491667 0.014667 0.276667
622 57.742333 0.491667 0.158000 0.550000
503 57.891333 0.493333 0.158667 0.793333
22 58.019000 0.496667 0.111333 0.373333
706 58.096333 0.500000 0.059333 0.300000
688 58.170000 0.495000 0.105333 0.516667
512 58.265667 0.490000 0.106000 0.373333
181 58.415667 0.508333 0.212667 1.063333
650 58.584667 0.488333 0.140000 0.456667
551 58.697000 0.488333 0.103333 0.330000
82 58.786000 0.506667 0.089333 0.626667
481 58.859333 0.505000 0.077333 0.416667
413 58.956333 0.496667 0.134000 0.566667
256 59.074000 0.501667 0.117333 0.396667
785 59.169000 0.510000 0.086000 0.360000
340 59.250000 0.500000 0.096000 0.306667
130 59.393333 0.510000 0.205333 0.433333
116 59.549333 0.488333 0.124000 0.370000
288 59.655333 0.493333 0.101333 0.386667
606 59.753667 0.493333 0.115333 0.353333
80 59.857000 0.500000 0.104667 0.533333
491 59.941333 0.490000 0.084000 0.413333
954 59.997333 0.506667 0.044000 0.326667
714 60.099000 0.508333 0.178000 0.890000
572 60.228000 0.503333 0.094667 0.386667
712 60.380333 0.491667 0.223333 1.116667
741 60.538667 0.505000 0.106667 0.363333
678 60.627000 0.488333 0.088667 0.303333
518 60.728000 0.501667 0.130667 0.470000
235 60.837667 0.493333 0.104667 0.413333
844 60.940667 0.501667 0.121333 0.543333
416 61.032000 0.508333 0.074667 0.370000
732 61.094333 0.510000 0.067333 0.326667
265 61.191667 0.490000 0.140667 0.540000
114 61.289333 0.493333 0.073333 0.360000
763 61.342000 0.496667 0.045333 0.366667
14 61.414667 0.490000 0.113333 0.386667
862 61.508333 0.495000 0.088667 0.403333
60 61.577000 0.488333 0.068667 0.296667
30 61.659000 0.503333 0.115333 0.340000
751 61.755333 0.503333 0.096000 0.386667
562 61.873667 0.500000 0.158000 0.326667
546 61.992000 0.490000 0.096000 0.353333
7 62.083000 0.496667 0.106000 0.366667
490 62.155333 0.491667 0.052000 0.310000
1015 62.193667 0.503333 0.038000 0.313333
939 62.226333 0.505000 0.043333 0.310000
162 62.303000 0.500000 0.126000 0.466667
141 62.393667 0.491667 0.068667 0.290000
1021 62.441667 0.505000 0.040667 0.323333
317 62.504000 0.488333 0.097333 0.356667
639 62.584000 0.500000 0.081333 0.406667
44 62.660333 0.500000 0.091333 0.366667
507 62.733000 0.500000 0.067333 0.380000
791 62.794333 0.510000 0.074000 0.460000
652 62.899333 0.491667 0.153333 0.523333
128 63.038333 0.510000 0.138000 0.446667
261 63.164333 0.501667 0.127333 0.616667
399 63.277000 0.496667 0.118000 0.440000
428 63.377667 0.496667 0.099333 0.660000
172 63.477333 0.496667 0.120000 0.453333
576 63.574000 0.496667 0.086667 0.333333
219 63.666667 0.490000 0.116000 0.533333
976 63.737000 0.506667 0.040667 0.326667
51 63.805667 0.505000 0.115333 0.370000
91 63.966000 0.493333 0.218667 1.093333
131 64.172000 0.493333 0.213333 1.066667
296 64.318667 0.501667 0.094667 0.343333
316 64.403333 0.505000 0.090667 0.310000
896 64.518333 0.491667 0.156667 0.456667
221 64.632000 0.493333 0.090667 0.446667
641 64.714333 0.500000 0.087333 0.406667
324 64.811667 0.505000 0.123333 0.610000
480 64.894667 0.490000 0.062667 0.373333
723 64.966667 0.506667 0.101333 0.346667
967 65.033667 0.490000 0.046000 0.366667
628 65.144333 0.505000 0.192667 0.963333
139 65.265333 0.488333 0.069333 0.403333
532 65.336667 0.503333 0.088000 0.446667
210 65.420333 0.498333 0.099333 0.403333
373 65.531000 0.488333 0.139333 0.376667
509 65.644667 0.500000 0.105333 0.333333
133 65.751333 0.495000 0.122667 0.390000
323 65.917000 0.493333 0.223333 0.440000
400 66.048333 0.495000 0.059333 0.483333
257 66.131333 0.488333 0.124000 0.403333
502 66.228333 0.498333 0.083333 0.376667
187 66.304667 0.498333 0.084000 0.370000
85 66.398667 0.491667 0.124000 0.496667
765 66.495333 0.493333 0.086667 0.406667
62 66.575333 0.508333 0.089333 0.436667
23 66.681333 0.505000 0.138667 0.390000
640 66.782667 0.496667 0.084000 0.420000
727 66.855667 0.510000 0.076667 0.380000
34 66.942667 0.493333 0.116000 0.366667
452 67.021333 0.491667 0.058667 0.303333
938 67.059667 0.506667 0.036667 0.266667
69 67.126000 0.503333 0.109333 0.533333
154 67.220667 0.505000 0.094667 0.483333
171 67.324000 0.508333 0.125333 0.436667
505 67.408333 0.490000 0.063333 0.266667
279 67.483667 0.490000 0.100667 0.560000
291 67.589667 0.493333 0.124667 0.486667
547 67.682000 0.500000 0.074667 0.426667
292 67.781000 0.493333 0.142000 0.546667
226 67.901000 0.508333 0.118000 0.483333
100 68.048000 0.503333 0.192000 0.960000
38 68.191000 0.496667 0.112667 0.360000
443 68.272000 0.490000 0.068000 0.406667
152 68.333333 0.508333 0.073333 0.350000
327 68.419667 0.501667 0.118000 0.323333
420 68.515333 0.505000 0.090667 0.336667
393 68.635000 0.501667 0.164667 0.823333
915 68.749667 0.501667 0.082000 0.670000
174 68.881333 0.503333 0.197333 0.986667
815 69.044333 0.500000 0.146000 0.426667
46 69.131333 0.505000 0.048000 0.423333
61 69.189333 0.488333 0.082667 0.410000
945 69.241667 0.498333 0.036667 0.276667
974 69.271667 0.501667 0.036667 0.296667
332 69.386333 0.498333 0.208667 1.043333
471 69.523333 0.500000 0.078667 0.406667
804 69.644333 0.506667 0.179333 0.526667
230 69.774667 0.491667 0.094667 0.390000
781 69.846000 0.506667 0.062667 0.320000
535 69.952000 0.503333 0.162667 0.413333
630 70.097333 0.496667 0.146667 0.486667
682 70.222000 0.503333 0.121333 0.453333
654 70.375000 0.491667 0.202000 1.010000
90 70.557000 0.498333 0.180667 0.903333
339 70.680000 0.506667 0.078667 0.400000
946 70.732333 0.495000 0.042000 0.330000
184 70.801000 0.493333 0.110000 0.513333
446 70.892667 0.510000 0.086667 0.440000
685 70.975667 0.496667 0.099333 0.373333
460 71.061000 0.501667 0.086000 0.436667
789 71.136000 0.510000 0.081333 0.480000
956 71.189667 0.510000 0.044667 0.366667
849 71.246667 0.488333 0.086667 0.410000
580 71.352333 0.510000 0.139333 0.333333
248 71.467667 0.503333 0.104667 0.566667
864 71.553333 0.491667 0.085333 0.336667
146 71.639333 0.496667 0.104000 0.446667
889 71.767000 0.488333 0.167333 0.836667
254 71.911000 0.495000 0.140667 0.530000
244 72.053333 0.510000 0.164000 0.446667
668 72.178000 0.503333 0.104000 0.346667
355 72.321000 0.488333 0.200667 1.003333
777 72.479333 0.490000 0.133333 0.540000
603 72.633667 0.500000 0.194000 0.460000
374 72.777333 0.490000 0.112000 0.333333
449 72.863333 0.500000 0.074667 0.426667
952 72.914000 0.503333 0.044000 0.346667
77 72.984333 0.488333 0.111333 0.276667
258 73.098333 0.496667 0.131333 0.466667
824 73.216667 0.505000 0.124000 0.530000
1013 73.287667 0.496667 0.036667 0.273333
501 73.347667 0.493333 0.096667 0.426667
17 73.442000 0.500000 0.106667 0.366667
1020 73.505333 0.505000 0.034667 0.263333
429 73.569333 0.508333 0.108000 0.383333
951 73.636000 0.498333 0.041333 0.350000
304 73.687000 0.493333 0.078000 0.440000
380 73.779333 0.500000 0.121333 0.326667
169 73.892000 0.495000 0.124000 0.436667
498 73.979000 0.506667 0.068667 0.420000
101 74.096333 0.491667 0.180667 0.903333
202 74.247333 0.505000 0.138667 0.536667
1001 74.330667 0.491667 0.042667 0.330000
223 74.386000 0.498333 0.086667 0.423333
998 74.441333 0.505000 0.038667 0.310000
577 74.507000 0.491667 0.110000 0.436667
439 74.598333 0.498333 0.091333 0.356667
528 74.683000 0.508333 0.094000 0.303333
767 74.789333 0.488333 0.134667 0.390000
384 74.933000 0.498333 0.166000 0.830000
511 75.068667 0.510000 0.118667 0.400000
865 75.171667 0.506667 0.102000 0.353333
589 75.255000 0.510000 0.082000 0.346667
430 75.335333 0.496667 0.097333 0.420000
673 75.431667 0.490000 0.108667 0.366667
832 75.541333 0.508333 0.124000 0.510000
144 75.643333 0.491667 0.097333 0.436667
159 75.706667 0.490000 0.042667 0.340000
110 75.775667 0.500000 0.111333 0.393333
45 75.866000 0.510000 0.084000 0.420000
108 76.000000 0.506667 0.201333 1.006667
271 76.168667 0.501667 0.149333 0.463333
302 76.274667 0.503333 0.081333 0.453333
645 76.351667 0.506667 0.086000 0.393333
1017 76.405667 0.500000 0.042000 0.313333
225 76.473333 0.498333 0.108000 0.543333
759 76.590000 0.493333 0.142667 0.460000
550 76.690667 0.490000 0.076000 0.380000
314 76.770333 0.496667 0.096667 0.353333
10 76.860667 0.506667 0.097333 0.313333
988 76.917667 0.495000 0.035333 0.283333
83 76.972333 0.500000 0.092667 0.446667
117 77.069000 0.506667 0.115333 0.340000
349 77.178333 0.488333 0.123333 0.323333
185 77.296000 0.491667 0.130667 0.516667
852 77.408333 0.501667 0.114000 0.470000
216 77.508333 0.495000 0.102000 0.416667
881 77.608667 0.506667 0.117333 0.393333
310 77.689000 0.503333 0.059333 0.340000
499 77.743667 0.488333 0.068667 0.423333
930 77.793667 0.490000 0.044667 0.346667
513 77.868667 0.491667 0.122667 0.410000
940 77.940333 0.508333 0.040667 0.303333
703 78.015667 0.490000 0.130000 0.426667
965 78.096667 0.503333 0.046667 0.346667
376 78.193333 0.501667 0.164000 0.476667
554 78.322667 0.503333 0.110667 0.300000
137 78.412333 0.496667 0.082000 0.406667
367 78.520333 0.488333 0.151333 0.403333
725 78.638333 0.510000 0.100667 0.426667
986 78.700333 0.508333 0.043333 0.330000
112 78.783667 0.503333 0.142000 0.486667
695 78.917000 0.503333 0.143333 0.373333
885 79.019333 0.510000 0.080000 0.366667
285 79.113667 0.488333 0.123333 0.410000
542 79.220333 0.505000 0.103333 0.423333
902 79.345667 0.488333 0.160667 0.423333
68 79.471667 0.491667 0.106000 0.303333
973 79.539000 0.508333 0.043333 0.343333
858 79.608000 0.501667 0.108000 0.350000
247 79.709000 0.505000 0.110000 0.423333
433 79.821333 0.506667 0.128000 0.326667
150 79.941000 0.506667 0.127333 0.493333
418 80.034000 0.496667 0.076000 0.366667
390 80.136667 0.500000 0.149333 0.413333
872 80.260333 0.501667 0.111333 0.310000
805 80.403667 0.491667 0.191333 0.956667
102 80.589333 0.495000 0.200000 0.430000
1002 80.705667 0.503333 0.046000 0.333333
209 80.771000 0.503333 0.104667 0.526667
64 80.848667 0.498333 0.070667 0.356667
486 80.920000 0.491667 0.089333 0.450000
709 81.012667 0.505000 0.113333 0.483333
992 81.078333 0.503333 0.032667 0.260000
458 81.115667 0.501667 0.059333 0.316667
899 81.213667 0.503333 0.156667 0.420000
696 81.366667 0.495000 0.162667 0.376667
877 81.478000 0.496667 0.074667 0.366667
932 81.524000 0.501667 0.033333 0.250000
319 81.585000 0.503333 0.108667 0.393333
525 81.692667 0.506667 0.124000 0.413333
170 81.835333 0.500000 0.177333 0.886667
897 81.975333 0.508333 0.122667 0.336667
1 82.063333 0.491667 0.066667 0.336667
704 82.145333 0.503333 0.117333 0.380000
479 82.231000 0.508333 0.072667 0.403333
363 82.313333 0.508333 0.112000 0.316667
694 82.400000 0.501667 0.078667 0.383333
125 82.470667 0.491667 0.078667 0.350000
926 82.521333 0.493333 0.041333 0.326667
301 82.567000 0.505000 0.064667 0.363333
729 82.610667 0.488333 0.037333 0.416667
845 82.680000 0.488333 0.118667 0.490000
65 82.779667 0.501667 0.096667 0.256667
717 82.912333 0.495000 0.184667 0.583333
919 83.026333 0.506667 0.062000 0.306667
24 83.119333 0.498333 0.141333 0.476667
470 83.212667 0.495000 0.064000 0.330000
583 83.271667 0.508333 0.067333 0.410000
260 83.379667 0.506667 0.164667 0.440000
553 83.509000 0.510000 0.114000 0.406667
27 83.612667 0.500000 0.109333 0.366667
360 83.735000 0.505000 0.152667 0.403333
348 83.863667 0.500000 0.118000 0.366667
764 83.952000 0.510000 0.074667 0.380000
309 84.013667 0.506667 0.066000 0.373333
698 84.064333 0.495000 0.051333 0.270000
396 84.174333 0.505000 0.184667 0.923333
39 84.308333 0.503333 0.098000 0.373333
293 84.403667 0.495000 0.106000 0.436667
743 84.490667 0.505000 0.081333 0.350000
432 84.593000 0.496667 0.142000 0.280000
578 84.709667 0.505000 0.107333 0.430000
149 84.844667 0.493333 0.176000 0.493333
591 85.006667 0.488333 0.161333 0.456667
614 85.139667 0.495000 0.124667 0.336667
752 85.235333 0.498333 0.084000 0.230000
295 85.327000 0.506667 0.119333 0.506667
1018 85.396000 0.508333 0.032000 0.250000
886 85.477333 0.488333 0.146667 0.503333
450 85.572333 0.498333 0.059333 0.350000
975 85.616333 0.510000 0.043333 0.346667
299 85.669000 0.493333 0.079333 0.306667
687 85.743000 0.510000 0.082000 0.406667
465 85.810000 0.498333 0.070667 0.370000
769 85.891000 0.488333 0.108667 0.303333
549 85.995667 0.510000 0.120667 0.406667
70 86.119333 0.501667 0.146667 0.476667
593 86.275667 0.495000 0.180667 0.903333
178 86.417667 0.495000 0.118000 0.423333
33 86.530000 0.500000 0.122667 0.473333
406 86.626000 0.498333 0.084000 0.323333
456 86.687333 0.510000 0.058667 0.353333
979 86.730667 0.493333 0.042667 0.353333
369 86.803000 0.490000 0.115333 0.333333
398 86.890333 0.488333 0.078000 0.423333
724 86.959000 0.505000 0.072667 0.376667
483 87.013333 0.503333 0.052000 0.286667
515 87.090000 0.488333 0.120000 0.376667
647 87.182333 0.498333 0.082000 0.423333
217 87.266000 0.488333 0.104000 0.423333
989 87.323333 0.496667 0.030667 0.260000
73 87.406000 0.495000 0.152000 0.496667
294 87.573667 0.503333 0.198000 0.313333
883 87.752000 0.495000 0.177333 0.383333
469 87.863333 0.498333 0.060000 0.310000
37 87.949333 0.490000 0.125333 0.486667
971 88.023667 0.505000 0.040667 0.303333
818 88.095667 0.500000 0.116667 0.286667
705 88.240333 0.508333 0.190000 0.950000
371 88.384667 0.506667 0.116000 0.340000
873 88.475667 0.496667 0.080667 0.360000
597 88.566000 0.488333 0.116000 0.350000
761 88.678667 0.505000 0.128000 0.390000
462 88.766667 0.496667 0.068000 0.380000
978 88.809667 0.491667 0.038000 0.296667
784 88.844667 0.496667 0.049333 0.406667
895 88.927000 0.503333 0.130000 0.373333
802 89.057667 0.500000 0.151333 0.320000
232 89.189333 0.493333 0.125333 0.506667
453 89.270333 0.506667 0.056667 0.340000
476 89.333667 0.510000 0.086000 0.433333
948 89.388667 0.500000 0.038667 0.326667
391 89.470000 0.491667 0.141333 0.383333
788 89.604000 0.493333 0.140000 0.406667
123 89.772000 0.490000 0.210667 1.053333
337 89.948333 0.488333 0.156667 0.783333
281 90.080000 0.510000 0.121333 0.433333
563 90.201667 0.495000 0.135333 0.303333
311 90.297667 0.501667 0.071333 0.310000
837 90.377667 0.510000 0.104667 0.460000
666 90.485333 0.501667 0.125333 0.410000
585 90.614333 0.510000 0.148667 0.446667
326 90.725667 0.491667 0.090000 0.410000
904 90.800667 0.496667 0.077333 0.360000
1010 90.849000 0.496667 0.039333 0.286667
207 90.909333 0.501667 0.100000 0.503333
816 91.027667 0.510000 0.150000 0.513333
97 91.174667 0.496667 0.162667 0.346667
127 91.324667 0.498333 0.152000 0.503333
520 91.460667 0.488333 0.133333 0.423333
924 91.542667 0.498333 0.046667 0.356667
403 91.646333 0.508333 0.180667 0.903333
20 91.783667 0.508333 0.114000 0.410000
270 91.919000 0.491667 0.176667 0.536667
730 92.071000 0.510000 0.142000 0.513333
658 92.162667 0.508333 0.061333 0.343333
227 92.239333 0.491667 0.106667 0.436667
473 92.318000 0.505000 0.069333 0.356667
675 92.394000 0.490000 0.096000 0.306667
686 92.468333 0.506667 0.071333 0.353333
56 92.530333 0.505000 0.071333 0.096667
19 92.608000 0.501667 0.101333 0.330000
797 92.689333 0.501667 0.080000 0.316667
180 92.784000 0.508333 0.129333 0.456667
806 92.920000 0.496667 0.160000 0.800000
263 93.085667 0.495000 0.184667 0.923333
96 93.275667 0.501667 0.212667 1.063333
548 93.446000 0.495000 0.145333 0.450000
315 93.574333 0.491667 0.131333 0.463333
927 93.653000 0.491667 0.039333 0.310000
985 93.684667 0.490000 0.041333 0.320000
667 93.758000 0.488333 0.120000 0.410000
960 93.826667 0.501667 0.036000 0.263333
796 93.900000 0.505000 0.126667 0.523333
829 94.010000 0.508333 0.108000 0.503333
199 94.103333 0.488333 0.096000 0.396667
871 94.176667 0.505000 0.068000 0.343333
109 94.306000 0.498333 0.209333 0.443333
158 94.492667 0.503333 0.180000 0.900000
164 94.665000 0.498333 0.184667 0.923333
25 94.854333 0.488333 0.212667 1.063333
801 94.996000 0.500000 0.084000 0.306667
911 95.076333 0.501667 0.090000 0.350000
760 95.207000 0.505000 0.186000 0.930000
851 95.348333 0.505000 0.115333 0.476667
620 95.497333 0.500000 0.198667 0.993333
86 95.632333 0.506667 0.091333 0.413333
58 95.696000 0.495000 0.053333 0.236667
817 95.782667 0.495000 0.138667 0.383333
970 95.865333 0.498333 0.045333 0.356667
290 95.936333 0.488333 0.111333 0.336667
826 96.043000 0.488333 0.119333 0.550000
814 96.170667 0.510000 0.149333 0.333333
488 96.279333 0.495000 0.082667 0.430000
842 96.358667 0.495000 0.094667 0.403333
876 96.483333 0.491667 0.173333 0.463333
660 96.605000 0.488333 0.090000 0.296667
220 96.690000 0.503333 0.094667 0.480000
710 96.820000 0.488333 0.181333 0.456667
514 96.961000 0.493333 0.118000 0.373333
156 97.098667 0.508333 0.174667 0.516667
341 97.211333 0.491667 0.065333 0.276667
368 97.329000 0.505000 0.184667 0.923333
750 97.476000 0.498333 0.128000 0.476667
959 97.551667 0.488333 0.038000 0.276667
475 97.606333 0.505000 0.084667 0.443333
463 97.671667 0.501667 0.064667 0.343333
519 97.808333 0.508333 0.223333 1.116667
774 97.949000 0.510000 0.072667 0.380000
320 98.034000 0.506667 0.112000 0.346667
474 98.121000 0.491667 0.080667 0.423333
768 98.184667 0.496667 0.062667 0.173333
782 98.261667 0.501667 0.108667 0.496667
800 98.360667 0.495000 0.109333 0.396667
179 98.471667 0.500000 0.132667 0.486667
111 98.568000 0.491667 0.073333 0.336667
198 98.642333 0.491667 0.095333 0.396667
200 98.723667 0.510000 0.082000 0.420000
245 98.792000 0.490000 0.070667 0.373333
426 98.850667 0.510000 0.061333 0.366667
222 98.930667 0.508333 0.116000 0.503333
284 99.049333 0.505000 0.140000 0.503333
255 99.174333 0.496667 0.128667 0.486667
631 99.300667 0.488333 0.144000 0.476667
504 99.431667 0.503333 0.132667 0.380000
611 99.530667 0.493333 0.080000 0.320000
401 99.611333 0.505000 0.096000 0.536667
415 99.757333 0.493333 0.210667 1.053333
495 99.887000 0.501667 0.064667 0.330000
702 99.989000 0.491667 0.156667 0.490000
1016 100.078333 0.493333 0.036667 0.273333
250 100.158667 0.505000 0.141333 0.683333
868 100.270333 0.488333 0.095333 0.536667
848 100.375667 0.491667 0.135333 0.403333
35 100.490333 0.510000 0.110000 0.360000
242 100.589000 0.493333 0.106000 0.413333
218 100.684333 0.498333 0.104667 0.510000
161 100.779667 0.503333 0.100667 0.386667
908 100.867000 0.493333 0.091333 0.326667
138 100.943667 0.488333 0.078000 0.443333
920 101.027000 0.490000 0.103333 0.386667
353 101.138667 0.493333 0.133333 0.393333
684 101.251333 0.495000 0.110667 0.430000
537 101.458000 0.488333 0.320000 0.710000
605 101.677000 0.491667 0.138000 0.363333
26 101.806000 0.490000 0.134667 0.453333
977 101.884333 0.500000 0.036667 0.266667
264 101.958333 0.508333 0.130000 0.503333
917 102.036667 0.505000 0.045333 0.330000
925 102.066667 0.493333 0.034667 0.266667
530 102.130333 0.495000 0.106000 0.496667
659 102.224000 0.496667 0.100000 0.400000
689 102.315667 0.508333 0.102000 0.503333
307 102.398667 0.498333 0.082667 0.456667
792 102.481000 0.510000 0.098000 0.406667
448 102.548000 0.498333 0.054667 0.290000
31 102.647333 0.503333 0.157333 0.460000
236 102.776000 0.490000 0.114667 0.546667
672 102.883333 0.488333 0.120000 0.410000
54 102.968667 0.491667 0.069333 0.383333
313 103.057667 0.508333 0.128667 0.483333
738 103.152667 0.488333 0.076000 0.370000
993 103.201333 0.491667 0.041333 0.303333
990 103.235000 0.491667 0.042000 0.310000
135 103.305000 0.490000 0.112667 0.446667
228 103.400333 0.498333 0.098000 0.483333
11 103.490000 0.490000 0.097333 0.333333
427 103.575667 0.498333 0.090000 0.423333
799 103.668333 0.488333 0.114000 0.416667
75 103.776333 0.496667 0.119333 0.366667
0 103.855000 0.501667 0.052667 0.416667
431 103.928667 0.498333 0.109333 0.356667
718 104.061000 0.491667 0.170000 0.850000
