953 0.027333 0.508333 0.048000 0.370000
141 0.097000 0.490000 0.107333 0.473333
888 0.196000 0.508333 0.110667 0.376667
460 0.278667 0.490000 0.074667 0.380000
100 0.422667 0.498333 0.230667 0.496667
733 0.572333 0.490000 0.084667 0.500000
850 0.648333 0.498333 0.084667 0.370000
996 0.698667 0.501667 0.033333 0.270000
356 0.793000 0.505000 0.170000 0.850000
692 0.909000 0.501667 0.082000 0.403333
928 0.962333 0.495000 0.039333 0.330000
1004 0.994667 0.495000 0.042667 0.323333
562 1.075333 0.501667 0.137333 0.283333
694 1.175000 0.505000 0.078000 0.383333
518 1.253667 0.498333 0.094000 0.296667
114 1.331667 0.503333 0.078000 0.380000
412 1.400000 0.493333 0.074667 0.373333
28 1.482333 0.506667 0.106000 0.373333
549 1.578333 0.496667 0.099333 0.333333
82 1.662333 0.500000 0.083333 0.633333
178 1.745333 0.493333 0.100000 0.380000
760 1.853000 0.498333 0.134000 0.436667
187 1.954000 0.493333 0.085333 0.420000
894 2.096667 0.506667 0.216000 1.080000
514 2.256000 0.506667 0.118667 0.366667
240 2.336333 0.498333 0.060667 0.303333
971 2.377667 0.510000 0.040667 0.306667
377 2.464333 0.505000 0.152667 0.443333
696 2.599333 0.495000 0.134667 0.310000
905 2.719000 0.490000 0.124667 0.406667
5 2.818333 0.506667 0.094000 0.413333
955 2.882000 0.488333 0.048000 0.370000
553 2.960000 0.501667 0.124000 0.430000
1015 3.032667 0.500000 0.037333 0.306667
744 3.120667 0.498333 0.156000 0.636667
685 3.241000 0.506667 0.099333 0.400000
118 3.336000 0.491667 0.109333 0.430000
223 3.429667 0.491667 0.091333 0.370000
942 3.487667 0.506667 0.042000 0.346667
874 3.536667 0.488333 0.074667 0.356667
950 3.580000 0.491667 0.032000 0.263333
525 3.651000 0.495000 0.126000 0.410000
558 3.747333 0.508333 0.086667 0.430000
520 3.838667 0.491667 0.116000 0.370000
467 3.925667 0.495000 0.074000 0.363333
593 4.016333 0.508333 0.126000 0.396667
4 4.111000 0.495000 0.078000 0.310000
555 4.156667 0.506667 0.030667 0.306667
916 4.267667 0.498333 0.207333 1.036667
887 4.424333 0.493333 0.122000 0.413333
540 4.551333 0.510000 0.152000 0.546667
600 4.674000 0.508333 0.108000 0.330000
297 4.749000 0.495000 0.059333 0.316667
64 4.814000 0.488333 0.088000 0.423333
66 4.902333 0.498333 0.104667 0.610000
799 5.001000 0.503333 0.107333 0.393333
50 5.120333 0.488333 0.148667 0.423333
576 5.230000 0.510000 0.085333 0.340000
191 5.313333 0.498333 0.096000 0.416667
455 5.380667 0.506667 0.053333 0.326667
977 5.418667 0.503333 0.040000 0.320000
710 5.503667 0.500000 0.147333 0.373333
770 5.632667 0.510000 0.129333 0.373333
726 5.732333 0.495000 0.086000 0.443333
724 5.803000 0.501667 0.071333 0.470000
648 5.882333 0.491667 0.100667 0.430000
649 5.978000 0.501667 0.104000 0.550000
228 6.063000 0.495000 0.086000 0.370000
139 6.128333 0.498333 0.062000 0.356667
154 6.195000 0.493333 0.088667 0.406667
984 6.251333 0.493333 0.044000 0.340000
790 6.305000 0.510000 0.078000 0.486667
595 6.387667 0.506667 0.107333 0.326667
125 6.474333 0.493333 0.079333 0.360000
205 6.568000 0.498333 0.122667 0.496667
567 6.688333 0.503333 0.135333 0.553333
948 6.769667 0.488333 0.043333 0.343333
958 6.807333 0.493333 0.045333 0.360000
763 6.847000 0.510000 0.050000 0.386667
290 6.926333 0.490000 0.128667 0.373333
120 7.074667 0.500000 0.188000 0.413333
609 7.193667 0.501667 0.064667 0.263333
446 7.254667 0.488333 0.072000 0.430000
350 7.346667 0.503333 0.128000 0.353333
175 7.449333 0.493333 0.097333 0.360000
589 7.538000 0.500000 0.100000 0.386667
629 7.668333 0.498333 0.179333 0.896667
985 7.766333 0.503333 0.035333 0.266667
587 7.848333 0.500000 0.146000 0.460000
579 8.001000 0.493333 0.178000 0.440000
725 8.150000 0.505000 0.133333 0.570000
759 8.278000 0.503333 0.140000 0.420000
830 8.399667 0.498333 0.118000 0.510000
220 8.500667 0.500000 0.100000 0.500000
816 8.606667 0.488333 0.132000 0.376667
420 8.706667 0.500000 0.082667 0.313333
656 8.829000 0.506667 0.176667 0.426667
913 8.963333 0.506667 0.112000 0.346667
273 9.037667 0.490000 0.050000 0.333333
234 9.105667 0.493333 0.102000 0.513333
389 9.254333 0.505000 0.215333 1.076667
495 9.395667 0.505000 0.084667 0.456667
492 9.474667 0.500000 0.086667 0.466667
704 9.580333 0.508333 0.139333 0.516667
987 9.660333 0.490000 0.035333 0.293333
128 9.764667 0.503333 0.189333 0.573333
922 9.873667 0.495000 0.042000 0.323333
152 9.923000 0.500000 0.074000 0.366667
222 9.993333 0.508333 0.086667 0.363333
272 10.100667 0.490000 0.146667 0.426667
807 10.263000 0.503333 0.194000 0.446667
796 10.408000 0.490000 0.116000 0.433333
833 10.509000 0.495000 0.099333 0.496667
639 10.593333 0.500000 0.084000 0.426667
52 10.687333 0.490000 0.122667 0.420000
450 10.770000 0.506667 0.061333 0.346667
965 10.816667 0.500000 0.048000 0.346667
45 10.868333 0.498333 0.071333 0.356667
966 10.911667 0.505000 0.035333 0.256667
507 10.958667 0.496667 0.077333 0.400000
315 11.043667 0.496667 0.106000 0.406667
676 11.151333 0.493333 0.124000 0.413333
184 11.253000 0.505000 0.094000 0.383333
945 11.309667 0.500000 0.036667 0.300000
570 11.374000 0.501667 0.105333 0.443333
502 11.461333 0.505000 0.088000 0.396667
912 11.552000 0.488333 0.110667 0.436667
401 11.644667 0.510000 0.089333 0.466667
464 11.709667 0.500000 0.059333 0.306667
108 11.842000 0.506667 0.218667 1.093333
471 11.974667 0.506667 0.060000 0.306667
742 12.057333 0.508333 0.118667 0.496667
957 12.122667 0.490000 0.032000 0.260000
650 12.211333 0.495000 0.165333 0.536667
924 12.302667 0.510000 0.033333 0.260000
403 12.380000 0.493333 0.141333 0.393333
376 12.541667 0.488333 0.198000 0.990000
719 12.701667 0.508333 0.142000 0.370000
367 12.831333 0.496667 0.134667 0.413333
563 12.954667 0.510000 0.128000 0.273333
274 13.052667 0.491667 0.085333 0.403333
848 13.153000 0.501667 0.132667 0.416667
943 13.228000 0.488333 0.037333 0.310000
473 13.264667 0.496667 0.052000 0.306667
71 13.312333 0.493333 0.058000 0.306667
307 13.375667 0.493333 0.083333 0.466667
537 13.505333 0.493333 0.189333 0.946667
343 13.658667 0.503333 0.130667 0.360000
533 13.783667 0.490000 0.135333 0.480000
932 13.869000 0.508333 0.050000 0.370000
776 13.972667 0.490000 0.172000 0.380000
941 14.066000 0.495000 0.034667 0.256667
23 14.160000 0.491667 0.168000 0.483333
931 14.250667 0.488333 0.029333 0.243333
251 14.284667 0.500000 0.058667 0.346667
743 14.341000 0.503333 0.071333 0.293333
915 14.403667 0.500000 0.074000 0.600000
1003 14.454000 0.493333 0.041333 0.313333
168 14.511333 0.496667 0.089333 0.346667
872 14.640333 0.505000 0.184667 0.923333
1011 14.745667 0.503333 0.043333 0.326667
148 14.844000 0.498333 0.166667 0.476667
153 14.965667 0.510000 0.094000 0.426667
793 15.061667 0.508333 0.111333 0.456667
880 15.163000 0.503333 0.108667 0.346667
667 15.263667 0.496667 0.111333 0.426667
825 15.352000 0.510000 0.084000 0.366667
697 15.413667 0.495000 0.059333 0.296667
885 15.472000 0.508333 0.076000 0.330000
652 15.565333 0.501667 0.126667 0.430000
568 15.670000 0.496667 0.097333 0.486667
1005 15.727000 0.505000 0.035333 0.270000
745 15.783667 0.505000 0.092667 0.363333
819 15.889333 0.496667 0.133333 0.493333
233 16.007667 0.496667 0.119333 0.606667
781 16.090333 0.493333 0.063333 0.326667
288 16.174333 0.495000 0.118000 0.450000
393 16.284000 0.500000 0.121333 0.320000
802 16.432000 0.506667 0.192000 0.400000
190 16.575000 0.496667 0.108667 0.453333
878 16.669333 0.495000 0.096000 0.490000
362 16.767000 0.510000 0.116667 0.340000
192 16.873667 0.500000 0.112667 0.460000
875 16.987000 0.496667 0.131333 0.326667
527 17.125667 0.491667 0.160667 0.803333
415 17.290333 0.498333 0.184667 0.923333
946 17.391000 0.508333 0.034000 0.276667
0 17.423000 0.508333 0.044667 0.356667
618 17.473000 0.505000 0.075333 0.476667
121 17.512667 0.488333 0.018667 0.343333
204 17.558000 0.500000 0.090667 0.373333
41 17.660000 0.505000 0.129333 0.370000
304 17.746667 0.506667 0.064000 0.360000
1007 17.793333 0.503333 0.046667 0.353333
440 17.845667 0.506667 0.072667 0.380000
262 17.920333 0.490000 0.096667 0.493333
952 17.978333 0.501667 0.038000 0.296667
554 18.103333 0.496667 0.228000 1.140000
786 18.244333 0.488333 0.071333 0.443333
316 18.325667 0.506667 0.111333 0.393333
357 18.444667 0.490000 0.140000 0.393333
123 18.610667 0.496667 0.205333 1.026667
961 18.725000 0.503333 0.039333 0.300000
702 18.809333 0.498333 0.144000 0.450000
265 18.988667 0.503333 0.230667 1.153333
586 19.165000 0.508333 0.138000 0.383333
873 19.279333 0.490000 0.104000 0.500000
259 19.374333 0.495000 0.099333 0.496667
695 19.501333 0.500000 0.172000 0.526667
322 19.632000 0.501667 0.105333 0.176667
110 19.732000 0.510000 0.112000 0.406667
171 19.839333 0.503333 0.121333 0.460000
638 19.933000 0.498333 0.079333 0.310000
131 20.019667 0.503333 0.111333 0.433333
291 20.136333 0.491667 0.140667 0.570000
944 20.218000 0.505000 0.042667 0.336667
550 20.275000 0.495000 0.084667 0.423333
951 20.327333 0.503333 0.040000 0.313333
334 20.408667 0.495000 0.141333 0.430000
876 20.533667 0.506667 0.124667 0.306667
761 20.669000 0.510000 0.159333 0.473333
756 20.816000 0.500000 0.148000 0.453333
493 20.918000 0.506667 0.073333 0.346667
199 20.990667 0.491667 0.088000 0.430000
394 21.081333 0.496667 0.110667 0.313333
837 21.178333 0.505000 0.103333 0.436667
405 21.269667 0.501667 0.098000 0.376667
868 21.353667 0.510000 0.083333 0.473333
784 21.414333 0.506667 0.054000 0.440000
320 21.500333 0.498333 0.135333 0.396667
255 21.616667 0.503333 0.114667 0.440000
371 21.727000 0.491667 0.120667 0.356667
597 21.839000 0.498333 0.116667 0.343333
268 21.990333 0.488333 0.204667 1.023333
243 22.171667 0.508333 0.174000 0.870000
275 22.278000 0.490000 0.058667 0.360000
260 22.371000 0.493333 0.142000 0.373333
10 22.493333 0.490000 0.120000 0.420000
858 22.592000 0.501667 0.096000 0.290000
500 22.675667 0.490000 0.088667 0.400000
95 22.801000 0.488333 0.178000 0.890000
782 22.923667 0.506667 0.084667 0.386667
337 23.042333 0.498333 0.168667 0.843333
700 23.173333 0.493333 0.110667 0.466667
613 23.299333 0.493333 0.154667 0.773333
828 23.414667 0.495000 0.089333 0.443333
1013 23.470667 0.506667 0.037333 0.280000
338 23.554667 0.498333 0.144000 0.743333
548 23.673667 0.500000 0.112667 0.353333
395 23.799667 0.488333 0.154000 0.430000
435 23.899333 0.498333 0.058667 0.270000
235 23.973333 0.498333 0.106667 0.503333
48 24.124000 0.506667 0.208000 1.040000
70 24.294000 0.493333 0.145333 0.486667
445 24.392000 0.498333 0.065333 0.370000
68 24.485333 0.500000 0.137333 0.393333
217 24.639667 0.505000 0.187333 0.936667
434 24.791333 0.496667 0.130667 0.446667
457 24.878333 0.490000 0.056667 0.306667
160 24.934000 0.488333 0.068000 0.363333
368 25.032333 0.501667 0.144667 0.383333
436 25.159333 0.496667 0.124000 0.346667
246 25.298667 0.493333 0.173333 0.866667
836 25.432000 0.491667 0.108000 0.503333
606 25.548000 0.500000 0.142667 0.426667
410 25.653000 0.495000 0.086000 0.423333
94 25.795667 0.495000 0.215333 1.076667
855 25.927333 0.495000 0.066667 0.170000
383 26.019000 0.488333 0.132667 0.390000
164 26.136333 0.490000 0.116667 0.406667
1009 26.203000 0.510000 0.035333 0.286667
19 26.265667 0.508333 0.108667 0.383333
592 26.390667 0.498333 0.158667 0.490000
920 26.506000 0.510000 0.085333 0.320000
396 26.606000 0.503333 0.133333 0.386667
319 26.702333 0.503333 0.074000 0.273333
482 26.761667 0.488333 0.064667 0.383333
387 26.847000 0.508333 0.124667 0.343333
584 26.963667 0.495000 0.122000 0.383333
634 27.068000 0.488333 0.100000 0.416667
911 27.150667 0.498333 0.081333 0.290000
716 27.265667 0.506667 0.164667 0.440000
900 27.400667 0.508333 0.124000 0.390000
544 27.492667 0.490000 0.077333 0.280000
301 27.561000 0.496667 0.078000 0.440000
521 27.665000 0.508333 0.150000 0.383333
231 27.792000 0.495000 0.117333 0.536667
783 27.892667 0.488333 0.097333 0.523333
934 27.951000 0.510000 0.032667 0.253333
267 28.070667 0.506667 0.221333 1.106667
755 28.239667 0.498333 0.135333 0.390000
678 28.366667 0.498333 0.133333 0.430000
863 28.467667 0.488333 0.084667 0.403333
15 28.549667 0.503333 0.092667 0.333333
214 28.651333 0.506667 0.130667 0.526667
937 28.730667 0.493333 0.045333 0.353333
758 28.801667 0.488333 0.115333 0.383333
122 28.900667 0.500000 0.101333 0.353333
281 28.991333 0.501667 0.098667 0.350000
44 29.086333 0.490000 0.108667 0.426667
104 29.226000 0.490000 0.190667 0.406667
419 29.351000 0.491667 0.075333 0.363333
815 29.455667 0.491667 0.151333 0.370000
107 29.627000 0.488333 0.211333 1.056667
326 29.765667 0.491667 0.083333 0.376667
364 29.895000 0.495000 0.192667 0.963333
96 30.091667 0.505000 0.219333 1.096667
583 30.220000 0.501667 0.054667 0.316667
981 30.254333 0.496667 0.028667 0.246667
670 30.317000 0.500000 0.112667 0.413333
898 30.422333 0.495000 0.114000 0.336667
443 30.499000 0.503333 0.056667 0.313333
580 30.602000 0.498333 0.168000 0.463333
680 30.733667 0.505000 0.111333 0.403333
739 30.814333 0.493333 0.067333 0.580000
603 30.921333 0.500000 0.161333 0.806667
470 31.025667 0.505000 0.060667 0.330000
236 31.111333 0.490000 0.128000 0.526667
165 31.228000 0.501667 0.124000 0.450000
480 31.309667 0.488333 0.058000 0.303333
907 31.395000 0.505000 0.126000 0.436667
688 31.497333 0.495000 0.097333 0.483333
581 31.585667 0.510000 0.095333 0.400000
130 31.723667 0.498333 0.200667 1.003333
422 31.870333 0.510000 0.108667 0.446667
686 31.961000 0.496667 0.090000 0.440000
385 32.074000 0.506667 0.153333 0.426667
219 32.191333 0.490000 0.094667 0.446667
146 32.264667 0.500000 0.072000 0.366667
653 32.403000 0.491667 0.218000 1.090000
764 32.547333 0.491667 0.084000 0.410000
13 32.627667 0.488333 0.095333 0.310000
501 32.712333 0.491667 0.088667 0.423333
224 32.792667 0.506667 0.085333 0.400000
852 32.878333 0.488333 0.103333 0.483333
997 32.942667 0.505000 0.042667 0.316667
36 33.023333 0.488333 0.133333 0.416667
87 33.164667 0.496667 0.168000 0.840000
917 33.262667 0.495000 0.046667 0.330000
1017 33.299667 0.490000 0.042000 0.360000
557 33.358667 0.495000 0.094667 0.636667
662 33.457667 0.495000 0.120667 0.416667
355 33.584667 0.505000 0.150667 0.443333
2 33.692000 0.488333 0.084000 0.396667
612 33.830333 0.498333 0.208667 1.043333
244 34.007000 0.500000 0.162000 0.440000
861 34.104333 0.495000 0.052667 0.410000
378 34.186000 0.498333 0.129333 0.396667
239 34.293667 0.503333 0.102000 0.640000
127 34.400667 0.510000 0.125333 0.433333
11 34.495000 0.496667 0.083333 0.293333
325 34.639667 0.495000 0.224667 1.123333
229 34.787000 0.503333 0.083333 0.353333
39 34.868333 0.491667 0.098000 0.323333
442 34.937667 0.510000 0.058000 0.300000
162 35.020333 0.495000 0.124667 0.483333
751 35.123000 0.495000 0.099333 0.423333
590 35.241667 0.500000 0.152667 0.520000
683 35.388667 0.500000 0.161333 0.806667
134 35.509333 0.496667 0.093333 0.373333
854 35.644667 0.508333 0.192000 0.603333
227 35.774333 0.488333 0.080667 0.376667
57 35.832000 0.500000 0.053333 0.333333
735 35.924333 0.493333 0.151333 0.606667
105 36.088000 0.493333 0.194667 0.973333
242 36.238000 0.495000 0.124000 0.490000
982 36.313667 0.500000 0.042000 0.306667
65 36.370333 0.496667 0.086000 0.220000
292 36.467667 0.508333 0.123333 0.490000
411 36.618667 0.493333 0.198667 0.993333
365 36.796333 0.488333 0.174000 0.870000
133 36.921000 0.510000 0.094000 0.420000
441 36.999000 0.510000 0.079333 0.406667
826 37.090667 0.505000 0.118667 0.510000
30 37.214000 0.503333 0.145333 0.426667
407 37.324667 0.500000 0.096000 0.360000
959 37.381000 0.501667 0.034000 0.276667
968 37.413667 0.508333 0.050000 0.376667
47 37.486667 0.506667 0.109333 0.526667
699 37.589333 0.488333 0.110667 0.303333
598 37.702333 0.491667 0.130000 0.390000
437 37.811333 0.506667 0.108000 0.480000
189 37.907333 0.498333 0.102667 0.436667
574 37.990667 0.498333 0.078667 0.316667
286 38.082000 0.500000 0.124000 0.453333
904 38.170667 0.488333 0.073333 0.350000
736 38.227000 0.491667 0.056667 0.383333
869 38.276667 0.506667 0.060000 0.393333
327 38.374333 0.495000 0.154000 0.443333
536 38.541000 0.501667 0.192667 0.963333
352 38.696667 0.500000 0.137333 0.393333
617 38.814333 0.510000 0.111333 0.440000
308 38.896333 0.505000 0.071333 0.396667
150 38.975667 0.490000 0.107333 0.440000
74 39.085000 0.501667 0.126000 0.390000
853 39.188000 0.495000 0.100000 0.410000
143 39.271000 0.508333 0.079333 0.390000
250 39.366000 0.496667 0.124000 0.593333
156 39.491667 0.498333 0.140667 0.363333
822 39.608667 0.508333 0.106667 0.330000
669 39.707333 0.506667 0.105333 0.340000
483 39.788667 0.508333 0.072000 0.370000
215 39.866000 0.490000 0.096000 0.420000
463 39.940667 0.501667 0.068000 0.343333
1006 39.987000 0.493333 0.042000 0.326667
780 40.082333 0.505000 0.162000 0.490000
202 40.204000 0.488333 0.094667 0.370000
155 40.290333 0.491667 0.098000 0.570000
176 40.381667 0.490000 0.104667 0.406667
721 40.514667 0.500000 0.181333 0.906667
85 40.637000 0.503333 0.080667 0.306667
539 40.710667 0.501667 0.086667 0.390000
804 40.814000 0.493333 0.138667 0.400000
305 40.914000 0.496667 0.074667 0.420000
332 41.037667 0.501667 0.186000 0.930000
895 41.198000 0.495000 0.152000 0.443333
980 41.283333 0.501667 0.034667 0.283333
406 41.338667 0.505000 0.090667 0.343333
169 41.442667 0.508333 0.132000 0.463333
722 41.559667 0.488333 0.115333 0.343333
620 41.679000 0.496667 0.139333 0.600000
918 41.800333 0.496667 0.122000 0.440000
938 41.874000 0.490000 0.042667 0.366667
750 41.938667 0.501667 0.100000 0.370000
930 42.005000 0.498333 0.047333 0.363333
821 42.060000 0.493333 0.081333 0.586667
730 42.173333 0.490000 0.161333 0.580000
388 42.314667 0.501667 0.138667 0.423333
891 42.407667 0.493333 0.063333 0.313333
21 42.479667 0.495000 0.098000 0.316667
423 42.591333 0.501667 0.144000 0.450000
835 42.701667 0.496667 0.090000 0.353333
53 42.783000 0.503333 0.087333 0.320000
254 42.891000 0.500000 0.144667 0.553333
363 43.031333 0.500000 0.153333 0.446667
37 43.152667 0.488333 0.102667 0.336667
73 43.257333 0.501667 0.126667 0.390000
504 43.375000 0.491667 0.124667 0.370000
203 43.485000 0.495000 0.112667 0.570000
509 43.595000 0.490000 0.122000 0.406667
151 43.686000 0.506667 0.078667 0.393333
511 43.774333 0.503333 0.111333 0.353333
787 43.859667 0.488333 0.072667 0.443333
1023 43.908000 0.508333 0.038667 0.330000
949 43.936667 0.490000 0.036000 0.286667
865 44.005333 0.501667 0.116000 0.410000
723 44.101000 0.510000 0.094000 0.326667
689 44.190667 0.510000 0.102667 0.500000
491 44.284333 0.501667 0.100667 0.496667
988 44.345333 0.493333 0.040000 0.313333
348 44.431333 0.493333 0.148000 0.413333
54 44.522667 0.491667 0.050667 0.303333
372 44.610000 0.508333 0.141333 0.396667
270 44.769333 0.495000 0.196000 0.596667
330 44.911000 0.508333 0.103333 0.390000
247 45.010333 0.505000 0.108667 0.456667
794 45.085333 0.506667 0.061333 0.373333
404 45.167667 0.498333 0.116667 0.590000
323 45.320000 0.501667 0.206667 0.456667
261 45.514667 0.506667 0.196000 0.980000
439 45.649000 0.503333 0.088667 0.366667
116 45.736000 0.503333 0.105333 0.313333
56 45.813000 0.498333 0.062000 0.096667
92 45.942000 0.495000 0.214667 0.450000
660 46.089667 0.491667 0.098000 0.336667
43 46.183333 0.503333 0.106667 0.420000
775 46.266000 0.493333 0.078667 0.386667
671 46.345667 0.506667 0.100667 0.326667
248 46.433667 0.488333 0.090000 0.490000
740 46.528667 0.505000 0.113333 0.263333
226 46.639333 0.491667 0.121333 0.516667
312 46.746000 0.508333 0.108000 0.423333
132 46.832333 0.501667 0.084667 0.363333
956 46.889333 0.496667 0.045333 0.366667
1001 46.921000 0.493333 0.032667 0.260000
636 46.992000 0.501667 0.128000 0.310000
194 47.112333 0.510000 0.130000 0.526667
63 47.219000 0.493333 0.102000 0.360000
753 47.319000 0.500000 0.118000 0.393333
798 47.411000 0.508333 0.083333 0.323333
551 47.507333 0.510000 0.125333 0.380000
651 47.661667 0.495000 0.200667 1.003333
643 47.805667 0.506667 0.103333 0.373333
599 47.914333 0.490000 0.127333 0.380000
245 47.997667 0.508333 0.054000 0.256667
424 48.083333 0.493333 0.137333 0.433333
93 48.231667 0.488333 0.172667 0.363333
771 48.358333 0.505000 0.098000 0.503333
738 48.433000 0.491667 0.066000 0.323333
976 48.477000 0.506667 0.039333 0.300000
846 48.548000 0.490000 0.116000 0.486667
313 48.642667 0.505000 0.093333 0.316667
113 48.729667 0.510000 0.096667 0.486667
336 48.820000 0.488333 0.102667 0.490000
506 48.881000 0.510000 0.035333 0.380000
392 48.949000 0.498333 0.114000 0.336667
264 49.072667 0.506667 0.149333 0.566667
498 49.171333 0.510000 0.065333 0.406667
711 49.290333 0.498333 0.190000 0.523333
451 49.409333 0.496667 0.061333 0.320000
640 49.471667 0.491667 0.078000 0.390000
811 49.572333 0.500000 0.142000 0.500000
774 49.673333 0.508333 0.074667 0.443333
484 49.760000 0.506667 0.113333 0.413333
839 49.865000 0.505000 0.110000 0.530000
978 49.931333 0.498333 0.040000 0.303333
800 50.002333 0.495000 0.115333 0.423333
731 50.083333 0.503333 0.064000 0.306667
35 50.167000 0.501667 0.120667 0.396667
258 50.279000 0.500000 0.122000 0.413333
198 50.419333 0.503333 0.176000 0.880000
55 50.567333 0.506667 0.134667 0.366667
818 50.682000 0.490000 0.112000 0.386667
77 50.801667 0.493333 0.144667 0.360000
382 50.977000 0.501667 0.224667 1.123333
569 51.127333 0.491667 0.089333 0.356667
1021 51.182000 0.498333 0.037333 0.290000
541 51.298000 0.508333 0.209333 0.436667
32 51.460667 0.506667 0.133333 0.440000
752 51.553667 0.503333 0.068667 0.186667
610 51.637667 0.495000 0.114000 0.350000
9 51.740667 0.490000 0.110667 0.453333
33 51.833000 0.503333 0.088667 0.300000
565 51.950667 0.488333 0.161333 0.330000
346 52.085333 0.493333 0.124000 0.393333
207 52.199000 0.498333 0.123333 0.510000
166 52.304000 0.496667 0.100000 0.360000
881 52.408667 0.503333 0.126667 0.426667
823 52.516667 0.506667 0.108000 0.526667
841 52.619000 0.488333 0.111333 0.556667
124 52.720667 0.500000 0.110667 0.400000
749 52.816000 0.495000 0.096000 0.403333
577 52.895333 0.488333 0.080000 0.316667
573 52.970000 0.493333 0.086667 0.360000
499 53.039000 0.503333 0.070000 0.420000
983 53.082667 0.505000 0.034667 0.263333
490 53.131000 0.505000 0.076667 0.456667
140 53.259333 0.510000 0.196000 0.980000
543 53.434667 0.488333 0.173333 0.530000
883 53.607333 0.496667 0.190667 0.953333
335 53.758000 0.508333 0.130667 0.416667
351 53.872667 0.496667 0.113333 0.346667
40 53.965667 0.498333 0.091333 0.310000
708 54.091667 0.498333 0.176667 0.883333
517 54.237333 0.495000 0.132000 0.450000
512 54.364000 0.508333 0.140000 0.443333
927 54.451667 0.496667 0.050000 0.366667
559 54.514000 0.505000 0.092000 0.456667
1000 54.571667 0.506667 0.036667 0.273333
929 54.600333 0.498333 0.034000 0.263333
302 54.646000 0.500000 0.073333 0.413333
361 54.735333 0.490000 0.118667 0.313333
188 54.840333 0.488333 0.104667 0.423333
892 54.952667 0.510000 0.138667 0.393333
211 55.116000 0.496667 0.204000 1.020000
309 55.241667 0.488333 0.060667 0.336667
661 55.320000 0.488333 0.116000 0.430000
842 55.411000 0.493333 0.079333 0.366667
391 55.517333 0.488333 0.150667 0.443333
478 55.616000 0.488333 0.062667 0.376667
734 55.735667 0.505000 0.190000 0.516667
289 55.903333 0.496667 0.158667 0.793333
311 56.023667 0.491667 0.099333 0.423333
611 56.111333 0.493333 0.094667 0.380000
353 56.233000 0.493333 0.163333 0.480000
487 56.341333 0.490000 0.072000 0.373333
299 56.416667 0.495000 0.098667 0.383333
867 56.511333 0.503333 0.109333 0.340000
516 56.621000 0.493333 0.128667 0.420000
358 56.776000 0.493333 0.197333 0.986667
675 56.914667 0.498333 0.098667 0.350000
59 57.033667 0.491667 0.159333 0.796667
318 57.146333 0.490000 0.079333 0.400000
1 57.213333 0.503333 0.072000 0.366667
206 57.344667 0.490000 0.206667 1.033333
432 57.493667 0.491667 0.110000 0.216667
679 57.579667 0.506667 0.079333 0.486667
633 57.691667 0.508333 0.158000 0.790000
824 57.805000 0.510000 0.086000 0.400000
901 57.907333 0.496667 0.138667 0.406667
860 58.049333 0.510000 0.165333 0.826667
271 58.234000 0.503333 0.218667 1.093333
354 58.448333 0.491667 0.227333 1.136667
624 58.626333 0.498333 0.142000 0.470000
138 58.728667 0.503333 0.081333 0.466667
67 58.871333 0.501667 0.222667 0.463333
631 59.065000 0.493333 0.184667 0.613333
535 59.227333 0.500000 0.153333 0.326667
158 59.397000 0.501667 0.199333 0.996667
843 59.545333 0.503333 0.117333 0.480000
720 59.688333 0.488333 0.187333 0.503333
596 59.836667 0.505000 0.129333 0.390000
897 59.951000 0.510000 0.119333 0.346667
923 60.019667 0.501667 0.031333 0.256667
298 60.064000 0.491667 0.076000 0.376667
630 60.174333 0.508333 0.163333 0.543333
479 60.284667 0.490000 0.076000 0.453333
515 60.365667 0.491667 0.106000 0.330000
714 60.507333 0.508333 0.197333 0.543333
607 60.656333 0.505000 0.114000 0.343333
3 60.743667 0.506667 0.078000 0.340000
827 60.820333 0.490000 0.095333 0.413333
6 60.907000 0.500000 0.098000 0.373333
329 61.044667 0.496667 0.194667 0.973333
808 61.186333 0.503333 0.104667 0.386667
16 61.289333 0.508333 0.118667 0.410000
458 61.377000 0.498333 0.070000 0.363333
183 61.449000 0.493333 0.088667 0.446667
232 61.543667 0.488333 0.119333 0.496667
864 61.651333 0.490000 0.110667 0.440000
102 61.783667 0.495000 0.167333 0.836667
886 61.943333 0.496667 0.168000 0.840000
614 62.114333 0.498333 0.192667 0.963333
20 62.252333 0.498333 0.099333 0.323333
578 62.346000 0.490000 0.108000 0.426667
575 62.438000 0.500000 0.096000 0.313333
933 62.501000 0.498333 0.046000 0.363333
142 62.618333 0.488333 0.203333 1.016667
438 62.794333 0.488333 0.167333 0.496667
375 62.932000 0.488333 0.125333 0.370000
278 63.053000 0.490000 0.135333 0.413333
797 63.162333 0.508333 0.096667 0.356667
989 63.224000 0.493333 0.042667 0.340000
530 63.276000 0.501667 0.081333 0.390000
879 63.368667 0.495000 0.121333 0.350000
779 63.445000 0.501667 0.047333 0.410000
814 63.531000 0.488333 0.144667 0.330000
324 63.671333 0.506667 0.154667 0.760000
76 63.813333 0.508333 0.142667 0.436667
1014 63.896333 0.505000 0.039333 0.316667
625 63.990000 0.488333 0.168000 0.570000
345 64.180333 0.508333 0.227333 1.136667
832 64.338000 0.506667 0.101333 0.413333
489 64.416333 0.505000 0.068667 0.350000
707 64.491333 0.495000 0.101333 0.470000
960 64.560000 0.493333 0.049333 0.373333
418 64.622667 0.496667 0.092000 0.453333
626 64.742333 0.493333 0.164667 0.546667
665 64.865667 0.488333 0.095333 0.310000
903 65.012667 0.506667 0.212000 1.060000
672 65.176000 0.500000 0.129333 0.440000
664 65.299333 0.500000 0.133333 0.460000
698 65.384333 0.506667 0.050000 0.260000
817 65.460333 0.488333 0.115333 0.270000
812 65.581333 0.500000 0.140000 0.433333
137 65.671333 0.501667 0.060000 0.290000
256 65.737667 0.503333 0.092667 0.320000
384 65.890667 0.500000 0.228000 1.140000
801 66.046000 0.488333 0.101333 0.376667
296 66.140000 0.495000 0.101333 0.383333
408 66.231000 0.493333 0.100667 0.393333
80 66.314333 0.500000 0.084667 0.433333
1019 66.367667 0.500000 0.042000 0.340000
195 66.429667 0.506667 0.099333 0.400000
505 66.499000 0.498333 0.056667 0.236667
193 66.579333 0.506667 0.117333 0.473333
485 66.662333 0.510000 0.066000 0.340000
106 66.768000 0.493333 0.158667 0.793333
314 66.889333 0.488333 0.097333 0.370000
522 66.978333 0.501667 0.095333 0.303333
46 67.037667 0.498333 0.043333 0.403333
427 67.112333 0.510000 0.126000 0.600000
61 67.201667 0.503333 0.071333 0.360000
60 67.263000 0.488333 0.064667 0.270000
641 67.322333 0.506667 0.067333 0.320000
757 67.405667 0.488333 0.115333 0.350000
632 67.552667 0.501667 0.198667 0.623333
287 67.701333 0.500000 0.114667 0.426667
844 67.805000 0.495000 0.110000 0.483333
488 67.890000 0.495000 0.078667 0.376667
788 68.008333 0.505000 0.175333 0.476667
461 68.118333 0.493333 0.059333 0.326667
27 68.208667 0.503333 0.138667 0.473333
765 68.310667 0.506667 0.080000 0.400000
635 68.386667 0.498333 0.088000 0.363333
510 68.481000 0.503333 0.120667 0.386667
602 68.602000 0.503333 0.137333 0.426667
472 68.699333 0.498333 0.072000 0.430000
466 68.765333 0.488333 0.074667 0.450000
209 68.856000 0.493333 0.124000 0.500000
849 68.951667 0.508333 0.082000 0.390000
947 69.008667 0.488333 0.048000 0.350000
729 69.036333 0.495000 0.027333 0.396667
979 69.060667 0.506667 0.040000 0.333333
282 69.132333 0.493333 0.119333 0.413333
386 69.282333 0.505000 0.194000 0.970000
331 69.504333 0.503333 0.267333 0.600000
494 69.667667 0.505000 0.075333 0.410000
737 69.720333 0.505000 0.050000 0.323333
12 69.792000 0.508333 0.110667 0.376667
447 69.871000 0.491667 0.066000 0.336667
582 69.980000 0.500000 0.168000 0.840000
1018 70.076000 0.498333 0.044000 0.363333
159 70.108667 0.496667 0.036000 0.293333
280 70.188000 0.488333 0.142667 0.530000
283 70.323333 0.508333 0.141333 0.483333
970 70.407333 0.490000 0.041333 0.293333
221 70.474667 0.495000 0.109333 0.550000
381 70.590667 0.501667 0.141333 0.390000
877 70.688333 0.506667 0.074000 0.373333
893 70.815667 0.501667 0.196667 0.983333
172 70.964333 0.506667 0.119333 0.426667
390 71.091333 0.493333 0.152000 0.426667
101 71.258333 0.508333 0.202000 0.436667
682 71.399000 0.501667 0.099333 0.370000
99 71.542333 0.501667 0.202000 1.010000
588 71.682333 0.506667 0.091333 0.413333
295 71.765667 0.503333 0.095333 0.406667
18 71.863667 0.493333 0.114000 0.386667
748 71.957667 0.500000 0.087333 0.300000
991 72.015000 0.503333 0.047333 0.366667
594 72.087000 0.500000 0.112667 0.333333
180 72.190667 0.505000 0.114667 0.443333
1012 72.256667 0.491667 0.037333 0.310000
889 72.345000 0.510000 0.159333 0.513333
98 72.532333 0.508333 0.230000 0.496667
22 72.709333 0.500000 0.137333 0.460000
810 72.826333 0.505000 0.110000 0.476667
115 72.905667 0.490000 0.068667 0.353333
277 72.976333 0.493333 0.091333 0.433333
58 73.036333 0.501667 0.046000 0.283333
566 73.109333 0.490000 0.114667 0.460000
999 73.179000 0.496667 0.044667 0.346667
174 73.243667 0.506667 0.099333 0.380000
706 73.317667 0.498333 0.068667 0.350000
149 73.431667 0.495000 0.176667 0.883333
936 73.536333 0.506667 0.047333 0.346667
414 73.615333 0.496667 0.130667 0.653333
532 73.728667 0.501667 0.109333 0.563333
992 73.792000 0.493333 0.037333 0.293333
778 73.848333 0.491667 0.091333 0.583333
186 73.927667 0.505000 0.082000 0.370000
182 74.060000 0.490000 0.196000 0.980000
397 74.202667 0.505000 0.109333 0.450000
766 74.316333 0.493333 0.131333 0.386667
177 74.439667 0.503333 0.130000 0.460000
88 74.574000 0.490000 0.154667 0.773333
26 74.708333 0.500000 0.127333 0.433333
621 74.789667 0.506667 0.052667 0.513333
838 74.869333 0.491667 0.120000 0.550000
890 74.985333 0.495000 0.125333 0.516667
564 75.113667 0.491667 0.147333 0.303333
974 75.194333 0.493333 0.032667 0.253333
119 75.241667 0.496667 0.075333 0.446667
870 75.302333 0.505000 0.062000 0.316667
909 75.368333 0.503333 0.087333 0.386667
84 75.455000 0.501667 0.099333 0.270000
789 75.528000 0.495000 0.061333 0.370000
339 75.591000 0.495000 0.082000 0.443333
768 75.662667 0.496667 0.078667 0.226667
210 75.748000 0.496667 0.105333 0.533333
456 75.833333 0.508333 0.080000 0.423333
717 75.954333 0.491667 0.182000 0.910000
75 76.122000 0.498333 0.166667 0.510000
503 76.260667 0.506667 0.126667 0.326667
986 76.332000 0.500000 0.034667 0.280000
529 76.385333 0.508333 0.086667 0.376667
882 76.463333 0.490000 0.085333 0.340000
111 76.547333 0.508333 0.101333 0.463333
715 76.698333 0.498333 0.220667 1.103333
144 76.847000 0.506667 0.096667 0.433333
89 76.976667 0.506667 0.180000 0.380000
474 77.098667 0.491667 0.077333 0.416667
17 77.186333 0.498333 0.115333 0.396667
1008 77.252333 0.503333 0.036667 0.280000
677 77.309333 0.510000 0.093333 0.300000
230 77.454667 0.490000 0.212000 1.060000
767 77.604333 0.500000 0.100667 0.293333
605 77.703000 0.493333 0.112667 0.293333
967 77.771000 0.501667 0.038000 0.316667
884 77.849000 0.505000 0.135333 0.456667
238 77.974333 0.488333 0.130000 0.503333
728 78.057333 0.495000 0.049333 0.416667
964 78.094000 0.500000 0.037333 0.286667
24 78.168000 0.491667 0.130667 0.443333
732 78.263667 0.503333 0.074000 0.373333
413 78.345667 0.493333 0.104667 0.420000
303 78.428667 0.496667 0.078667 0.440000
963 78.483333 0.490000 0.045333 0.340000
81 78.556667 0.506667 0.121333 0.493333
462 78.642000 0.510000 0.064000 0.326667
444 78.701333 0.493333 0.069333 0.360000
147 78.765667 0.500000 0.074000 0.393333
7 78.859000 0.488333 0.131333 0.463333
668 78.961667 0.503333 0.091333 0.306667
293 79.043000 0.488333 0.090000 0.356667
619 79.118333 0.488333 0.079333 0.430000
616 79.225000 0.490000 0.151333 0.426667
97 79.411667 0.498333 0.235333 0.496667
421 79.604000 0.493333 0.169333 0.846667
117 79.757333 0.488333 0.150667 0.450000
284 79.890667 0.506667 0.130667 0.473333
249 79.990000 0.505000 0.081333 0.510000
1002 80.043000 0.493333 0.042000 0.306667
840 80.100333 0.501667 0.090000 0.436667
813 80.202333 0.505000 0.134000 0.396667
657 80.315333 0.505000 0.109333 0.470000
627 80.437333 0.496667 0.154667 0.773333
681 80.532667 0.488333 0.050667 0.430000
360 80.613000 0.488333 0.123333 0.336667
642 80.717667 0.496667 0.102000 0.413333
430 80.806333 0.498333 0.091333 0.390000
79 80.938667 0.496667 0.189333 0.946667
954 81.038667 0.506667 0.030667 0.246667
163 81.142667 0.503333 0.190667 0.953333
926 81.250667 0.500000 0.045333 0.353333
899 81.327667 0.503333 0.124667 0.340000
129 81.448000 0.500000 0.133333 0.533333
940 81.527333 0.500000 0.045333 0.346667
252 81.601667 0.495000 0.122000 0.476667
340 81.717000 0.500000 0.124667 0.373333
645 81.814667 0.498333 0.088000 0.396667
1016 81.869000 0.501667 0.035333 0.263333
25 81.980667 0.500000 0.206667 1.033333
561 82.179000 0.508333 0.204667 0.476667
871 82.301000 0.493333 0.059333 0.300000
962 82.339667 0.495000 0.032667 0.270000
51 82.398333 0.498333 0.100667 0.316667
673 82.498667 0.493333 0.117333 0.433333
452 82.583667 0.490000 0.068667 0.366667
623 82.681333 0.503333 0.141333 0.466667
674 82.807333 0.490000 0.126667 0.473333
690 82.900333 0.498333 0.078000 0.383333
310 82.963667 0.491667 0.067333 0.376667
773 83.049333 0.500000 0.120000 0.366667
646 83.144000 0.496667 0.088000 0.373333
328 83.270000 0.491667 0.181333 0.410000
834 83.406667 0.503333 0.112000 0.546667
91 83.544333 0.488333 0.179333 0.896667
294 83.710000 0.490000 0.166667 0.833333
718 83.894000 0.510000 0.214667 0.560000
545 84.038000 0.506667 0.090667 0.320000
69 84.133667 0.493333 0.119333 0.580000
829 84.245333 0.488333 0.122667 0.510000
370 84.392667 0.490000 0.190667 0.953333
208 84.532667 0.488333 0.108000 0.463333
83 84.612333 0.506667 0.067333 0.333333
213 84.697000 0.495000 0.115333 0.510000
197 84.790333 0.490000 0.088667 0.366667
78 84.925000 0.491667 0.195333 0.450000
31 85.084000 0.510000 0.138667 0.406667
285 85.204667 0.491667 0.121333 0.403333
173 85.297333 0.503333 0.081333 0.366667
972 85.353000 0.488333 0.046000 0.350000
973 85.387333 0.498333 0.037333 0.290000
425 85.449333 0.505000 0.101333 0.583333
86 85.532333 0.508333 0.084667 0.390000
615 85.615333 0.503333 0.101333 0.466667
908 85.712667 0.501667 0.113333 0.423333
654 85.863000 0.493333 0.202000 0.413333
859 86.004333 0.510000 0.098000 0.306667
449 86.072000 0.500000 0.053333 0.306667
552 86.114667 0.491667 0.045333 0.283333
333 86.205000 0.498333 0.148667 0.323333
103 86.356333 0.488333 0.168667 0.843333
571 86.484333 0.493333 0.100667 0.406667
608 86.569000 0.491667 0.083333 0.290000
1020 86.624000 0.505000 0.040000 0.330000
647 86.672333 0.496667 0.076667 0.386667
448 86.736667 0.505000 0.068000 0.390000
560 86.850667 0.500000 0.180000 0.900000
402 87.016333 0.493333 0.171333 0.513333
663 87.148333 0.503333 0.112667 0.366667
161 87.244667 0.488333 0.100000 0.376667
454 87.319667 0.496667 0.064667 0.326667
526 87.406667 0.488333 0.126667 0.336667
241 87.513333 0.493333 0.101333 0.553333
994 87.578667 0.508333 0.042667 0.316667
659 87.629000 0.491667 0.076667 0.303333
693 87.696667 0.500000 0.072000 0.353333
185 87.768333 0.495000 0.090000 0.376667
845 87.861000 0.510000 0.115333 0.553333
237 87.952667 0.510000 0.082667 0.586667
601 88.050667 0.510000 0.128000 0.380000
476 88.138000 0.505000 0.062667 0.330000
431 88.214000 0.488333 0.102667 0.343333
795 88.296667 0.505000 0.080000 0.483333
62 88.361667 0.498333 0.067333 0.316667
914 88.436667 0.493333 0.101333 0.306667
263 88.552000 0.501667 0.146667 0.503333
475 88.657333 0.498333 0.080000 0.410000
572 88.729333 0.493333 0.081333 0.333333
701 88.851333 0.503333 0.180000 0.900000
253 88.959667 0.493333 0.054000 0.493333
49 89.078667 0.490000 0.204000 1.020000
712 89.256667 0.493333 0.172000 0.860000
993 89.352333 0.496667 0.034000 0.280000
459 89.398000 0.496667 0.074667 0.446667
359 89.479000 0.488333 0.107333 0.323333
380 89.605000 0.488333 0.159333 0.456667
519 89.728000 0.490000 0.102667 0.333333
373 89.871667 0.491667 0.203333 1.016667
556 90.011333 0.505000 0.094667 0.383333
321 90.091000 0.493333 0.082000 0.393333
181 90.197667 0.493333 0.147333 0.493333
347 90.322333 0.496667 0.116667 0.346667
805 90.452667 0.505000 0.158667 0.463333
705 90.633000 0.508333 0.220667 1.103333
831 90.777333 0.491667 0.088000 0.363333
919 90.853667 0.493333 0.078000 0.360000
218 90.950333 0.510000 0.131333 0.533333
379 91.060667 0.506667 0.109333 0.326667
637 91.131667 0.491667 0.047333 0.250000
809 91.209333 0.508333 0.126667 0.696667
591 91.325000 0.498333 0.124667 0.356667
398 91.418667 0.498333 0.076000 0.410000
469 91.479000 0.501667 0.059333 0.343333
38 91.553333 0.505000 0.106667 0.336667
29 91.658333 0.501667 0.123333 0.356667
524 91.781000 0.506667 0.138000 0.433333
585 91.911000 0.501667 0.135333 0.390000
896 92.048000 0.496667 0.156000 0.413333
990 92.134333 0.491667 0.030000 0.243333
399 92.195667 0.510000 0.106000 0.380000
341 92.274667 0.491667 0.069333 0.303333
135 92.370333 0.503333 0.135333 0.480000
851 92.490000 0.506667 0.121333 0.493333
939 92.560667 0.505000 0.034667 0.263333
746 92.629000 0.506667 0.122000 0.400000
792 92.731667 0.503333 0.096667 0.386667
703 92.843667 0.503333 0.142000 0.500000
820 92.956333 0.503333 0.103333 0.440000
691 93.046000 0.498333 0.090667 0.443333
769 93.142667 0.510000 0.117333 0.326667
300 93.224000 0.503333 0.061333 0.193333
276 93.274667 0.498333 0.060000 0.396667
847 93.355333 0.508333 0.116000 0.356667
856 93.477667 0.508333 0.147333 0.370000
777 93.589000 0.508333 0.094000 0.410000
785 93.657000 0.503333 0.060667 0.260000
910 93.736000 0.501667 0.117333 0.356667
196 93.830667 0.510000 0.088000 0.400000
225 93.915667 0.495000 0.102000 0.423333
72 94.005000 0.506667 0.094000 0.446667
998 94.070333 0.496667 0.050000 0.380000
429 94.145667 0.510000 0.116667 0.420000
655 94.241333 0.495000 0.090667 0.403333
906 94.339000 0.506667 0.123333 0.340000
468 94.425667 0.506667 0.066000 0.393333
14 94.508000 0.503333 0.113333 0.400000
428 94.602000 0.495000 0.093333 0.650000
747 94.688667 0.498333 0.100000 0.396667
508 94.770000 0.490000 0.077333 0.406667
546 94.845000 0.493333 0.090000 0.326667
969 94.907333 0.491667 0.048000 0.363333
433 94.994667 0.501667 0.146667 0.390000
349 95.137667 0.496667 0.155333 0.413333
902 95.322000 0.493333 0.228000 1.140000
486 95.459333 0.506667 0.065333 0.326667
531 95.599333 0.506667 0.229333 1.146667
513 95.756000 0.500000 0.104000 0.340000
496 95.848333 0.503333 0.098000 0.413333
547 95.926000 0.510000 0.072000 0.406667
754 96.016000 0.495000 0.124000 0.603333
857 96.153000 0.495000 0.166000 0.370000
538 96.323000 0.491667 0.190000 0.436667
157 96.495333 0.505000 0.172000 0.716667
266 96.643333 0.491667 0.137333 0.456667
145 96.747333 0.503333 0.086667 0.400000
200 96.829000 0.500000 0.096667 0.393333
866 96.974667 0.490000 0.209333 1.046667
604 97.139333 0.498333 0.138667 0.436667
409 97.294333 0.498333 0.186000 0.930000
112 97.443333 0.495000 0.129333 0.430000
306 97.533333 0.498333 0.066667 0.376667
42 97.598000 0.493333 0.080000 0.453333
416 97.667333 0.490000 0.073333 0.353333
791 97.732000 0.493333 0.076000 0.453333
167 97.814667 0.498333 0.104000 0.376667
628 97.955333 0.496667 0.193333 0.966667
465 98.080333 0.500000 0.074000 0.440000
34 98.164667 0.510000 0.110667 0.380000
806 98.306000 0.496667 0.192000 0.446667
369 98.459333 0.508333 0.129333 0.343333
523 98.571333 0.498333 0.109333 0.343333
921 98.643333 0.491667 0.054667 0.323333
344 98.764667 0.506667 0.201333 1.006667
644 98.898667 0.491667 0.086667 0.436667
481 98.970000 0.500000 0.072000 0.373333
136 99.046667 0.505000 0.097333 0.363333
8 99.137667 0.508333 0.099333 0.363333
400 99.207000 0.510000 0.052667 0.446667
542 99.301333 0.505000 0.156000 0.543333
622 99.466333 0.500000 0.191333 0.640000
1010 99.570667 0.496667 0.034667 0.253333
534 99.621333 0.495000 0.081333 0.330000
417 99.704333 0.493333 0.103333 0.500000
762 99.797000 0.495000 0.099333 0.436667
741 99.892333 0.498333 0.104667 0.356667
687 99.977333 0.500000 0.078667 0.386667
975 100.028000 0.496667 0.036000 0.293333
713 100.135667 0.498333 0.196667 0.983333
212 100.284333 0.501667 0.115333 0.470000
179 100.381667 0.505000 0.094000 0.363333
935 100.444000 0.506667 0.044000 0.346667
709 100.503333 0.493333 0.088000 0.380000
803 100.624667 0.510000 0.170667 0.506667
426 100.732667 0.488333 0.060000 0.403333
366 100.826667 0.505000 0.146667 0.403333
995 100.907667 0.506667 0.035333 0.280000
257 100.990333 0.503333 0.143333 0.453333
1022 101.071333 0.500000 0.037333 0.306667
477 101.115333 0.498333 0.065333 0.336667
317 101.187667 0.496667 0.098000 0.393333
727 101.255000 0.505000 0.052667 0.323333
216 101.327667 0.510000 0.108667 0.513333
374 101.447333 0.493333 0.145333 0.386667
90 101.601333 0.493333 0.176000 0.380000
528 101.739667 0.490000 0.115333 0.380000
497 101.846667 0.495000 0.116000 0.296667
658 101.926667 0.510000 0.061333 0.360000
862 101.978667 0.506667 0.060000 0.320000
279 102.042333 0.508333 0.084667 0.490000
269 102.177333 0.500000 0.200000 1.000000
666 102.326667 0.510000 0.117333 0.386667
772 102.466000 0.493333 0.180000 0.566667
453 102.576333 0.496667 0.055333 0.326667
170 102.645000 0.498333 0.102000 0.376667
925 102.713667 0.498333 0.048667 0.363333
684 102.786333 0.493333 0.114000 0.426667
201 102.882667 0.501667 0.096000 0.403333
109 103.033333 0.498333 0.222667 0.483333
126 103.204000 0.500000 0.137333 0.460000
342 103.298667 0.501667 0.070667 0.330000
