799 0.044333 0.506667 0.082000 0.300000
421 0.155667 0.501667 0.159333 0.543333
663 0.279333 0.495000 0.102667 0.376667
33 0.367333 0.496667 0.093333 0.300000
6 0.460333 0.490000 0.110000 0.433333
807 0.607333 0.505000 0.198667 0.470000
165 0.747667 0.510000 0.102000 0.380000
588 0.844000 0.493333 0.110667 0.480000
720 0.978333 0.495000 0.172667 0.863333
927 1.072333 0.493333 0.035333 0.273333
767 1.152333 0.500000 0.142000 0.413333
317 1.260333 0.490000 0.090000 0.340000
525 1.351333 0.498333 0.106667 0.343333
956 1.418667 0.505000 0.042667 0.336667
187 1.494000 0.508333 0.124000 0.516667
247 1.591000 0.493333 0.083333 0.406667
723 1.678333 0.498333 0.106000 0.363333
940 1.743000 0.505000 0.038000 0.276667
411 1.843667 0.510000 0.180667 0.386667
780 1.994000 0.490000 0.133333 0.380000
77 2.123000 0.506667 0.142000 0.353333
582 2.299333 0.506667 0.224000 1.120000
312 2.469000 0.491667 0.130000 0.443333
845 2.573333 0.503333 0.093333 0.453333
132 2.649333 0.510000 0.078667 0.346667
162 2.733000 0.508333 0.104667 0.390000
765 2.808333 0.503333 0.066000 0.313333
670 2.890333 0.506667 0.114000 0.426667
711 3.032667 0.491667 0.185333 0.476667
184 3.162333 0.510000 0.090000 0.413333
762 3.245000 0.495000 0.092667 0.390000
635 3.320000 0.505000 0.070667 0.290000
819 3.424000 0.505000 0.156000 0.343333
89 3.585000 0.501667 0.183333 0.916667
470 3.697000 0.488333 0.055333 0.296667
236 3.765333 0.501667 0.094667 0.423333
288 3.860000 0.495000 0.108000 0.416667
817 3.963333 0.505000 0.114667 0.296667
909 4.054333 0.500000 0.087333 0.380000
156 4.172333 0.488333 0.164667 0.823333
925 4.263333 0.495000 0.036000 0.276667
484 4.331667 0.506667 0.115333 0.433333
615 4.448000 0.510000 0.137333 0.606667
315 4.559000 0.488333 0.100667 0.396667
587 4.679333 0.505000 0.157333 0.483333
664 4.817000 0.510000 0.136667 0.473333
774 4.911667 0.503333 0.066000 0.340000
220 4.987333 0.510000 0.098667 0.393333
404 5.082000 0.490000 0.106667 0.540000
872 5.235667 0.491667 0.214000 1.070000
292 5.400333 0.488333 0.131333 0.510000
464 5.495000 0.510000 0.072667 0.373333
541 5.596000 0.503333 0.144000 0.346667
51 5.715000 0.500000 0.110000 0.380000
981 5.782333 0.496667 0.044667 0.353333
496 5.847667 0.488333 0.103333 0.430000
474 5.931333 0.498333 0.078667 0.396667
929 5.979000 0.506667 0.032667 0.266667
466 6.024000 0.488333 0.077333 0.410000
391 6.126333 0.493333 0.143333 0.386667
36 6.240667 0.501667 0.102667 0.323333
153 6.334333 0.490000 0.103333 0.473333
597 6.433000 0.505000 0.108667 0.336667
960 6.498000 0.495000 0.038667 0.296667
523 6.575667 0.506667 0.135333 0.453333
363 6.708000 0.505000 0.148000 0.430000
15 6.826333 0.503333 0.106000 0.360000
577 6.924667 0.495000 0.104000 0.410000
463 7.001667 0.491667 0.063333 0.376667
1007 7.040000 0.503333 0.029333 0.246667
377 7.120333 0.501667 0.151333 0.410000
158 7.252000 0.500000 0.132000 0.413333
367 7.383333 0.496667 0.145333 0.393333
30 7.504000 0.496667 0.112000 0.333333
405 7.595667 0.501667 0.090000 0.336667
952 7.648333 0.493333 0.035333 0.266667
318 7.711667 0.500000 0.104667 0.433333
329 7.860667 0.495000 0.206667 0.730000
859 8.020000 0.490000 0.132000 0.380000
978 8.097667 0.506667 0.043333 0.333333
390 8.179000 0.491667 0.136667 0.410000
314 8.291333 0.500000 0.106667 0.393333
532 8.387000 0.506667 0.102000 0.520000
776 8.490333 0.488333 0.122000 0.290000
585 8.629000 0.491667 0.170000 0.850000
257 8.773000 0.498333 0.136667 0.443333
439 8.889000 0.495000 0.112667 0.443333
583 8.966667 0.510000 0.060000 0.366667
559 9.029000 0.496667 0.080667 0.393333
338 9.140000 0.500000 0.157333 0.813333
415 9.306333 0.501667 0.195333 0.976667
110 9.448667 0.498333 0.106667 0.383333
394 9.587000 0.495000 0.183333 0.916667
598 9.722000 0.491667 0.101333 0.316667
895 9.837333 0.491667 0.149333 0.430000
775 9.940000 0.506667 0.074667 0.366667
639 10.008333 0.491667 0.078000 0.390000
526 10.117667 0.505000 0.158000 0.396667
890 10.233000 0.503333 0.090000 0.366667
849 10.323000 0.498333 0.110000 0.496667
140 10.457667 0.498333 0.172667 0.863333
218 10.587000 0.508333 0.099333 0.483333
988 10.647667 0.503333 0.042000 0.313333
456 10.698000 0.495000 0.077333 0.463333
573 10.777333 0.500000 0.101333 0.400000
778 10.864000 0.508333 0.085333 0.590000
68 10.952000 0.510000 0.105333 0.300000
622 11.078000 0.510000 0.165333 0.826667
708 11.200333 0.495000 0.094000 0.430000
972 11.261667 0.493333 0.048667 0.346667
335 11.336000 0.505000 0.116000 0.396667
923 11.403333 0.493333 0.032000 0.260000
10 11.475667 0.508333 0.127333 0.410000
771 11.572667 0.490000 0.080000 0.393333
299 11.644000 0.490000 0.082667 0.320000
995 11.698333 0.491667 0.043333 0.350000
488 11.742667 0.501667 0.060000 0.323333
360 11.841667 0.495000 0.154000 0.470000
1012 11.925000 0.490000 0.032667 0.260000
427 11.993667 0.491667 0.118000 0.556667
584 12.117667 0.508333 0.150000 0.463333
355 12.259000 0.488333 0.152667 0.403333
346 12.400333 0.501667 0.143333 0.383333
182 12.531667 0.488333 0.136667 0.476667
166 12.643000 0.508333 0.102000 0.396667
125 12.732667 0.498333 0.090667 0.436667
96 12.887000 0.503333 0.231333 0.500000
1 13.029000 0.488333 0.067333 0.343333
647 13.090333 0.510000 0.072667 0.373333
248 13.162667 0.501667 0.085333 0.423333
812 13.263000 0.505000 0.131333 0.330000
274 13.363667 0.496667 0.087333 0.413333
471 13.425667 0.506667 0.051333 0.313333
578 13.490000 0.491667 0.092000 0.356667
551 13.584667 0.496667 0.113333 0.346667
65 13.682000 0.491667 0.100000 0.250000
698 13.753333 0.508333 0.057333 0.303333
217 13.816000 0.498333 0.086667 0.396667
601 13.904333 0.488333 0.106000 0.330000
516 14.010667 0.488333 0.126667 0.410000
948 14.085333 0.491667 0.038667 0.323333
448 14.126333 0.510000 0.058000 0.300000
721 14.224667 0.488333 0.158667 0.423333
856 14.371333 0.496667 0.149333 0.366667
80 14.482000 0.510000 0.085333 0.440000
529 14.579000 0.488333 0.127333 0.476667
599 14.687333 0.498333 0.106667 0.323333
161 14.788333 0.493333 0.112667 0.433333
481 14.864667 0.493333 0.056000 0.286667
282 14.950000 0.500000 0.130667 0.446667
122 15.049333 0.491667 0.084000 0.296667
560 15.188000 0.506667 0.208000 1.040000
920 15.331333 0.501667 0.093333 0.336667
235 15.416667 0.495000 0.094667 0.410000
157 15.524333 0.488333 0.135333 0.563333
616 15.669000 0.505000 0.174000 0.496667
614 15.843667 0.498333 0.190000 0.950000
445 15.958667 0.488333 0.056000 0.316667
366 16.041667 0.505000 0.127333 0.343333
725 16.153000 0.503333 0.114000 0.486667
904 16.240000 0.488333 0.076000 0.356667
287 16.329333 0.508333 0.116000 0.430000
433 16.438000 0.488333 0.116000 0.276667
64 16.526667 0.490000 0.076000 0.400000
207 16.671333 0.506667 0.226667 1.133333
232 16.823333 0.503333 0.097333 0.420000
227 16.915000 0.510000 0.100667 0.486667
732 16.987667 0.498333 0.064667 0.316667
642 17.048333 0.503333 0.076667 0.300000
688 17.124333 0.501667 0.092667 0.463333
808 17.209000 0.488333 0.095333 0.416667
507 17.283333 0.491667 0.072000 0.396667
368 17.366333 0.510000 0.108667 0.293333
727 17.445000 0.505000 0.062000 0.283333
189 17.524333 0.500000 0.116667 0.533333
609 17.610333 0.488333 0.075333 0.310000
676 17.687000 0.508333 0.095333 0.336667
509 17.778333 0.491667 0.103333 0.336667
107 17.903333 0.496667 0.166667 0.833333
180 18.023333 0.493333 0.093333 0.340000
606 18.120667 0.505000 0.116000 0.350000
976 18.194667 0.496667 0.046667 0.360000
351 18.315333 0.503333 0.212000 1.060000
632 18.488667 0.496667 0.152000 0.480000
901 18.637333 0.496667 0.160000 0.433333
869 18.746333 0.495000 0.078000 0.476667
704 18.841000 0.490000 0.124667 0.440000
818 18.965000 0.510000 0.136667 0.333333
1016 19.047000 0.490000 0.042000 0.353333
493 19.105000 0.503333 0.087333 0.393333
342 19.182333 0.506667 0.082000 0.360000
540 19.309333 0.493333 0.188000 0.720000
12 19.442333 0.488333 0.096667 0.350000
49 19.556000 0.496667 0.146667 0.733333
348 19.687667 0.508333 0.130000 0.356667
176 19.800333 0.500000 0.115333 0.440000
420 19.889667 0.491667 0.079333 0.290000
375 19.992000 0.490000 0.138667 0.406667
438 20.110000 0.488333 0.117333 0.356667
709 20.206333 0.508333 0.091333 0.403333
436 20.308333 0.488333 0.130000 0.376667
88 20.468667 0.491667 0.208000 0.443333
18 20.622667 0.505000 0.113333 0.423333
422 20.724000 0.503333 0.106667 0.406667
82 20.805667 0.506667 0.076667 0.586667
855 20.868000 0.493333 0.061333 0.153333
487 20.925333 0.488333 0.070667 0.403333
621 20.975667 0.500000 0.047333 0.480000
160 21.023667 0.490000 0.062000 0.333333
272 21.143000 0.508333 0.192667 0.963333
188 21.277667 0.505000 0.095333 0.396667
486 21.351667 0.510000 0.067333 0.400000
553 21.432667 0.490000 0.112000 0.393333
300 21.512000 0.501667 0.064000 0.203333
146 21.572000 0.490000 0.070667 0.366667
285 21.665333 0.490000 0.133333 0.433333
903 21.793000 0.508333 0.142000 0.396667
741 21.904333 0.490000 0.100667 0.346667
241 21.993333 0.508333 0.092000 0.516667
262 22.085667 0.500000 0.107333 0.540000
620 22.198333 0.496667 0.134000 0.586667
517 22.309667 0.491667 0.107333 0.336667
742 22.413667 0.510000 0.120667 0.493333
195 22.520333 0.505000 0.106000 0.490000
212 22.624667 0.495000 0.118667 0.490000
1017 22.696000 0.495000 0.041333 0.310000
712 22.807000 0.491667 0.198000 0.990000
728 22.931667 0.498333 0.068667 0.596667
298 22.999333 0.498333 0.084000 0.416667
339 23.085667 0.493333 0.106000 0.560000
148 23.218333 0.505000 0.174000 0.476667
432 23.354333 0.495000 0.118000 0.230000
867 23.457000 0.508333 0.106000 0.356667
994 23.523333 0.493333 0.045333 0.353333
891 23.572000 0.496667 0.072000 0.320000
773 23.677333 0.498333 0.158667 0.423333
1003 23.768000 0.493333 0.040000 0.293333
628 23.863000 0.508333 0.164667 0.823333
779 23.958667 0.488333 0.045333 0.403333
472 24.009333 0.491667 0.070667 0.423333
356 24.102000 0.498333 0.130667 0.403333
365 24.224000 0.498333 0.130667 0.363333
138 24.320667 0.495000 0.077333 0.443333
798 24.394000 0.495000 0.084000 0.303333
519 24.497667 0.503333 0.140667 0.473333
850 24.603667 0.495000 0.090000 0.370000
251 24.666667 0.491667 0.052000 0.296667
28 24.741667 0.491667 0.114000 0.436667
613 24.877333 0.501667 0.177333 0.450000
374 25.064333 0.501667 0.214000 1.070000
973 25.185333 0.503333 0.048000 0.353333
980 25.217667 0.510000 0.034000 0.266667
536 25.295333 0.506667 0.137333 0.553333
219 25.409000 0.510000 0.106000 0.533333
951 25.475000 0.505000 0.040667 0.323333
834 25.538333 0.505000 0.103333 0.490000
657 25.625000 0.498333 0.088667 0.336667
95 25.746667 0.498333 0.174667 0.376667
906 25.902667 0.505000 0.150667 0.403333
408 26.017333 0.491667 0.094667 0.356667
413 26.135333 0.506667 0.157333 0.786667
964 26.226000 0.503333 0.042667 0.340000
897 26.317667 0.491667 0.158000 0.416667
1020 26.407000 0.498333 0.034000 0.256667
744 26.492667 0.510000 0.153333 0.633333
992 26.581667 0.503333 0.043333 0.360000
806 26.707667 0.508333 0.226000 0.556667
0 26.832000 0.488333 0.038667 0.323333
831 26.898667 0.498333 0.109333 0.523333
504 27.013000 0.498333 0.138000 0.403333
209 27.127000 0.490000 0.106000 0.433333
748 27.231333 0.505000 0.122667 0.436667
228 27.329333 0.510000 0.090667 0.446667
302 27.398000 0.505000 0.064000 0.363333
147 27.471667 0.488333 0.096667 0.430000
333 27.608333 0.503333 0.194000 0.473333
919 27.740333 0.501667 0.084667 0.356667
911 27.825667 0.505000 0.104667 0.370000
557 27.906000 0.500000 0.076000 0.513333
777 27.983333 0.493333 0.093333 0.393333
495 28.053000 0.496667 0.062000 0.300000
686 28.115000 0.493333 0.079333 0.393333
935 28.169667 0.488333 0.043333 0.323333
437 28.228667 0.506667 0.092000 0.453333
321 28.317667 0.491667 0.102000 0.510000
735 28.416333 0.496667 0.108667 0.446667
693 28.499000 0.495000 0.072667 0.356667
786 28.563333 0.506667 0.072000 0.453333
611 28.626667 0.503333 0.074667 0.320000
41 28.712333 0.498333 0.116667 0.323333
309 28.793667 0.496667 0.062000 0.346667
637 28.853333 0.510000 0.072000 0.373333
485 28.922000 0.503333 0.080000 0.406667
105 29.040000 0.510000 0.176000 0.880000
200 29.166333 0.491667 0.096667 0.490000
843 29.257333 0.503333 0.102667 0.426667
358 29.359667 0.488333 0.116667 0.316667
74 29.476333 0.503333 0.130000 0.406667
44 29.584000 0.498333 0.104000 0.410000
32 29.687333 0.496667 0.118667 0.393333
884 29.807667 0.501667 0.136667 0.463333
651 29.955667 0.505000 0.172667 0.576667
475 30.077667 0.498333 0.087333 0.450000
680 30.174000 0.496667 0.118667 0.413333
225 30.280333 0.488333 0.114000 0.523333
111 30.368667 0.508333 0.078667 0.343333
638 30.451000 0.498333 0.100667 0.396667
547 30.524333 0.500000 0.062000 0.353333
294 30.666333 0.491667 0.238000 0.396667
81 30.824333 0.510000 0.098000 0.393333
854 30.936333 0.493333 0.143333 0.433333
192 31.048000 0.506667 0.098667 0.500000
359 31.166667 0.495000 0.156000 0.410000
13 31.279667 0.500000 0.088667 0.286667
476 31.341333 0.493333 0.054667 0.313333
347 31.438333 0.508333 0.155333 0.436667
640 31.549333 0.503333 0.080000 0.400000
383 31.644667 0.498333 0.126667 0.343333
393 31.777333 0.495000 0.156000 0.450000
273 31.870667 0.505000 0.050667 0.296667
461 31.925333 0.488333 0.073333 0.376667
805 32.040000 0.510000 0.172000 0.493333
863 32.173000 0.503333 0.108667 0.520000
687 32.263333 0.488333 0.085333 0.416667
483 32.332667 0.488333 0.070667 0.376667
787 32.389667 0.503333 0.063333 0.386667
607 32.475667 0.500000 0.126000 0.373333
70 32.605000 0.503333 0.151333 0.526667
564 32.742000 0.498333 0.140000 0.283333
671 32.846333 0.491667 0.087333 0.290000
991 32.902667 0.495000 0.041333 0.310000
280 32.979333 0.503333 0.125333 0.413333
999 33.054333 0.510000 0.044667 0.326667
689 33.118667 0.505000 0.098667 0.490000
743 33.201667 0.498333 0.083333 0.350000
535 33.340667 0.496667 0.210667 1.053333
480 33.476000 0.488333 0.074667 0.376667
296 33.553000 0.493333 0.096667 0.353333
739 33.630000 0.505000 0.073333 0.556667
47 33.700667 0.490000 0.084000 0.406667
649 33.773000 0.505000 0.078000 0.416667
531 33.911333 0.510000 0.218667 1.093333
57 34.036000 0.508333 0.050667 0.323333
453 34.094000 0.508333 0.078667 0.416667
868 34.170667 0.488333 0.094667 0.530000
852 34.250667 0.490000 0.081333 0.380000
164 34.350667 0.501667 0.136000 0.496667
803 34.494000 0.493333 0.164000 0.480000
401 34.610667 0.495000 0.085333 0.476667
451 34.681333 0.491667 0.074667 0.383333
892 34.795000 0.506667 0.170000 0.506667
50 34.950667 0.498333 0.154667 0.503333
604 35.087000 0.488333 0.138000 0.436667
233 35.196667 0.510000 0.096000 0.453333
398 35.270667 0.501667 0.068000 0.336667
400 35.319667 0.503333 0.047333 0.393333
908 35.390000 0.501667 0.112000 0.430000
512 35.488333 0.506667 0.102000 0.340000
229 35.630000 0.493333 0.196000 0.980000
58 35.754667 0.496667 0.066667 0.266667
703 35.832667 0.510000 0.102667 0.340000
20 35.932000 0.496667 0.113333 0.386667
108 36.073333 0.508333 0.184000 0.396667
593 36.240000 0.510000 0.168000 0.840000
754 36.371333 0.506667 0.109333 0.533333
79 36.515333 0.493333 0.192000 0.960000
268 36.697333 0.490000 0.189333 0.946667
412 36.831000 0.490000 0.092667 0.480000
505 36.901000 0.503333 0.067333 0.280000
1015 36.947667 0.490000 0.040667 0.333333
618 36.990667 0.495000 0.062667 0.403333
275 37.035667 0.491667 0.046000 0.283333
31 37.109333 0.506667 0.116000 0.346667
833 37.218667 0.501667 0.116000 0.476667
458 37.305000 0.493333 0.074000 0.446667
469 37.369667 0.495000 0.074000 0.390000
605 37.469667 0.491667 0.142000 0.370000
381 37.584667 0.490000 0.106667 0.326667
71 37.667333 0.510000 0.074667 0.400000
947 37.721000 0.510000 0.046000 0.360000
846 37.796667 0.501667 0.118667 0.523333
113 37.896667 0.501667 0.097333 0.523333
429 37.990333 0.493333 0.108667 0.360000
34 38.092000 0.501667 0.110667 0.430000
385 38.206667 0.501667 0.137333 0.376667
1001 38.287333 0.501667 0.037333 0.270000
290 38.359667 0.493333 0.120667 0.320000
102 38.522667 0.503333 0.225333 0.480000
816 38.688333 0.506667 0.120667 0.400000
128 38.820333 0.500000 0.162000 0.513333
619 38.938667 0.505000 0.089333 0.476667
354 39.054667 0.495000 0.160000 0.436667
449 39.162667 0.506667 0.070667 0.380000
581 39.242333 0.495000 0.103333 0.443333
167 39.330667 0.496667 0.093333 0.346667
135 39.424667 0.501667 0.109333 0.436667
530 39.513667 0.498333 0.083333 0.390000
714 39.654333 0.495000 0.214000 1.070000
653 39.866000 0.503333 0.228000 1.140000
979 39.990333 0.498333 0.038000 0.296667
344 40.109000 0.508333 0.216667 1.083333
797 40.249333 0.510000 0.082667 0.333333
822 40.344667 0.510000 0.122667 0.373333
666 40.461667 0.498333 0.130000 0.490000
141 40.552333 0.496667 0.071333 0.306667
740 40.639000 0.510000 0.118000 0.273333
61 40.729000 0.490000 0.082000 0.420000
249 40.805000 0.501667 0.084667 0.543333
915 40.873667 0.510000 0.071333 0.580000
970 40.918667 0.488333 0.038667 0.310000
552 40.962000 0.506667 0.062667 0.393333
152 41.017000 0.508333 0.064667 0.296667
971 41.057333 0.500000 0.030667 0.246667
103 41.145000 0.488333 0.164667 0.823333
662 41.266000 0.501667 0.097333 0.363333
562 41.387333 0.493333 0.162667 0.333333
179 41.538000 0.506667 0.156000 0.780000
913 41.680000 0.500000 0.148000 0.453333
369 41.805000 0.500000 0.116667 0.340000
307 41.881000 0.496667 0.055333 0.306667
713 42.001667 0.490000 0.204667 0.513333
59 42.197333 0.496667 0.202667 0.533333
142 42.335333 0.501667 0.089333 0.376667
397 42.410000 0.501667 0.080000 0.323333
825 42.492000 0.496667 0.101333 0.413333
425 42.580000 0.496667 0.088000 0.486667
692 42.660333 0.498333 0.088667 0.430000
710 42.789333 0.506667 0.182667 0.500000
652 42.959667 0.488333 0.172667 0.563333
116 43.089333 0.498333 0.106667 0.316667
283 43.192667 0.495000 0.120000 0.410000
694 43.296000 0.495000 0.100000 0.496667
25 43.403667 0.493333 0.135333 0.493333
886 43.524667 0.495000 0.124000 0.416667
993 43.596000 0.496667 0.036000 0.266667
921 43.643333 0.500000 0.072000 0.426667
210 43.734667 0.488333 0.126667 0.516667
222 43.845333 0.493333 0.108000 0.546667
958 43.911000 0.508333 0.036667 0.290000
196 43.978000 0.488333 0.117333 0.490000
244 44.094333 0.505000 0.132667 0.363333
177 44.236667 0.510000 0.165333 0.826667
423 44.373333 0.501667 0.122667 0.416667
782 44.470667 0.501667 0.085333 0.396667
91 44.613667 0.495000 0.220667 1.103333
534 44.756000 0.490000 0.080000 0.346667
326 44.825000 0.488333 0.076667 0.350000
62 44.890333 0.506667 0.071333 0.340000
446 44.952000 0.510000 0.072000 0.373333
331 45.058000 0.490000 0.156000 0.780000
388 45.194000 0.493333 0.129333 0.353333
234 45.312000 0.496667 0.122667 0.520000
696 45.436667 0.510000 0.145333 0.333333
263 45.601333 0.496667 0.200000 1.000000
501 45.727333 0.505000 0.070667 0.336667
1000 45.769000 0.500000 0.030000 0.253333
431 45.829667 0.506667 0.111333 0.380000
239 45.927000 0.495000 0.103333 0.643333
878 46.009667 0.506667 0.078000 0.400000
997 46.059333 0.503333 0.040000 0.333333
323 46.171333 0.503333 0.198667 0.993333
795 46.293000 0.495000 0.064667 0.390000
672 46.378667 0.488333 0.125333 0.410000
169 46.492667 0.503333 0.122667 0.446667
987 46.566000 0.488333 0.042667 0.336667
1011 46.601667 0.506667 0.043333 0.340000
1008 46.632333 0.491667 0.031333 0.250000
304 46.676000 0.491667 0.070667 0.396667
575 46.757667 0.495000 0.110000 0.356667
759 46.872333 0.503333 0.134000 0.386667
98 47.051000 0.488333 0.239333 0.510000
259 47.217667 0.488333 0.111333 0.556667
678 47.331333 0.493333 0.133333 0.466667
308 47.428333 0.508333 0.079333 0.450000
788 47.551667 0.491667 0.184667 0.510000
402 47.706667 0.491667 0.144000 0.370000
580 47.847333 0.503333 0.152000 0.380000
416 47.955333 0.500000 0.081333 0.393333
655 48.028667 0.500000 0.080000 0.326667
898 48.140333 0.493333 0.158000 0.460000
22 48.283000 0.503333 0.142000 0.480000
603 48.435667 0.495000 0.182000 0.910000
685 48.556000 0.503333 0.072000 0.280000
261 48.654667 0.493333 0.140000 0.633333
866 48.799000 0.503333 0.163333 0.446667
410 48.929667 0.495000 0.111333 0.496667
755 49.056667 0.506667 0.157333 0.453333
722 49.203333 0.488333 0.156000 0.443333
454 49.306667 0.500000 0.068000 0.406667
865 49.376667 0.488333 0.085333 0.296667
264 49.464000 0.495000 0.108000 0.416667
912 49.549333 0.493333 0.080000 0.346667
340 49.640333 0.506667 0.116667 0.346667
224 49.741000 0.493333 0.098000 0.493333
459 49.819000 0.506667 0.074000 0.386667
489 49.881667 0.498333 0.070000 0.370000
969 49.923333 0.508333 0.030667 0.256667
114 49.976000 0.506667 0.090667 0.446667
513 50.068333 0.493333 0.110000 0.360000
407 50.165000 0.500000 0.103333 0.393333
163 50.267333 0.508333 0.118667 0.450000
792 50.381000 0.508333 0.122000 0.503333
861 50.455333 0.491667 0.042667 0.330000
457 50.497333 0.488333 0.061333 0.316667
572 50.568667 0.491667 0.094667 0.363333
968 50.624333 0.490000 0.036667 0.280000
966 50.657333 0.503333 0.048000 0.360000
643 50.734333 0.505000 0.119333 0.423333
761 50.846000 0.500000 0.117333 0.346667
201 50.953333 0.500000 0.116000 0.480000
939 51.024667 0.506667 0.041333 0.320000
942 51.058667 0.503333 0.042667 0.313333
758 51.126333 0.503333 0.108667 0.313333
168 51.283000 0.495000 0.220667 1.103333
430 51.441000 0.496667 0.115333 0.493333
154 51.536000 0.498333 0.089333 0.450000
793 51.615333 0.493333 0.085333 0.340000
658 51.686667 0.510000 0.077333 0.446667
9 51.774000 0.495000 0.112000 0.450000
14 51.864667 0.488333 0.084000 0.310000
434 51.960667 0.490000 0.125333 0.426667
665 52.077333 0.488333 0.121333 0.390000
16 52.191333 0.500000 0.121333 0.413333
305 52.280000 0.488333 0.076000 0.430000
570 52.360000 0.503333 0.101333 0.426667
418 52.449000 0.501667 0.092667 0.443333
85 52.531667 0.500000 0.086000 0.326667
977 52.583000 0.501667 0.035333 0.290000
328 52.687000 0.498333 0.190000 0.950000
826 52.817333 0.500000 0.086667 0.386667
11 52.907667 0.490000 0.114000 0.400000
129 53.007000 0.508333 0.102000 0.396667
943 53.072000 0.500000 0.041333 0.353333
644 53.126667 0.508333 0.081333 0.363333
645 53.190667 0.490000 0.065333 0.300000
565 53.301000 0.500000 0.175333 0.413333
745 53.427333 0.495000 0.096000 0.356667
1002 53.485333 0.500000 0.037333 0.313333
269 53.600000 0.503333 0.205333 1.026667
455 53.727333 0.491667 0.069333 0.410000
985 53.778333 0.495000 0.046000 0.356667
291 53.860000 0.500000 0.130667 0.486667
86 53.959333 0.501667 0.086667 0.390000
631 54.075000 0.508333 0.162000 0.543333
69 54.196000 0.491667 0.097333 0.496667
120 54.317667 0.491667 0.160667 0.803333
636 54.453333 0.506667 0.129333 0.300000
387 54.617333 0.506667 0.216000 1.080000
571 54.764667 0.493333 0.097333 0.400000
17 54.865333 0.506667 0.117333 0.393333
877 54.961000 0.501667 0.088667 0.443333
38 55.062667 0.490000 0.132000 0.440000
231 55.162667 0.488333 0.084000 0.416667
705 55.256333 0.510000 0.119333 0.386667
373 55.421333 0.490000 0.225333 1.126667
295 55.587000 0.488333 0.123333 0.516667
800 55.683667 0.495000 0.084667 0.316667
389 55.798000 0.490000 0.164000 0.473333
382 55.930000 0.493333 0.116000 0.326667
870 56.005000 0.490000 0.051333 0.246667
738 56.067000 0.508333 0.091333 0.430000
760 56.176000 0.505000 0.142667 0.430000
844 56.294667 0.506667 0.110667 0.453333
522 56.395667 0.500000 0.107333 0.346667
40 56.491667 0.506667 0.103333 0.380000
465 56.562667 0.498333 0.057333 0.323333
19 56.628000 0.493333 0.088000 0.306667
838 56.715000 0.503333 0.102000 0.426667
650 56.824333 0.503333 0.134000 0.433333
857 56.987667 0.505000 0.211333 0.450000
673 57.144000 0.496667 0.114667 0.373333
215 57.256667 0.500000 0.128000 0.526667
989 57.331333 0.505000 0.041333 0.323333
879 57.405333 0.490000 0.121333 0.366667
72 57.500333 0.508333 0.086000 0.416667
90 57.631333 0.493333 0.196000 0.420000
550 57.762667 0.503333 0.084000 0.420000
893 57.880000 0.490000 0.166667 0.480000
133 58.009667 0.506667 0.106000 0.433333
717 58.158667 0.506667 0.209333 1.046667
4 58.299667 0.505000 0.088667 0.376667
829 58.384333 0.493333 0.099333 0.480000
237 58.455333 0.491667 0.062667 0.463333
115 58.511333 0.495000 0.068000 0.396667
627 58.617333 0.501667 0.162667 0.536667
243 58.786000 0.510000 0.194667 0.973333
23 58.943667 0.500000 0.135333 0.386667
752 59.030667 0.495000 0.058667 0.156667
667 59.099000 0.501667 0.095333 0.316667
885 59.189000 0.491667 0.098000 0.470000
73 59.315333 0.503333 0.168000 0.533333
435 59.413667 0.496667 0.048667 0.246667
842 59.479000 0.505000 0.100667 0.496667
961 59.538000 0.493333 0.030667 0.253333
26 59.603667 0.500000 0.114000 0.386667
933 59.677667 0.510000 0.050000 0.373333
43 59.752667 0.493333 0.116000 0.460000
545 59.845333 0.495000 0.089333 0.330000
205 59.932333 0.500000 0.102000 0.513333
853 60.016667 0.503333 0.084000 0.340000
612 60.149667 0.508333 0.198000 0.990000
830 60.292667 0.490000 0.101333 0.420000
563 60.428000 0.495000 0.182667 0.410000
441 60.548667 0.506667 0.077333 0.393333
809 60.636667 0.508333 0.116000 0.636667
910 60.751333 0.495000 0.129333 0.450000
265 60.919667 0.495000 0.223333 1.116667
45 61.064667 0.496667 0.084000 0.426667
533 61.164000 0.496667 0.132000 0.453333
178 61.279667 0.505000 0.114000 0.436667
97 61.441667 0.488333 0.226000 0.490000
63 61.604333 0.510000 0.114000 0.400000
542 61.710667 0.490000 0.113333 0.466667
595 61.818667 0.490000 0.121333 0.360000
763 61.897000 0.488333 0.050000 0.363333
325 61.976333 0.503333 0.127333 0.446667
150 62.077000 0.491667 0.092667 0.370000
790 62.158000 0.510000 0.082667 0.500000
3 62.236333 0.506667 0.087333 0.380000
840 62.321333 0.500000 0.100000 0.413333
1023 62.382333 0.510000 0.038000 0.273333
823 62.440333 0.490000 0.094000 0.446667
127 62.553667 0.493333 0.148667 0.513333
293 62.672333 0.508333 0.107333 0.450000
479 62.749000 0.501667 0.062000 0.330000
574 62.818333 0.508333 0.092667 0.370000
719 62.942000 0.506667 0.173333 0.866667
554 63.100000 0.500000 0.158667 0.793333
213 63.226000 0.491667 0.108000 0.436667
345 63.351333 0.496667 0.161333 0.806667
130 63.495333 0.491667 0.144000 0.296667
424 63.616000 0.500000 0.113333 0.360000
917 63.688000 0.505000 0.045333 0.323333
669 63.757667 0.495000 0.110000 0.343333
242 63.866000 0.501667 0.121333 0.470000
858 63.971333 0.495000 0.108000 0.330000
543 64.101000 0.491667 0.166000 0.830000
511 64.234667 0.505000 0.121333 0.410000
983 64.314667 0.505000 0.052000 0.376667
447 64.366333 0.505000 0.070000 0.423333
815 64.447000 0.490000 0.107333 0.266667
922 64.514000 0.503333 0.041333 0.300000
440 64.566333 0.508333 0.079333 0.410000
56 64.628667 0.496667 0.065333 0.100000
123 64.744667 0.503333 0.181333 0.906667
750 64.881667 0.501667 0.110000 0.410000
277 64.972333 0.493333 0.086000 0.393333
52 65.056667 0.501667 0.096000 0.330000
900 65.173333 0.496667 0.156000 0.433333
482 65.274333 0.508333 0.064667 0.390000
715 65.386000 0.496667 0.176000 0.880000
751 65.520000 0.505000 0.112000 0.456667
121 65.577667 0.493333 0.020667 0.373333
352 65.666000 0.490000 0.169333 0.846667
362 65.804000 0.503333 0.126667 0.366667
27 65.923333 0.505000 0.128000 0.430000
918 66.030000 0.495000 0.105333 0.370000
608 66.133000 0.501667 0.120667 0.423333
94 66.275000 0.493333 0.178000 0.386667
707 66.398667 0.506667 0.088000 0.360000
820 66.471667 0.508333 0.076667 0.323333
376 66.569667 0.496667 0.138000 0.386667
962 66.656333 0.501667 0.050000 0.376667
357 66.749333 0.490000 0.154667 0.413333
271 66.906000 0.500000 0.178667 0.893333
769 67.069333 0.506667 0.164000 0.820000
781 67.172667 0.496667 0.060000 0.306667
1009 67.212000 0.500000 0.034667 0.266667
322 67.274333 0.501667 0.108667 0.136667
1013 67.343333 0.501667 0.045333 0.343333
428 67.390667 0.508333 0.066667 0.463333
785 67.446667 0.498333 0.064000 0.270000
544 67.523000 0.501667 0.107333 0.396667
510 67.628333 0.496667 0.120667 0.373333
928 67.696333 0.493333 0.032667 0.273333
548 67.782667 0.495000 0.158667 0.496667
353 67.933333 0.493333 0.158667 0.793333
835 68.059000 0.508333 0.110000 0.436667
950 68.124000 0.508333 0.038667 0.296667
697 68.168000 0.506667 0.064000 0.320000
646 68.236000 0.496667 0.092000 0.406667
783 68.316000 0.510000 0.084000 0.446667
660 68.396667 0.493333 0.090667 0.300000
109 68.551667 0.510000 0.238000 0.513333
634 68.705000 0.491667 0.087333 0.376667
1022 68.758333 0.496667 0.032667 0.253333
756 68.836667 0.506667 0.144000 0.413333
250 68.959000 0.496667 0.118000 0.566667
600 69.061000 0.491667 0.106000 0.323333
223 69.150000 0.510000 0.085333 0.433333
83 69.218000 0.490000 0.070667 0.333333
172 69.297333 0.495000 0.101333 0.356667
173 69.399333 0.493333 0.117333 0.533333
284 69.508333 0.488333 0.115333 0.410000
537 69.666667 0.506667 0.220000 1.100000
1021 69.790000 0.506667 0.042667 0.346667
768 69.844667 0.488333 0.081333 0.170000
875 69.940333 0.505000 0.128667 0.343333
75 70.057000 0.503333 0.120667 0.373333
860 70.221333 0.496667 0.228000 1.140000
902 70.405667 0.498333 0.155333 0.476667
996 70.495000 0.498333 0.040667 0.310000
55 70.559333 0.490000 0.105333 0.266667
802 70.696667 0.508333 0.185333 0.383333
791 70.820000 0.496667 0.077333 0.473333
392 70.922667 0.505000 0.142667 0.423333
524 71.053667 0.503333 0.132667 0.446667
279 71.166000 0.503333 0.110667 0.646667
450 71.246667 0.503333 0.069333 0.400000
396 71.332667 0.503333 0.118667 0.313333
801 71.443000 0.505000 0.115333 0.463333
623 71.578667 0.503333 0.170667 0.853333
334 71.729667 0.498333 0.151333 0.496667
538 71.877667 0.495000 0.160667 0.390000
946 71.969333 0.510000 0.038667 0.300000
53 72.044667 0.500000 0.129333 0.446667
5 72.143000 0.503333 0.080667 0.393333
330 72.230000 0.490000 0.106667 0.406667
267 72.373333 0.510000 0.200000 1.000000
931 72.485333 0.498333 0.037333 0.276667
139 72.525667 0.508333 0.059333 0.310000
473 72.589000 0.493333 0.087333 0.440000
206 72.672667 0.500000 0.100000 0.500000
276 72.738333 0.496667 0.047333 0.293333
514 72.811333 0.493333 0.118667 0.393333
311 72.906333 0.505000 0.090000 0.390000
467 72.970333 0.488333 0.058000 0.296667
171 73.047000 0.490000 0.108667 0.393333
888 73.157667 0.498333 0.126000 0.436667
700 73.266667 0.506667 0.106667 0.433333
591 73.394000 0.498333 0.166667 0.503333
681 73.493000 0.495000 0.050000 0.416667
990 73.529000 0.501667 0.042000 0.336667
648 73.592000 0.493333 0.097333 0.453333
208 73.689000 0.500000 0.110000 0.440000
245 73.771333 0.510000 0.068000 0.260000
804 73.899333 0.510000 0.208000 1.040000
957 74.012000 0.505000 0.030667 0.263333
478 74.054000 0.508333 0.072000 0.390000
106 74.191667 0.498333 0.218000 1.090000
254 74.364000 0.503333 0.140000 0.533333
589 74.481667 0.491667 0.114000 0.483333
419 74.576000 0.508333 0.090667 0.443333
610 74.673000 0.493333 0.118000 0.360000
569 74.765667 0.505000 0.083333 0.350000
784 74.836667 0.508333 0.072000 0.556667
364 74.945333 0.490000 0.162667 0.813333
452 75.047333 0.503333 0.061333 0.313333
502 75.111333 0.508333 0.082667 0.363333
617 75.188000 0.508333 0.090667 0.376667
39 75.273000 0.506667 0.098000 0.326667
953 75.330667 0.493333 0.036000 0.273333
468 75.369667 0.498333 0.058000 0.310000
998 75.411000 0.508333 0.044667 0.356667
873 75.469000 0.508333 0.091333 0.436667
100 75.613000 0.491667 0.214000 1.070000
297 75.753000 0.496667 0.080667 0.446667
630 75.882333 0.488333 0.192667 0.963333
395 76.050333 0.496667 0.160667 0.446667
324 76.202667 0.506667 0.162667 0.800000
131 76.321667 0.503333 0.095333 0.366667
66 76.414333 0.500000 0.106000 0.553333
1004 76.479000 0.501667 0.042000 0.310000
576 76.538667 0.493333 0.090667 0.346667
546 76.623333 0.510000 0.097333 0.373333
592 76.751333 0.490000 0.177333 0.886667
770 76.933000 0.508333 0.199333 0.996667
278 77.103000 0.491667 0.158000 0.490000
528 77.228333 0.495000 0.110000 0.376667
518 77.387000 0.501667 0.224667 1.123333
406 77.547000 0.491667 0.108667 0.423333
701 77.705333 0.496667 0.225333 1.126667
240 77.839333 0.496667 0.062667 0.326667
191 77.912000 0.506667 0.102667 0.440000
198 78.003333 0.501667 0.094667 0.476667
289 78.140667 0.500000 0.197333 0.986667
841 78.279333 0.491667 0.097333 0.490000
92 78.404333 0.495000 0.172667 0.863333
253 78.506333 0.491667 0.051333 0.503333
1010 78.546667 0.490000 0.049333 0.360000
746 78.617333 0.490000 0.110667 0.320000
491 78.725333 0.488333 0.118667 0.583333
316 78.836667 0.498333 0.124000 0.450000
876 78.961000 0.493333 0.139333 0.380000
7 79.092333 0.500000 0.136667 0.493333
137 79.193000 0.503333 0.082000 0.400000
520 79.295000 0.491667 0.136667 0.436667
848 79.423000 0.501667 0.135333 0.443333
527 79.558000 0.508333 0.150667 0.456667
256 79.680333 0.493333 0.110000 0.373333
8 79.788000 0.495000 0.125333 0.503333
126 79.956000 0.500000 0.225333 1.126667
101 80.176333 0.501667 0.228667 1.143333
117 80.351000 0.498333 0.134000 0.416667
124 80.466667 0.490000 0.117333 0.420000
766 80.578333 0.506667 0.122000 0.360000
203 80.671333 0.488333 0.081333 0.410000
444 80.740333 0.496667 0.074000 0.380000
174 80.821333 0.490000 0.101333 0.360000
986 80.881667 0.488333 0.036667 0.290000
747 80.946667 0.498333 0.112000 0.476667
76 81.071333 0.498333 0.156000 0.483333
426 81.173333 0.488333 0.064000 0.390000
386 81.262333 0.495000 0.130000 0.356667
586 81.383333 0.495000 0.132000 0.423333
832 81.500667 0.493333 0.122667 0.520000
772 81.625667 0.503333 0.146000 0.400000
699 81.765000 0.488333 0.150000 0.410000
753 81.895000 0.491667 0.123333 0.416667
67 82.046667 0.496667 0.194667 0.973333
87 82.251333 0.503333 0.232000 0.493333
378 82.433667 0.500000 0.147333 0.426667
183 82.549667 0.501667 0.098000 0.483333
862 82.620000 0.495000 0.061333 0.323333
596 82.703000 0.510000 0.119333 0.360000
409 82.801000 0.495000 0.096667 0.483333
442 82.876667 0.490000 0.073333 0.386667
718 82.996333 0.508333 0.183333 0.916667
654 83.192333 0.500000 0.224667 0.413333
974 83.312000 0.495000 0.034667 0.276667
492 83.354333 0.501667 0.070000 0.336667
963 83.399667 0.491667 0.035333 0.263333
460 83.441667 0.498333 0.068667 0.350000
337 83.545333 0.490000 0.158667 0.793333
706 83.654667 0.501667 0.073333 0.363333
319 83.733333 0.501667 0.097333 0.350000
757 83.832333 0.493333 0.114000 0.333333
414 83.947667 0.506667 0.135333 0.640000
625 84.099000 0.506667 0.180667 0.600000
350 84.292667 0.510000 0.221333 1.106667
764 84.432667 0.503333 0.073333 0.366667
170 84.522333 0.506667 0.122000 0.440000
691 84.612333 0.501667 0.074000 0.363333
889 84.729667 0.491667 0.176667 0.883333
255 84.875000 0.488333 0.131333 0.496667
568 84.991333 0.500000 0.117333 0.586667
349 85.097667 0.490000 0.108667 0.293333
313 85.190333 0.505000 0.095333 0.370000
810 85.287333 0.510000 0.117333 0.486667
403 85.424000 0.506667 0.173333 0.866667
93 85.586333 0.510000 0.170000 0.360000
984 85.681333 0.501667 0.038667 0.316667
549 85.736667 0.498333 0.090667 0.303333
498 85.801667 0.503333 0.056667 0.346667
566 85.889000 0.498333 0.131333 0.543333
683 86.044333 0.495000 0.198000 0.990000
690 86.168667 0.506667 0.070667 0.346667
824 86.242000 0.495000 0.093333 0.390000
190 86.342333 0.490000 0.126000 0.506667
306 86.431333 0.510000 0.070667 0.400000
733 86.504333 0.500000 0.088667 0.526667
836 86.591667 0.506667 0.104667 0.453333
731 86.673000 0.506667 0.074000 0.360000
221 86.748000 0.491667 0.092000 0.470000
907 86.838667 0.501667 0.106667 0.350000
839 86.935333 0.491667 0.101333 0.436667
924 87.002000 0.501667 0.046667 0.350000
679 87.059333 0.503333 0.088000 0.533333
602 87.163000 0.500000 0.139333 0.413333
136 87.290667 0.501667 0.132000 0.583333
881 87.422000 0.501667 0.150667 0.503333
880 87.544000 0.498333 0.113333 0.410000
590 87.660667 0.501667 0.138667 0.550000
827 87.768000 0.508333 0.089333 0.370000
104 87.894667 0.488333 0.178667 0.383333
624 88.053667 0.491667 0.152667 0.516667
794 88.164000 0.496667 0.086667 0.520000
736 88.228667 0.496667 0.062667 0.413333
332 88.355333 0.506667 0.209333 1.046667
46 88.484667 0.491667 0.068000 0.583333
724 88.547333 0.500000 0.070667 0.380000
185 88.663333 0.506667 0.177333 0.886667
737 88.776333 0.488333 0.067333 0.410000
1019 88.825000 0.508333 0.047333 0.356667
633 88.951000 0.501667 0.223333 0.616667
967 89.071667 0.501667 0.035333 0.290000
515 89.128000 0.510000 0.097333 0.306667
361 89.236667 0.503333 0.133333 0.386667
874 89.334333 0.506667 0.080667 0.386667
1005 89.388667 0.505000 0.042667 0.310000
500 89.439000 0.495000 0.075333 0.330000
327 89.540667 0.498333 0.141333 0.416667
320 89.676333 0.510000 0.147333 0.493333
945 89.762333 0.503333 0.044667 0.346667
118 89.832000 0.496667 0.110667 0.426667
959 89.902333 0.496667 0.043333 0.320000
384 89.976000 0.503333 0.122667 0.386667
813 90.085667 0.508333 0.116667 0.316667
246 90.210667 0.498333 0.146667 0.503333
521 90.351667 0.510000 0.154000 0.413333
336 90.475000 0.508333 0.110000 0.530000
938 90.546000 0.500000 0.046667 0.340000
539 90.605000 0.498333 0.091333 0.403333
78 90.732333 0.490000 0.183333 0.473333
734 90.912000 0.510000 0.196000 0.506667
1014 91.018333 0.501667 0.031333 0.256667
821 91.076000 0.510000 0.098667 0.633333
659 91.164000 0.501667 0.094667 0.376667
186 91.251333 0.493333 0.093333 0.386667
42 91.318333 0.490000 0.058000 0.326667
936 91.360333 0.500000 0.042000 0.333333
1018 91.393333 0.491667 0.042667 0.336667
965 91.424000 0.503333 0.034667 0.273333
579 91.524667 0.498333 0.185333 0.510000
35 91.676000 0.491667 0.137333 0.463333
626 91.827000 0.496667 0.179333 0.606667
343 91.975333 0.506667 0.133333 0.386667
216 92.078333 0.496667 0.086000 0.380000
883 92.221333 0.503333 0.214667 1.073333
726 92.355333 0.508333 0.069333 0.363333
54 92.410333 0.503333 0.054000 0.293333
29 92.493333 0.508333 0.125333 0.336667
555 92.567333 0.505000 0.040000 0.390000
202 92.645333 0.491667 0.133333 0.516667
462 92.740333 0.510000 0.072667 0.433333
864 92.825000 0.491667 0.111333 0.443333
199 92.934333 0.508333 0.122000 0.503333
811 93.058333 0.490000 0.146000 0.493333
310 93.157667 0.493333 0.067333 0.380000
749 93.231667 0.500000 0.100667 0.413333
926 93.295333 0.493333 0.041333 0.320000
899 93.373667 0.508333 0.135333 0.356667
197 93.486667 0.508333 0.109333 0.483333
60 93.568000 0.508333 0.068000 0.283333
301 93.634333 0.491667 0.080667 0.450000
828 93.708333 0.498333 0.084667 0.416667
730 93.807667 0.501667 0.127333 0.503333
266 93.949000 0.491667 0.172667 0.863333
193 94.084667 0.506667 0.114667 0.466667
84 94.200333 0.496667 0.130000 0.360000
211 94.313333 0.505000 0.112000 0.563333
814 94.418667 0.491667 0.116000 0.256667
677 94.528667 0.490000 0.122667 0.406667
370 94.637333 0.495000 0.110667 0.296667
674 94.734333 0.503333 0.099333 0.340000
119 94.812667 0.500000 0.073333 0.440000
851 94.888333 0.506667 0.095333 0.426667
982 94.950000 0.501667 0.042667 0.330000
149 95.044333 0.498333 0.163333 0.816667
556 95.171000 0.495000 0.110000 0.450000
503 95.280333 0.493333 0.122000 0.313333
260 95.411000 0.490000 0.158000 0.406667
896 95.555667 0.500000 0.151333 0.460000
930 95.641000 0.506667 0.039333 0.306667
847 95.702000 0.506667 0.096000 0.293333
143 95.782333 0.488333 0.078000 0.390000
567 95.865000 0.505000 0.107333 0.456667
887 95.982000 0.491667 0.141333 0.443333
594 96.097000 0.501667 0.107333 0.330000
934 96.161667 0.498333 0.039333 0.296667
417 96.214333 0.491667 0.083333 0.403333
789 96.285333 0.500000 0.072000 0.433333
443 96.345000 0.500000 0.067333 0.353333
134 96.418333 0.508333 0.092667 0.330000
24 96.508000 0.508333 0.105333 0.356667
508 96.587000 0.503333 0.067333 0.346667
175 96.677333 0.505000 0.128000 0.450000
916 96.827000 0.501667 0.184667 0.923333
684 96.953667 0.490000 0.088667 0.340000
914 97.054667 0.510000 0.126667 0.373333
695 97.194667 0.503333 0.173333 0.866667
629 97.344000 0.500000 0.144000 0.486667
21 97.469000 0.498333 0.123333 0.416667
214 97.565000 0.491667 0.083333 0.416667
490 97.632667 0.506667 0.070667 0.380000
932 97.676333 0.508333 0.031333 0.256667
954 97.703667 0.500000 0.042000 0.313333
497 97.789333 0.505000 0.142667 0.363333
258 97.913667 0.505000 0.119333 0.410000
729 97.981000 0.503333 0.028667 0.426667
112 98.098000 0.506667 0.221333 1.106667
230 98.260667 0.496667 0.117333 0.533333
399 98.356000 0.498333 0.089333 0.296667
270 98.473000 0.503333 0.159333 0.493333
48 98.648000 0.500000 0.210667 1.053333
151 98.785667 0.510000 0.079333 0.380000
380 98.907333 0.493333 0.178667 0.893333
661 99.037000 0.490000 0.100667 0.360000
937 99.097667 0.495000 0.040667 0.316667
944 99.134667 0.493333 0.049333 0.366667
155 99.193667 0.508333 0.088667 0.470000
194 99.276333 0.490000 0.094000 0.413333
252 99.387333 0.505000 0.144000 0.563333
145 99.499667 0.488333 0.099333 0.523333
641 99.587000 0.490000 0.094000 0.453333
238 99.695667 0.491667 0.138000 0.536667
702 99.838667 0.500000 0.168000 0.840000
159 99.934333 0.503333 0.042000 0.326667
975 99.965667 0.493333 0.038000 0.293333
558 100.008667 0.510000 0.065333 0.320000
871 100.067000 0.505000 0.070000 0.343333
204 100.139000 0.503333 0.088667 0.446667
905 100.261000 0.498333 0.170000 0.556667
506 100.352667 0.496667 0.033333 0.360000
682 100.416000 0.488333 0.108000 0.403333
477 100.494667 0.498333 0.069333 0.383333
949 100.541667 0.495000 0.040667 0.310000
379 100.647333 0.500000 0.188000 0.940000
37 100.800000 0.498333 0.132000 0.450000
371 100.919667 0.503333 0.124667 0.360000
303 101.013333 0.493333 0.082667 0.460000
955 101.070667 0.506667 0.050667 0.380000
144 101.140333 0.488333 0.104667 0.436667
99 101.272333 0.496667 0.176667 0.373333
226 101.395333 0.510000 0.089333 0.366667
796 101.487000 0.491667 0.107333 0.370000
181 101.613333 0.490000 0.165333 0.826667
494 101.729667 0.505000 0.084667 0.456667
341 101.796333 0.498333 0.066000 0.290000
281 101.894333 0.500000 0.147333 0.513333
561 102.038333 0.503333 0.160667 0.346667
372 102.182667 0.505000 0.145333 0.396667
716 102.320333 0.510000 0.147333 0.440000
286 102.443333 0.508333 0.118667 0.423333
882 102.555000 0.500000 0.123333 0.480000
941 102.627000 0.505000 0.036667 0.283333
894 102.705000 0.508333 0.138000 0.383333
1006 102.782333 0.493333 0.031333 0.253333
837 102.833667 0.506667 0.091333 0.380000
675 102.932000 0.510000 0.125333 0.480000
656 103.050000 0.496667 0.128000 0.326667
2 103.150667 0.496667 0.086667 0.420000
499 103.210667 0.495000 0.049333 0.296667
668 103.280333 0.503333 0.108667 0.353333
