380 0.072333 0.488333 0.138000 0.403333
690 0.175333 0.510000 0.081333 0.406667
196 0.272000 0.498333 0.132000 0.536667
680 0.376333 0.495000 0.092667 0.316667
145 0.464667 0.493333 0.097333 0.440000
753 0.604000 0.496667 0.194667 0.973333
760 0.751333 0.498333 0.120000 0.390000
1012 0.819333 0.501667 0.030667 0.256667
454 0.858667 0.506667 0.064000 0.380000
214 0.928333 0.495000 0.090000 0.436667
711 1.046333 0.493333 0.160667 0.446667
364 1.220000 0.510000 0.202667 1.013333
177 1.363667 0.508333 0.098000 0.363333
133 1.456333 0.505000 0.100667 0.350000
394 1.573667 0.505000 0.148667 0.443333
968 1.661000 0.501667 0.042000 0.343333
288 1.725333 0.493333 0.102667 0.393333
406 1.810667 0.490000 0.085333 0.333333
449 1.875000 0.506667 0.058000 0.300000
110 1.967667 0.508333 0.143333 0.536667
697 2.066667 0.506667 0.070667 0.353333
169 2.155667 0.491667 0.122000 0.443333
644 2.245667 0.503333 0.071333 0.360000
278 2.340667 0.498333 0.136000 0.423333
543 2.515000 0.488333 0.230000 1.150000
330 2.661667 0.508333 0.078000 0.303333
756 2.772000 0.510000 0.157333 0.453333
933 2.866667 0.498333 0.046667 0.356667
713 2.964000 0.506667 0.161333 0.466667
755 3.092333 0.493333 0.111333 0.380000
567 3.204000 0.505000 0.130667 0.550000
614 3.335333 0.506667 0.150667 0.380000
828 3.455333 0.496667 0.106667 0.453333
182 3.601667 0.505000 0.204667 1.023333
934 3.717667 0.508333 0.042000 0.316667
507 3.773333 0.510000 0.084000 0.440000
223 3.861667 0.505000 0.110000 0.523333
81 3.957667 0.506667 0.096667 0.386667
917 4.015000 0.500000 0.035333 0.253333
140 4.133000 0.508333 0.218000 1.090000
732 4.267667 0.488333 0.068667 0.350000
554 4.360333 0.503333 0.131333 0.360000
514 4.465000 0.510000 0.091333 0.293333
512 4.563333 0.498333 0.124000 0.396667
48 4.776333 0.491667 0.320667 0.510000
504 5.007333 0.501667 0.157333 0.456667
563 5.153000 0.496667 0.152667 0.326667
922 5.243667 0.506667 0.044667 0.346667
737 5.285667 0.500000 0.054000 0.393333
323 5.413333 0.503333 0.216000 1.080000
335 5.569333 0.488333 0.113333 0.396667
530 5.659667 0.503333 0.084667 0.400000
458 5.731667 0.510000 0.074000 0.386667
767 5.815333 0.491667 0.108000 0.316667
261 5.909333 0.493333 0.096000 0.460000
532 6.002333 0.493333 0.110000 0.566667
841 6.093667 0.503333 0.091333 0.386667
66 6.184000 0.491667 0.105333 0.636667
313 6.290333 0.490000 0.123333 0.440000
354 6.408000 0.488333 0.126667 0.363333
576 6.510000 0.493333 0.094667 0.380000
91 6.652000 0.508333 0.202667 0.443333
967 6.761333 0.505000 0.036000 0.256667
924 6.787333 0.505000 0.036000 0.290000
185 6.849000 0.490000 0.107333 0.533333
389 6.969667 0.495000 0.148667 0.416667
759 7.088333 0.498333 0.106000 0.356667
213 7.185667 0.505000 0.103333 0.423333
689 7.274333 0.500000 0.094000 0.466667
155 7.352000 0.500000 0.077333 0.393333
630 7.467333 0.490000 0.166667 0.833333
694 7.579333 0.508333 0.074667 0.370000
1016 7.628333 0.503333 0.039333 0.320000
511 7.694333 0.491667 0.111333 0.363333
705 7.805000 0.506667 0.123333 0.386667
421 7.932667 0.500000 0.148000 0.433333
853 8.042667 0.488333 0.090667 0.383333
848 8.144000 0.496667 0.130667 0.400000
189 8.243667 0.495000 0.086000 0.430000
895 8.361667 0.501667 0.164667 0.470000
156 8.520333 0.510000 0.168667 0.433333
314 8.657000 0.496667 0.119333 0.420000
943 8.726333 0.503333 0.039333 0.326667
710 8.846000 0.503333 0.214667 1.073333
227 9.007333 0.500000 0.124000 0.506667
127 9.132000 0.491667 0.140000 0.463333
291 9.254333 0.491667 0.122000 0.496667
256 9.371000 0.505000 0.130000 0.496667
50 9.499667 0.491667 0.140667 0.410000
172 9.626000 0.491667 0.128000 0.450000
572 9.734000 0.505000 0.108000 0.463333
369 9.849667 0.503333 0.140667 0.400000
996 9.934333 0.496667 0.048667 0.353333
974 9.973333 0.490000 0.048000 0.346667
379 10.065333 0.508333 0.149333 0.443333
498 10.160000 0.498333 0.060000 0.356667
396 10.239000 0.490000 0.112667 0.340000
64 10.325667 0.498333 0.074000 0.410000
437 10.400667 0.495000 0.089333 0.403333
162 10.503000 0.498333 0.135333 0.503333
559 10.608000 0.501667 0.090667 0.443333
870 10.677333 0.505000 0.064000 0.296667
824 10.743333 0.496667 0.081333 0.366667
134 10.829000 0.490000 0.104667 0.346667
446 10.908000 0.508333 0.070667 0.363333
1023 10.952000 0.503333 0.033333 0.266667
774 10.989667 0.503333 0.059333 0.353333
813 11.067667 0.495000 0.115333 0.310000
153 11.164667 0.488333 0.094667 0.423333
659 11.247667 0.505000 0.084667 0.336667
485 11.317333 0.498333 0.069333 0.370000
197 11.387000 0.490000 0.088667 0.360000
37 11.471667 0.491667 0.099333 0.363333
819 11.581333 0.495000 0.133333 0.476667
827 11.699000 0.510000 0.118000 0.533333
976 11.762333 0.505000 0.028667 0.243333
109 11.849667 0.498333 0.163333 0.816667
646 11.964000 0.503333 0.078667 0.373333
582 12.095000 0.498333 0.203333 1.016667
518 12.238333 0.510000 0.102000 0.346667
128 12.366333 0.510000 0.168667 0.553333
398 12.478000 0.491667 0.069333 0.370000
244 12.577333 0.488333 0.148000 0.396667
321 12.691667 0.503333 0.098000 0.393333
431 12.778000 0.510000 0.094667 0.326667
650 12.880000 0.508333 0.128000 0.416667
275 12.961333 0.505000 0.054667 0.343333
72 13.033000 0.493333 0.107333 0.513333
593 13.157667 0.501667 0.155333 0.450000
628 13.305667 0.496667 0.160667 0.540000
856 13.444667 0.500000 0.130667 0.320000
381 13.570667 0.501667 0.134667 0.370000
300 13.661000 0.505000 0.060667 0.196667
292 13.752000 0.493333 0.141333 0.566667
435 13.838667 0.510000 0.046667 0.253333
860 13.948000 0.503333 0.192000 0.960000
702 14.111000 0.498333 0.148667 0.463333
601 14.243000 0.488333 0.130000 0.390000
836 14.356667 0.496667 0.116000 0.473333
748 14.456333 0.505000 0.102000 0.383333
798 14.551000 0.491667 0.106000 0.390000
637 14.627333 0.503333 0.062667 0.320000
805 14.733333 0.503333 0.168000 0.486667
942 14.828000 0.501667 0.034667 0.270000
355 14.921667 0.491667 0.170000 0.850000
834 15.058667 0.488333 0.122667 0.510000
997 15.134333 0.498333 0.044667 0.356667
883 15.254333 0.491667 0.212667 1.063333
443 15.379333 0.488333 0.052000 0.283333
328 15.469667 0.490000 0.142000 0.340000
488 15.572000 0.495000 0.077333 0.370000
727 15.632667 0.488333 0.061333 0.316667
80 15.706333 0.508333 0.102000 0.516667
663 15.798000 0.500000 0.094667 0.326667
221 15.894000 0.505000 0.116000 0.510000
867 16.003333 0.495000 0.117333 0.423333
590 16.111333 0.496667 0.112000 0.433333
17 16.219333 0.501667 0.120000 0.383333
971 16.288667 0.498333 0.036000 0.276667
280 16.346667 0.493333 0.097333 0.340000
570 16.429000 0.498333 0.083333 0.350000
688 16.508667 0.510000 0.092000 0.453333
350 16.621000 0.493333 0.146000 0.393333
777 16.745667 0.498333 0.123333 0.516667
609 16.834667 0.510000 0.070667 0.293333
814 16.924667 0.500000 0.122667 0.313333
24 17.043667 0.491667 0.135333 0.463333
122 17.153000 0.493333 0.103333 0.360000
946 17.222000 0.506667 0.049333 0.360000
845 17.295333 0.491667 0.114667 0.496667
297 17.380667 0.490000 0.069333 0.380000
875 17.485000 0.505000 0.155333 0.776667
842 17.596000 0.505000 0.084000 0.370000
308 17.662333 0.510000 0.068667 0.386667
575 17.736333 0.500000 0.094000 0.313333
207 17.854333 0.505000 0.162000 0.810000
822 17.971333 0.505000 0.090667 0.323333
912 18.054667 0.490000 0.093333 0.366667
215 18.154667 0.496667 0.121333 0.586667
855 18.249000 0.505000 0.082000 0.203333
47 18.336333 0.500000 0.108667 0.526667
272 18.475333 0.508333 0.185333 0.543333
899 18.632000 0.500000 0.144000 0.433333
721 18.798667 0.506667 0.209333 1.046667
769 18.964667 0.506667 0.138667 0.386667
138 19.060333 0.505000 0.066000 0.356667
171 19.150667 0.510000 0.129333 0.466667
129 19.264667 0.505000 0.116000 0.463333
315 19.368667 0.490000 0.109333 0.426667
357 19.489333 0.506667 0.150667 0.406667
852 19.614333 0.496667 0.112667 0.500000
470 19.695000 0.501667 0.066000 0.383333
27 19.784000 0.490000 0.125333 0.420000
679 19.871000 0.510000 0.066000 0.400000
866 19.965000 0.506667 0.135333 0.366667
51 20.069667 0.510000 0.092667 0.313333
579 20.179000 0.496667 0.140667 0.360000
43 20.281333 0.503333 0.084000 0.340000
631 20.390667 0.493333 0.149333 0.506667
459 20.492333 0.503333 0.074000 0.386667
957 20.546000 0.491667 0.046667 0.356667
125 20.614667 0.508333 0.106667 0.516667
519 20.744667 0.500000 0.168000 0.840000
471 20.858667 0.493333 0.074667 0.426667
430 20.946333 0.488333 0.115333 0.490000
925 21.019333 0.498333 0.044000 0.343333
965 21.057667 0.500000 0.046000 0.360000
795 21.113000 0.503333 0.084667 0.506667
33 21.190000 0.500000 0.088000 0.306667
165 21.287000 0.501667 0.120667 0.430000
626 21.442333 0.488333 0.210000 1.050000
251 21.566000 0.491667 0.054667 0.310000
303 21.617000 0.491667 0.066000 0.370000
784 21.669000 0.488333 0.052667 0.430000
120 21.774333 0.488333 0.175333 0.876667
584 21.921667 0.488333 0.139333 0.396667
749 22.033000 0.505000 0.100667 0.423333
622 22.171667 0.505000 0.196667 0.983333
672 22.307333 0.491667 0.094667 0.316667
105 22.429000 0.508333 0.166000 0.830000
286 22.555333 0.490000 0.101333 0.380000
141 22.632000 0.498333 0.072000 0.316667
294 22.770000 0.500000 0.224000 1.120000
802 22.954000 0.501667 0.158667 0.336667
797 23.072333 0.506667 0.095333 0.353333
565 23.184000 0.510000 0.142667 0.293333
423 23.316667 0.510000 0.138667 0.433333
271 23.485667 0.491667 0.216667 1.083333
1010 23.603333 0.491667 0.033333 0.263333
959 23.631000 0.510000 0.042000 0.346667
958 23.661667 0.506667 0.038000 0.293333
4 23.713333 0.508333 0.081333 0.350000
921 23.783000 0.490000 0.075333 0.433333
102 23.913000 0.508333 0.198000 0.990000
655 24.044667 0.493333 0.085333 0.346667
987 24.102667 0.506667 0.046667 0.360000
780 24.189333 0.500000 0.146667 0.440000
765 24.299333 0.508333 0.088000 0.476667
796 24.398667 0.488333 0.126667 0.443333
843 24.493000 0.493333 0.082000 0.393333
32 24.569667 0.500000 0.088667 0.340000
611 24.659667 0.510000 0.111333 0.406667
40 24.760000 0.495000 0.109333 0.416667
786 24.839667 0.508333 0.064667 0.396667
900 24.921333 0.508333 0.118667 0.370000
346 25.029333 0.503333 0.110667 0.306667
604 25.139667 0.505000 0.128667 0.403333
908 25.249333 0.501667 0.110667 0.410000
928 25.319333 0.493333 0.045333 0.326667
792 25.385667 0.500000 0.104667 0.433333
633 25.525000 0.505000 0.192667 0.963333
728 25.637667 0.490000 0.050000 0.446667
990 25.671667 0.508333 0.031333 0.256667
205 25.790667 0.493333 0.226667 1.133333
709 25.944667 0.491667 0.096000 0.383333
362 26.065000 0.496667 0.160667 0.446667
334 26.192000 0.488333 0.112000 0.363333
104 26.342333 0.505000 0.207333 1.036667
309 26.474000 0.500000 0.072000 0.400000
493 26.543667 0.496667 0.080667 0.366667
186 26.625333 0.490000 0.102667 0.453333
602 26.732667 0.498333 0.125333 0.383333
929 26.810000 0.501667 0.046667 0.350000
984 26.847333 0.505000 0.042667 0.350000
61 26.906000 0.488333 0.092000 0.456667
682 26.993000 0.506667 0.098000 0.366667
436 27.097000 0.505000 0.124667 0.323333
28 27.200333 0.496667 0.099333 0.360000
560 27.315667 0.510000 0.148667 0.506667
46 27.413333 0.505000 0.060000 0.503333
298 27.481000 0.500000 0.094000 0.466667
770 27.611333 0.490000 0.182667 0.913333
474 27.724000 0.493333 0.058667 0.306667
580 27.811667 0.505000 0.132667 0.310000
270 27.968667 0.508333 0.194667 0.583333
468 28.092333 0.506667 0.072667 0.380000
463 28.151667 0.500000 0.059333 0.326667
403 28.260667 0.491667 0.173333 0.510000
972 28.360000 0.510000 0.042667 0.313333
370 28.450333 0.508333 0.154000 0.443333
405 28.573333 0.488333 0.112000 0.443333
648 28.668333 0.498333 0.095333 0.396667
752 28.748000 0.506667 0.078667 0.206667
176 28.829333 0.506667 0.102667 0.366667
894 28.947667 0.506667 0.150000 0.413333
835 29.066667 0.495000 0.101333 0.390000
241 29.154667 0.508333 0.089333 0.476667
231 29.243667 0.495000 0.103333 0.436667
310 29.327667 0.498333 0.082000 0.463333
62 29.408000 0.496667 0.094667 0.440000
817 29.520000 0.495000 0.142667 0.456667
902 29.655000 0.503333 0.146000 0.426667
53 29.785333 0.503333 0.129333 0.460000
224 29.896667 0.495000 0.113333 0.463333
265 30.030667 0.510000 0.173333 0.866667
768 30.146000 0.495000 0.076000 0.163333
195 30.225000 0.491667 0.100667 0.496667
654 30.362333 0.508333 0.191333 0.396667
340 30.502667 0.506667 0.104000 0.300000
916 30.634000 0.493333 0.174667 0.426667
610 30.768000 0.491667 0.108000 0.336667
592 30.885333 0.496667 0.140000 0.400000
833 30.998667 0.491667 0.105333 0.496667
508 31.074333 0.506667 0.063333 0.333333
505 31.126667 0.506667 0.054667 0.226667
639 31.179000 0.503333 0.070000 0.353333
79 31.343333 0.491667 0.273333 0.590000
401 31.510333 0.510000 0.076667 0.420000
26 31.603333 0.493333 0.124000 0.420000
495 31.691333 0.500000 0.070667 0.306667
531 31.826333 0.491667 0.219333 1.096667
179 31.982000 0.491667 0.105333 0.370000
955 32.046333 0.498333 0.043333 0.336667
88 32.143667 0.490000 0.167333 0.346667
722 32.270667 0.506667 0.104000 0.300000
915 32.347667 0.500000 0.066000 0.533333
54 32.403667 0.498333 0.060667 0.356667
658 32.463667 0.491667 0.076667 0.423333
527 32.574667 0.498333 0.158667 0.463333
744 32.751000 0.505000 0.211333 1.056667
118 32.903333 0.508333 0.110667 0.410000
913 33.014000 0.510000 0.130667 0.413333
923 33.095000 0.505000 0.046000 0.350000
466 33.138667 0.488333 0.061333 0.363333
352 33.232333 0.490000 0.142000 0.380000
557 33.333000 0.488333 0.075333 0.496667
598 33.417333 0.505000 0.106667 0.316667
983 33.479000 0.488333 0.035333 0.290000
312 33.550333 0.493333 0.127333 0.466667
428 33.653667 0.498333 0.095333 0.623333
578 33.745667 0.495000 0.107333 0.416667
651 33.878667 0.490000 0.176000 0.586667
832 34.008000 0.493333 0.100000 0.406667
494 34.092333 0.496667 0.083333 0.406667
674 34.173667 0.495000 0.092667 0.310000
893 34.291000 0.488333 0.162000 0.470000
21 34.421667 0.491667 0.114000 0.390000
452 34.499333 0.510000 0.058667 0.333333
975 34.541333 0.498333 0.038667 0.290000
551 34.611000 0.495000 0.115333 0.350000
2 34.691333 0.498333 0.064000 0.323333
377 34.792000 0.510000 0.156000 0.780000
462 34.894333 0.508333 0.064667 0.336667
789 34.949000 0.490000 0.064667 0.386667
45 35.004333 0.498333 0.060667 0.303333
982 35.050667 0.500000 0.045333 0.346667
751 35.119667 0.491667 0.106000 0.463333
416 35.216000 0.508333 0.105333 0.516667
345 35.323333 0.490000 0.122667 0.333333
338 35.444000 0.490000 0.137333 0.713333
930 35.523667 0.508333 0.036667 0.276667
404 35.583000 0.503333 0.096667 0.473333
981 35.645333 0.506667 0.041333 0.333333
788 35.746333 0.501667 0.174000 0.490000
184 35.870000 0.491667 0.092000 0.463333
238 36.022333 0.498333 0.228667 1.143333
660 36.178000 0.496667 0.097333 0.333333
573 36.268333 0.505000 0.096667 0.403333
657 36.361000 0.496667 0.107333 0.446667
220 36.456333 0.506667 0.098000 0.393333
93 36.579333 0.506667 0.166667 0.833333
259 36.714333 0.510000 0.122000 0.600000
204 36.825667 0.490000 0.119333 0.546667
164 36.928667 0.495000 0.100000 0.383333
266 37.044000 0.508333 0.146667 0.450000
499 37.136667 0.496667 0.058667 0.360000
991 37.174667 0.498333 0.033333 0.276667
890 37.266000 0.503333 0.166667 0.833333
868 37.377333 0.496667 0.070667 0.400000
8 37.451333 0.500000 0.094667 0.333333
501 37.539667 0.501667 0.096667 0.463333
664 37.636000 0.493333 0.116000 0.426667
154 37.717000 0.491667 0.064667 0.316667
229 37.787000 0.493333 0.094000 0.413333
356 37.898667 0.498333 0.146667 0.403333
720 38.052333 0.505000 0.178000 0.470000
887 38.196333 0.508333 0.128667 0.390000
187 38.306000 0.506667 0.108000 0.433333
371 38.415667 0.491667 0.128667 0.370000
635 38.508667 0.500000 0.077333 0.340000
450 38.585000 0.505000 0.088667 0.450000
285 38.677333 0.491667 0.112000 0.403333
954 38.745333 0.510000 0.040000 0.320000
283 38.821333 0.498333 0.130667 0.443333
211 38.930667 0.501667 0.104000 0.430000
469 39.004667 0.505000 0.064000 0.336667
731 39.068333 0.488333 0.083333 0.403333
552 39.133000 0.496667 0.059333 0.413333
302 39.185667 0.498333 0.062000 0.350000
457 39.238333 0.495000 0.062000 0.343333
740 39.336667 0.488333 0.152000 0.350000
117 39.460333 0.490000 0.111333 0.353333
95 39.602333 0.508333 0.188667 0.943333
818 39.761000 0.510000 0.148667 0.506667
57 39.855667 0.506667 0.054000 0.306667
260 39.946333 0.491667 0.140667 0.403333
320 40.076333 0.498333 0.139333 0.410000
212 40.189667 0.503333 0.103333 0.526667
1000 40.251333 0.491667 0.033333 0.263333
683 40.314667 0.508333 0.112000 0.303333
361 40.414667 0.488333 0.106667 0.303333
506 40.480000 0.505000 0.041333 0.456667
809 40.550333 0.503333 0.118000 0.626667
520 40.669333 0.496667 0.134667 0.420000
242 40.791000 0.506667 0.127333 0.500000
465 40.879333 0.506667 0.069333 0.393333
757 40.961000 0.500000 0.114000 0.340000
222 41.053000 0.505000 0.086000 0.436667
676 41.139667 0.505000 0.104667 0.336667
237 41.228333 0.488333 0.086000 0.596667
941 41.280667 0.495000 0.036000 0.263333
25 41.344333 0.496667 0.107333 0.380000
830 41.441667 0.505000 0.102000 0.423333
837 41.537333 0.505000 0.109333 0.523333
208 41.627000 0.500000 0.090000 0.453333
402 41.737333 0.510000 0.150667 0.380000
811 41.855000 0.490000 0.103333 0.380000
5 41.935333 0.496667 0.076000 0.360000
625 42.057000 0.508333 0.186000 0.930000
872 42.224667 0.496667 0.165333 0.486667
439 42.352000 0.500000 0.108000 0.426667
562 42.482333 0.493333 0.170000 0.366667
142 42.602667 0.505000 0.090667 0.423333
348 42.713000 0.503333 0.144667 0.446667
643 42.833000 0.506667 0.112667 0.393333
393 42.938667 0.490000 0.114667 0.320000
528 43.047000 0.491667 0.119333 0.423333
662 43.160000 0.503333 0.122667 0.440000
101 43.301667 0.498333 0.179333 0.896667
603 43.485333 0.501667 0.206667 0.483333
203 43.622333 0.510000 0.082000 0.406667
56 43.697333 0.508333 0.084000 0.116667
617 43.781667 0.503333 0.103333 0.406667
595 43.890333 0.488333 0.134000 0.403333
953 43.973667 0.501667 0.048667 0.356667
440 44.019333 0.488333 0.057333 0.336667
318 44.100333 0.493333 0.122000 0.506667
699 44.210333 0.490000 0.115333 0.320000
969 44.277667 0.501667 0.036667 0.290000
425 44.340667 0.508333 0.105333 0.610000
724 44.437000 0.495000 0.100667 0.503333
706 44.518000 0.510000 0.076000 0.386667
248 44.591000 0.503333 0.090000 0.486667
859 44.697667 0.488333 0.143333 0.443333
12 44.808667 0.490000 0.094667 0.306667
1020 44.863000 0.495000 0.034000 0.276667
851 44.923667 0.498333 0.107333 0.503333
1019 44.987000 0.490000 0.038000 0.300000
939 45.018667 0.490000 0.038667 0.306667
173 45.078333 0.488333 0.100667 0.456667
980 45.148000 0.501667 0.053333 0.390000
661 45.230667 0.503333 0.126667 0.473333
83 45.332333 0.496667 0.091333 0.446667
544 45.411333 0.490000 0.082667 0.293333
605 45.509667 0.498333 0.132667 0.343333
460 45.606000 0.500000 0.078667 0.426667
779 45.656000 0.510000 0.040000 0.386667
399 45.726667 0.503333 0.120000 0.413333
206 45.823667 0.495000 0.094000 0.476667
383 45.925000 0.506667 0.122000 0.346667
667 46.021667 0.503333 0.090000 0.320000
384 46.147333 0.506667 0.177333 0.886667
815 46.288333 0.498333 0.123333 0.310000
782 46.389667 0.508333 0.094000 0.436667
723 46.475667 0.493333 0.098000 0.333333
97 46.627000 0.491667 0.219333 0.470000
597 46.797333 0.495000 0.137333 0.403333
787 46.893000 0.505000 0.070000 0.430000
914 46.990667 0.490000 0.141333 0.420000
547 47.083667 0.506667 0.062000 0.353333
114 47.148000 0.506667 0.082667 0.406667
106 47.285000 0.495000 0.211333 1.056667
906 47.453000 0.490000 0.139333 0.373333
202 47.575000 0.488333 0.122000 0.470000
707 47.670667 0.488333 0.085333 0.396667
903 47.769000 0.490000 0.128667 0.333333
378 47.885667 0.510000 0.119333 0.320000
336 47.994667 0.508333 0.112000 0.536667
963 48.065333 0.506667 0.045333 0.346667
246 48.186333 0.495000 0.211333 1.056667
181 48.340000 0.488333 0.109333 0.383333
38 48.440667 0.488333 0.110667 0.376667
9 48.535333 0.493333 0.098667 0.393333
910 48.644667 0.496667 0.138667 0.466667
600 48.772000 0.498333 0.136000 0.416667
730 48.895000 0.501667 0.126000 0.503333
139 48.992000 0.493333 0.084000 0.460000
653 49.104333 0.510000 0.158000 0.520000
948 49.193333 0.488333 0.037333 0.303333
986 49.229000 0.496667 0.047333 0.353333
684 49.306333 0.506667 0.122000 0.413333
858 49.409000 0.503333 0.102000 0.313333
245 49.483333 0.501667 0.062667 0.343333
175 49.577000 0.493333 0.138000 0.500000
112 49.713000 0.510000 0.148667 0.493333
13 49.822000 0.500000 0.089333 0.293333
136 49.924000 0.508333 0.133333 0.463333
296 50.035000 0.500000 0.106000 0.386667
149 50.156667 0.496667 0.153333 0.386667
742 50.297000 0.496667 0.140667 0.553333
1015 50.382333 0.491667 0.046000 0.356667
14 50.445000 0.488333 0.094000 0.316667
525 50.537000 0.496667 0.103333 0.346667
433 50.654333 0.510000 0.151333 0.306667
420 50.770000 0.506667 0.094667 0.340000
188 50.850667 0.495000 0.084000 0.390000
236 50.926667 0.498333 0.085333 0.356667
863 51.001000 0.490000 0.083333 0.400000
624 51.118333 0.501667 0.167333 0.550000
319 51.233000 0.498333 0.078000 0.283333
960 51.277000 0.495000 0.030000 0.250000
418 51.320333 0.503333 0.075333 0.366667
569 51.395000 0.490000 0.088667 0.366667
880 51.480000 0.503333 0.098667 0.326667
882 51.581667 0.496667 0.119333 0.466667
998 51.655667 0.505000 0.042000 0.323333
49 51.742333 0.495000 0.151333 0.756667
363 51.880333 0.496667 0.142000 0.393333
911 51.989000 0.493333 0.095333 0.333333
44 52.084333 0.506667 0.110000 0.433333
23 52.218667 0.498333 0.176000 0.503333
804 52.364667 0.495000 0.130667 0.383333
65 52.461000 0.506667 0.079333 0.200000
701 52.563333 0.493333 0.138667 0.426667
823 52.676333 0.496667 0.107333 0.533333
29 52.791000 0.493333 0.142000 0.393333
358 52.934667 0.500000 0.158667 0.413333
619 53.065667 0.493333 0.116667 0.600000
481 53.149333 0.488333 0.070667 0.376667
718 53.286667 0.500000 0.220000 1.100000
771 53.426000 0.491667 0.078667 0.390000
537 53.562000 0.503333 0.206667 1.033333
529 53.712000 0.490000 0.110667 0.433333
586 53.843667 0.501667 0.171333 0.856667
60 53.962000 0.508333 0.078667 0.350000
794 54.032667 0.493333 0.078667 0.473333
413 54.144333 0.505000 0.164667 0.823333
429 54.270667 0.488333 0.102667 0.356667
989 54.336333 0.496667 0.047333 0.353333
961 54.369333 0.508333 0.033333 0.276667
76 54.458667 0.490000 0.165333 0.520000
322 54.577667 0.491667 0.092667 0.110000
857 54.727000 0.505000 0.224667 0.483333
691 54.868667 0.496667 0.076000 0.373333
522 54.957667 0.491667 0.115333 0.363333
299 55.054333 0.500000 0.098000 0.380000
339 55.145000 0.501667 0.098000 0.476667
36 55.246333 0.495000 0.124667 0.396667
226 55.357333 0.498333 0.112000 0.463333
825 55.462667 0.491667 0.112000 0.476667
803 55.591667 0.500000 0.160667 0.466667
889 55.734333 0.500000 0.142000 0.446667
763 55.828667 0.491667 0.062667 0.436667
536 55.920000 0.495000 0.137333 0.543333
618 56.026000 0.493333 0.088000 0.520000
410 56.105333 0.490000 0.084000 0.406667
347 56.220333 0.498333 0.159333 0.443333
772 56.371667 0.495000 0.158000 0.790000
250 56.541667 0.488333 0.199333 0.996667
1011 56.654333 0.501667 0.043333 0.330000
826 56.720667 0.501667 0.106667 0.443333
736 56.806000 0.506667 0.082667 0.473333
282 56.893333 0.488333 0.106667 0.383333
632 57.033667 0.508333 0.187333 0.603333
918 57.165000 0.493333 0.088667 0.306667
534 57.252000 0.490000 0.102667 0.420000
820 57.338667 0.506667 0.090667 0.380000
183 57.432667 0.503333 0.117333 0.526667
556 57.529000 0.500000 0.091333 0.380000
652 57.634000 0.506667 0.134667 0.440000
876 57.780667 0.510000 0.178667 0.893333
3 57.902000 0.510000 0.080000 0.353333
879 57.996333 0.491667 0.123333 0.376667
390 58.118667 0.495000 0.136000 0.416667
1002 58.199667 0.498333 0.039333 0.290000
877 58.257000 0.508333 0.090000 0.456667
696 58.367333 0.495000 0.146667 0.336667
480 58.474333 0.496667 0.082000 0.420000
6 58.565667 0.506667 0.118000 0.440000
885 58.660667 0.500000 0.085333 0.380000
7 58.758000 0.490000 0.126667 0.413333
734 58.914333 0.503333 0.204667 0.553333
419 59.044667 0.491667 0.070667 0.343333
513 59.138000 0.500000 0.134667 0.426667
94 59.282333 0.501667 0.171333 0.856667
476 59.387000 0.503333 0.058000 0.300000
944 59.426000 0.503333 0.038667 0.326667
800 59.478667 0.500000 0.085333 0.320000
747 59.557667 0.503333 0.086000 0.346667
341 59.633000 0.508333 0.084667 0.370000
761 59.723333 0.491667 0.112000 0.323333
178 59.821667 0.495000 0.103333 0.363333
502 59.900667 0.505000 0.072000 0.336667
201 59.989000 0.508333 0.122000 0.503333
157 60.105333 0.496667 0.129333 0.513333
642 60.214000 0.496667 0.101333 0.413333
952 60.279000 0.506667 0.047333 0.366667
326 60.334000 0.488333 0.081333 0.370000
574 60.415667 0.505000 0.095333 0.376667
677 60.519000 0.498333 0.128667 0.443333
521 60.655333 0.500000 0.160000 0.413333
862 60.768333 0.503333 0.084667 0.446667
878 60.839667 0.510000 0.076667 0.386667
1006 60.892667 0.510000 0.048000 0.353333
235 60.961667 0.496667 0.104667 0.426667
146 61.052000 0.500000 0.093333 0.400000
353 61.153667 0.503333 0.123333 0.353333
217 61.301667 0.508333 0.190000 0.950000
712 61.499667 0.508333 0.224667 1.123333
940 61.622000 0.490000 0.037333 0.293333
938 61.656333 0.503333 0.044667 0.340000
931 61.694667 0.503333 0.045333 0.346667
376 61.764333 0.496667 0.112667 0.306667
119 61.858333 0.488333 0.088667 0.530000
729 61.905333 0.501667 0.025333 0.383333
255 61.968667 0.493333 0.117333 0.446667
558 62.061667 0.495000 0.082000 0.403333
621 62.115000 0.490000 0.044667 0.453333
726 62.170000 0.510000 0.081333 0.426667
1004 62.221667 0.493333 0.035333 0.273333
151 62.266000 0.500000 0.068000 0.320000
541 62.364333 0.488333 0.147333 0.350000
516 62.477000 0.508333 0.096667 0.316667
905 62.584667 0.501667 0.132000 0.430000
645 62.675333 0.493333 0.066667 0.293333
716 62.776000 0.496667 0.154667 0.420000
472 62.878333 0.490000 0.068667 0.406667
806 62.997000 0.501667 0.188667 0.503333
453 63.122667 0.503333 0.077333 0.406667
888 63.210333 0.510000 0.118000 0.360000
919 63.293667 0.500000 0.068667 0.300000
200 63.365000 0.500000 0.091333 0.366667
372 63.462333 0.508333 0.118000 0.310000
666 63.566333 0.508333 0.104667 0.370000
442 63.644333 0.505000 0.068667 0.396667
812 63.722667 0.505000 0.104000 0.283333
874 63.809000 0.508333 0.084667 0.410000
500 63.894667 0.500000 0.100000 0.473333
850 63.980667 0.508333 0.089333 0.396667
385 64.095000 0.491667 0.156667 0.463333
68 64.233000 0.506667 0.139333 0.406667
741 64.348333 0.496667 0.108667 0.380000
63 64.444000 0.496667 0.096000 0.340000
487 64.521667 0.498333 0.079333 0.410000
305 64.592333 0.508333 0.082000 0.463333
620 64.718667 0.503333 0.188000 0.940000
351 64.881333 0.498333 0.150667 0.463333
216 65.011667 0.491667 0.126000 0.503333
386 65.170667 0.493333 0.205333 1.026667
956 65.282667 0.498333 0.037333 0.316667
550 65.325000 0.495000 0.063333 0.316667
325 65.415333 0.498333 0.130667 0.536667
415 65.531333 0.508333 0.120000 0.396667
19 65.639667 0.488333 0.110000 0.410000
775 65.721667 0.508333 0.074000 0.370000
606 65.805667 0.496667 0.114000 0.346667
484 65.902000 0.503333 0.094667 0.353333
785 65.974667 0.495000 0.070667 0.310000
549 66.045000 0.493333 0.090000 0.306667
108 66.184667 0.490000 0.204000 1.020000
247 66.323333 0.505000 0.090667 0.450000
566 66.424667 0.491667 0.130667 0.523333
932 66.500333 0.493333 0.038000 0.293333
581 66.558333 0.506667 0.096667 0.446667
884 66.654333 0.505000 0.114000 0.416667
854 66.789000 0.496667 0.172667 0.506667
725 66.923333 0.495000 0.112000 0.476667
375 67.029000 0.505000 0.116667 0.330000
951 67.097000 0.508333 0.038000 0.316667
343 67.171667 0.510000 0.127333 0.373333
290 67.285333 0.495000 0.114667 0.330000
638 67.377667 0.496667 0.083333 0.340000
783 67.453333 0.503333 0.084000 0.440000
407 67.539667 0.508333 0.103333 0.403333
71 67.614000 0.508333 0.065333 0.336667
591 67.716000 0.490000 0.152000 0.433333
686 67.824667 0.496667 0.084000 0.413333
289 67.971333 0.500000 0.222667 0.433333
366 68.133000 0.490000 0.118000 0.353333
373 68.260000 0.496667 0.156000 0.466667
219 68.397000 0.505000 0.134000 0.530000
1022 68.477000 0.490000 0.042000 0.346667
838 68.537000 0.495000 0.098000 0.403333
571 68.619000 0.500000 0.080667 0.333333
70 68.718667 0.506667 0.134667 0.440000
962 68.798333 0.510000 0.039333 0.286667
647 68.852667 0.500000 0.082667 0.413333
239 68.994333 0.488333 0.215333 1.076667
240 69.125000 0.501667 0.066000 0.343333
87 69.228667 0.506667 0.157333 0.786667
977 69.321000 0.503333 0.043333 0.340000
135 69.383000 0.490000 0.098000 0.340000
249 69.459333 0.501667 0.070667 0.503333
252 69.556667 0.506667 0.144000 0.560000
365 69.687333 0.503333 0.136000 0.406667
445 69.781000 0.498333 0.070000 0.356667
649 69.848333 0.510000 0.080667 0.433333
52 69.924000 0.500000 0.085333 0.293333
735 70.021333 0.510000 0.124000 0.500000
693 70.125000 0.488333 0.102000 0.503333
607 70.222000 0.490000 0.108000 0.320000
368 70.346000 0.501667 0.154667 0.436667
840 70.473000 0.501667 0.118000 0.490000
685 70.576000 0.491667 0.104000 0.390000
937 70.642000 0.490000 0.046667 0.366667
174 70.710667 0.501667 0.109333 0.403333
304 70.784667 0.505000 0.057333 0.323333
441 70.833333 0.506667 0.060000 0.320000
533 70.911333 0.488333 0.109333 0.390000
486 70.986000 0.508333 0.054667 0.323333
397 71.048333 0.498333 0.088667 0.370000
349 71.156667 0.500000 0.142667 0.420000
489 71.250333 0.493333 0.062000 0.313333
669 71.337667 0.496667 0.128667 0.453333
161 71.459667 0.493333 0.130000 0.466667
896 71.574333 0.493333 0.114000 0.326667
886 71.674667 0.501667 0.105333 0.356667
191 71.773667 0.506667 0.110000 0.446667
546 71.859667 0.488333 0.075333 0.290000
1008 71.907333 0.498333 0.040000 0.330000
234 71.969667 0.501667 0.100667 0.416667
540 72.094333 0.496667 0.162000 0.580000
608 72.215000 0.488333 0.094000 0.316667
210 72.306333 0.503333 0.106000 0.426667
180 72.455000 0.491667 0.208667 1.043333
274 72.596667 0.488333 0.094667 0.450000
276 72.660000 0.505000 0.049333 0.303333
1021 72.698000 0.505000 0.045333 0.350000
993 72.731667 0.495000 0.036667 0.296667
243 72.820667 0.505000 0.156000 0.530000
927 72.910000 0.488333 0.041333 0.296667
678 72.982000 0.508333 0.118667 0.416667
988 73.050333 0.491667 0.038000 0.283333
166 73.114333 0.498333 0.110000 0.396667
301 73.198333 0.493333 0.071333 0.400000
69 73.275333 0.498333 0.096000 0.496667
253 73.346667 0.506667 0.061333 0.533333
553 73.418333 0.505000 0.098000 0.356667
85 73.503667 0.496667 0.090000 0.346667
583 73.573000 0.490000 0.064667 0.433333
331 73.712000 0.503333 0.229333 1.146667
400 73.840333 0.510000 0.046000 0.406667
515 73.905000 0.500000 0.098000 0.306667
55 74.000000 0.503333 0.109333 0.306667
408 74.102667 0.510000 0.116000 0.440000
704 74.211000 0.501667 0.120667 0.363333
281 74.315000 0.495000 0.107333 0.370000
703 74.414667 0.505000 0.105333 0.390000
257 74.514333 0.505000 0.112667 0.356667
587 74.676000 0.496667 0.229333 1.146667
41 74.860667 0.510000 0.158667 0.460000
623 75.010000 0.503333 0.160000 0.526667
58 75.105667 0.503333 0.050000 0.246667
327 75.200000 0.501667 0.156000 0.430000
801 75.312333 0.488333 0.088667 0.323333
791 75.390667 0.508333 0.082667 0.496667
733 75.467000 0.508333 0.083333 0.503333
225 75.560333 0.508333 0.116667 0.550000
477 75.641667 0.490000 0.064667 0.326667
966 75.683667 0.498333 0.032667 0.256667
137 75.721667 0.496667 0.060667 0.300000
585 75.809333 0.505000 0.129333 0.410000
599 75.917333 0.501667 0.106667 0.316667
920 76.016667 0.490000 0.106667 0.393333
86 76.108667 0.493333 0.097333 0.413333
847 76.206667 0.488333 0.116000 0.350000
594 76.326667 0.500000 0.138667 0.426667
411 76.488000 0.505000 0.200000 0.403333
1014 76.597000 0.508333 0.036667 0.296667
193 76.654333 0.488333 0.096667 0.483333
268 76.792667 0.510000 0.194667 0.973333
517 76.940333 0.500000 0.114000 0.380000
132 77.032667 0.493333 0.085333 0.360000
671 77.118667 0.500000 0.102667 0.333333
526 77.239667 0.488333 0.159333 0.443333
864 77.365333 0.506667 0.112000 0.440000
31 77.482000 0.493333 0.134667 0.400000
935 77.564333 0.496667 0.044667 0.353333
150 77.634333 0.503333 0.108667 0.426667
99 77.788000 0.496667 0.216000 1.080000
897 77.959333 0.496667 0.144000 0.406667
89 78.119667 0.505000 0.195333 0.423333
616 78.307667 0.501667 0.195333 0.976667
75 78.471333 0.501667 0.146667 0.450000
781 78.564333 0.496667 0.058000 0.300000
329 78.701667 0.495000 0.231333 1.156667
455 78.837333 0.496667 0.054667 0.320000
388 78.922667 0.503333 0.136000 0.380000
432 79.065333 0.501667 0.164000 0.316667
766 79.201333 0.510000 0.121333 0.353333
100 79.349000 0.510000 0.191333 0.406667
497 79.519667 0.505000 0.163333 0.410000
167 79.653000 0.503333 0.123333 0.473333
978 79.729667 0.498333 0.043333 0.350000
434 79.797667 0.498333 0.106000 0.356667
194 79.890667 0.508333 0.094667 0.376667
359 80.007000 0.500000 0.154000 0.486667
317 80.137333 0.496667 0.120000 0.473333
444 80.221333 0.498333 0.062667 0.376667
816 80.314000 0.491667 0.140000 0.503333
264 80.439667 0.501667 0.127333 0.490000
936 80.516333 0.495000 0.044667 0.330000
324 80.591667 0.495000 0.123333 0.603333
750 80.689667 0.493333 0.090000 0.333333
98 80.825667 0.508333 0.196667 0.983333
96 81.000333 0.491667 0.170000 0.850000
999 81.094000 0.488333 0.030667 0.250000
849 81.155333 0.503333 0.106667 0.473333
199 81.261000 0.508333 0.118000 0.496667
589 81.362333 0.505000 0.104667 0.436667
367 81.469333 0.503333 0.128000 0.366667
561 81.616333 0.506667 0.180667 0.373333
548 81.759667 0.495000 0.122000 0.436667
1007 81.836333 0.510000 0.046000 0.353333
59 81.942667 0.503333 0.182667 0.913333
1013 82.052000 0.488333 0.050667 0.363333
233 82.123333 0.496667 0.112000 0.486667
596 82.237333 0.501667 0.132000 0.403333
35 82.337333 0.501667 0.088000 0.310000
985 82.393667 0.496667 0.040667 0.346667
254 82.476667 0.501667 0.144000 0.550000
949 82.558000 0.501667 0.036000 0.270000
483 82.604000 0.496667 0.069333 0.360000
739 82.660667 0.501667 0.061333 0.523333
892 82.774333 0.493333 0.183333 0.533333
447 82.889667 0.505000 0.066000 0.330000
901 82.994667 0.493333 0.160000 0.433333
542 83.123000 0.496667 0.110000 0.386667
111 83.213000 0.495000 0.086000 0.376667
461 83.285000 0.496667 0.074000 0.380000
269 83.403667 0.510000 0.182000 0.566667
524 83.541333 0.490000 0.112000 0.346667
844 83.635333 0.510000 0.092000 0.380000
344 83.734333 0.508333 0.120667 0.376667
42 83.823333 0.488333 0.073333 0.416667
665 83.913000 0.510000 0.126000 0.426667
115 84.000000 0.500000 0.068000 0.326667
909 84.066000 0.496667 0.080000 0.353333
807 84.187667 0.491667 0.176667 0.883333
18 84.331667 0.493333 0.127333 0.420000
448 84.418667 0.508333 0.061333 0.310000
417 84.477000 0.501667 0.074000 0.356667
73 84.577333 0.493333 0.145333 0.460000
424 84.717000 0.493333 0.148667 0.466667
230 84.829000 0.496667 0.090000 0.406667
15 84.921000 0.488333 0.111333 0.416667
810 85.026000 0.505000 0.112000 0.503333
160 85.101667 0.491667 0.056667 0.323333
10 85.174333 0.505000 0.106000 0.350000
412 85.261000 0.491667 0.084667 0.436667
123 85.359333 0.493333 0.125333 0.733333
738 85.455667 0.498333 0.086000 0.423333
209 85.550333 0.506667 0.118000 0.526667
92 85.688667 0.503333 0.172000 0.860000
675 85.823333 0.495000 0.110667 0.416667
719 85.954000 0.503333 0.164000 0.820000
473 86.062667 0.500000 0.072000 0.373333
865 86.134333 0.490000 0.087333 0.286667
77 86.234667 0.510000 0.128000 0.320000
382 86.361000 0.510000 0.142000 0.440000
121 86.433333 0.503333 0.020000 0.366667
613 86.517000 0.488333 0.167333 0.436667
1001 86.613667 0.501667 0.039333 0.330000
629 86.704333 0.491667 0.156667 0.783333
717 86.858667 0.501667 0.168000 0.436667
427 86.996000 0.490000 0.126667 0.600000
464 87.087667 0.510000 0.076667 0.460000
568 87.166333 0.491667 0.096667 0.483333
926 87.219667 0.495000 0.030000 0.250000
130 87.311333 0.508333 0.169333 0.350000
1018 87.408667 0.506667 0.038667 0.293333
964 87.436667 0.488333 0.036000 0.290000
510 87.517000 0.496667 0.138000 0.426667
656 87.648333 0.501667 0.140667 0.356667
758 87.778667 0.506667 0.134667 0.406667
1017 87.861333 0.498333 0.046667 0.350000
668 87.922667 0.488333 0.093333 0.323333
374 88.039333 0.505000 0.157333 0.430000
994 88.131333 0.493333 0.041333 0.333333
482 88.183333 0.505000 0.076000 0.403333
945 88.236333 0.510000 0.047333 0.346667
11 88.306333 0.500000 0.111333 0.366667
970 88.376333 0.488333 0.046000 0.336667
438 88.479000 0.496667 0.179333 0.566667
0 88.580333 0.496667 0.039333 0.320000
539 88.629000 0.505000 0.072667 0.323333
839 88.716000 0.501667 0.114667 0.530000
947 88.789000 0.500000 0.044667 0.333333
332 88.904333 0.488333 0.203333 1.016667
745 89.042667 0.501667 0.086667 0.323333
790 89.116000 0.503333 0.080000 0.480000
116 89.220333 0.490000 0.143333 0.453333
131 89.348333 0.493333 0.132667 0.513333
992 89.427667 0.490000 0.046000 0.340000
861 89.460333 0.510000 0.038000 0.300000
152 89.503000 0.490000 0.062000 0.293333
232 89.578333 0.500000 0.103333 0.426667
1003 89.642333 0.506667 0.043333 0.333333
891 89.685333 0.488333 0.057333 0.223333
871 89.738667 0.506667 0.065333 0.300000
523 89.827667 0.503333 0.132667 0.420000
973 89.908000 0.495000 0.048000 0.370000
30 89.992000 0.506667 0.134667 0.386667
360 90.104333 0.493333 0.108667 0.333333
159 90.171000 0.500000 0.044667 0.346667
588 90.223000 0.501667 0.078000 0.350000
1005 90.269667 0.491667 0.028667 0.243333
20 90.322667 0.503333 0.096000 0.333333
829 90.403000 0.491667 0.083333 0.390000
258 90.480333 0.508333 0.087333 0.330000
869 90.546333 0.498333 0.058000 0.356667
799 90.606000 0.490000 0.078667 0.306667
564 90.717333 0.490000 0.157333 0.346667
467 90.823667 0.496667 0.075333 0.426667
198 90.909000 0.490000 0.114000 0.566667
673 91.011667 0.501667 0.108667 0.370000
764 91.092667 0.496667 0.070667 0.333333
192 91.202333 0.498333 0.168667 0.843333
311 91.314667 0.510000 0.073333 0.320000
695 91.411333 0.506667 0.134667 0.353333
90 91.574667 0.490000 0.209333 0.446667
776 91.742000 0.503333 0.142667 0.326667
22 91.862000 0.498333 0.114667 0.383333
687 91.960000 0.506667 0.096000 0.466667
873 92.055333 0.496667 0.108000 0.513333
306 92.132667 0.506667 0.061333 0.346667
670 92.213000 0.491667 0.114000 0.376667
479 92.293333 0.496667 0.066667 0.393333
158 92.404667 0.501667 0.173333 0.550000
490 92.517333 0.498333 0.070667 0.363333
144 92.595000 0.500000 0.104667 0.440000
821 92.676333 0.498333 0.075333 0.530000
148 92.796000 0.493333 0.182667 0.913333
615 92.949000 0.493333 0.138000 0.640000
342 93.048000 0.510000 0.077333 0.326667
287 93.139667 0.500000 0.122000 0.453333
84 93.245333 0.506667 0.106667 0.300000
754 93.347667 0.495000 0.112667 0.550000
456 93.435667 0.488333 0.082000 0.423333
538 93.548333 0.490000 0.160667 0.366667
273 93.653333 0.500000 0.062667 0.400000
163 93.732333 0.506667 0.108667 0.400000
316 93.834000 0.496667 0.114667 0.433333
545 93.923333 0.488333 0.078667 0.283333
995 93.974000 0.491667 0.037333 0.310000
692 94.021000 0.488333 0.076667 0.376667
277 94.089000 0.501667 0.072667 0.343333
478 94.151000 0.508333 0.071333 0.403333
950 94.197333 0.488333 0.036000 0.276667
426 94.240667 0.496667 0.065333 0.400000
267 94.379333 0.496667 0.230667 1.153333
746 94.558000 0.495000 0.146667 0.443333
714 94.727333 0.490000 0.209333 0.580000
555 94.846667 0.508333 0.044000 0.436667
793 94.923667 0.488333 0.126000 0.510000
126 95.054333 0.493333 0.148667 0.506667
218 95.172667 0.495000 0.108000 0.443333
1009 95.240000 0.491667 0.041333 0.330000
577 95.301667 0.508333 0.096667 0.376667
190 95.397000 0.496667 0.110000 0.446667
284 95.499333 0.501667 0.110667 0.403333
147 95.591667 0.500000 0.092667 0.473333
395 95.700667 0.500000 0.141333 0.420000
535 95.848667 0.510000 0.172000 0.386667
168 95.983000 0.506667 0.110000 0.420000
295 96.082333 0.510000 0.108667 0.453333
39 96.187333 0.508333 0.120000 0.403333
451 96.278000 0.510000 0.077333 0.460000
16 96.359000 0.498333 0.100667 0.330000
414 96.482000 0.500000 0.165333 0.826667
1 96.597333 0.493333 0.078667 0.380000
681 96.645333 0.506667 0.037333 0.340000
475 96.688667 0.490000 0.066667 0.353333
74 96.771333 0.488333 0.117333 0.363333
34 96.884000 0.500000 0.124000 0.453333
262 96.988333 0.488333 0.100667 0.516667
279 97.080000 0.505000 0.102667 0.590000
124 97.175000 0.490000 0.102000 0.360000
391 97.279667 0.498333 0.122000 0.376667
904 97.365667 0.501667 0.063333 0.336667
78 97.491667 0.490000 0.208667 0.573333
627 97.675333 0.505000 0.176000 0.596667
846 97.812333 0.501667 0.118000 0.576667
509 97.931333 0.500000 0.137333 0.446667
409 98.079000 0.508333 0.176667 0.883333
778 98.193000 0.493333 0.070000 0.473333
634 98.261000 0.501667 0.079333 0.336667
107 98.400667 0.503333 0.218667 1.093333
640 98.539000 0.496667 0.078000 0.393333
392 98.660667 0.510000 0.178667 0.893333
979 98.758000 0.488333 0.033333 0.263333
881 98.837667 0.495000 0.146000 0.490000
503 98.982667 0.505000 0.158667 0.443333
333 99.147667 0.493333 0.187333 0.446667
307 99.275333 0.506667 0.082667 0.460000
743 99.359000 0.506667 0.102000 0.426667
715 99.508000 0.500000 0.212000 1.060000
762 99.653667 0.491667 0.094000 0.416667
496 99.755333 0.488333 0.124000 0.476667
170 99.860333 0.493333 0.100667 0.360000
636 99.966667 0.510000 0.129333 0.320000
773 100.140333 0.498333 0.231333 1.156667
228 100.293333 0.506667 0.093333 0.460000
641 100.373000 0.498333 0.082000 0.390000
698 100.437000 0.505000 0.064667 0.343333
491 100.510667 0.505000 0.101333 0.496667
700 100.636667 0.503333 0.168000 0.840000
831 100.769667 0.491667 0.114000 0.543333
808 100.874333 0.491667 0.112667 0.416667
422 100.967333 0.506667 0.086667 0.313333
67 101.082667 0.493333 0.162667 0.813333
907 101.204333 0.490000 0.098000 0.320000
113 101.287667 0.493333 0.083333 0.446667
492 101.351000 0.503333 0.062000 0.333333
708 101.419667 0.500000 0.092667 0.433333
387 101.533333 0.493333 0.153333 0.486667
612 101.677667 0.501667 0.155333 0.396667
898 101.817333 0.493333 0.144000 0.413333
103 101.996667 0.493333 0.232000 0.506667
263 102.166667 0.488333 0.122667 0.396667
82 102.263000 0.503333 0.084667 0.573333
337 102.413667 0.491667 0.231333 1.156667
293 102.562000 0.495000 0.081333 0.316667
143 102.644000 0.505000 0.100000 0.470000
