495 0.042333 0.488333 0.078000 0.416667
697 0.106667 0.495000 0.069333 0.350000
548 0.189333 0.500000 0.112000 0.386667
995 0.261000 0.506667 0.046000 0.353333
187 0.327667 0.488333 0.107333 0.430000
442 0.415000 0.506667 0.087333 0.446667
963 0.466000 0.488333 0.032000 0.256667
386 0.528667 0.493333 0.108000 0.333333
643 0.634333 0.510000 0.118000 0.413333
385 0.789333 0.500000 0.208000 1.040000
369 0.949333 0.490000 0.130667 0.353333
977 1.022667 0.490000 0.032000 0.260000
865 1.075667 0.498333 0.087333 0.296667
654 1.214333 0.500000 0.210000 0.400000
11 1.365000 0.501667 0.104667 0.363333
723 1.474000 0.496667 0.133333 0.460000
104 1.638667 0.496667 0.210667 1.053333
8 1.795333 0.503333 0.118667 0.426667
867 1.902333 0.510000 0.110000 0.360000
625 2.040333 0.493333 0.183333 0.613333
40 2.168000 0.493333 0.089333 0.280000
340 2.254000 0.500000 0.101333 0.293333
444 2.324333 0.488333 0.055333 0.330000
604 2.414667 0.508333 0.142667 0.456667
342 2.514667 0.498333 0.070667 0.316667
373 2.603667 0.491667 0.127333 0.370000
556 2.719000 0.488333 0.120667 0.503333
567 2.834000 0.510000 0.129333 0.546667
866 2.975667 0.506667 0.172667 0.546667
118 3.112667 0.493333 0.121333 0.486667
784 3.193667 0.495000 0.054000 0.450000
528 3.281333 0.508333 0.134667 0.430000
100 3.458000 0.510000 0.232000 0.493333
1016 3.586667 0.506667 0.040000 0.293333
372 3.666333 0.491667 0.138000 0.396667
285 3.792333 0.503333 0.131333 0.460000
831 3.900000 0.501667 0.100000 0.416667
742 4.018000 0.500000 0.150667 0.613333
828 4.135000 0.495000 0.100667 0.490000
768 4.218667 0.490000 0.086667 0.186667
460 4.286333 0.506667 0.062000 0.313333
1009 4.327000 0.506667 0.032667 0.253333
942 4.352333 0.490000 0.038000 0.280000
126 4.442000 0.490000 0.160000 0.800000
95 4.627333 0.500000 0.224000 1.120000
730 4.807667 0.501667 0.156667 0.563333
267 4.981333 0.500000 0.208000 1.040000
982 5.090333 0.493333 0.030000 0.246667
288 5.148333 0.510000 0.106000 0.393333
181 5.251333 0.493333 0.117333 0.420000
515 5.350333 0.506667 0.099333 0.320000
204 5.447333 0.503333 0.110667 0.460000
777 5.548333 0.500000 0.106000 0.426667
702 5.687000 0.490000 0.191333 0.593333
106 5.875667 0.508333 0.202000 1.010000
317 6.016000 0.491667 0.093333 0.343333
1012 6.077333 0.498333 0.044000 0.343333
936 6.111000 0.488333 0.040667 0.323333
954 6.141333 0.496667 0.040000 0.333333
670 6.213667 0.506667 0.120667 0.400000
696 6.342000 0.488333 0.150667 0.350000
961 6.431667 0.501667 0.046000 0.370000
990 6.467667 0.500000 0.042000 0.326667
143 6.516333 0.495000 0.072667 0.376667
414 6.657667 0.505000 0.227333 1.136667
649 6.804333 0.510000 0.082000 0.460000
735 6.905667 0.496667 0.135333 0.560000
162 7.026667 0.503333 0.124000 0.453333
163 7.158333 0.491667 0.159333 0.796667
183 7.294333 0.488333 0.127333 0.516667
734 7.431333 0.510000 0.160000 0.413333
319 7.544000 0.501667 0.085333 0.316667
130 7.664667 0.493333 0.173333 0.866667
227 7.793000 0.491667 0.102000 0.416667
614 7.902000 0.503333 0.134667 0.340000
509 8.014000 0.491667 0.108000 0.336667
110 8.130000 0.490000 0.137333 0.506667
73 8.251000 0.510000 0.118000 0.380000
125 8.347000 0.510000 0.090000 0.380000
296 8.432000 0.505000 0.100000 0.376667
428 8.510667 0.510000 0.072000 0.493333
918 8.589333 0.498333 0.105333 0.396667
472 8.671667 0.503333 0.072667 0.380000
1015 8.718333 0.505000 0.039333 0.310000
478 8.766333 0.495000 0.070000 0.410000
210 8.848000 0.505000 0.112000 0.496667
838 8.956667 0.508333 0.124000 0.503333
429 9.065667 0.500000 0.107333 0.366667
231 9.159667 0.496667 0.100667 0.420000
692 9.242667 0.506667 0.080000 0.386667
766 9.341333 0.490000 0.137333 0.406667
75 9.473667 0.501667 0.144667 0.443333
933 9.559333 0.493333 0.042667 0.313333
788 9.653667 0.498333 0.163333 0.816667
569 9.778000 0.510000 0.105333 0.440000
269 9.894333 0.488333 0.147333 0.470000
652 10.043333 0.496667 0.170667 0.853333
878 10.158667 0.510000 0.076000 0.393333
185 10.302333 0.491667 0.230000 1.150000
775 10.448333 0.490000 0.078000 0.386667
832 10.525667 0.498333 0.090000 0.416667
969 10.579667 0.501667 0.038000 0.310000
42 10.622667 0.498333 0.066667 0.376667
747 10.691333 0.493333 0.089333 0.380000
562 10.797667 0.493333 0.138000 0.286667
785 10.890667 0.491667 0.062667 0.263333
712 11.013000 0.496667 0.199333 0.540000
979 11.122333 0.501667 0.032667 0.256667
173 11.169667 0.500000 0.080667 0.366667
448 11.235000 0.503333 0.064667 0.326667
959 11.284667 0.493333 0.048000 0.366667
182 11.371667 0.496667 0.142000 0.533333
512 11.492000 0.493333 0.117333 0.380000
353 11.630000 0.496667 0.177333 0.886667
1010 11.729667 0.501667 0.038000 0.296667
818 11.796667 0.496667 0.112000 0.246667
92 11.927333 0.506667 0.169333 0.846667
112 12.089333 0.490000 0.170667 0.566667
254 12.223333 0.510000 0.117333 0.446667
778 12.317667 0.490000 0.087333 0.606667
350 12.422333 0.488333 0.139333 0.376667
592 12.545333 0.493333 0.126667 0.380000
491 12.653667 0.498333 0.104667 0.510000
17 12.760333 0.498333 0.127333 0.416667
845 12.877000 0.503333 0.126000 0.526667
707 12.988000 0.498333 0.112000 0.516667
806 13.113333 0.510000 0.154667 0.773333
318 13.234667 0.503333 0.105333 0.433333
597 13.336667 0.493333 0.117333 0.373333
929 13.405333 0.505000 0.034667 0.263333
689 13.453333 0.496667 0.074667 0.366667
634 13.533667 0.496667 0.099333 0.420000
84 13.635000 0.501667 0.120667 0.343333
356 13.741667 0.510000 0.107333 0.320000
825 13.841667 0.505000 0.111333 0.463333
113 13.968333 0.495000 0.158000 0.790000
542 14.105000 0.510000 0.131333 0.486667
45 14.197333 0.498333 0.066667 0.330000
150 14.271000 0.508333 0.099333 0.390000
129 14.376333 0.496667 0.127333 0.493333
588 14.476333 0.490000 0.088667 0.380000
728 14.535667 0.500000 0.050000 0.446667
749 14.597333 0.491667 0.090667 0.363333
950 14.653667 0.510000 0.038000 0.306667
470 14.700333 0.510000 0.075333 0.400000
608 14.778333 0.495000 0.100667 0.356667
879 14.891667 0.505000 0.140667 0.423333
213 15.010667 0.490000 0.110667 0.446667
38 15.106667 0.493333 0.096000 0.326667
623 15.234000 0.505000 0.178667 0.590000
64 15.342667 0.500000 0.056000 0.286667
56 15.391667 0.501667 0.056667 0.076667
773 15.481333 0.495000 0.140000 0.436667
957 15.563000 0.490000 0.038000 0.273333
290 15.636667 0.495000 0.128000 0.343333
962 15.712333 0.491667 0.039333 0.296667
676 15.788667 0.495000 0.129333 0.456667
390 15.945000 0.491667 0.200667 1.003333
875 16.128667 0.501667 0.181333 0.450000
987 16.232000 0.501667 0.042667 0.350000
658 16.276000 0.488333 0.060000 0.350000
268 16.389667 0.488333 0.182000 0.910000
880 16.517000 0.495000 0.086000 0.296667
21 16.602333 0.506667 0.104667 0.353333
636 16.699333 0.510000 0.106667 0.246667
607 16.812000 0.493333 0.134667 0.406667
6 16.924667 0.505000 0.109333 0.450000
822 17.018333 0.496667 0.095333 0.300000
310 17.093000 0.505000 0.068667 0.376667
282 17.168333 0.510000 0.100667 0.346667
237 17.249667 0.500000 0.075333 0.493333
471 17.315667 0.495000 0.075333 0.396667
96 17.447667 0.505000 0.204667 1.023333
800 17.595333 0.495000 0.105333 0.390000
792 17.702333 0.493333 0.126000 0.513333
931 17.771333 0.491667 0.032000 0.263333
886 17.859000 0.488333 0.156667 0.783333
677 17.975333 0.501667 0.090667 0.303333
223 18.066667 0.495000 0.112000 0.470000
559 18.160000 0.500000 0.088000 0.433333
731 18.226000 0.493333 0.061333 0.306667
365 18.323333 0.503333 0.153333 0.480000
782 18.435333 0.500000 0.090667 0.413333
786 18.507000 0.510000 0.067333 0.413333
960 18.551333 0.501667 0.040000 0.290000
657 18.612333 0.506667 0.099333 0.433333
527 18.710333 0.488333 0.115333 0.330000
1018 18.782667 0.501667 0.049333 0.356667
645 18.835000 0.488333 0.075333 0.336667
287 18.925000 0.495000 0.124667 0.463333
214 19.031000 0.501667 0.107333 0.463333
870 19.101667 0.491667 0.048667 0.243333
136 19.187667 0.488333 0.138000 0.530000
743 19.300000 0.496667 0.100000 0.420000
985 19.363000 0.490000 0.043333 0.313333
131 19.438667 0.506667 0.128000 0.493333
454 19.527333 0.503333 0.069333 0.413333
427 19.615000 0.498333 0.122000 0.570000
620 19.729667 0.495000 0.126000 0.543333
436 19.830000 0.491667 0.093333 0.236667
101 19.963000 0.495000 0.190000 0.403333
389 20.110333 0.506667 0.118000 0.346667
668 20.210333 0.501667 0.098000 0.310000
906 20.325000 0.498333 0.144667 0.396667
813 20.460000 0.491667 0.145333 0.476667
763 20.554000 0.508333 0.062667 0.456667
613 20.651000 0.490000 0.151333 0.400000
51 20.779333 0.501667 0.121333 0.423333
294 20.918000 0.496667 0.174667 0.873333
3 21.045333 0.510000 0.100000 0.446667
141 21.126333 0.503333 0.075333 0.353333
603 21.256333 0.496667 0.202000 0.433333
270 21.433333 0.508333 0.165333 0.496667
240 21.546667 0.510000 0.077333 0.373333
286 21.633000 0.495000 0.108667 0.403333
639 21.713333 0.501667 0.068000 0.343333
973 21.765000 0.510000 0.050000 0.373333
352 21.894667 0.496667 0.229333 1.146667
206 22.114000 0.490000 0.229333 1.146667
602 22.285667 0.506667 0.132667 0.406667
683 22.422667 0.510000 0.157333 0.466667
412 22.536333 0.503333 0.087333 0.433333
984 22.590000 0.500000 0.034667 0.300000
694 22.648667 0.503333 0.100000 0.493333
807 22.779333 0.490000 0.176000 0.880000
857 22.953333 0.503333 0.192000 0.406667
682 23.087000 0.496667 0.088667 0.326667
688 23.163000 0.493333 0.083333 0.406667
71 23.233000 0.510000 0.070000 0.366667
978 23.274667 0.506667 0.032000 0.246667
612 23.358333 0.488333 0.155333 0.396667
572 23.468000 0.505000 0.082667 0.350000
876 23.615000 0.505000 0.228667 1.143333
808 23.773000 0.501667 0.102000 0.443333
750 23.867667 0.491667 0.106000 0.396667
759 23.973000 0.488333 0.122000 0.390000
993 24.040667 0.508333 0.029333 0.243333
475 24.075333 0.488333 0.058667 0.310000
115 24.130667 0.501667 0.072000 0.423333
380 24.219333 0.501667 0.122667 0.356667
795 24.306667 0.488333 0.069333 0.423333
497 24.397333 0.493333 0.129333 0.326667
874 24.489000 0.496667 0.074000 0.353333
803 24.583667 0.488333 0.130000 0.383333
640 24.677000 0.498333 0.070000 0.350000
384 24.784000 0.500000 0.158667 0.433333
897 24.924667 0.493333 0.138667 0.366667
22 25.060000 0.496667 0.149333 0.500000
667 25.179000 0.505000 0.106000 0.356667
432 25.291667 0.495000 0.134000 0.263333
43 25.399000 0.490000 0.094000 0.373333
253 25.466000 0.488333 0.053333 0.450000
94 25.603333 0.498333 0.236000 0.510000
946 25.736000 0.493333 0.049333 0.373333
939 25.768333 0.503333 0.034000 0.280000
911 25.831000 0.510000 0.108667 0.400000
468 25.906000 0.506667 0.061333 0.313333
543 26.030667 0.493333 0.201333 1.006667
724 26.160000 0.501667 0.074667 0.296667
940 26.210667 0.498333 0.040000 0.316667
587 26.276667 0.501667 0.109333 0.350000
394 26.397333 0.508333 0.149333 0.463333
819 26.529000 0.491667 0.131333 0.376667
366 26.666000 0.498333 0.161333 0.463333
208 26.788333 0.490000 0.103333 0.453333
27 26.907333 0.490000 0.148000 0.506667
642 27.015000 0.501667 0.083333 0.330000
220 27.098667 0.496667 0.097333 0.466667
456 27.177667 0.490000 0.075333 0.400000
370 27.263667 0.498333 0.114000 0.316667
55 27.361667 0.500000 0.102000 0.253333
914 27.458667 0.495000 0.105333 0.310000
751 27.557667 0.490000 0.110000 0.440000
890 27.668667 0.493333 0.129333 0.526667
687 27.773333 0.500000 0.093333 0.460000
483 27.844333 0.491667 0.068667 0.363333
501 27.915000 0.493333 0.090000 0.400000
301 27.994667 0.508333 0.082667 0.463333
736 28.057000 0.493333 0.060667 0.406667
915 28.121000 0.498333 0.084667 0.683333
774 28.189333 0.498333 0.069333 0.363333
815 28.290000 0.506667 0.148000 0.346667
848 28.405333 0.505000 0.097333 0.330000
333 28.554333 0.491667 0.215333 1.076667
1003 28.676667 0.493333 0.046667 0.346667
331 28.796000 0.500000 0.205333 1.026667
835 28.955667 0.488333 0.130000 0.510000
557 29.049333 0.505000 0.073333 0.483333
226 29.138000 0.490000 0.124000 0.513333
307 29.222000 0.495000 0.062667 0.350000
1014 29.264333 0.510000 0.040667 0.333333
605 29.349667 0.488333 0.146000 0.383333
814 29.491333 0.500000 0.150667 0.493333
473 29.592000 0.491667 0.064000 0.383333
740 29.682667 0.490000 0.136000 0.313333
882 29.790667 0.490000 0.093333 0.373333
311 29.873000 0.510000 0.087333 0.393333
526 29.968000 0.493333 0.116000 0.306667
744 30.104000 0.490000 0.173333 0.866667
787 30.217333 0.488333 0.073333 0.450000
153 30.282000 0.506667 0.074667 0.333333
550 30.350000 0.495000 0.076000 0.383333
895 30.453000 0.500000 0.148667 0.453333
219 30.630000 0.490000 0.220000 1.100000
899 30.839333 0.490000 0.213333 1.066667
396 31.015667 0.490000 0.156667 0.413333
534 31.137333 0.490000 0.104000 0.406667
701 31.247000 0.508333 0.134000 0.403333
186 31.348000 0.505000 0.088000 0.363333
516 31.440667 0.495000 0.110667 0.363333
952 31.506000 0.495000 0.036000 0.283333
262 31.579333 0.498333 0.124000 0.616667
889 31.722667 0.506667 0.180000 0.900000
739 31.836667 0.490000 0.062667 0.526667
1019 31.877667 0.506667 0.039333 0.293333
581 31.944333 0.501667 0.110000 0.470000
772 32.104000 0.500000 0.229333 1.146667
748 32.259000 0.496667 0.098000 0.360000
793 32.362667 0.508333 0.122667 0.510000
648 32.451667 0.488333 0.070000 0.336667
705 32.529333 0.496667 0.105333 0.320000
199 32.626667 0.491667 0.108000 0.436667
1000 32.690667 0.490000 0.034667 0.280000
341 32.737333 0.501667 0.072000 0.296667
801 32.811667 0.500000 0.094000 0.380000
299 32.903333 0.510000 0.105333 0.406667
680 32.995000 0.488333 0.095333 0.323333
339 33.082000 0.506667 0.093333 0.493333
709 33.177333 0.493333 0.110667 0.493333
504 33.286000 0.490000 0.121333 0.346667
809 33.403667 0.491667 0.130000 0.656667
119 33.496333 0.495000 0.071333 0.416667
855 33.559000 0.493333 0.074000 0.186667
405 33.633333 0.510000 0.093333 0.360000
447 33.703333 0.508333 0.065333 0.363333
698 33.753333 0.496667 0.050667 0.266667
574 33.806333 0.510000 0.072667 0.293333
576 33.883667 0.488333 0.095333 0.370000
713 34.029000 0.501667 0.214000 1.070000
232 34.182000 0.506667 0.108000 0.546667
577 34.282667 0.503333 0.109333 0.420000
400 34.358333 0.490000 0.059333 0.513333
257 34.433333 0.496667 0.105333 0.366667
293 34.519333 0.500000 0.081333 0.340000
174 34.621000 0.510000 0.136667 0.493333
48 34.838000 0.505000 0.310667 0.516667
425 35.028000 0.506667 0.084000 0.506667
1002 35.080000 0.491667 0.034667 0.276667
629 35.178333 0.498333 0.176667 0.883333
90 35.348667 0.496667 0.184000 0.920000
323 35.517000 0.495000 0.166000 0.830000
955 35.617000 0.493333 0.047333 0.366667
406 35.692667 0.500000 0.117333 0.460000
609 35.776333 0.510000 0.070000 0.286667
974 35.821667 0.491667 0.036667 0.290000
200 35.882000 0.488333 0.097333 0.443333
725 35.989333 0.506667 0.132000 0.553333
151 36.086333 0.510000 0.075333 0.340000
598 36.184667 0.488333 0.136000 0.410000
554 36.306667 0.490000 0.128000 0.346667
277 36.405667 0.510000 0.090000 0.426667
769 36.515667 0.498333 0.147333 0.416667
383 36.648333 0.503333 0.134000 0.380000
459 36.748000 0.490000 0.085333 0.433333
421 36.876667 0.493333 0.189333 0.946667
673 37.011333 0.491667 0.093333 0.323333
887 37.163667 0.495000 0.231333 1.156667
909 37.320000 0.490000 0.098667 0.433333
175 37.444333 0.488333 0.166000 0.830000
606 37.576333 0.506667 0.116667 0.373333
275 37.663667 0.505000 0.072667 0.416667
675 37.755000 0.503333 0.127333 0.426667
336 37.869667 0.490000 0.122000 0.580000
584 38.012000 0.493333 0.180000 0.900000
646 38.140667 0.488333 0.090667 0.410000
36 38.240000 0.495000 0.126667 0.423333
190 38.349333 0.505000 0.112000 0.530000
234 38.444667 0.495000 0.094667 0.476667
5 38.525000 0.508333 0.082000 0.396667
480 38.584333 0.498333 0.052667 0.316667
392 38.710000 0.506667 0.212000 1.060000
315 38.859000 0.505000 0.100667 0.390000
490 38.937333 0.501667 0.072000 0.370000
107 39.074333 0.488333 0.215333 1.076667
452 39.205000 0.506667 0.060667 0.306667
145 39.281333 0.510000 0.109333 0.466667
1004 39.340667 0.493333 0.028000 0.233333
968 39.371667 0.498333 0.052667 0.383333
388 39.463667 0.495000 0.146000 0.436667
921 39.556333 0.501667 0.052667 0.303333
15 39.634333 0.508333 0.120667 0.410000
641 39.730000 0.505000 0.089333 0.410000
711 39.861000 0.488333 0.188667 0.483333
398 39.992667 0.498333 0.088000 0.450000
531 40.117000 0.501667 0.178000 0.890000
349 40.267667 0.506667 0.140667 0.380000
77 40.390333 0.491667 0.124667 0.310000
799 40.486333 0.506667 0.084667 0.340000
330 40.562333 0.503333 0.080667 0.306667
729 40.605333 0.506667 0.024000 0.346667
665 40.662000 0.503333 0.108000 0.373333
79 40.810000 0.506667 0.208000 1.040000
481 40.943000 0.498333 0.078000 0.416667
142 41.008333 0.500000 0.070000 0.313333
479 41.073667 0.508333 0.075333 0.390000
672 41.162667 0.490000 0.117333 0.380000
404 41.304333 0.498333 0.184667 0.923333
426 41.415667 0.500000 0.055333 0.340000
737 41.462333 0.498333 0.055333 0.356667
565 41.547333 0.495000 0.133333 0.276667
988 41.627333 0.488333 0.044000 0.330000
850 41.696667 0.508333 0.110667 0.450000
351 41.822667 0.505000 0.154667 0.416667
233 41.941667 0.488333 0.098000 0.403333
883 42.081667 0.508333 0.200667 1.003333
919 42.215000 0.496667 0.083333 0.413333
167 42.299667 0.498333 0.106000 0.396667
770 42.403667 0.510000 0.119333 0.400000
358 42.529333 0.501667 0.145333 0.403333
834 42.635000 0.491667 0.084667 0.410000
635 42.713667 0.506667 0.090000 0.406667
517 42.819667 0.501667 0.136667 0.436667
998 42.904333 0.491667 0.046000 0.343333
108 43.001000 0.488333 0.166000 0.830000
794 43.111000 0.495000 0.068667 0.423333
29 43.191333 0.505000 0.112000 0.303333
545 43.293333 0.491667 0.106667 0.403333
716 43.448667 0.493333 0.224000 1.120000
114 43.594000 0.501667 0.081333 0.403333
367 43.687000 0.491667 0.119333 0.316667
976 43.756000 0.498333 0.034667 0.270000
827 43.804333 0.508333 0.080667 0.370000
926 43.857000 0.500000 0.044667 0.326667
327 43.931000 0.488333 0.118000 0.383333
637 44.017333 0.505000 0.068000 0.350000
558 44.086333 0.500000 0.083333 0.406667
513 44.189667 0.493333 0.140667 0.466667
894 44.331000 0.500000 0.155333 0.433333
197 44.442000 0.501667 0.082667 0.410000
492 44.520000 0.495000 0.089333 0.390000
316 44.610333 0.503333 0.106000 0.400000
846 44.710667 0.491667 0.114667 0.556667
533 44.815333 0.495000 0.114667 0.390000
47 44.907667 0.491667 0.084667 0.410000
14 44.986000 0.506667 0.092000 0.306667
863 45.082333 0.510000 0.119333 0.573333
284 45.189333 0.505000 0.112000 0.403333
553 45.291333 0.508333 0.110667 0.383333
805 45.420333 0.503333 0.163333 0.473333
189 45.547333 0.501667 0.106667 0.536667
536 45.670333 0.488333 0.154000 0.576667
466 45.769000 0.503333 0.063333 0.380000
418 45.830333 0.495000 0.072667 0.350000
132 45.893333 0.493333 0.070667 0.306667
160 45.950000 0.488333 0.056000 0.343333
346 46.030333 0.498333 0.123333 0.363333
179 46.139000 0.488333 0.108667 0.396667
39 46.232000 0.500000 0.094667 0.300000
996 46.288000 0.506667 0.033333 0.273333
934 46.316667 0.498333 0.044000 0.323333
180 46.392333 0.496667 0.127333 0.453333
20 46.505333 0.506667 0.116000 0.386667
888 46.644000 0.506667 0.181333 0.906667
462 46.767667 0.500000 0.080667 0.406667
944 46.817000 0.505000 0.035333 0.270000
765 46.859667 0.488333 0.068667 0.370000
245 46.914333 0.510000 0.059333 0.313333
440 46.978667 0.506667 0.085333 0.433333
836 47.070667 0.498333 0.116000 0.523333
1011 47.143667 0.501667 0.044667 0.336667
78 47.231667 0.495000 0.150000 0.343333
992 47.325667 0.505000 0.051333 0.370000
732 47.384667 0.500000 0.084000 0.406667
967 47.437333 0.491667 0.034667 0.290000
271 47.517333 0.488333 0.144000 0.436667
337 47.688667 0.496667 0.216000 1.080000
453 47.826333 0.505000 0.079333 0.416667
241 47.908000 0.500000 0.098667 0.533333
1006 47.970333 0.501667 0.042000 0.310000
49 48.055333 0.506667 0.148000 0.740000
764 48.157333 0.508333 0.069333 0.356667
583 48.217333 0.510000 0.064000 0.373333
615 48.291333 0.493333 0.100000 0.453333
326 48.365333 0.505000 0.068000 0.310000
156 48.461000 0.490000 0.136667 0.393333
885 48.572667 0.505000 0.102667 0.490000
476 48.646667 0.510000 0.060000 0.360000
916 48.747333 0.488333 0.161333 0.356667
176 48.880667 0.495000 0.122667 0.456667
477 48.966667 0.498333 0.066667 0.343333
549 49.052000 0.493333 0.118667 0.400000
85 49.147333 0.496667 0.092000 0.393333
833 49.241333 0.505000 0.114667 0.516667
938 49.311000 0.495000 0.039333 0.330000
700 49.371667 0.496667 0.100667 0.413333
644 49.447000 0.506667 0.068667 0.333333
539 49.515667 0.500000 0.086000 0.380000
913 49.622000 0.490000 0.146667 0.446667
829 49.742000 0.491667 0.110667 0.456667
489 49.820667 0.498333 0.065333 0.383333
256 49.887667 0.510000 0.088667 0.306667
561 50.021333 0.508333 0.198667 0.503333
360 50.173000 0.495000 0.119333 0.323333
289 50.321000 0.490000 0.195333 0.373333
538 50.496000 0.493333 0.174667 0.420000
691 50.621333 0.501667 0.093333 0.456667
511 50.722667 0.500000 0.122667 0.413333
249 50.804667 0.501667 0.057333 0.450000
446 50.856667 0.506667 0.064000 0.386667
525 50.941667 0.495000 0.120667 0.390000
205 51.050667 0.488333 0.112000 0.563333
928 51.115333 0.495000 0.033333 0.283333
247 51.175667 0.506667 0.100667 0.433333
679 51.267000 0.501667 0.095333 0.590000
161 51.358333 0.490000 0.103333 0.373333
303 51.434000 0.488333 0.062667 0.350000
839 51.511333 0.493333 0.109333 0.473333
715 51.643000 0.498333 0.168667 0.443333
547 51.752667 0.490000 0.068000 0.386667
830 51.825000 0.510000 0.094000 0.466667
930 51.888000 0.496667 0.045333 0.326667
726 51.942667 0.490000 0.082667 0.440000
255 52.036000 0.506667 0.122667 0.473333
165 52.146667 0.510000 0.114667 0.440000
917 52.221333 0.498333 0.049333 0.363333
328 52.330333 0.500000 0.186000 0.413333
951 52.434000 0.488333 0.038667 0.310000
76 52.510667 0.503333 0.134667 0.413333
506 52.590000 0.491667 0.040000 0.396667
57 52.622000 0.503333 0.041333 0.260000
589 52.685333 0.500000 0.098667 0.453333
753 52.831667 0.495000 0.212667 1.063333
88 53.042667 0.503333 0.226667 1.133333
1017 53.166333 0.491667 0.040667 0.343333
329 53.286667 0.505000 0.220000 0.776667
435 53.414000 0.508333 0.049333 0.230000
519 53.537667 0.495000 0.211333 1.056667
717 53.727000 0.508333 0.182000 0.910000
884 53.883000 0.501667 0.144667 0.543333
239 54.035333 0.510000 0.173333 0.866667
272 54.187333 0.500000 0.145333 0.420000
278 54.321000 0.496667 0.139333 0.413333
551 54.434667 0.495000 0.106667 0.330000
102 54.563000 0.496667 0.163333 0.353333
579 54.718667 0.490000 0.164000 0.346667
251 54.820333 0.495000 0.054000 0.310000
816 54.891000 0.500000 0.106000 0.286667
354 55.011000 0.493333 0.152667 0.413333
140 55.135667 0.508333 0.115333 0.590000
585 55.253000 0.498333 0.135333 0.383333
684 55.377333 0.498333 0.126667 0.436667
258 55.493333 0.506667 0.120000 0.406667
300 55.578333 0.505000 0.066000 0.210000
461 55.635333 0.510000 0.062667 0.320000
306 55.695000 0.491667 0.075333 0.416667
86 55.764000 0.490000 0.082667 0.360000
127 55.898667 0.496667 0.202667 1.013333
216 56.048667 0.501667 0.114667 0.576667
25 56.171333 0.493333 0.145333 0.520000
590 56.291333 0.495000 0.113333 0.396667
50 56.412000 0.508333 0.148000 0.443333
727 56.514333 0.506667 0.075333 0.413333
32 56.595000 0.510000 0.104667 0.333333
411 56.749333 0.500000 0.217333 1.086667
374 56.925333 0.490000 0.148000 0.413333
439 57.047333 0.510000 0.113333 0.446667
971 57.114333 0.503333 0.035333 0.266667
91 57.217000 0.505000 0.190000 0.403333
924 57.322667 0.508333 0.040000 0.296667
201 57.390000 0.503333 0.110667 0.553333
362 57.510000 0.496667 0.145333 0.400000
633 57.669000 0.495000 0.186000 0.930000
314 57.798333 0.496667 0.091333 0.313333
155 57.888667 0.510000 0.102667 0.580000
16 57.981333 0.496667 0.096000 0.340000
824 58.085000 0.505000 0.124667 0.516667
250 58.212333 0.488333 0.150000 0.723333
24 58.333000 0.493333 0.106000 0.360000
532 58.434333 0.495000 0.115333 0.590000
733 58.520333 0.508333 0.070000 0.416667
7 58.606333 0.491667 0.122000 0.430000
953 58.681000 0.493333 0.047333 0.366667
650 58.758000 0.500000 0.122667 0.400000
60 58.840000 0.488333 0.058667 0.243333
496 58.926000 0.510000 0.132000 0.493333
618 59.021000 0.503333 0.075333 0.460000
146 59.086000 0.505000 0.069333 0.316667
469 59.141000 0.488333 0.055333 0.316667
33 59.218667 0.498333 0.120000 0.390000
246 59.363000 0.501667 0.184667 0.656667
859 59.496667 0.493333 0.102667 0.293333
881 59.598333 0.493333 0.118000 0.400000
154 59.686333 0.501667 0.075333 0.343333
264 59.790667 0.491667 0.152000 0.583333
578 59.910333 0.503333 0.100667 0.386667
67 60.054000 0.490000 0.201333 1.006667
638 60.192333 0.493333 0.095333 0.373333
224 60.274333 0.503333 0.088667 0.446667
840 60.365333 0.498333 0.106667 0.530000
599 60.478667 0.508333 0.137333 0.416667
298 60.581333 0.503333 0.086667 0.440000
494 60.654667 0.495000 0.080000 0.430000
659 60.723333 0.505000 0.070667 0.283333
912 60.795000 0.508333 0.088667 0.376667
357 60.895667 0.498333 0.128667 0.370000
851 61.000000 0.490000 0.098667 0.406667
500 61.091000 0.498333 0.096667 0.470000
594 61.177667 0.495000 0.096667 0.296667
849 61.263667 0.498333 0.094000 0.390000
861 61.328333 0.505000 0.052667 0.410000
898 61.415667 0.491667 0.140667 0.396667
663 61.534333 0.503333 0.116667 0.386667
109 61.664333 0.491667 0.163333 0.816667
656 61.808667 0.496667 0.142667 0.373333
821 61.921333 0.506667 0.100000 0.693333
653 62.034333 0.501667 0.140667 0.456667
31 62.171000 0.496667 0.147333 0.446667
279 62.292000 0.488333 0.109333 0.630000
949 62.360667 0.490000 0.044000 0.333333
619 62.415333 0.493333 0.084000 0.433333
93 62.542000 0.490000 0.189333 0.946667
184 62.678000 0.508333 0.101333 0.490000
345 62.777333 0.498333 0.110667 0.310000
2 62.857333 0.496667 0.065333 0.326667
994 62.901000 0.501667 0.038000 0.290000
685 62.950667 0.496667 0.077333 0.306667
172 63.062333 0.505000 0.162000 0.810000
922 63.151333 0.493333 0.036000 0.280000
123 63.203000 0.501667 0.083333 0.536667
443 63.270000 0.488333 0.064000 0.336667
820 63.347000 0.506667 0.106000 0.446667
718 63.506000 0.506667 0.225333 1.126667
325 63.688667 0.501667 0.154667 0.616667
128 63.834667 0.493333 0.154667 0.773333
948 63.923000 0.505000 0.038000 0.296667
535 64.018000 0.506667 0.170667 0.380000
368 64.164000 0.488333 0.140000 0.430000
364 64.330333 0.498333 0.206000 1.030000
781 64.468333 0.500000 0.086000 0.440000
902 64.569000 0.506667 0.128667 0.333333
853 64.689333 0.500000 0.125333 0.520000
947 64.766333 0.495000 0.046000 0.356667
10 64.833667 0.501667 0.103333 0.330000
616 64.969000 0.493333 0.184667 0.453333
98 65.135000 0.490000 0.163333 0.360000
798 65.258000 0.508333 0.098667 0.370000
195 65.345667 0.498333 0.092667 0.376667
521 65.449667 0.491667 0.135333 0.343333
858 65.561667 0.500000 0.102000 0.333333
905 65.675667 0.501667 0.142000 0.463333
238 65.803000 0.488333 0.132667 0.523333
361 65.915333 0.493333 0.109333 0.346667
419 66.014000 0.495000 0.101333 0.490000
371 66.112333 0.500000 0.115333 0.326667
424 66.240000 0.495000 0.157333 0.503333
563 66.382333 0.506667 0.147333 0.300000
441 66.483000 0.493333 0.067333 0.406667
1020 66.528333 0.503333 0.040667 0.293333
780 66.615000 0.505000 0.152667 0.483333
756 66.762333 0.491667 0.155333 0.450000
738 66.871000 0.488333 0.076667 0.376667
674 66.955333 0.488333 0.112000 0.383333
68 67.064000 0.506667 0.121333 0.346667
669 67.180333 0.490000 0.128667 0.400000
487 67.269667 0.506667 0.070000 0.393333
320 67.359667 0.510000 0.130000 0.380000
758 67.469667 0.505000 0.106000 0.363333
570 67.563333 0.491667 0.094667 0.416667
752 67.637000 0.488333 0.070000 0.190000
493 67.704667 0.500000 0.078667 0.373333
523 67.783667 0.500000 0.099333 0.313333
1021 67.851333 0.491667 0.050667 0.383333
291 67.941667 0.498333 0.143333 0.543333
854 68.073667 0.505000 0.140667 0.436667
779 68.157000 0.501667 0.042000 0.370000
869 68.205667 0.505000 0.071333 0.456667
103 68.346667 0.506667 0.224000 0.480000
503 68.520000 0.510000 0.142667 0.420000
508 68.618000 0.491667 0.066667 0.396667
972 68.662333 0.500000 0.039333 0.326667
847 68.740333 0.493333 0.130000 0.393333
518 68.857000 0.503333 0.122000 0.393333
133 68.966000 0.500000 0.113333 0.486667
465 69.051000 0.491667 0.070000 0.356667
212 69.132667 0.505000 0.110667 0.503333
661 69.237333 0.501667 0.118667 0.390000
295 69.339000 0.501667 0.103333 0.443333
363 69.452000 0.496667 0.140000 0.440000
433 69.578667 0.505000 0.126667 0.250000
586 69.723000 0.488333 0.180667 0.903333
252 69.881667 0.510000 0.155333 0.606667
391 70.007333 0.496667 0.112000 0.346667
402 70.115667 0.510000 0.122000 0.313333
522 70.217667 0.498333 0.100667 0.316667
61 70.304667 0.510000 0.088000 0.453333
810 70.392333 0.496667 0.103333 0.440000
164 70.498000 0.500000 0.121333 0.460000
582 70.613000 0.501667 0.126000 0.490000
408 70.725333 0.488333 0.113333 0.436667
651 70.861000 0.495000 0.175333 0.876667
121 70.951333 0.493333 0.021333 0.386667
488 70.994000 0.498333 0.082667 0.396667
193 71.080667 0.491667 0.105333 0.483333
514 71.186333 0.496667 0.122000 0.400000
46 71.260333 0.506667 0.043333 0.406667
760 71.329667 0.500000 0.114000 0.326667
568 71.444333 0.495000 0.131333 0.656667
664 71.555333 0.490000 0.110667 0.373333
276 71.625333 0.505000 0.046667 0.296667
591 71.709000 0.491667 0.140667 0.423333
783 71.810333 0.495000 0.076667 0.403333
776 71.917000 0.498333 0.155333 0.390000
122 72.029667 0.493333 0.090000 0.320000
703 72.137667 0.495000 0.143333 0.503333
1013 72.221333 0.505000 0.037333 0.296667
991 72.250000 0.488333 0.040000 0.303333
896 72.319000 0.495000 0.112667 0.323333
498 72.393667 0.493333 0.054000 0.333333
566 72.467667 0.496667 0.114000 0.460000
292 72.578667 0.493333 0.128000 0.480000
420 72.676000 0.495000 0.080000 0.290000
655 72.751667 0.500000 0.087333 0.373333
70 72.903000 0.495000 0.228667 1.143333
415 73.091667 0.488333 0.162000 0.810000
932 73.182667 0.508333 0.037333 0.290000
937 73.218333 0.506667 0.051333 0.373333
407 73.285333 0.503333 0.096000 0.366667
18 73.370000 0.491667 0.090667 0.323333
59 73.486667 0.491667 0.156000 0.403333
387 73.624000 0.510000 0.136000 0.380000
168 73.780333 0.505000 0.190000 0.950000
510 73.923667 0.493333 0.115333 0.360000
445 74.002667 0.503333 0.057333 0.300000
62 74.072000 0.506667 0.098667 0.453333
355 74.182000 0.503333 0.137333 0.386667
177 74.339667 0.505000 0.191333 0.956667
198 74.472667 0.503333 0.094667 0.380000
1023 74.530333 0.496667 0.038000 0.286667
0 74.565000 0.506667 0.047333 0.380000
965 74.595000 0.498333 0.031333 0.263333
261 74.685000 0.501667 0.166000 0.830000
746 74.812667 0.501667 0.104000 0.356667
12 74.901333 0.500000 0.088000 0.286667
686 74.975000 0.510000 0.072667 0.353333
344 75.070333 0.501667 0.138000 0.430000
868 75.172333 0.510000 0.084667 0.486667
218 75.249000 0.503333 0.084667 0.386667
708 75.345667 0.490000 0.126000 0.520000
273 75.425000 0.493333 0.052667 0.340000
248 75.490667 0.501667 0.096000 0.523333
58 75.559333 0.493333 0.056000 0.280000
767 75.641333 0.506667 0.128000 0.366667
124 75.753667 0.506667 0.114000 0.426667
403 75.893667 0.488333 0.180667 0.496667
74 76.046000 0.510000 0.142667 0.446667
560 76.208667 0.493333 0.200000 1.000000
761 76.381667 0.506667 0.162000 0.466667
630 76.540667 0.500000 0.169333 0.573333
927 76.635000 0.493333 0.036667 0.300000
474 76.673333 0.493333 0.053333 0.320000
283 76.744333 0.498333 0.104667 0.356667
451 76.818667 0.503333 0.062667 0.326667
964 76.861333 0.488333 0.036000 0.303333
900 76.931333 0.498333 0.122667 0.343333
41 77.063333 0.488333 0.156000 0.436667
877 77.176333 0.501667 0.086000 0.450000
134 77.255000 0.498333 0.087333 0.336667
265 77.373000 0.508333 0.166000 0.830000
111 77.489667 0.500000 0.086000 0.373333
699 77.598000 0.498333 0.144000 0.410000
137 77.690333 0.508333 0.060667 0.356667
999 77.728667 0.491667 0.036000 0.296667
431 77.794333 0.506667 0.114000 0.400000
1001 77.863333 0.490000 0.044000 0.340000
843 77.928667 0.495000 0.106667 0.523333
37 78.022000 0.505000 0.094667 0.330000
397 78.109667 0.500000 0.096667 0.420000
335 78.220667 0.493333 0.144000 0.513333
601 78.340667 0.508333 0.116000 0.343333
416 78.439667 0.493333 0.102000 0.493333
624 78.547333 0.506667 0.132000 0.440000
647 78.639667 0.508333 0.072667 0.376667
120 78.752667 0.500000 0.172000 0.393333
1008 78.851333 0.498333 0.045333 0.350000
627 78.969000 0.501667 0.208667 1.043333
26 79.128333 0.501667 0.130000 0.443333
159 79.202000 0.491667 0.037333 0.303333
66 79.316333 0.508333 0.211333 1.056667
194 79.502000 0.503333 0.174667 0.873333
347 79.662000 0.506667 0.158667 0.793333
203 79.789333 0.503333 0.113333 0.540000
631 79.924000 0.506667 0.174667 0.580000
593 80.070000 0.488333 0.136000 0.390000
188 80.184333 0.503333 0.112667 0.566667
236 80.285000 0.498333 0.102000 0.463333
82 80.375667 0.495000 0.094000 0.656667
166 80.463000 0.501667 0.100667 0.376667
719 80.601000 0.490000 0.192667 0.526667
941 80.705667 0.508333 0.035333 0.283333
628 80.804000 0.496667 0.178667 0.606667
580 80.975000 0.508333 0.183333 0.456667
541 81.155000 0.488333 0.191333 0.396667
871 81.274667 0.503333 0.066667 0.313333
789 81.338333 0.505000 0.075333 0.463333
910 81.427000 0.491667 0.118000 0.436667
135 81.545667 0.498333 0.136667 0.396667
811 81.661667 0.500000 0.108667 0.306667
302 81.743667 0.503333 0.075333 0.420000
714 81.845667 0.505000 0.143333 0.396667
83 81.948667 0.498333 0.078667 0.383333
338 82.043333 0.491667 0.124000 0.643333
417 82.142333 0.505000 0.087333 0.416667
981 82.191667 0.508333 0.031333 0.263333
621 82.227333 0.491667 0.060000 0.596667
791 82.287667 0.508333 0.080667 0.496667
304 82.360333 0.510000 0.078000 0.440000
30 82.449667 0.495000 0.114000 0.350000
980 82.516667 0.490000 0.036000 0.266667
105 82.611333 0.508333 0.172000 0.370000
149 82.776667 0.510000 0.176000 0.446667
573 82.911333 0.505000 0.108000 0.423333
19 83.014000 0.491667 0.117333 0.390000
681 83.089333 0.506667 0.050667 0.446667
529 83.159333 0.493333 0.109333 0.486667
430 83.254333 0.510000 0.098000 0.420000
215 83.356000 0.495000 0.124000 0.530000
852 83.455000 0.510000 0.087333 0.360000
225 83.545333 0.496667 0.110667 0.460000
935 83.610667 0.488333 0.038667 0.316667
626 83.691000 0.506667 0.140667 0.466667
281 83.812333 0.506667 0.122000 0.420000
555 83.879667 0.505000 0.031333 0.323333
662 83.954667 0.501667 0.136000 0.470000
970 84.037667 0.503333 0.043333 0.360000
997 84.068333 0.488333 0.036667 0.290000
755 84.143333 0.496667 0.126667 0.420000
381 84.272333 0.498333 0.147333 0.450000
524 84.394333 0.488333 0.116667 0.363333
872 84.507333 0.503333 0.124000 0.353333
13 84.625333 0.510000 0.125333 0.406667
544 84.723333 0.493333 0.088000 0.340000
52 84.814667 0.496667 0.112000 0.380000
229 84.904333 0.495000 0.087333 0.363333
817 85.008000 0.488333 0.137333 0.323333
958 85.085000 0.510000 0.036667 0.286667
507 85.120667 0.488333 0.052000 0.296667
864 85.187667 0.500000 0.095333 0.380000
348 85.284667 0.496667 0.117333 0.333333
72 85.378333 0.498333 0.084667 0.403333
812 85.472000 0.496667 0.117333 0.380000
28 85.581000 0.503333 0.115333 0.413333
321 85.678667 0.506667 0.094667 0.473333
148 85.795333 0.491667 0.158667 0.463333
401 85.900333 0.503333 0.071333 0.393333
170 85.986333 0.491667 0.115333 0.443333
632 86.137667 0.488333 0.203333 0.656667
377 86.295333 0.488333 0.130667 0.363333
617 86.397667 0.496667 0.094000 0.366667
202 86.499333 0.488333 0.125333 0.550000
138 86.596667 0.493333 0.082667 0.440000
54 86.656333 0.506667 0.052667 0.280000
438 86.756667 0.508333 0.162667 0.490000
622 86.901667 0.493333 0.143333 0.500000
464 87.006333 0.500000 0.083333 0.426667
117 87.111667 0.510000 0.143333 0.433333
334 87.245333 0.493333 0.140000 0.460000
482 87.338000 0.505000 0.061333 0.370000
484 87.423000 0.501667 0.122000 0.430000
797 87.517333 0.488333 0.081333 0.323333
449 87.585000 0.500000 0.072667 0.400000
1022 87.630333 0.505000 0.032667 0.263333
695 87.712333 0.503333 0.151333 0.440000
244 87.872333 0.506667 0.184667 0.506667
943 87.975000 0.510000 0.036667 0.266667
989 88.002667 0.490000 0.032000 0.266667
260 88.088333 0.501667 0.155333 0.450000
920 88.210667 0.493333 0.102667 0.380000
907 88.322667 0.491667 0.140000 0.503333
923 88.404667 0.491667 0.044000 0.350000
873 88.459333 0.493333 0.081333 0.366667
450 88.519000 0.508333 0.054000 0.290000
596 88.600000 0.501667 0.125333 0.370000
192 88.711000 0.510000 0.112667 0.460000
485 88.795333 0.496667 0.070667 0.366667
771 88.866333 0.488333 0.091333 0.476667
537 89.027000 0.490000 0.247333 0.546667
823 89.190000 0.491667 0.096000 0.410000
837 89.271333 0.490000 0.081333 0.366667
217 89.360000 0.510000 0.116000 0.473333
660 89.459333 0.503333 0.097333 0.333333
678 89.555667 0.508333 0.114000 0.376667
35 89.663667 0.491667 0.120667 0.396667
343 89.784333 0.505000 0.134000 0.423333
324 89.923333 0.498333 0.157333 0.770000
63 90.039667 0.495000 0.090000 0.323333
332 90.168000 0.510000 0.185333 0.926667
99 90.347000 0.505000 0.191333 0.956667
722 90.503000 0.491667 0.138000 0.410000
1005 90.587333 0.490000 0.049333 0.360000
595 90.653667 0.493333 0.096667 0.300000
157 90.759333 0.508333 0.129333 0.543333
399 90.876667 0.501667 0.124000 0.450000
546 90.969667 0.505000 0.082000 0.336667
901 91.117667 0.501667 0.230000 1.150000
266 91.306000 0.491667 0.160000 0.536667
434 91.432333 0.495000 0.108667 0.370000
211 91.522667 0.488333 0.092000 0.463333
144 91.606333 0.500000 0.091333 0.393333
986 91.664667 0.506667 0.045333 0.353333
4 91.725667 0.498333 0.090000 0.396667
802 91.842667 0.500000 0.160000 0.326667
116 91.991667 0.491667 0.152667 0.490000
222 92.112333 0.496667 0.103333 0.493333
796 92.204667 0.491667 0.098667 0.383333
552 92.274667 0.488333 0.060000 0.383333
97 92.387000 0.508333 0.179333 0.896667
841 92.524000 0.505000 0.113333 0.523333
378 92.639000 0.496667 0.132667 0.353333
693 92.739333 0.491667 0.082667 0.403333
520 92.822000 0.495000 0.100000 0.316667
158 92.924333 0.503333 0.123333 0.366667
956 92.998667 0.498333 0.038667 0.296667
376 93.071000 0.506667 0.126000 0.340000
704 93.179000 0.505000 0.106000 0.363333
409 93.277667 0.495000 0.111333 0.556667
1 93.362000 0.495000 0.074667 0.396667
671 93.455333 0.500000 0.128000 0.446667
505 93.543000 0.495000 0.060667 0.256667
1007 93.588000 0.496667 0.042667 0.333333
610 93.674333 0.498333 0.146000 0.450000
844 93.798000 0.491667 0.118667 0.510000
757 93.914667 0.508333 0.128000 0.403333
600 94.031667 0.496667 0.120667 0.360000
382 94.164333 0.495000 0.163333 0.816667
9 94.284333 0.491667 0.092667 0.383333
359 94.381333 0.498333 0.116000 0.323333
169 94.494000 0.496667 0.128000 0.446667
530 94.602333 0.506667 0.106000 0.506667
207 94.690000 0.490000 0.086667 0.433333
230 94.792000 0.508333 0.134667 0.516667
721 94.927000 0.493333 0.155333 0.393333
297 95.036000 0.505000 0.081333 0.416667
966 95.087667 0.501667 0.040667 0.323333
235 95.148000 0.488333 0.093333 0.456667
706 95.218000 0.496667 0.064000 0.326667
395 95.301333 0.510000 0.118667 0.326667
309 95.382000 0.501667 0.062667 0.356667
666 95.455667 0.503333 0.103333 0.373333
196 95.542667 0.491667 0.084000 0.423333
710 95.669667 0.500000 0.190000 0.580000
305 95.796333 0.505000 0.080667 0.456667
221 95.874667 0.493333 0.093333 0.426667
147 95.958333 0.491667 0.091333 0.483333
891 96.026667 0.508333 0.058667 0.356667
741 96.098333 0.503333 0.099333 0.346667
191 96.181333 0.508333 0.080000 0.410000
65 96.254333 0.500000 0.084667 0.213333
243 96.374333 0.498333 0.168667 0.563333
393 96.526000 0.510000 0.148000 0.406667
228 96.647667 0.510000 0.110000 0.560000
862 96.733333 0.493333 0.078667 0.360000
575 96.826000 0.496667 0.125333 0.406667
908 96.926000 0.498333 0.093333 0.343333
745 97.016000 0.493333 0.105333 0.426667
178 97.114000 0.503333 0.110667 0.386667
925 97.184333 0.508333 0.047333 0.356667
242 97.259333 0.510000 0.121333 0.473333
762 97.345333 0.503333 0.064000 0.280000
422 97.415000 0.510000 0.090000 0.326667
34 97.507667 0.491667 0.110000 0.370000
87 97.636667 0.496667 0.164000 0.346667
313 97.777333 0.501667 0.130667 0.443333
975 97.855000 0.506667 0.039333 0.326667
611 97.918667 0.490000 0.106667 0.400000
209 98.019667 0.488333 0.114000 0.463333
274 98.115000 0.501667 0.092667 0.436667
467 98.192000 0.505000 0.077333 0.396667
457 98.258667 0.508333 0.074667 0.390000
892 98.371667 0.498333 0.171333 0.856667
945 98.465333 0.498333 0.033333 0.270000
171 98.531667 0.490000 0.112667 0.413333
152 98.620667 0.501667 0.080000 0.390000
486 98.689333 0.508333 0.070667 0.423333
856 98.807333 0.508333 0.180000 0.443333
322 98.940000 0.491667 0.105333 0.190000
455 99.018333 0.508333 0.071333 0.423333
44 99.091667 0.503333 0.088667 0.346667
540 99.232333 0.495000 0.211333 1.056667
375 99.391000 0.491667 0.123333 0.383333
499 99.479000 0.491667 0.067333 0.410000
23 99.583667 0.495000 0.162000 0.810000
379 99.720000 0.491667 0.129333 0.370000
413 99.841667 0.508333 0.134000 0.563333
826 99.939333 0.498333 0.081333 0.410000
564 100.059333 0.498333 0.176000 0.383333
904 100.168333 0.505000 0.060667 0.323333
571 100.242000 0.506667 0.106667 0.426667
804 100.353667 0.498333 0.132667 0.383333
280 100.485667 0.505000 0.146000 0.536667
720 100.662333 0.491667 0.226000 1.130000
89 100.850333 0.498333 0.170000 0.850000
983 100.949000 0.503333 0.046000 0.353333
690 101.003667 0.500000 0.078000 0.380000
754 101.092333 0.491667 0.114000 0.556667
458 101.173333 0.496667 0.064000 0.340000
893 101.286333 0.508333 0.179333 0.896667
903 101.424000 0.501667 0.109333 0.303333
502 101.510667 0.498333 0.078667 0.363333
463 101.571667 0.510000 0.063333 0.373333
842 101.649333 0.491667 0.105333 0.516667
139 101.726667 0.510000 0.065333 0.353333
53 101.800000 0.493333 0.096000 0.333333
437 101.881333 0.496667 0.082667 0.413333
312 101.981000 0.491667 0.132667 0.496667
410 102.080667 0.493333 0.085333 0.346667
423 102.211667 0.495000 0.190000 0.950000
860 102.412667 0.491667 0.232000 0.563333
259 102.627000 0.508333 0.215333 1.076667
81 102.777000 0.510000 0.104667 0.413333
80 102.869000 0.495000 0.096667 0.503333
790 102.939333 0.490000 0.060000 0.353333
263 103.039667 0.503333 0.155333 0.506667
69 103.159667 0.503333 0.102000 0.500000
308 103.238000 0.503333 0.070667 0.400000
