314 0.049000 0.491667 0.091333 0.343333
521 0.155667 0.503333 0.136667 0.380000
678 0.263000 0.493333 0.092667 0.313333
832 0.364667 0.496667 0.128000 0.513333
448 0.462000 0.510000 0.085333 0.440000
1016 0.512333 0.496667 0.034000 0.266667
219 0.563000 0.496667 0.080667 0.393333
442 0.637000 0.495000 0.080667 0.410000
171 0.723333 0.510000 0.109333 0.393333
195 0.827333 0.496667 0.117333 0.520000
419 0.918667 0.493333 0.082667 0.400000
506 0.973000 0.498333 0.039333 0.470000
821 1.033000 0.500000 0.096667 0.620000
689 1.115667 0.488333 0.087333 0.430000
239 1.199667 0.510000 0.098000 0.600000
701 1.351333 0.493333 0.218667 1.093333
845 1.499000 0.496667 0.092667 0.380000
773 1.606000 0.506667 0.140000 0.386667
941 1.681333 0.493333 0.030667 0.253333
661 1.733333 0.490000 0.093333 0.306667
229 1.872333 0.498333 0.203333 1.016667
140 2.057667 0.508333 0.184667 0.923333
168 2.234333 0.505000 0.184667 0.923333
560 2.429000 0.491667 0.222000 1.110000
478 2.566667 0.506667 0.069333 0.360000
825 2.644333 0.493333 0.102000 0.433333
960 2.707333 0.495000 0.041333 0.316667
883 2.810333 0.488333 0.179333 0.390000
217 2.943333 0.501667 0.106667 0.443333
35 3.043667 0.500000 0.112667 0.360000
4 3.138667 0.490000 0.094667 0.413333
744 3.240667 0.510000 0.128000 0.520000
241 3.335333 0.491667 0.080000 0.430000
978 3.387333 0.503333 0.037333 0.280000
335 3.478667 0.488333 0.161333 0.523333
196 3.589333 0.495000 0.078667 0.390000
334 3.685667 0.490000 0.132667 0.453333
970 3.763667 0.491667 0.039333 0.330000
495 3.807333 0.505000 0.064000 0.343333
871 3.854333 0.488333 0.047333 0.243333
215 3.928333 0.503333 0.116667 0.513333
319 4.027667 0.488333 0.095333 0.356667
870 4.092333 0.506667 0.052667 0.253333
649 4.156333 0.506667 0.091333 0.500000
593 4.282667 0.503333 0.174667 0.500000
112 4.477667 0.495000 0.228667 1.143333
1022 4.597667 0.496667 0.027333 0.233333
374 4.659667 0.503333 0.110000 0.333333
702 4.802333 0.498333 0.190000 0.950000
954 4.912000 0.500000 0.044000 0.353333
473 4.969000 0.493333 0.084667 0.440000
476 5.045667 0.501667 0.083333 0.430000
628 5.187000 0.501667 0.214000 1.070000
614 5.372667 0.496667 0.177333 0.486667
749 5.497000 0.508333 0.090000 0.383333
742 5.610000 0.493333 0.156000 0.780000
444 5.716000 0.488333 0.076000 0.430000
1021 5.761667 0.508333 0.030000 0.250000
173 5.824333 0.505000 0.112667 0.510000
662 5.918667 0.491667 0.090667 0.310000
946 5.975000 0.508333 0.038000 0.310000
638 6.032667 0.508333 0.092000 0.363333
577 6.119667 0.493333 0.102000 0.406667
386 6.234333 0.500000 0.146000 0.413333
556 6.356667 0.491667 0.116000 0.470000
332 6.511333 0.496667 0.208000 1.040000
520 6.655667 0.501667 0.098000 0.310000
587 6.764333 0.496667 0.138000 0.440000
111 6.868000 0.498333 0.089333 0.410000
393 6.970667 0.503333 0.130667 0.393333
185 7.073000 0.505000 0.091333 0.363333
544 7.156667 0.491667 0.090667 0.343333
961 7.216667 0.501667 0.042667 0.356667
160 7.261333 0.493333 0.062667 0.346667
177 7.340000 0.505000 0.114667 0.436667
985 7.408333 0.501667 0.038000 0.276667
987 7.439667 0.501667 0.038000 0.310000
503 7.511333 0.505000 0.120000 0.336667
903 7.657333 0.493333 0.190667 0.953333
83 7.776333 0.500000 0.063333 0.313333
781 7.832000 0.503333 0.061333 0.320000
208 7.896333 0.506667 0.084667 0.353333
443 7.961333 0.505000 0.060000 0.336667
988 8.000667 0.496667 0.036000 0.286667
309 8.043667 0.503333 0.064667 0.366667
472 8.096667 0.510000 0.057333 0.300000
674 8.170333 0.505000 0.107333 0.343333
619 8.267000 0.496667 0.104667 0.526667
644 8.345333 0.490000 0.068000 0.306667
416 8.412000 0.506667 0.080000 0.386667
741 8.502667 0.503333 0.116000 0.406667
101 8.655000 0.498333 0.204667 0.430000
599 8.807333 0.491667 0.118667 0.370000
888 8.962333 0.505000 0.208667 1.043333
213 9.100000 0.495000 0.085333 0.376667
485 9.178000 0.493333 0.089333 0.453333
630 9.312667 0.495000 0.193333 0.650000
974 9.424333 0.495000 0.043333 0.323333
979 9.457667 0.505000 0.036667 0.276667
698 9.505333 0.500000 0.073333 0.386667
382 9.620333 0.495000 0.172667 0.863333
353 9.764667 0.490000 0.132000 0.406667
685 9.877000 0.496667 0.107333 0.413333
822 9.980667 0.500000 0.120000 0.380000
637 10.068667 0.508333 0.073333 0.376667
328 10.174333 0.488333 0.155333 0.383333
269 10.338333 0.503333 0.192667 0.593333
568 10.485667 0.501667 0.122000 0.610000
626 10.612000 0.498333 0.148000 0.496667
935 10.695333 0.491667 0.036000 0.290000
329 10.813333 0.496667 0.218667 1.093333
761 10.991667 0.488333 0.156667 0.523333
58 11.094000 0.510000 0.066667 0.300000
316 11.164667 0.510000 0.089333 0.333333
657 11.239333 0.506667 0.076000 0.306667
910 11.320333 0.506667 0.103333 0.333333
60 11.394333 0.496667 0.060667 0.260000
857 11.506000 0.506667 0.182667 0.913333
475 11.626667 0.510000 0.072000 0.400000
1001 11.671333 0.496667 0.037333 0.273333
557 11.722333 0.490000 0.078000 0.533333
280 11.807333 0.503333 0.108000 0.380000
323 11.940667 0.496667 0.172000 0.333333
227 12.063667 0.510000 0.092667 0.380000
697 12.133333 0.503333 0.060000 0.300000
277 12.190000 0.493333 0.069333 0.326667
652 12.286667 0.501667 0.137333 0.456667
1019 12.367000 0.493333 0.040667 0.300000
150 12.434000 0.505000 0.113333 0.463333
977 12.505667 0.506667 0.043333 0.333333
993 12.542667 0.501667 0.049333 0.356667
540 12.644667 0.503333 0.168000 0.840000
601 12.776667 0.488333 0.112000 0.356667
810 12.882667 0.490000 0.118667 0.500000
860 13.014000 0.506667 0.158667 0.793333
182 13.136667 0.503333 0.104000 0.353333
290 13.259000 0.505000 0.159333 0.483333
502 13.378000 0.505000 0.094667 0.430000
400 13.443000 0.488333 0.050000 0.376667
842 13.503000 0.510000 0.088667 0.433333
765 13.581667 0.496667 0.083333 0.446667
722 13.688333 0.501667 0.147333 0.436667
633 13.841333 0.510000 0.176000 0.486667
246 14.010333 0.500000 0.182000 0.640000
268 14.202333 0.508333 0.215333 1.076667
348 14.380333 0.510000 0.159333 0.473333
113 14.498667 0.495000 0.090667 0.490000
418 14.583000 0.500000 0.095333 0.466667
757 14.693667 0.505000 0.146000 0.490000
355 14.835000 0.506667 0.156667 0.466667
983 14.932667 0.496667 0.052000 0.373333
876 15.053667 0.488333 0.203333 1.016667
454 15.173667 0.493333 0.054000 0.280000
463 15.232333 0.510000 0.080667 0.413333
859 15.324333 0.498333 0.123333 0.343333
590 15.442333 0.500000 0.131333 0.453333
490 15.532333 0.505000 0.063333 0.370000
120 15.656000 0.490000 0.204000 0.500000
804 15.826000 0.488333 0.152000 0.436667
958 15.914000 0.508333 0.040000 0.303333
198 15.976667 0.488333 0.100000 0.423333
152 16.052000 0.496667 0.069333 0.320000
719 16.158333 0.495000 0.156667 0.783333
851 16.274333 0.506667 0.094000 0.413333
612 16.425000 0.505000 0.227333 1.136667
504 16.597000 0.501667 0.130000 0.376667
203 16.712667 0.506667 0.116000 0.466667
253 16.792667 0.488333 0.058667 0.536667
299 16.864333 0.493333 0.098000 0.380000
595 16.964333 0.510000 0.122000 0.366667
451 17.056667 0.491667 0.081333 0.416667
537 17.167333 0.496667 0.158667 0.793333
450 17.275667 0.495000 0.071333 0.423333
49 17.394333 0.495000 0.184667 0.923333
127 17.564000 0.500000 0.173333 0.866667
829 17.700000 0.491667 0.112000 0.523333
191 17.798667 0.495000 0.101333 0.430000
776 17.920333 0.495000 0.162000 0.376667
617 18.043000 0.508333 0.103333 0.396667
620 18.137667 0.510000 0.102000 0.440000
831 18.239000 0.506667 0.116667 0.486667
371 18.351667 0.490000 0.123333 0.340000
524 18.454333 0.501667 0.098000 0.316667
470 18.533333 0.500000 0.073333 0.373333
247 18.595333 0.488333 0.070667 0.356667
295 18.669000 0.500000 0.095333 0.406667
240 18.745000 0.508333 0.074000 0.383333
792 18.817667 0.490000 0.090000 0.360000
837 18.913333 0.493333 0.116000 0.480000
566 19.033333 0.493333 0.137333 0.573333
809 19.150667 0.488333 0.113333 0.590000
683 19.270667 0.491667 0.145333 0.423333
234 19.391667 0.506667 0.110000 0.493333
908 19.491667 0.500000 0.103333 0.400000
621 19.560333 0.495000 0.052667 0.563333
126 19.637333 0.490000 0.116000 0.400000
824 19.741333 0.510000 0.105333 0.440000
311 19.838000 0.506667 0.101333 0.433333
613 19.963667 0.496667 0.170000 0.473333
170 20.109667 0.491667 0.139333 0.490000
911 20.210333 0.493333 0.082000 0.293333
174 20.297667 0.498333 0.111333 0.396667
456 20.374667 0.491667 0.058667 0.350000
437 20.447667 0.496667 0.103333 0.500000
302 20.528333 0.505000 0.078000 0.436667
349 20.621333 0.496667 0.124000 0.353333
546 20.724000 0.498333 0.101333 0.370000
420 20.811333 0.506667 0.089333 0.340000
922 20.869333 0.493333 0.046667 0.353333
782 20.932667 0.490000 0.098667 0.473333
605 21.031667 0.496667 0.116667 0.326667
6 21.138000 0.491667 0.110667 0.410000
756 21.244000 0.495000 0.117333 0.356667
709 21.344333 0.488333 0.096667 0.416667
510 21.443000 0.500000 0.115333 0.366667
559 21.539667 0.500000 0.094000 0.453333
396 21.674333 0.508333 0.192667 0.963333
550 21.795333 0.496667 0.065333 0.326667
905 21.901333 0.491667 0.160000 0.523333
745 22.022667 0.488333 0.102667 0.410000
852 22.106667 0.503333 0.082667 0.393333
931 22.158333 0.503333 0.035333 0.280000
289 22.272667 0.500000 0.213333 1.066667
392 22.437000 0.490000 0.130000 0.406667
19 22.532667 0.500000 0.081333 0.286667
688 22.601000 0.498333 0.071333 0.350000
598 22.684000 0.510000 0.112000 0.340000
449 22.762667 0.495000 0.061333 0.310000
515 22.845000 0.505000 0.116667 0.370000
46 22.929667 0.501667 0.071333 0.576667
178 23.009000 0.510000 0.103333 0.393333
647 23.083333 0.500000 0.060000 0.300000
85 23.156000 0.493333 0.098667 0.420000
611 23.247333 0.495000 0.098667 0.403333
106 23.368000 0.506667 0.156000 0.780000
73 23.517667 0.500000 0.163333 0.533333
202 23.670667 0.506667 0.161333 0.806667
875 23.822667 0.493333 0.158667 0.793333
326 23.933000 0.488333 0.080667 0.363333
32 24.014667 0.503333 0.101333 0.340000
11 24.104000 0.501667 0.093333 0.310000
834 24.188333 0.490000 0.095333 0.480000
176 24.275333 0.501667 0.098667 0.363333
641 24.349333 0.491667 0.069333 0.336667
704 24.433667 0.491667 0.118000 0.403333
433 24.555000 0.506667 0.143333 0.286667
225 24.674667 0.508333 0.114667 0.490000
94 24.818667 0.506667 0.189333 0.946667
279 24.955667 0.490000 0.100667 0.573333
296 25.051000 0.505000 0.106000 0.403333
21 25.146000 0.488333 0.097333 0.316667
968 25.204667 0.505000 0.037333 0.283333
648 25.255000 0.498333 0.078000 0.363333
816 25.343000 0.498333 0.114000 0.270000
135 25.450000 0.488333 0.114667 0.336667
438 25.568000 0.506667 0.138667 0.426667
260 25.742000 0.510000 0.225333 1.126667
391 25.909000 0.501667 0.128667 0.383333
304 25.995333 0.506667 0.060000 0.333333
784 26.044000 0.503333 0.056000 0.486667
303 26.102333 0.501667 0.078000 0.443333
1002 26.150333 0.488333 0.035333 0.290000
909 26.213667 0.493333 0.108667 0.473333
913 26.328667 0.496667 0.136000 0.413333
207 26.433333 0.491667 0.093333 0.396667
368 26.530333 0.491667 0.118000 0.316667
717 26.669667 0.503333 0.178000 0.480000
1006 26.769333 0.493333 0.034667 0.266667
157 26.872000 0.500000 0.185333 0.926667
594 27.016667 0.505000 0.122667 0.390000
232 27.111667 0.490000 0.084667 0.426667
912 27.201333 0.496667 0.109333 0.426667
377 27.324667 0.501667 0.156000 0.463333
276 27.431667 0.495000 0.071333 0.410000
712 27.541000 0.510000 0.163333 0.453333
224 27.671000 0.510000 0.115333 0.473333
962 27.738333 0.508333 0.034000 0.263333
466 27.785000 0.505000 0.075333 0.390000
141 27.853667 0.490000 0.078000 0.340000
415 27.972667 0.503333 0.174667 0.873333
600 28.120333 0.503333 0.139333 0.433333
453 28.209667 0.496667 0.059333 0.313333
209 28.292333 0.506667 0.120667 0.493333
1012 28.370667 0.488333 0.049333 0.376667
121 28.399333 0.506667 0.025333 0.413333
325 28.512333 0.508333 0.214000 1.070000
194 28.665000 0.501667 0.104667 0.436667
175 28.765667 0.495000 0.114000 0.396667
901 28.887000 0.500000 0.143333 0.426667
926 28.970333 0.488333 0.042000 0.343333
615 29.097667 0.491667 0.226000 1.130000
951 29.229000 0.493333 0.051333 0.380000
467 29.287000 0.493333 0.084667 0.433333
29 29.389000 0.493333 0.136667 0.366667
585 29.507333 0.500000 0.113333 0.326667
313 29.616000 0.498333 0.120000 0.410000
428 29.706000 0.490000 0.077333 0.533333
164 29.798000 0.508333 0.120000 0.423333
836 29.895333 0.505000 0.092000 0.416667
984 29.951000 0.488333 0.038000 0.283333
803 30.030667 0.495000 0.134667 0.390000
338 30.152667 0.508333 0.126667 0.656667
563 30.294333 0.488333 0.171333 0.350000
447 30.403667 0.488333 0.063333 0.383333
445 30.452667 0.491667 0.054667 0.316667
439 30.531000 0.490000 0.118000 0.460000
608 30.641667 0.496667 0.116667 0.400000
584 30.743667 0.501667 0.104667 0.323333
57 30.820333 0.493333 0.063333 0.266667
446 30.878333 0.500000 0.070000 0.360000
307 30.938667 0.506667 0.064000 0.360000
282 31.022000 0.506667 0.120000 0.426667
789 31.105667 0.508333 0.066000 0.410000
760 31.204667 0.495000 0.149333 0.496667
669 31.332667 0.493333 0.120000 0.380000
527 31.450667 0.505000 0.129333 0.370000
730 31.566333 0.498333 0.118000 0.423333
339 31.662333 0.500000 0.094000 0.500000
82 31.748000 0.488333 0.092000 0.623333
932 31.805667 0.496667 0.043333 0.333333
723 31.882000 0.503333 0.128000 0.440000
806 32.035667 0.491667 0.194000 0.970000
441 32.161333 0.488333 0.074667 0.403333
868 32.222333 0.498333 0.060667 0.350000
680 32.303667 0.498333 0.116667 0.403333
206 32.396333 0.496667 0.086000 0.360000
554 32.523667 0.488333 0.182000 0.910000
236 32.661333 0.496667 0.112000 0.560000
26 32.774333 0.495000 0.127333 0.430000
796 32.897000 0.501667 0.138000 0.570000
522 33.020667 0.506667 0.122667 0.386667
214 33.130667 0.493333 0.117333 0.480000
897 33.236667 0.505000 0.113333 0.310000
721 33.369333 0.493333 0.166667 0.833333
180 33.511000 0.505000 0.135333 0.483333
986 33.593333 0.506667 0.048000 0.353333
249 33.648000 0.495000 0.080000 0.516667
853 33.727667 0.503333 0.096667 0.400000
422 33.814000 0.493333 0.089333 0.326667
972 33.871333 0.500000 0.041333 0.333333
59 33.978667 0.508333 0.188000 0.470000
201 34.117667 0.501667 0.107333 0.450000
9 34.219000 0.496667 0.108667 0.480000
700 34.326000 0.496667 0.118667 0.473333
360 34.448000 0.500000 0.144000 0.400000
357 34.609000 0.508333 0.194000 0.970000
356 34.767000 0.490000 0.140667 0.406667
403 34.895667 0.488333 0.136667 0.403333
982 34.977667 0.500000 0.042000 0.306667
263 35.069333 0.503333 0.156000 0.780000
37 35.197667 0.510000 0.114000 0.366667
819 35.324333 0.500000 0.154000 0.460000
899 35.466000 0.510000 0.142667 0.380000
413 35.603333 0.488333 0.146667 0.610000
354 35.747333 0.498333 0.161333 0.476667
817 35.882333 0.505000 0.128667 0.383333
890 35.994667 0.490000 0.116000 0.473333
558 36.083333 0.503333 0.077333 0.380000
13 36.172667 0.505000 0.121333 0.390000
509 36.276333 0.506667 0.100667 0.333333
517 36.372333 0.510000 0.106000 0.340000
646 36.461667 0.500000 0.091333 0.413333
189 36.542333 0.510000 0.083333 0.420000
724 36.619667 0.503333 0.087333 0.393333
518 36.718667 0.498333 0.129333 0.423333
212 36.834333 0.501667 0.118000 0.476667
949 36.909000 0.491667 0.046000 0.356667
854 37.006667 0.491667 0.166667 0.510000
718 37.161667 0.501667 0.163333 0.430000
116 37.301333 0.498333 0.136000 0.416667
457 37.399000 0.496667 0.078000 0.400000
715 37.528333 0.501667 0.194000 0.970000
728 37.648333 0.510000 0.064667 0.546667
271 37.787333 0.506667 0.230667 1.153333
109 37.989667 0.488333 0.192667 0.963333
464 38.112333 0.493333 0.071333 0.393333
763 38.168000 0.495000 0.058667 0.396667
1008 38.207333 0.496667 0.036000 0.266667
545 38.268667 0.505000 0.105333 0.410000
735 38.382000 0.510000 0.140000 0.566667
775 38.491000 0.498333 0.095333 0.436667
421 38.606667 0.491667 0.152000 0.463333
102 38.782667 0.493333 0.213333 0.460000
607 38.940000 0.498333 0.116000 0.370000
452 39.030333 0.501667 0.078000 0.463333
41 39.136667 0.490000 0.153333 0.426667
659 39.239333 0.490000 0.069333 0.273333
324 39.339000 0.498333 0.147333 0.723333
350 39.513000 0.488333 0.215333 1.076667
758 39.667667 0.510000 0.111333 0.360000
710 39.800333 0.491667 0.172667 0.430000
664 39.937667 0.510000 0.120667 0.420000
797 40.043333 0.493333 0.105333 0.380000
864 40.139333 0.506667 0.101333 0.400000
75 40.246667 0.493333 0.133333 0.413333
15 40.361000 0.500000 0.111333 0.373333
22 40.468667 0.503333 0.117333 0.393333
359 40.579333 0.491667 0.118667 0.336667
166 40.687000 0.508333 0.115333 0.410000
89 40.830333 0.510000 0.188667 0.406667
562 41.004000 0.495000 0.177333 0.363333
123 41.142667 0.496667 0.114667 0.713333
155 41.233667 0.491667 0.086000 0.430000
266 41.362000 0.510000 0.189333 0.620000
231 41.496667 0.510000 0.097333 0.486667
963 41.555333 0.496667 0.037333 0.280000
315 41.615333 0.488333 0.100000 0.350000
424 41.723000 0.506667 0.134000 0.420000
318 41.821333 0.488333 0.078667 0.396667
774 41.888667 0.488333 0.076000 0.396667
929 41.937667 0.501667 0.039333 0.303333
91 42.044333 0.501667 0.194000 0.416667
833 42.192667 0.491667 0.116000 0.490000
539 42.274333 0.508333 0.067333 0.296667
488 42.338000 0.510000 0.078667 0.386667
169 42.419333 0.495000 0.097333 0.356667
370 42.519333 0.508333 0.122667 0.336667
904 42.617667 0.491667 0.094000 0.443333
748 42.708333 0.491667 0.103333 0.356667
310 42.793667 0.505000 0.080667 0.450000
345 42.891333 0.496667 0.130667 0.353333
378 43.013667 0.503333 0.127333 0.340000
220 43.117000 0.503333 0.098000 0.400000
694 43.199667 0.488333 0.082000 0.396667
288 43.284000 0.500000 0.101333 0.373333
366 43.399333 0.488333 0.146667 0.403333
436 43.524333 0.500000 0.120667 0.333333
625 43.655000 0.495000 0.155333 0.530000
844 43.770333 0.500000 0.095333 0.406667
92 43.923000 0.495000 0.230000 0.483333
1007 44.046667 0.500000 0.032000 0.246667
52 44.096667 0.495000 0.086667 0.283333
582 44.223333 0.510000 0.182667 0.913333
924 44.328000 0.488333 0.044000 0.343333
99 44.443333 0.495000 0.205333 0.436667
512 44.602333 0.505000 0.130000 0.430000
262 44.719000 0.506667 0.116667 0.606667
81 44.814333 0.491667 0.092667 0.370000
187 44.900000 0.493333 0.096000 0.386667
440 44.971333 0.490000 0.062667 0.326667
992 45.015333 0.493333 0.038667 0.300000
998 45.048667 0.501667 0.041333 0.316667
42 45.090333 0.488333 0.056667 0.316667
583 45.138000 0.490000 0.057333 0.393333
459 45.205333 0.506667 0.093333 0.473333
491 45.288333 0.506667 0.088667 0.433333
795 45.367333 0.501667 0.082667 0.510000
660 45.453333 0.503333 0.105333 0.340000
574 45.534000 0.506667 0.070667 0.280000
487 45.587333 0.488333 0.054667 0.330000
1009 45.624333 0.493333 0.035333 0.273333
408 45.690667 0.505000 0.116000 0.443333
780 45.806000 0.508333 0.132000 0.410000
84 45.925000 0.508333 0.122000 0.350000
134 46.041333 0.493333 0.130667 0.420000
128 46.195000 0.505000 0.190000 0.950000
330 46.330667 0.505000 0.101333 0.390000
145 46.413333 0.508333 0.080000 0.383333
783 46.485667 0.501667 0.078000 0.430000
387 46.591667 0.500000 0.150000 0.406667
965 46.679333 0.493333 0.045333 0.333333
511 46.744667 0.488333 0.101333 0.343333
815 46.861000 0.491667 0.146000 0.463333
872 46.994667 0.493333 0.141333 0.400000
707 47.101000 0.501667 0.086000 0.396667
291 47.197667 0.488333 0.120667 0.463333
944 47.267667 0.498333 0.034000 0.263333
887 47.333333 0.501667 0.114667 0.370000
481 47.416667 0.510000 0.068000 0.360000
655 47.483667 0.510000 0.083333 0.346667
828 47.571333 0.501667 0.109333 0.470000
579 47.693667 0.490000 0.148667 0.373333
103 47.842000 0.506667 0.165333 0.826667
468 47.955667 0.488333 0.078000 0.416667
696 48.047333 0.506667 0.118667 0.273333
358 48.171000 0.510000 0.144667 0.400000
77 48.311000 0.488333 0.150000 0.376667
483 48.415667 0.501667 0.074000 0.376667
317 48.498333 0.503333 0.110000 0.406667
953 48.566000 0.500000 0.041333 0.300000
434 48.636000 0.491667 0.112000 0.383333
650 48.743000 0.505000 0.122000 0.396667
725 48.847333 0.490000 0.100000 0.426667
367 48.944667 0.490000 0.112000 0.306667
380 49.058333 0.491667 0.135333 0.390000
798 49.164333 0.491667 0.092667 0.376667
238 49.253000 0.495000 0.098000 0.376667
653 49.352333 0.495000 0.118000 0.383333
736 49.440667 0.498333 0.073333 0.490000
0 49.493000 0.493333 0.051333 0.400000
830 49.552333 0.496667 0.084667 0.406667
1023 49.606000 0.506667 0.037333 0.273333
340 49.671667 0.505000 0.108667 0.310000
93 49.826000 0.496667 0.217333 1.086667
308 49.962000 0.493333 0.070667 0.400000
71 50.027333 0.488333 0.078667 0.410000
347 50.119667 0.506667 0.122000 0.373333
458 50.202667 0.495000 0.061333 0.323333
144 50.271333 0.500000 0.092000 0.386667
642 50.344333 0.488333 0.072667 0.290000
541 50.453000 0.488333 0.159333 0.330000
297 50.568333 0.491667 0.086000 0.436667
363 50.682333 0.510000 0.158000 0.446667
786 50.790667 0.506667 0.072000 0.440000
750 50.863333 0.508333 0.093333 0.343333
779 50.921000 0.505000 0.035333 0.343333
129 50.994333 0.493333 0.130000 0.480000
555 51.070000 0.500000 0.036000 0.353333
980 51.103667 0.501667 0.046000 0.363333
68 51.171333 0.503333 0.109333 0.320000
18 51.261667 0.491667 0.088667 0.316667
48 51.382000 0.503333 0.170667 0.853333
572 51.501333 0.508333 0.088000 0.370000
12 51.597000 0.506667 0.120667 0.393333
976 51.664667 0.506667 0.034667 0.280000
893 51.759000 0.491667 0.170000 0.850000
508 51.867333 0.496667 0.064000 0.333333
677 51.941667 0.488333 0.104667 0.396667
839 52.029000 0.493333 0.088667 0.393333
186 52.115667 0.500000 0.100667 0.406667
44 52.209000 0.506667 0.104667 0.413333
990 52.276667 0.510000 0.049333 0.380000
764 52.340000 0.490000 0.092000 0.453333
167 52.425667 0.506667 0.094000 0.353333
100 52.577333 0.501667 0.222667 0.483333
50 52.771333 0.510000 0.185333 0.926667
753 52.925333 0.510000 0.140000 0.460000
244 53.071667 0.500000 0.168667 0.460000
161 53.215333 0.510000 0.132000 0.480000
1010 53.291000 0.501667 0.039333 0.303333
850 53.359667 0.500000 0.114000 0.493333
846 53.465000 0.496667 0.116667 0.526667
305 53.548667 0.491667 0.066667 0.376667
28 53.635333 0.488333 0.126667 0.416667
869 53.719000 0.491667 0.059333 0.356667
654 53.841000 0.488333 0.202000 0.463333
255 53.995333 0.488333 0.125333 0.476667
39 54.113000 0.495000 0.127333 0.476667
800 54.226667 0.506667 0.113333 0.420000
427 54.326667 0.500000 0.100000 0.500000
892 54.436667 0.505000 0.136000 0.396667
711 54.578667 0.490000 0.164000 0.820000
107 54.747000 0.490000 0.186000 0.400000
734 54.932000 0.510000 0.202667 0.526667
133 55.075000 0.498333 0.096667 0.323333
493 55.149667 0.490000 0.066000 0.300000
501 55.220000 0.493333 0.093333 0.453333
1017 55.280000 0.500000 0.041333 0.340000
172 55.400333 0.488333 0.214000 1.070000
188 55.543000 0.498333 0.088667 0.370000
588 55.623000 0.491667 0.088667 0.396667
751 55.703000 0.508333 0.090000 0.370000
274 55.788000 0.500000 0.097333 0.460000
948 55.849667 0.508333 0.043333 0.323333
64 55.895000 0.496667 0.064667 0.326667
267 56.010000 0.503333 0.180000 0.900000
90 56.180000 0.493333 0.180000 0.386667
489 56.293000 0.510000 0.066000 0.333333
699 56.384667 0.506667 0.134667 0.373333
523 56.495333 0.505000 0.100000 0.316667
530 56.576667 0.490000 0.082667 0.386667
591 56.685000 0.493333 0.154000 0.493333
867 56.807333 0.503333 0.105333 0.360000
333 56.964333 0.498333 0.223333 1.116667
818 57.129000 0.490000 0.120667 0.273333
426 57.205667 0.510000 0.047333 0.320000
322 57.268667 0.488333 0.094667 0.170000
251 57.338667 0.498333 0.065333 0.370000
631 57.450333 0.505000 0.175333 0.876667
294 57.639333 0.510000 0.216000 1.080000
996 57.761000 0.501667 0.042000 0.316667
670 57.827333 0.503333 0.108000 0.360000
147 57.918333 0.505000 0.090000 0.416667
142 58.002333 0.506667 0.096667 0.506667
592 58.103667 0.495000 0.123333 0.390000
237 58.199667 0.490000 0.087333 0.613333
548 58.290667 0.501667 0.108000 0.336667
994 58.355333 0.508333 0.034667 0.270000
278 58.431333 0.500000 0.134667 0.406667
891 58.520333 0.488333 0.063333 0.303333
663 58.588000 0.503333 0.090667 0.320000
738 58.663333 0.506667 0.074667 0.346667
1005 58.708333 0.488333 0.034000 0.270000
743 58.767667 0.493333 0.102000 0.433333
950 58.830000 0.501667 0.041333 0.310000
298 58.880667 0.503333 0.078667 0.400000
38 58.960667 0.490000 0.101333 0.373333
1014 59.024000 0.501667 0.042667 0.336667
684 59.096333 0.510000 0.120667 0.446667
902 59.257667 0.508333 0.215333 1.076667
535 59.437333 0.490000 0.161333 0.373333
770 59.571333 0.491667 0.120000 0.343333
8 59.666667 0.508333 0.088000 0.323333
639 59.745333 0.498333 0.084000 0.416667
78 59.856333 0.505000 0.155333 0.776667
596 59.979000 0.490000 0.104667 0.333333
814 60.086000 0.503333 0.122667 0.373333
552 60.162667 0.488333 0.050667 0.343333
731 60.224667 0.493333 0.089333 0.466667
772 60.334667 0.488333 0.150667 0.443333
706 60.439333 0.488333 0.077333 0.390000
838 60.530333 0.488333 0.118000 0.483333
351 60.638333 0.510000 0.112667 0.326667
425 60.736667 0.498333 0.104000 0.563333
148 60.846000 0.498333 0.129333 0.350000
284 60.973333 0.493333 0.144000 0.520000
1 61.072667 0.490000 0.074667 0.373333
474 61.136333 0.501667 0.072667 0.430000
896 61.217667 0.488333 0.104667 0.316667
465 61.293667 0.510000 0.064667 0.333333
656 61.390667 0.498333 0.144000 0.343333
835 61.513000 0.503333 0.120667 0.493333
373 61.623000 0.505000 0.116667 0.323333
379 61.743333 0.506667 0.142667 0.413333
777 61.850333 0.506667 0.084667 0.360000
705 61.982667 0.503333 0.194667 0.973333
643 62.118333 0.491667 0.090000 0.323333
261 62.210000 0.505000 0.113333 0.550000
115 62.294333 0.496667 0.070000 0.413333
346 62.398000 0.493333 0.156000 0.433333
727 62.497333 0.503333 0.060000 0.346667
726 62.562667 0.498333 0.086667 0.470000
692 62.642000 0.488333 0.089333 0.436667
771 62.729333 0.493333 0.100000 0.486667
430 62.825000 0.490000 0.107333 0.460000
5 62.909333 0.495000 0.080000 0.363333
381 63.014333 0.503333 0.148667 0.400000
3 63.125333 0.506667 0.088000 0.366667
841 63.219667 0.488333 0.115333 0.530000
242 63.331000 0.506667 0.127333 0.486667
865 63.448000 0.508333 0.124000 0.456667
344 63.607333 0.510000 0.210667 1.053333
603 63.779000 0.496667 0.146000 0.346667
534 63.898667 0.493333 0.109333 0.460000
256 64.008000 0.503333 0.125333 0.433333
714 64.139000 0.495000 0.154000 0.463333
385 64.298333 0.501667 0.184667 0.923333
907 64.442000 0.496667 0.116000 0.400000
553 64.556000 0.498333 0.126667 0.470000
210 64.650667 0.503333 0.080000 0.400000
31 64.778667 0.506667 0.194667 0.973333
402 64.940667 0.505000 0.145333 0.430000
675 65.056000 0.501667 0.098667 0.316667
547 65.132667 0.508333 0.072000 0.416667
410 65.200000 0.505000 0.082667 0.383333
479 65.265667 0.493333 0.064667 0.386667
812 65.364667 0.493333 0.146667 0.500000
258 65.495667 0.498333 0.131333 0.470000
250 65.630000 0.501667 0.154667 0.743333
813 65.757667 0.496667 0.116667 0.386667
104 65.908333 0.498333 0.199333 0.996667
525 66.065333 0.508333 0.130667 0.443333
432 66.203000 0.505000 0.159333 0.316667
117 66.348333 0.498333 0.147333 0.450000
947 66.439333 0.503333 0.052000 0.380000
1011 66.479000 0.505000 0.042000 0.310000
193 66.538333 0.498333 0.091333 0.403333
1020 66.595667 0.495000 0.040667 0.323333
863 66.660333 0.508333 0.107333 0.510000
423 66.773000 0.488333 0.131333 0.443333
98 66.936333 0.498333 0.214000 1.070000
964 67.050000 0.490000 0.030667 0.253333
969 67.082000 0.498333 0.052000 0.370000
874 67.142000 0.505000 0.085333 0.416667
879 67.235000 0.490000 0.114000 0.346667
361 67.354667 0.503333 0.141333 0.433333
306 67.452000 0.496667 0.068000 0.380000
146 67.591333 0.496667 0.230667 1.153333
622 67.792667 0.488333 0.190667 0.650000
54 67.910333 0.503333 0.063333 0.353333
211 67.980000 0.488333 0.096000 0.423333
20 68.064667 0.508333 0.093333 0.316667
496 68.164333 0.498333 0.126000 0.530000
406 68.268000 0.503333 0.101333 0.386667
273 68.334333 0.495000 0.047333 0.316667
300 68.378667 0.490000 0.060000 0.193333
455 68.436000 0.500000 0.074667 0.386667
967 68.478667 0.510000 0.030667 0.253333
923 68.508333 0.500000 0.046000 0.333333
272 68.613667 0.500000 0.184667 0.540000
855 68.744333 0.491667 0.090000 0.230000
1015 68.801667 0.510000 0.042000 0.313333
938 68.832667 0.508333 0.033333 0.270000
270 68.938000 0.490000 0.197333 0.593333
589 69.082000 0.506667 0.106667 0.460000
27 69.186000 0.501667 0.121333 0.410000
462 69.270333 0.490000 0.063333 0.366667
80 69.345667 0.495000 0.107333 0.503333
840 69.436333 0.508333 0.094000 0.396667
917 69.497667 0.493333 0.043333 0.326667
390 69.583000 0.503333 0.142000 0.406667
312 69.703333 0.510000 0.118667 0.413333
843 69.805333 0.506667 0.104000 0.500000
716 69.934667 0.503333 0.172000 0.860000
163 70.093667 0.505000 0.164667 0.823333
519 70.257667 0.501667 0.180667 0.903333
921 70.366000 0.510000 0.049333 0.293333
63 70.444000 0.506667 0.120000 0.426667
616 70.588667 0.505000 0.189333 0.463333
43 70.732667 0.491667 0.118667 0.463333
143 70.826333 0.506667 0.086000 0.366667
301 70.895000 0.496667 0.064667 0.366667
499 70.947667 0.506667 0.055333 0.326667
920 71.020000 0.505000 0.106667 0.390000
759 71.125667 0.496667 0.118000 0.346667
34 71.223333 0.488333 0.097333 0.323333
431 71.320000 0.496667 0.113333 0.386667
943 71.389000 0.493333 0.042000 0.313333
221 71.462333 0.495000 0.119333 0.523333
477 71.547333 0.488333 0.064000 0.343333
394 71.639667 0.488333 0.136667 0.410000
790 71.737000 0.510000 0.078000 0.473333
580 71.855000 0.493333 0.176667 0.473333
565 72.000000 0.510000 0.126667 0.260000
732 72.098333 0.508333 0.084667 0.430000
204 72.174000 0.488333 0.085333 0.376667
383 72.283000 0.501667 0.147333 0.443333
769 72.411667 0.488333 0.123333 0.350000
395 72.542000 0.508333 0.157333 0.456667
827 72.671333 0.510000 0.116000 0.540000
62 72.761000 0.510000 0.083333 0.386667
665 72.851667 0.491667 0.114000 0.390000
110 72.958667 0.503333 0.116000 0.406667
914 73.070667 0.495000 0.122667 0.383333
192 73.174333 0.495000 0.100667 0.510000
55 73.285333 0.493333 0.134667 0.346667
159 73.364333 0.498333 0.039333 0.303333
729 73.388667 0.495000 0.026667 0.390000
389 73.471667 0.491667 0.158000 0.436667
939 73.562333 0.495000 0.036667 0.303333
808 73.634333 0.501667 0.122000 0.436667
811 73.756667 0.506667 0.136000 0.420000
747 73.860667 0.506667 0.092000 0.366667
971 73.917333 0.495000 0.036000 0.270000
597 73.998667 0.505000 0.144000 0.443333
10 74.107667 0.505000 0.088667 0.296667
257 74.223000 0.495000 0.155333 0.776667
320 74.348667 0.493333 0.109333 0.320000
124 74.450667 0.495000 0.108000 0.436667
24 74.559667 0.491667 0.123333 0.423333
130 74.708333 0.510000 0.191333 0.426667
538 74.899333 0.510000 0.209333 1.046667
997 75.016333 0.500000 0.042000 0.326667
886 75.096667 0.506667 0.138667 0.480000
936 75.175667 0.510000 0.035333 0.293333
691 75.229000 0.505000 0.087333 0.430000
230 75.323333 0.488333 0.120000 0.463333
807 75.452333 0.505000 0.156667 0.783333
673 75.579333 0.510000 0.117333 0.446667
956 75.651667 0.490000 0.042000 0.346667
281 75.728000 0.501667 0.129333 0.443333
399 75.838000 0.510000 0.106667 0.353333
564 75.961000 0.490000 0.152667 0.346667
417 76.072000 0.488333 0.089333 0.436667
754 76.178000 0.508333 0.140000 0.676667
40 76.301000 0.508333 0.122000 0.390000
645 76.397333 0.493333 0.086667 0.400000
47 76.481333 0.506667 0.100000 0.480000
125 76.581667 0.491667 0.118000 0.530000
514 76.683667 0.510000 0.100667 0.340000
87 76.822667 0.500000 0.192000 0.413333
930 76.935333 0.503333 0.050667 0.373333
578 77.006667 0.510000 0.108000 0.433333
131 77.134333 0.491667 0.164667 0.823333
881 77.276333 0.496667 0.139333 0.466667
1003 77.357000 0.488333 0.039333 0.323333
365 77.445333 0.490000 0.150667 0.406667
687 77.562667 0.506667 0.098667 0.486667
567 77.659000 0.505000 0.114000 0.463333
497 77.778333 0.503333 0.144667 0.373333
713 77.944000 0.491667 0.200000 0.510000
720 78.151333 0.506667 0.230667 1.153333
1004 78.275000 0.491667 0.036667 0.276667
216 78.331667 0.498333 0.095333 0.383333
86 78.423000 0.498333 0.106000 0.450000
114 78.518000 0.503333 0.097333 0.480000
70 78.631333 0.510000 0.142667 0.466667
882 78.748000 0.498333 0.105333 0.410000
158 78.907000 0.495000 0.231333 1.156667
362 79.082667 0.498333 0.133333 0.350000
228 79.187000 0.493333 0.092667 0.440000
933 79.248000 0.488333 0.048000 0.356667
885 79.301000 0.498333 0.072667 0.330000
973 79.350333 0.496667 0.042000 0.346667
96 79.455333 0.510000 0.188000 0.400000
999 79.560333 0.491667 0.040667 0.310000
61 79.618333 0.508333 0.095333 0.483333
254 79.737000 0.503333 0.158000 0.593333
200 79.867667 0.501667 0.120667 0.490000
925 79.940000 0.493333 0.038667 0.326667
482 79.988667 0.490000 0.072000 0.426667
955 80.033333 0.506667 0.032000 0.266667
531 80.125667 0.493333 0.168667 0.386667
285 80.258333 0.496667 0.110000 0.360000
849 80.349000 0.503333 0.091333 0.433333
785 80.426000 0.488333 0.080000 0.343333
762 80.493667 0.508333 0.074000 0.323333
149 80.616000 0.508333 0.189333 0.496667
74 80.762333 0.493333 0.120667 0.373333
981 80.840000 0.500000 0.052000 0.380000
528 80.907333 0.510000 0.096000 0.326667
609 80.981333 0.490000 0.072000 0.293333
498 81.041333 0.498333 0.065333 0.403333
681 81.087000 0.495000 0.042000 0.383333
740 81.174333 0.498333 0.150000 0.343333
1018 81.260000 0.500000 0.037333 0.273333
321 81.315667 0.510000 0.090000 0.360000
264 81.405333 0.500000 0.102667 0.393333
966 81.467667 0.505000 0.039333 0.330000
918 81.524667 0.495000 0.094667 0.303333
17 81.608000 0.496667 0.085333 0.286667
181 81.730333 0.498333 0.174000 0.870000
156 81.875333 0.503333 0.134667 0.400000
411 82.027667 0.501667 0.187333 0.383333
610 82.180333 0.495000 0.136667 0.423333
398 82.270667 0.508333 0.064000 0.336667
343 82.352667 0.505000 0.114667 0.303333
341 82.441333 0.491667 0.080000 0.350000
480 82.515333 0.496667 0.084000 0.433333
151 82.584333 0.495000 0.068667 0.336667
56 82.647667 0.510000 0.074000 0.100000
122 82.726333 0.491667 0.098000 0.356667
561 82.861000 0.506667 0.184667 0.493333
823 82.995000 0.490000 0.102000 0.433333
995 83.052333 0.510000 0.030000 0.246667
826 83.103000 0.505000 0.091333 0.410000
407 83.198333 0.490000 0.115333 0.433333
88 83.331000 0.490000 0.168667 0.360000
235 83.453667 0.488333 0.095333 0.463333
543 83.586000 0.503333 0.188000 0.613333
690 83.723667 0.505000 0.100667 0.496667
686 83.802667 0.503333 0.077333 0.380000
787 83.861333 0.508333 0.058667 0.363333
494 83.915667 0.501667 0.064667 0.350000
72 83.992000 0.506667 0.105333 0.506667
668 84.096667 0.503333 0.117333 0.400000
551 84.212333 0.488333 0.127333 0.403333
618 84.298000 0.508333 0.064000 0.410000
165 84.381667 0.491667 0.116667 0.410000
856 84.505333 0.498333 0.148000 0.363333
671 84.631000 0.508333 0.116667 0.383333
640 84.714667 0.508333 0.065333 0.330000
755 84.801000 0.501667 0.120667 0.350000
66 84.966667 0.506667 0.229333 1.146667
292 85.132667 0.496667 0.118667 0.473333
233 85.235333 0.495000 0.101333 0.410000
952 85.299333 0.498333 0.042667 0.316667
573 85.350667 0.490000 0.078667 0.333333
915 85.424000 0.493333 0.086667 0.700000
505 85.496333 0.510000 0.076667 0.320000
861 85.554667 0.505000 0.057333 0.436667
533 85.626333 0.491667 0.104667 0.356667
934 85.690333 0.501667 0.038000 0.276667
33 85.753333 0.491667 0.101333 0.316667
342 85.832667 0.503333 0.076000 0.346667
651 85.947000 0.501667 0.168667 0.556667
658 86.051000 0.503333 0.055333 0.320000
205 86.129000 0.498333 0.116667 0.590000
880 86.229333 0.495000 0.097333 0.336667
957 86.287667 0.500000 0.034000 0.280000
108 86.385333 0.493333 0.178667 0.893333
275 86.500000 0.490000 0.065333 0.413333
183 86.585000 0.501667 0.119333 0.603333
928 86.654333 0.503333 0.038000 0.313333
409 86.712333 0.503333 0.094000 0.473333
695 86.822667 0.510000 0.141333 0.393333
778 86.935000 0.508333 0.100667 0.696667
265 87.037000 0.510000 0.119333 0.460000
1000 87.108000 0.496667 0.036000 0.293333
460 87.158333 0.505000 0.082000 0.416667
581 87.236667 0.491667 0.090667 0.390000
529 87.340000 0.508333 0.129333 0.510000
820 87.445000 0.500000 0.099333 0.420000
542 87.559000 0.506667 0.148667 0.566667
676 87.687667 0.505000 0.128667 0.430000
23 87.821000 0.495000 0.151333 0.436667
153 87.928333 0.490000 0.079333 0.353333
154 87.997667 0.490000 0.076667 0.346667
138 88.069000 0.501667 0.079333 0.456667
895 88.167667 0.493333 0.131333 0.386667
703 88.290000 0.490000 0.129333 0.453333
629 88.434667 0.490000 0.176000 0.600000
627 88.585333 0.500000 0.142667 0.480000
916 88.757667 0.498333 0.215333 1.076667
259 88.908667 0.505000 0.104000 0.516667
877 88.990000 0.490000 0.077333 0.406667
65 89.057333 0.496667 0.077333 0.200000
404 89.144667 0.503333 0.116000 0.593333
862 89.228667 0.488333 0.072000 0.383333
532 89.314333 0.505000 0.119333 0.610000
799 89.410333 0.496667 0.092667 0.366667
337 89.544667 0.508333 0.190667 0.403333
79 89.727000 0.501667 0.188667 0.943333
376 89.919667 0.505000 0.216667 1.083333
179 90.079667 0.491667 0.123333 0.470000
604 90.196667 0.506667 0.130667 0.413333
708 90.297333 0.491667 0.089333 0.416667
388 90.398000 0.501667 0.126667 0.363333
569 90.503667 0.493333 0.098000 0.433333
327 90.600333 0.495000 0.108667 0.330000
570 90.699667 0.500000 0.107333 0.446667
791 90.788333 0.506667 0.086000 0.506667
991 90.841667 0.503333 0.035333 0.280000
414 90.905667 0.495000 0.111333 0.570000
624 91.025000 0.503333 0.144667 0.493333
801 91.129333 0.503333 0.078667 0.306667
894 91.255667 0.505000 0.194000 0.970000
119 91.394333 0.491667 0.098000 0.590000
384 91.507333 0.496667 0.144000 0.453333
802 91.651333 0.490000 0.162667 0.420000
575 91.784667 0.503333 0.124000 0.406667
536 91.906333 0.493333 0.135333 0.520000
884 92.019333 0.488333 0.110667 0.403333
898 92.128333 0.506667 0.123333 0.346667
162 92.233000 0.490000 0.106000 0.380000
397 92.318000 0.503333 0.081333 0.360000
526 92.427000 0.488333 0.154000 0.430000
900 92.551000 0.496667 0.111333 0.293333
768 92.636667 0.503333 0.080000 0.180000
632 92.752667 0.495000 0.169333 0.543333
336 92.883333 0.490000 0.109333 0.526667
14 92.981667 0.490000 0.106000 0.360000
866 93.114667 0.498333 0.180000 0.476667
132 93.243333 0.490000 0.093333 0.386667
67 93.368333 0.495000 0.175333 0.876667
937 93.468000 0.496667 0.038667 0.300000
105 93.595000 0.491667 0.231333 1.156667
623 93.816000 0.490000 0.226667 1.133333
223 93.967000 0.491667 0.090000 0.396667
805 94.069667 0.490000 0.130000 0.380000
767 94.187667 0.496667 0.122000 0.360000
889 94.308333 0.510000 0.139333 0.513333
571 94.426000 0.508333 0.112000 0.450000
486 94.513667 0.508333 0.079333 0.403333
218 94.592000 0.493333 0.092000 0.366667
500 94.679667 0.493333 0.096667 0.460000
733 94.756667 0.508333 0.077333 0.463333
635 94.835333 0.491667 0.100000 0.456667
586 94.926000 0.500000 0.101333 0.320000
739 95.001000 0.500000 0.066000 0.540000
53 95.076000 0.491667 0.101333 0.343333
940 95.139667 0.506667 0.042000 0.306667
293 95.192333 0.508333 0.080667 0.310000
7 95.274667 0.506667 0.102667 0.353333
118 95.373667 0.496667 0.114000 0.466667
848 95.479000 0.510000 0.110000 0.333333
927 95.543333 0.496667 0.038667 0.326667
919 95.591667 0.490000 0.072667 0.306667
906 95.693333 0.495000 0.145333 0.396667
76 95.815667 0.503333 0.119333 0.366667
30 95.942667 0.505000 0.152000 0.443333
746 96.074000 0.500000 0.126667 0.466667
226 96.176000 0.510000 0.096000 0.386667
942 96.231667 0.506667 0.032667 0.273333
25 96.298333 0.493333 0.115333 0.426667
287 96.389333 0.498333 0.085333 0.316667
975 96.447333 0.490000 0.044000 0.360000
492 96.502000 0.510000 0.078667 0.373333
752 96.565333 0.506667 0.062667 0.173333
197 96.638667 0.503333 0.100000 0.413333
405 96.726667 0.510000 0.093333 0.360000
36 96.816000 0.506667 0.105333 0.333333
45 96.900333 0.493333 0.080667 0.400000
252 97.006333 0.500000 0.151333 0.600000
222 97.125333 0.500000 0.104000 0.526667
793 97.230333 0.491667 0.119333 0.483333
401 97.325333 0.500000 0.088000 0.446667
666 97.415000 0.491667 0.111333 0.376667
989 97.483000 0.488333 0.040667 0.303333
352 97.564333 0.505000 0.139333 0.403333
513 97.672667 0.503333 0.096000 0.326667
16 97.759667 0.493333 0.091333 0.320000
672 97.858667 0.510000 0.120000 0.406667
364 98.022667 0.496667 0.225333 1.126667
679 98.173000 0.493333 0.094000 0.546667
461 98.249000 0.488333 0.072667 0.370000
602 98.347667 0.493333 0.142000 0.453333
435 98.445000 0.490000 0.070000 0.333333
576 98.521000 0.503333 0.095333 0.373333
245 98.585333 0.510000 0.052000 0.293333
69 98.647667 0.510000 0.086000 0.460000
369 98.737000 0.506667 0.106000 0.280000
51 98.838667 0.495000 0.116000 0.370000
847 98.952000 0.505000 0.126667 0.383333
199 99.062667 0.500000 0.108000 0.540000
139 99.140667 0.491667 0.064000 0.350000
137 99.200333 0.505000 0.070000 0.383333
184 99.277000 0.503333 0.102000 0.473333
737 99.346667 0.505000 0.053333 0.383333
243 99.427333 0.510000 0.125333 0.420000
606 99.540000 0.496667 0.120000 0.366667
375 99.656000 0.503333 0.125333 0.360000
136 99.779333 0.491667 0.138667 0.490000
484 99.887333 0.500000 0.094667 0.400000
693 99.965000 0.503333 0.076667 0.380000
2 100.028000 0.491667 0.066667 0.316667
945 100.072000 0.496667 0.038667 0.300000
549 100.144667 0.490000 0.125333 0.426667
794 100.239000 0.496667 0.078000 0.480000
878 100.315333 0.503333 0.094667 0.486667
1013 100.373000 0.498333 0.038000 0.296667
469 100.418667 0.490000 0.066667 0.346667
634 100.487333 0.490000 0.090667 0.380000
283 100.584333 0.495000 0.118000 0.396667
788 100.718000 0.506667 0.169333 0.533333
516 100.858000 0.508333 0.125333 0.430000
507 100.944000 0.496667 0.061333 0.313333
286 101.016667 0.491667 0.101333 0.376667
412 101.106000 0.496667 0.090667 0.453333
190 101.187333 0.491667 0.090667 0.410000
372 101.294667 0.508333 0.138667 0.370000
766 101.420000 0.500000 0.125333 0.366667
858 101.539333 0.506667 0.128000 0.413333
959 101.614667 0.510000 0.036000 0.286667
636 101.681667 0.493333 0.118000 0.260000
248 101.779333 0.488333 0.093333 0.470000
95 101.921667 0.501667 0.204667 1.023333
682 102.061000 0.510000 0.094000 0.360000
471 102.128000 0.488333 0.058667 0.303333
97 102.247333 0.490000 0.198667 0.993333
331 102.455333 0.488333 0.234667 0.536667
429 102.611000 0.503333 0.095333 0.326667
667 102.694333 0.495000 0.086000 0.316667
873 102.780333 0.508333 0.104667 0.496667
