756 0.076000 0.503333 0.145333 0.486667
449 0.168667 0.493333 0.053333 0.286667
430 0.236000 0.501667 0.097333 0.410000
881 0.340000 0.498333 0.129333 0.436667
365 0.474000 0.498333 0.158667 0.450000
223 0.601333 0.510000 0.110667 0.453333
490 0.685333 0.505000 0.076000 0.390000
737 0.740333 0.496667 0.048667 0.300000
839 0.811667 0.496667 0.114000 0.493333
628 0.928667 0.498333 0.136000 0.463333
231 1.066333 0.505000 0.155333 0.776667
782 1.195333 0.488333 0.117333 0.543333
971 1.267000 0.498333 0.042000 0.350000
109 1.393000 0.505000 0.227333 1.136667
169 1.545333 0.493333 0.097333 0.353333
845 1.633000 0.490000 0.098000 0.473333
313 1.728667 0.506667 0.108000 0.366667
23 1.837000 0.491667 0.127333 0.363333
244 1.981667 0.491667 0.182000 0.483333
617 2.111000 0.493333 0.091333 0.393333
309 2.183333 0.505000 0.072000 0.410000
152 2.254333 0.503333 0.083333 0.400000
394 2.359000 0.508333 0.146000 0.390000
266 2.527667 0.508333 0.211333 1.056667
61 2.664000 0.490000 0.078667 0.400000
70 2.753333 0.488333 0.113333 0.416667
906 2.866667 0.505000 0.128000 0.350000
161 2.980667 0.503333 0.114667 0.440000
308 3.059000 0.500000 0.058000 0.326667
650 3.143667 0.505000 0.126000 0.410000
950 3.212667 0.505000 0.029333 0.243333
287 3.271000 0.495000 0.104667 0.376667
271 3.410000 0.501667 0.190667 0.590000
878 3.546667 0.503333 0.097333 0.500000
828 3.640333 0.506667 0.106000 0.440000
253 3.710000 0.490000 0.052000 0.526667
314 3.791000 0.490000 0.126000 0.433333
393 3.958667 0.490000 0.222667 1.113333
833 4.117333 0.496667 0.112000 0.500000
386 4.230667 0.510000 0.130667 0.380000
876 4.390000 0.496667 0.205333 1.026667
974 4.502667 0.498333 0.034667 0.270000
821 4.557000 0.508333 0.094000 0.636667
698 4.632000 0.505000 0.070667 0.370000
21 4.712000 0.496667 0.108000 0.346667
252 4.818000 0.495000 0.118667 0.463333
984 4.887667 0.488333 0.035333 0.270000
871 4.921667 0.500000 0.052667 0.260000
743 4.992667 0.490000 0.104000 0.433333
963 5.059000 0.491667 0.042000 0.303333
499 5.097333 0.488333 0.053333 0.323333
678 5.163333 0.501667 0.094667 0.310000
298 5.244667 0.500000 0.081333 0.413333
225 5.325667 0.501667 0.096667 0.390000
826 5.413667 0.503333 0.094000 0.453333
142 5.493667 0.493333 0.079333 0.426667
401 5.562000 0.498333 0.072000 0.403333
532 5.635333 0.498333 0.088000 0.450000
516 5.723333 0.503333 0.104000 0.333333
920 5.812667 0.490000 0.092000 0.360000
643 5.889667 0.491667 0.080667 0.290000
429 5.975333 0.490000 0.106667 0.380000
480 6.060000 0.500000 0.080000 0.413333
390 6.152000 0.493333 0.118667 0.360000
690 6.249667 0.495000 0.090000 0.443333
929 6.304333 0.495000 0.035333 0.283333
241 6.362333 0.495000 0.094000 0.516667
905 6.468000 0.490000 0.130667 0.426667
846 6.568667 0.488333 0.088000 0.396667
320 6.668000 0.506667 0.125333 0.366667
989 6.740333 0.510000 0.032667 0.266667
116 6.813333 0.491667 0.132000 0.403333
41 6.971333 0.503333 0.198667 0.993333
802 7.148000 0.495000 0.172000 0.396667
595 7.293667 0.501667 0.136667 0.410000
975 7.380667 0.510000 0.050667 0.366667
669 7.462667 0.493333 0.129333 0.453333
842 7.568667 0.493333 0.098667 0.413333
129 7.669333 0.505000 0.117333 0.450000
926 7.736333 0.491667 0.034000 0.263333
88 7.840333 0.508333 0.192667 0.963333
830 7.976333 0.491667 0.092667 0.430000
605 8.081667 0.510000 0.138000 0.386667
229 8.248000 0.490000 0.209333 1.046667
934 8.361000 0.493333 0.036667 0.280000
901 8.443333 0.496667 0.148000 0.406667
612 8.579333 0.496667 0.137333 0.353333
613 8.739000 0.505000 0.202000 1.010000
370 8.887333 0.496667 0.108000 0.333333
551 9.000333 0.506667 0.134000 0.406667
769 9.122000 0.503333 0.126667 0.420000
732 9.214667 0.495000 0.072000 0.356667
534 9.294667 0.506667 0.104000 0.453333
44 9.397333 0.508333 0.116000 0.470000
204 9.502667 0.508333 0.109333 0.543333
458 9.584667 0.510000 0.069333 0.360000
504 9.681333 0.503333 0.137333 0.400000
15 9.788667 0.501667 0.092000 0.296667
506 9.844667 0.491667 0.036000 0.403333
340 9.919333 0.510000 0.133333 0.393333
332 10.059667 0.498333 0.163333 0.816667
367 10.192667 0.505000 0.117333 0.323333
288 10.300667 0.498333 0.114667 0.443333
66 10.399667 0.508333 0.100667 0.510000
797 10.496333 0.498333 0.107333 0.423333
326 10.572000 0.490000 0.062667 0.286667
717 10.684333 0.488333 0.176667 0.883333
1006 10.781667 0.493333 0.034000 0.253333
850 10.831333 0.488333 0.084000 0.390000
522 10.909667 0.510000 0.092667 0.306667
12 10.995333 0.495000 0.093333 0.323333
720 11.130667 0.503333 0.190667 0.953333
117 11.294333 0.510000 0.155333 0.460000
571 11.400000 0.506667 0.076000 0.306667
512 11.494000 0.491667 0.130667 0.430000
518 11.606667 0.506667 0.109333 0.353333
1001 11.669667 0.508333 0.035333 0.256667
206 11.732000 0.505000 0.102667 0.516667
99 11.893667 0.495000 0.238000 0.510000
442 12.035333 0.495000 0.065333 0.336667
479 12.088000 0.506667 0.057333 0.300000
406 12.163667 0.505000 0.114000 0.450000
351 12.270667 0.493333 0.120000 0.353333
898 12.392333 0.500000 0.143333 0.393333
104 12.570667 0.496667 0.229333 1.146667
304 12.705000 0.506667 0.055333 0.313333
427 12.780333 0.488333 0.112667 0.536667
81 12.882333 0.491667 0.104667 0.423333
767 12.977333 0.498333 0.104000 0.310000
422 13.062000 0.495000 0.084000 0.316667
537 13.179333 0.506667 0.170667 0.853333
718 13.354333 0.505000 0.198000 0.990000
930 13.460333 0.495000 0.031333 0.250000
392 13.544667 0.498333 0.154667 0.476667
691 13.656667 0.500000 0.084000 0.413333
75 13.764000 0.491667 0.148000 0.463333
632 13.910333 0.510000 0.163333 0.533333
764 14.020000 0.491667 0.074667 0.376667
725 14.125000 0.510000 0.151333 0.646667
236 14.252000 0.501667 0.122667 0.490000
777 14.356333 0.490000 0.104667 0.420000
917 14.422667 0.508333 0.046667 0.330000
552 14.463000 0.505000 0.050000 0.316667
276 14.511333 0.490000 0.066667 0.380000
213 14.578000 0.501667 0.086667 0.436667
40 14.670333 0.490000 0.114000 0.386667
951 14.739000 0.490000 0.042000 0.306667
774 14.783667 0.488333 0.063333 0.376667
609 14.838000 0.498333 0.065333 0.270000
681 14.887000 0.490000 0.046000 0.420000
791 14.938000 0.496667 0.076000 0.473333
779 14.990333 0.490000 0.046000 0.393333
284 15.064667 0.503333 0.118667 0.433333
493 15.148333 0.501667 0.067333 0.316667
738 15.207333 0.493333 0.069333 0.340000
745 15.279333 0.505000 0.088000 0.350000
530 15.364000 0.506667 0.096000 0.453333
321 15.447000 0.503333 0.084667 0.386667
28 15.527667 0.501667 0.091333 0.330000
646 15.612333 0.505000 0.098000 0.423333
165 15.705000 0.491667 0.104667 0.390000
731 15.793333 0.490000 0.089333 0.440000
226 15.886000 0.510000 0.109333 0.453333
128 16.023000 0.490000 0.179333 0.526667
469 16.145000 0.508333 0.084667 0.430000
126 16.275667 0.501667 0.196667 0.983333
311 16.407333 0.501667 0.082667 0.356667
750 16.488000 0.510000 0.093333 0.346667
547 16.569000 0.493333 0.082000 0.473333
695 16.704667 0.490000 0.205333 1.026667
853 16.851333 0.493333 0.106667 0.506667
35 16.941000 0.500000 0.087333 0.320000
621 17.004333 0.510000 0.058000 0.593333
866 17.100000 0.495000 0.146667 0.390000
584 17.220667 0.505000 0.114667 0.343333
544 17.312000 0.506667 0.081333 0.320000
658 17.379000 0.506667 0.066000 0.386667
62 17.447667 0.498333 0.086000 0.416667
705 17.536000 0.488333 0.104000 0.330000
810 17.626333 0.491667 0.096667 0.403333
363 17.727667 0.498333 0.124667 0.330000
709 17.839333 0.495000 0.116000 0.510000
417 17.939333 0.505000 0.098667 0.483333
806 18.065000 0.505000 0.172667 0.863333
267 18.213000 0.498333 0.138000 0.416667
38 18.330000 0.495000 0.116000 0.390000
1015 18.401333 0.506667 0.040000 0.313333
783 18.462333 0.491667 0.096667 0.523333
192 18.553000 0.508333 0.099333 0.483333
688 18.642667 0.490000 0.098667 0.480000
1000 18.705333 0.505000 0.041333 0.330000
228 18.771667 0.506667 0.111333 0.566667
4 18.866333 0.506667 0.095333 0.406667
290 18.974333 0.491667 0.138000 0.370000
464 19.069333 0.488333 0.068000 0.376667
454 19.139667 0.500000 0.086000 0.433333
108 19.260000 0.510000 0.170667 0.853333
114 19.376000 0.495000 0.080000 0.396667
51 19.457000 0.493333 0.102000 0.340000
865 19.551333 0.491667 0.105333 0.376667
781 19.640667 0.495000 0.089333 0.456667
220 19.728000 0.508333 0.104000 0.430000
966 19.792667 0.508333 0.042667 0.330000
757 19.862667 0.508333 0.113333 0.323333
54 19.943667 0.490000 0.064667 0.360000
761 20.047000 0.498333 0.156667 0.456667
143 20.158000 0.501667 0.082667 0.436667
300 20.227667 0.506667 0.071333 0.226667
657 20.308667 0.510000 0.106667 0.426667
576 20.397000 0.508333 0.086000 0.343333
486 20.463667 0.505000 0.062000 0.350000
496 20.545333 0.505000 0.120000 0.496667
482 20.629333 0.503333 0.062667 0.326667
102 20.746333 0.501667 0.188667 0.403333
872 20.918000 0.498333 0.169333 0.503333
952 21.018333 0.508333 0.044667 0.350000
247 21.089667 0.491667 0.118000 0.443333
776 21.224000 0.498333 0.165333 0.443333
827 21.343333 0.490000 0.088000 0.380000
350 21.439000 0.506667 0.119333 0.333333
73 21.561333 0.500000 0.141333 0.460000
369 21.690000 0.503333 0.129333 0.380000
939 21.770667 0.506667 0.049333 0.373333
72 21.868000 0.490000 0.164000 0.820000
704 22.011333 0.495000 0.136000 0.410000
24 22.125667 0.498333 0.107333 0.370000
7 22.216333 0.503333 0.094000 0.313333
341 22.296667 0.500000 0.085333 0.380000
80 22.379333 0.503333 0.100000 0.513333
216 22.469000 0.505000 0.099333 0.396667
86 22.562667 0.490000 0.104000 0.446667
596 22.656667 0.508333 0.104000 0.330000
856 22.770333 0.495000 0.138000 0.343333
77 22.895333 0.505000 0.126667 0.316667
407 22.997000 0.506667 0.095333 0.366667
305 23.075000 0.505000 0.078000 0.436667
892 23.200333 0.508333 0.186000 0.530000
177 23.397667 0.488333 0.228667 1.143333
614 23.571333 0.505000 0.132000 0.343333
765 23.677333 0.501667 0.093333 0.436667
9 23.771000 0.508333 0.110000 0.496667
440 23.854333 0.505000 0.072667 0.376667
74 23.960667 0.503333 0.156000 0.480000
652 24.088333 0.495000 0.118000 0.383333
990 24.158000 0.500000 0.041333 0.306667
860 24.283333 0.490000 0.229333 1.146667
291 24.456667 0.506667 0.130667 0.493333
481 24.542333 0.495000 0.060667 0.356667
503 24.627000 0.490000 0.127333 0.340000
111 24.722333 0.490000 0.076667 0.326667
607 24.803333 0.510000 0.102667 0.306667
301 24.887000 0.505000 0.078000 0.436667
736 24.956333 0.508333 0.079333 0.430000
132 25.030000 0.498333 0.081333 0.350000
894 25.125000 0.495000 0.128667 0.363333
325 25.262667 0.510000 0.161333 0.806667
157 25.410333 0.490000 0.150000 0.626667
381 25.532667 0.500000 0.109333 0.313333
964 25.596333 0.488333 0.038000 0.296667
721 25.678333 0.501667 0.142000 0.403333
582 25.807000 0.498333 0.128667 0.463333
180 25.924667 0.490000 0.120000 0.426667
868 26.016667 0.503333 0.082667 0.466667
2 26.084667 0.498333 0.068000 0.350000
285 26.208333 0.501667 0.194000 0.970000
962 26.323000 0.496667 0.051333 0.380000
987 26.364333 0.495000 0.046000 0.356667
863 26.431667 0.491667 0.102000 0.490000
636 26.537333 0.496667 0.125333 0.280000
268 26.693000 0.501667 0.199333 0.603333
153 26.825000 0.491667 0.083333 0.376667
685 26.908333 0.508333 0.100667 0.396667
154 26.993333 0.495000 0.089333 0.410000
358 27.140333 0.488333 0.220667 1.103333
366 27.313667 0.505000 0.146000 0.423333
107 27.474000 0.496667 0.193333 0.966667
978 27.581333 0.495000 0.037333 0.296667
282 27.664667 0.508333 0.145333 0.503333
903 27.822000 0.493333 0.189333 0.946667
792 27.962333 0.498333 0.111333 0.450000
1014 28.033000 0.510000 0.044667 0.346667
36 28.096000 0.496667 0.094667 0.333333
115 28.167000 0.500000 0.063333 0.373333
438 28.266667 0.498333 0.156000 0.470000
431 28.381667 0.490000 0.087333 0.300000
145 28.466333 0.488333 0.100667 0.443333
200 28.549333 0.503333 0.084000 0.400000
156 28.660667 0.508333 0.153333 0.383333
896 28.800000 0.505000 0.138667 0.396667
94 28.967333 0.490000 0.209333 0.453333
254 29.118000 0.491667 0.112000 0.423333
433 29.233000 0.490000 0.138000 0.273333
592 29.368000 0.508333 0.152000 0.470000
265 29.487333 0.510000 0.104000 0.400000
893 29.618333 0.508333 0.176667 0.883333
638 29.744000 0.493333 0.089333 0.353333
1008 29.798000 0.498333 0.037333 0.296667
786 29.836333 0.495000 0.056667 0.350000
573 29.895667 0.490000 0.076667 0.340000
323 30.030667 0.503333 0.209333 1.046667
729 30.142667 0.505000 0.028000 0.356667
567 30.203000 0.503333 0.112667 0.466667
259 30.360000 0.503333 0.217333 1.086667
817 30.529000 0.490000 0.134000 0.353333
629 30.697000 0.501667 0.215333 1.076667
474 30.836333 0.501667 0.082000 0.416667
531 30.962667 0.506667 0.188000 0.940000
334 31.120667 0.503333 0.144000 0.493333
303 31.223333 0.488333 0.078667 0.443333
353 31.341667 0.501667 0.172667 0.863333
483 31.454333 0.495000 0.066000 0.343333
133 31.525667 0.491667 0.095333 0.443333
110 31.622000 0.508333 0.116000 0.416667
162 31.734000 0.508333 0.124000 0.436667
68 31.846000 0.505000 0.117333 0.336667
385 31.958333 0.503333 0.123333 0.393333
471 32.047667 0.496667 0.068667 0.360000
508 32.114000 0.501667 0.077333 0.430000
820 32.193333 0.488333 0.097333 0.410000
13 32.282667 0.488333 0.097333 0.336667
924 32.346000 0.506667 0.044000 0.333333
316 32.402667 0.490000 0.089333 0.320000
746 32.503000 0.500000 0.124667 0.393333
883 32.650000 0.506667 0.185333 0.926667
214 32.781333 0.491667 0.097333 0.443333
648 32.870667 0.503333 0.094667 0.420000
626 32.993667 0.498333 0.164667 0.823333
879 33.136000 0.488333 0.137333 0.416667
870 33.222333 0.496667 0.054000 0.260000
89 33.351667 0.491667 0.223333 0.490000
824 33.503333 0.488333 0.096000 0.443333
597 33.611000 0.505000 0.136667 0.423333
329 33.778667 0.490000 0.217333 1.086667
1020 33.897333 0.491667 0.040000 0.310000
686 33.946333 0.506667 0.074000 0.360000
67 34.064667 0.510000 0.177333 0.886667
210 34.199667 0.488333 0.110000 0.503333
960 34.261667 0.505000 0.032667 0.276667
33 34.312667 0.503333 0.086667 0.320000
178 34.395000 0.493333 0.094000 0.360000
957 34.456333 0.506667 0.043333 0.333333
697 34.501000 0.491667 0.060667 0.303333
106 34.629667 0.495000 0.211333 1.056667
209 34.788000 0.510000 0.118667 0.600000
873 34.873000 0.495000 0.070000 0.336667
294 34.980000 0.490000 0.160000 0.800000
986 35.074333 0.508333 0.047333 0.370000
869 35.122667 0.501667 0.065333 0.376667
343 35.202667 0.506667 0.110667 0.313333
815 35.320667 0.501667 0.141333 0.516667
739 35.417667 0.505000 0.071333 0.536667
289 35.547333 0.500000 0.202667 0.393333
836 35.685667 0.506667 0.090000 0.373333
642 35.760000 0.498333 0.078667 0.303333
599 35.859667 0.496667 0.139333 0.426667
1 35.962333 0.505000 0.080667 0.423333
683 36.077000 0.505000 0.164667 0.823333
184 36.204000 0.501667 0.109333 0.530000
996 36.274333 0.490000 0.050000 0.373333
665 36.348333 0.505000 0.118000 0.403333
222 36.458000 0.500000 0.120000 0.506667
843 36.561000 0.496667 0.104667 0.480000
379 36.674000 0.506667 0.137333 0.406667
699 36.792667 0.505000 0.118667 0.330000
103 36.923333 0.493333 0.162667 0.813333
841 37.038000 0.493333 0.085333 0.353333
719 37.153000 0.491667 0.158000 0.790000
245 37.257333 0.495000 0.064000 0.256667
706 37.311667 0.491667 0.059333 0.303333
87 37.433667 0.501667 0.199333 0.430000
485 37.559667 0.495000 0.071333 0.383333
436 37.649333 0.498333 0.126667 0.356667
583 37.731667 0.500000 0.054000 0.333333
283 37.817000 0.496667 0.131333 0.446667
768 37.913000 0.488333 0.076667 0.210000
958 37.968333 0.496667 0.051333 0.380000
575 38.037333 0.501667 0.106667 0.363333
1017 38.103667 0.496667 0.044667 0.333333
710 38.202667 0.503333 0.168000 0.840000
85 38.328667 0.493333 0.097333 0.413333
243 38.458000 0.496667 0.177333 0.573333
1004 38.557000 0.508333 0.039333 0.303333
182 38.624333 0.500000 0.114000 0.426667
938 38.692000 0.493333 0.040000 0.326667
3 38.740667 0.508333 0.073333 0.310000
785 38.804333 0.495000 0.067333 0.283333
959 38.846667 0.488333 0.033333 0.263333
53 38.911667 0.510000 0.111333 0.393333
71 38.985000 0.488333 0.054000 0.276667
622 39.070000 0.496667 0.136000 0.466667
149 39.219667 0.495000 0.179333 0.896667
151 39.349000 0.496667 0.092667 0.433333
793 39.448667 0.488333 0.124000 0.510000
654 39.607333 0.498333 0.212000 0.416667
890 39.766333 0.495000 0.120667 0.610000
559 39.864000 0.510000 0.088000 0.426667
55 39.965000 0.498333 0.127333 0.310000
884 40.088000 0.506667 0.138667 0.500000
715 40.229000 0.505000 0.163333 0.816667
25 40.363000 0.501667 0.120667 0.450000
330 40.459333 0.491667 0.088000 0.343333
295 40.539667 0.500000 0.091333 0.380000
488 40.608000 0.501667 0.064000 0.316667
273 40.661000 0.498333 0.055333 0.370000
760 40.755667 0.493333 0.154000 0.460000
376 40.901667 0.498333 0.156667 0.430000
374 41.036667 0.498333 0.128000 0.383333
396 41.145333 0.501667 0.106667 0.290000
885 41.227000 0.490000 0.070000 0.333333
96 41.373667 0.490000 0.239333 0.513333
131 41.543333 0.503333 0.114667 0.446667
412 41.641667 0.505000 0.096667 0.483333
275 41.714333 0.500000 0.063333 0.386667
346 41.794333 0.493333 0.115333 0.313333
558 41.877000 0.503333 0.070000 0.340000
462 41.945667 0.503333 0.087333 0.440000
805 42.052333 0.505000 0.142000 0.416667
409 42.173667 0.488333 0.119333 0.596667
421 42.285667 0.501667 0.123333 0.376667
175 42.400333 0.500000 0.119333 0.420000
339 42.506333 0.510000 0.106000 0.526667
560 42.659333 0.506667 0.216000 1.080000
603 42.841000 0.491667 0.164667 0.396667
694 42.958333 0.498333 0.088667 0.436667
722 43.052667 0.490000 0.113333 0.326667
673 43.168667 0.488333 0.133333 0.463333
900 43.287000 0.501667 0.123333 0.363333
173 43.381667 0.503333 0.082000 0.373333
413 43.479333 0.506667 0.133333 0.560000
947 43.557000 0.488333 0.040667 0.323333
255 43.629667 0.501667 0.122000 0.470000
10 43.721667 0.506667 0.080667 0.300000
168 43.813000 0.505000 0.115333 0.403333
445 43.895000 0.498333 0.062000 0.316667
19 43.973000 0.503333 0.111333 0.400000
337 44.112667 0.510000 0.181333 0.906667
319 44.233000 0.498333 0.078000 0.296667
148 44.351000 0.496667 0.171333 0.473333
8 44.482333 0.505000 0.104667 0.370000
748 44.573000 0.506667 0.095333 0.326667
57 44.641333 0.503333 0.060000 0.253333
56 44.701000 0.503333 0.078000 0.113333
426 44.754667 0.491667 0.048000 0.316667
208 44.832000 0.496667 0.121333 0.506667
414 44.930000 0.501667 0.090667 0.463333
382 45.027667 0.503333 0.120667 0.366667
181 45.150333 0.501667 0.144667 0.543333
616 45.312333 0.495000 0.195333 0.976667
880 45.455667 0.493333 0.108667 0.366667
450 45.530333 0.510000 0.059333 0.360000
345 45.614000 0.506667 0.121333 0.340000
1021 45.683667 0.495000 0.035333 0.276667
927 45.715000 0.491667 0.046000 0.343333
119 45.777000 0.495000 0.095333 0.563333
475 45.848667 0.505000 0.064000 0.343333
478 45.912667 0.503333 0.084000 0.426667
364 46.028000 0.488333 0.165333 0.396667
172 46.152333 0.488333 0.098000 0.376667
529 46.238667 0.510000 0.092000 0.446667
749 46.319000 0.501667 0.087333 0.376667
170 46.423333 0.503333 0.134667 0.500000
961 46.504000 0.503333 0.040000 0.333333
784 46.536667 0.505000 0.045333 0.376667
835 46.599000 0.503333 0.095333 0.420000
674 46.690667 0.493333 0.105333 0.366667
484 46.774333 0.491667 0.080667 0.283333
840 46.860333 0.506667 0.110000 0.533333
435 46.933667 0.498333 0.056667 0.310000
752 46.982000 0.500000 0.056000 0.153333
829 47.055333 0.503333 0.105333 0.440000
176 47.165333 0.498333 0.129333 0.476667
549 47.279000 0.493333 0.116667 0.400000
751 47.384667 0.488333 0.114667 0.463333
489 47.467667 0.490000 0.064667 0.333333
269 47.577667 0.495000 0.174000 0.556667
799 47.709333 0.508333 0.104000 0.390000
633 47.857000 0.498333 0.207333 1.036667
355 48.020000 0.506667 0.137333 0.380000
618 48.121000 0.491667 0.080667 0.503333
979 48.169667 0.506667 0.036667 0.273333
331 48.287000 0.498333 0.211333 1.056667
588 48.428000 0.503333 0.085333 0.386667
723 48.516333 0.490000 0.111333 0.380000
492 48.596333 0.491667 0.063333 0.323333
141 48.656333 0.496667 0.074000 0.320000
167 48.752667 0.508333 0.137333 0.496667
666 48.875667 0.488333 0.127333 0.483333
724 48.964333 0.510000 0.066000 0.366667
610 49.056667 0.508333 0.138667 0.430000
185 49.162333 0.503333 0.086000 0.433333
42 49.226000 0.493333 0.060000 0.333333
886 49.364000 0.510000 0.229333 1.146667
946 49.495333 0.503333 0.049333 0.360000
324 49.568667 0.496667 0.110667 0.540000
834 49.667667 0.508333 0.106000 0.483333
727 49.755000 0.498333 0.086000 0.403333
948 49.810333 0.490000 0.042000 0.306667
637 49.856000 0.500000 0.064000 0.326667
647 49.917000 0.503333 0.074000 0.386667
667 50.005333 0.503333 0.122667 0.400000
832 50.119333 0.490000 0.124000 0.500000
778 50.223667 0.498333 0.100667 0.636667
602 50.324667 0.500000 0.120000 0.360000
239 50.475000 0.491667 0.195333 0.976667
16 50.609667 0.500000 0.087333 0.293333
14 50.689667 0.498333 0.087333 0.303333
766 50.785333 0.503333 0.121333 0.353333
972 50.855667 0.505000 0.036667 0.296667
970 50.887000 0.493333 0.042000 0.346667
801 50.942000 0.505000 0.085333 0.310000
65 51.014000 0.495000 0.077333 0.190000
391 51.161000 0.491667 0.231333 1.156667
22 51.321333 0.501667 0.104000 0.350000
590 51.430667 0.501667 0.129333 0.556667
604 51.555333 0.503333 0.140000 0.420000
1022 51.641333 0.508333 0.048000 0.356667
215 51.754667 0.503333 0.194667 0.973333
668 51.903333 0.498333 0.117333 0.376667
6 52.004667 0.506667 0.104000 0.426667
135 52.097333 0.501667 0.098667 0.283333
371 52.193333 0.501667 0.113333 0.303333
144 52.285000 0.506667 0.083333 0.373333
816 52.374333 0.491667 0.112667 0.390000
811 52.494000 0.503333 0.141333 0.366667
344 52.618333 0.496667 0.122000 0.346667
274 52.719000 0.508333 0.098000 0.463333
26 52.818000 0.510000 0.120000 0.406667
608 52.927000 0.501667 0.118000 0.416667
585 53.036000 0.491667 0.113333 0.336667
662 53.143333 0.503333 0.116000 0.380000
60 53.236333 0.503333 0.086000 0.353333
916 53.348000 0.498333 0.157333 0.350000
804 53.501333 0.493333 0.168000 0.486667
999 53.599667 0.508333 0.043333 0.350000
703 53.680000 0.488333 0.132000 0.476667
415 53.817333 0.503333 0.156000 0.780000
713 53.987000 0.508333 0.196667 0.983333
1009 54.093667 0.500000 0.032667 0.266667
564 54.195000 0.498333 0.184667 0.416667
655 54.333000 0.491667 0.107333 0.450000
680 54.440667 0.496667 0.121333 0.406667
977 54.511333 0.496667 0.040000 0.313333
230 54.636667 0.506667 0.224000 1.120000
219 54.800000 0.490000 0.122667 0.513333
515 54.908000 0.503333 0.110667 0.346667
593 55.039333 0.508333 0.165333 0.476667
232 55.169667 0.503333 0.115333 0.566667
908 55.262667 0.493333 0.089333 0.340000
437 55.358000 0.505000 0.116000 0.516667
199 55.462333 0.493333 0.107333 0.540000
270 55.591000 0.490000 0.167333 0.513333
260 55.773667 0.508333 0.215333 1.076667
312 55.922000 0.508333 0.096000 0.336667
973 55.977667 0.503333 0.034000 0.253333
919 56.020333 0.500000 0.066000 0.306667
661 56.089333 0.500000 0.088000 0.306667
465 56.157333 0.506667 0.068000 0.353333
196 56.232333 0.491667 0.096667 0.403333
510 56.336000 0.496667 0.125333 0.446667
956 56.413000 0.510000 0.048667 0.353333
877 56.475000 0.493333 0.091333 0.446667
302 56.542667 0.496667 0.062667 0.353333
875 56.652333 0.496667 0.176667 0.440000
902 56.803000 0.508333 0.138000 0.430000
372 56.941667 0.495000 0.158000 0.443333
889 57.073333 0.500000 0.124000 0.486667
848 57.194333 0.503333 0.134000 0.400000
913 57.316000 0.506667 0.124000 0.373333
491 57.429667 0.493333 0.119333 0.580000
428 57.520667 0.495000 0.078667 0.516667
354 57.625667 0.491667 0.144667 0.430000
296 57.737000 0.503333 0.096667 0.353333
523 57.834000 0.503333 0.110667 0.353333
257 57.939000 0.505000 0.119333 0.376667
138 58.030667 0.510000 0.081333 0.466667
656 58.154333 0.501667 0.183333 0.470000
837 58.295000 0.495000 0.115333 0.556667
1003 58.363000 0.498333 0.038000 0.296667
408 58.434000 0.510000 0.117333 0.446667
37 58.529333 0.501667 0.088000 0.323333
495 58.611333 0.493333 0.090667 0.486667
1019 58.664333 0.490000 0.035333 0.286667
888 58.734000 0.496667 0.121333 0.380000
416 58.839000 0.488333 0.102000 0.490000
64 58.914667 0.490000 0.062667 0.300000
1005 58.955333 0.503333 0.034667 0.273333
32 59.032000 0.505000 0.134667 0.436667
672 59.144000 0.488333 0.105333 0.350000
221 59.234333 0.493333 0.090000 0.373333
124 59.323667 0.506667 0.108667 0.386667
292 59.437667 0.493333 0.136667 0.526667
264 59.552667 0.500000 0.106667 0.406667
980 59.621667 0.498333 0.044667 0.343333
965 59.659667 0.506667 0.046000 0.340000
511 59.743333 0.496667 0.137333 0.433333
733 59.850000 0.495000 0.090667 0.550000
825 59.943333 0.503333 0.113333 0.473333
306 60.030000 0.500000 0.074667 0.420000
58 60.082000 0.506667 0.046667 0.226667
279 60.141333 0.500000 0.085333 0.473333
533 60.235333 0.488333 0.122667 0.416667
63 60.341667 0.505000 0.103333 0.370000
539 60.429000 0.490000 0.088667 0.420000
524 60.527667 0.498333 0.123333 0.423333
644 60.623000 0.501667 0.084667 0.376667
277 60.706000 0.503333 0.094667 0.440000
708 60.801667 0.491667 0.116667 0.523333
581 60.888667 0.498333 0.077333 0.363333
460 60.961667 0.505000 0.083333 0.423333
794 61.032000 0.506667 0.077333 0.466667
762 61.103667 0.490000 0.086000 0.380000
606 61.207333 0.505000 0.137333 0.443333
775 61.306000 0.491667 0.080000 0.383333
675 61.387333 0.510000 0.102667 0.340000
994 61.451333 0.495000 0.041333 0.343333
224 61.521667 0.503333 0.115333 0.566667
635 61.609000 0.495000 0.074000 0.330000
383 61.695667 0.493333 0.114000 0.353333
730 61.806333 0.501667 0.126000 0.463333
249 61.896333 0.503333 0.072667 0.586667
432 62.001000 0.505000 0.155333 0.296667
914 62.135000 0.495000 0.131333 0.390000
5 62.233333 0.501667 0.085333 0.410000
943 62.287000 0.510000 0.042000 0.333333
859 62.348000 0.491667 0.098667 0.283333
864 62.446333 0.495000 0.111333 0.443333
891 62.521000 0.505000 0.051333 0.270000
849 62.583667 0.505000 0.094000 0.430000
623 62.730000 0.510000 0.214667 1.073333
100 62.929667 0.498333 0.202000 1.010000
773 63.076333 0.496667 0.104667 0.326667
707 63.164000 0.501667 0.088000 0.410000
1018 63.223667 0.491667 0.047333 0.363333
348 63.300667 0.491667 0.121333 0.383333
763 63.381667 0.510000 0.055333 0.406667
164 63.450333 0.503333 0.099333 0.353333
125 63.545667 0.510000 0.108667 0.466667
299 63.638333 0.490000 0.091333 0.353333
546 63.715000 0.510000 0.076667 0.273333
84 63.814000 0.510000 0.138667 0.400000
521 63.942000 0.491667 0.134667 0.390000
315 64.048667 0.503333 0.093333 0.366667
137 64.114667 0.508333 0.056000 0.336667
505 64.167000 0.508333 0.067333 0.283333
615 64.297667 0.508333 0.214000 1.070000
43 64.450667 0.496667 0.106667 0.413333
347 64.566667 0.496667 0.145333 0.453333
992 64.654667 0.493333 0.049333 0.360000
357 64.742000 0.491667 0.144000 0.423333
378 64.861333 0.500000 0.114667 0.360000
998 64.924667 0.505000 0.032000 0.250000
112 64.989333 0.510000 0.114667 0.386667
519 65.108667 0.506667 0.137333 0.440000
887 65.237000 0.505000 0.135333 0.443333
188 65.359333 0.506667 0.125333 0.520000
528 65.463333 0.488333 0.100000 0.356667
790 65.547333 0.496667 0.085333 0.526667
747 65.623667 0.498333 0.082000 0.356667
317 65.712333 0.495000 0.114000 0.416667
49 65.849667 0.496667 0.179333 0.893333
338 66.006333 0.501667 0.150000 0.776667
280 66.127667 0.508333 0.110000 0.396667
968 66.196333 0.498333 0.040667 0.343333
451 66.244000 0.508333 0.073333 0.376667
922 66.292667 0.508333 0.038667 0.290000
563 66.371667 0.488333 0.136667 0.310000
882 66.483333 0.488333 0.105333 0.403333
862 66.567000 0.490000 0.079333 0.393333
874 66.638667 0.505000 0.078667 0.390000
677 66.728333 0.498333 0.120667 0.410000
611 66.820667 0.506667 0.078667 0.300000
263 66.929667 0.510000 0.156667 0.533333
159 67.021333 0.501667 0.044000 0.336667
579 67.104333 0.500000 0.138000 0.400000
995 67.183667 0.496667 0.038000 0.293333
753 67.256000 0.501667 0.126667 0.410000
120 67.407667 0.493333 0.190000 0.480000
921 67.529000 0.490000 0.066000 0.393333
82 67.585000 0.500000 0.060667 0.466667
246 67.713667 0.488333 0.216667 1.083333
136 67.876667 0.496667 0.125333 0.513333
147 67.982667 0.501667 0.104000 0.443333
771 68.076333 0.498333 0.096667 0.510000
203 68.169000 0.506667 0.108667 0.440000
76 68.288000 0.490000 0.145333 0.453333
586 68.417667 0.500000 0.134000 0.413333
562 68.544667 0.493333 0.134667 0.306667
578 68.645667 0.510000 0.083333 0.326667
377 68.757000 0.495000 0.152667 0.403333
741 68.884667 0.490000 0.118667 0.420000
728 68.968667 0.493333 0.068000 0.593333
123 69.042000 0.496667 0.098667 0.633333
641 69.125333 0.503333 0.081333 0.386667
461 69.199333 0.505000 0.081333 0.416667
684 69.294000 0.488333 0.128000 0.456667
328 69.457000 0.498333 0.211333 1.056667
39 69.607333 0.501667 0.104000 0.330000
520 69.709000 0.508333 0.116667 0.363333
931 69.782333 0.495000 0.043333 0.310000
46 69.816333 0.506667 0.044667 0.420000
448 69.874000 0.490000 0.086667 0.440000
909 69.953667 0.491667 0.087333 0.423333
1002 70.014667 0.510000 0.048000 0.366667
659 70.083333 0.495000 0.102667 0.416667
625 70.229333 0.496667 0.205333 1.026667
928 70.340000 0.503333 0.033333 0.253333
92 70.442667 0.503333 0.192000 0.960000
98 70.633333 0.505000 0.208000 0.450000
780 70.805000 0.510000 0.152667 0.460000
759 70.939333 0.496667 0.130667 0.393333
395 71.106333 0.508333 0.219333 1.096667
30 71.272667 0.505000 0.133333 0.403333
146 71.369667 0.510000 0.074000 0.373333
1011 71.422333 0.503333 0.044667 0.346667
545 71.477333 0.503333 0.080000 0.286667
494 71.546333 0.501667 0.078000 0.390000
278 71.640667 0.506667 0.128000 0.386667
48 71.777000 0.491667 0.164667 0.823333
472 71.886667 0.501667 0.069333 0.363333
441 71.953000 0.491667 0.078000 0.410000
497 72.053667 0.493333 0.138000 0.373333
97 72.233667 0.508333 0.235333 0.510000
823 72.397667 0.493333 0.108667 0.466667
589 72.492667 0.491667 0.100000 0.390000
788 72.607000 0.498333 0.148667 0.476667
796 72.728667 0.505000 0.112000 0.376667
166 72.827667 0.488333 0.103333 0.363333
554 72.934667 0.490000 0.128000 0.360000
976 73.009333 0.506667 0.036000 0.286667
838 73.078333 0.503333 0.120667 0.540000
651 73.209667 0.510000 0.159333 0.520000
201 73.326667 0.500000 0.094667 0.380000
18 73.408000 0.488333 0.084000 0.290000
446 73.477667 0.501667 0.070000 0.356667
179 73.566667 0.506667 0.128000 0.493333
682 73.676333 0.501667 0.108667 0.416667
598 73.786667 0.501667 0.129333 0.390000
52 73.885667 0.505000 0.084667 0.290000
911 73.962000 0.493333 0.086667 0.306667
447 74.030667 0.510000 0.069333 0.413333
754 74.123000 0.506667 0.132667 0.646667
122 74.227000 0.491667 0.095333 0.330000
955 74.283333 0.496667 0.037333 0.293333
744 74.359333 0.506667 0.134667 0.553333
553 74.468000 0.505000 0.098667 0.336667
514 74.564333 0.493333 0.110000 0.346667
852 74.662000 0.493333 0.100000 0.446667
398 74.743000 0.488333 0.078000 0.403333
352 74.839000 0.491667 0.130000 0.383333
967 74.920000 0.491667 0.048000 0.350000
130 75.020000 0.510000 0.172000 0.373333
923 75.116667 0.490000 0.041333 0.313333
411 75.230000 0.498333 0.202667 0.436667
742 75.389333 0.503333 0.129333 0.520000
587 75.516333 0.493333 0.144667 0.433333
307 75.619333 0.506667 0.080000 0.446667
907 75.700333 0.510000 0.102000 0.340000
498 75.773000 0.506667 0.063333 0.380000
242 75.850667 0.508333 0.105333 0.410000
932 75.914000 0.501667 0.040000 0.310000
384 75.991667 0.508333 0.135333 0.363333
702 76.150333 0.505000 0.199333 0.996667
457 76.276667 0.488333 0.066667 0.376667
500 76.343333 0.488333 0.082667 0.383333
663 76.430000 0.510000 0.110667 0.366667
361 76.551667 0.498333 0.148667 0.423333
234 76.672000 0.495000 0.112000 0.576667
127 76.789667 0.490000 0.142000 0.493333
600 76.910333 0.503333 0.115333 0.360000
400 76.986333 0.495000 0.056667 0.430000
527 77.080333 0.503333 0.144667 0.413333
798 77.189667 0.501667 0.087333 0.323333
11 77.268667 0.496667 0.088000 0.286667
789 77.341333 0.501667 0.073333 0.436667
163 77.439667 0.496667 0.138000 0.486667
630 77.612667 0.510000 0.221333 1.106667
95 77.794000 0.503333 0.156000 0.780000
541 77.948667 0.500000 0.172000 0.860000
851 78.081000 0.500000 0.106000 0.473333
327 78.194000 0.501667 0.134667 0.363333
238 78.311333 0.491667 0.113333 0.450000
262 78.462000 0.490000 0.205333 1.026667
679 78.598333 0.496667 0.083333 0.506667
402 78.696333 0.488333 0.126000 0.316667
27 78.805000 0.503333 0.104667 0.353333
250 78.946000 0.496667 0.196000 0.980000
47 79.084333 0.491667 0.100667 0.483333
858 79.187333 0.488333 0.124000 0.383333
693 79.284000 0.505000 0.082667 0.403333
624 79.397000 0.493333 0.159333 0.540000
425 79.522000 0.495000 0.106667 0.623333
118 79.624000 0.490000 0.116000 0.460000
819 79.748333 0.503333 0.150000 0.460000
463 79.851333 0.493333 0.074667 0.433333
368 79.951000 0.488333 0.144667 0.396667
997 80.037000 0.510000 0.040667 0.306667
212 80.105667 0.505000 0.116667 0.483333
526 80.220667 0.490000 0.132000 0.373333
570 80.324667 0.488333 0.089333 0.376667
193 80.416000 0.501667 0.113333 0.536667
513 80.523000 0.505000 0.115333 0.363333
772 80.664333 0.495000 0.184667 0.510000
502 80.794000 0.503333 0.093333 0.413333
389 80.948667 0.506667 0.229333 1.146667
237 81.087333 0.500000 0.061333 0.453333
953 81.125000 0.501667 0.032667 0.256667
452 81.161333 0.490000 0.058667 0.326667
459 81.220000 0.505000 0.076000 0.396667
191 81.296333 0.510000 0.091333 0.386667
158 81.408333 0.495000 0.152667 0.463333
404 81.522667 0.510000 0.092000 0.453333
687 81.610667 0.501667 0.104000 0.510000
83 81.694667 0.505000 0.077333 0.370000
59 81.804667 0.495000 0.156000 0.390000
140 81.939667 0.490000 0.128667 0.606667
645 82.038333 0.505000 0.086000 0.390000
580 82.159667 0.493333 0.176667 0.473333
895 82.318333 0.506667 0.156667 0.453333
758 82.455333 0.503333 0.133333 0.380000
187 82.570000 0.503333 0.114667 0.566667
194 82.696000 0.490000 0.156000 0.780000
466 82.805667 0.495000 0.083333 0.430000
207 82.952000 0.510000 0.224000 1.120000
591 83.127000 0.493333 0.140667 0.426667
121 83.201000 0.495000 0.020667 0.376667
50 83.310333 0.508333 0.212667 1.063333
418 83.463000 0.510000 0.106000 0.506667
190 83.553333 0.505000 0.089333 0.363333
113 83.628000 0.506667 0.073333 0.393333
726 83.701667 0.495000 0.087333 0.470000
915 83.779000 0.501667 0.086000 0.696667
155 83.867000 0.510000 0.108667 0.580000
78 83.996333 0.506667 0.163333 0.400000
844 84.176667 0.510000 0.214667 1.073333
918 84.324000 0.491667 0.098667 0.350000
692 84.405333 0.506667 0.081333 0.393333
925 84.460333 0.500000 0.048667 0.353333
387 84.543667 0.506667 0.134000 0.406667
910 84.669333 0.501667 0.136000 0.430000
949 84.749000 0.500000 0.038000 0.286667
897 84.831333 0.491667 0.141333 0.403333
233 84.944667 0.505000 0.100000 0.416667
17 85.038667 0.493333 0.105333 0.380000
342 85.123333 0.500000 0.077333 0.360000
349 85.211333 0.491667 0.112000 0.336667
735 85.320667 0.501667 0.125333 0.503333
538 85.474333 0.491667 0.198000 0.990000
568 85.618000 0.503333 0.109333 0.546667
696 85.733000 0.508333 0.139333 0.323333
444 85.830667 0.501667 0.072000 0.370000
944 85.881667 0.488333 0.047333 0.370000
362 85.956000 0.510000 0.117333 0.320000
195 86.060000 0.488333 0.109333 0.543333
281 86.158667 0.505000 0.106667 0.363333
439 86.254667 0.493333 0.104000 0.406667
93 86.410667 0.503333 0.225333 0.480000
360 86.603000 0.495000 0.175333 0.876667
631 86.753333 0.498333 0.138667 0.463333
198 86.863333 0.501667 0.101333 0.416667
954 86.925000 0.498333 0.040667 0.323333
556 86.977333 0.500000 0.084000 0.340000
424 87.070333 0.498333 0.122000 0.390000
847 87.179000 0.490000 0.114000 0.360000
701 87.334667 0.503333 0.216000 1.080000
525 87.480000 0.490000 0.094667 0.306667
867 87.562667 0.506667 0.090667 0.293333
822 87.655333 0.498333 0.108000 0.390000
1013 87.720000 0.506667 0.037333 0.280000
217 87.772333 0.503333 0.083333 0.373333
211 87.862667 0.510000 0.117333 0.533333
373 87.988000 0.495000 0.148000 0.396667
79 88.198000 0.500000 0.286667 0.573333
434 88.384000 0.503333 0.104000 0.346667
712 88.522000 0.490000 0.192000 0.960000
572 88.656667 0.491667 0.094667 0.403333
297 88.738667 0.490000 0.082667 0.426667
620 88.880333 0.488333 0.219333 1.096667
653 89.066333 0.491667 0.171333 0.556667
171 89.195000 0.500000 0.104667 0.380000
937 89.258333 0.503333 0.038000 0.293333
134 89.317667 0.506667 0.096667 0.380000
256 89.414000 0.495000 0.114667 0.423333
456 89.498667 0.510000 0.073333 0.373333
787 89.566000 0.496667 0.081333 0.500000
419 89.649333 0.506667 0.102667 0.493333
857 89.793667 0.508333 0.206000 0.463333
101 90.005333 0.498333 0.237333 0.510000
403 90.190333 0.491667 0.152667 0.456667
405 90.309000 0.498333 0.104667 0.403333
388 90.411333 0.501667 0.116000 0.336667
940 90.484000 0.488333 0.042667 0.310000
649 90.538333 0.500000 0.084667 0.440000
807 90.657667 0.501667 0.168667 0.443333
487 90.778667 0.496667 0.086667 0.433333
443 90.844667 0.491667 0.060000 0.323333
420 90.906333 0.501667 0.083333 0.336667
985 90.964333 0.510000 0.046000 0.333333
536 91.066000 0.510000 0.173333 0.866667
1010 91.160667 0.495000 0.030667 0.250000
714 91.263000 0.491667 0.190000 0.950000
380 91.421000 0.493333 0.144667 0.406667
945 91.508000 0.500000 0.046667 0.346667
983 91.545000 0.491667 0.046000 0.330000
861 91.584000 0.488333 0.049333 0.383333
248 91.644667 0.491667 0.088000 0.476667
1012 91.699000 0.495000 0.040667 0.316667
542 91.772667 0.493333 0.126667 0.440000
601 91.890667 0.510000 0.129333 0.393333
473 91.975333 0.493333 0.056000 0.320000
969 92.015000 0.500000 0.043333 0.340000
933 92.049000 0.506667 0.043333 0.320000
399 92.117667 0.506667 0.112667 0.433333
174 92.228667 0.501667 0.126667 0.456667
258 92.339000 0.510000 0.110000 0.413333
569 92.440000 0.508333 0.109333 0.456667
594 92.544000 0.490000 0.113333 0.340000
1023 92.619333 0.510000 0.050667 0.373333
981 92.659000 0.490000 0.042000 0.346667
455 92.702667 0.500000 0.062667 0.333333
105 92.808000 0.493333 0.164000 0.820000
29 92.955333 0.508333 0.146667 0.396667
854 93.115667 0.506667 0.192667 0.600000
740 93.279000 0.505000 0.150000 0.343333
227 93.412667 0.488333 0.132000 0.536667
770 93.534000 0.505000 0.130667 0.376667
700 93.696000 0.490000 0.208000 1.040000
935 93.811333 0.490000 0.042667 0.306667
566 93.871667 0.506667 0.098000 0.406667
664 93.970333 0.495000 0.112667 0.410000
470 94.047667 0.510000 0.058000 0.306667
831 94.106333 0.506667 0.079333 0.380000
202 94.191000 0.510000 0.104667 0.420000
942 94.253000 0.510000 0.039333 0.300000
509 94.329333 0.501667 0.129333 0.410000
904 94.424667 0.508333 0.077333 0.410000
310 94.484000 0.493333 0.056000 0.313333
1007 94.525667 0.496667 0.046000 0.353333
912 94.593333 0.498333 0.106667 0.416667
477 94.671333 0.498333 0.069333 0.356667
818 94.751667 0.506667 0.111333 0.293333
808 94.854333 0.505000 0.112667 0.523333
936 94.922000 0.500000 0.037333 0.313333
359 95.010000 0.495000 0.152000 0.443333
555 95.097000 0.508333 0.039333 0.383333
468 95.143667 0.490000 0.067333 0.346667
186 95.222000 0.505000 0.102667 0.463333
988 95.285333 0.503333 0.041333 0.300000
333 95.367667 0.498333 0.142000 0.356667
561 95.512000 0.500000 0.164000 0.333333
855 95.616333 0.498333 0.064667 0.163333
286 95.694333 0.501667 0.108667 0.410000
517 95.809000 0.501667 0.134000 0.416667
640 95.899333 0.490000 0.066667 0.333333
795 95.957333 0.491667 0.069333 0.423333
375 96.071000 0.508333 0.172667 0.863333
410 96.204667 0.491667 0.108000 0.430000
734 96.350333 0.500000 0.199333 0.540000
557 96.484000 0.510000 0.084000 0.540000
293 96.561000 0.498333 0.090000 0.376667
507 96.628667 0.493333 0.064000 0.380000
755 96.721000 0.496667 0.135333 0.393333
318 96.823000 0.498333 0.083333 0.376667
941 96.873667 0.501667 0.035333 0.276667
322 96.930333 0.498333 0.092667 0.183333
235 97.025000 0.488333 0.116667 0.470000
189 97.129000 0.501667 0.104667 0.423333
1016 97.191333 0.510000 0.036000 0.260000
803 97.293667 0.501667 0.188667 0.943333
660 97.433000 0.503333 0.110000 0.400000
467 97.514333 0.508333 0.067333 0.350000
812 97.607667 0.496667 0.134000 0.360000
261 97.734333 0.506667 0.132667 0.600000
634 97.825667 0.498333 0.066000 0.283333
550 97.880333 0.496667 0.058000 0.286667
251 97.934000 0.510000 0.068000 0.386667
540 98.035667 0.491667 0.152667 0.590000
809 98.167333 0.501667 0.125333 0.670000
548 98.282667 0.501667 0.124000 0.443333
639 98.368000 0.505000 0.065333 0.323333
272 98.457333 0.508333 0.132000 0.370000
577 98.557000 0.501667 0.082000 0.323333
993 98.606667 0.496667 0.037333 0.293333
814 98.694000 0.493333 0.154667 0.366667
183 98.813667 0.495000 0.098000 0.396667
31 98.914333 0.501667 0.116667 0.336667
671 99.021333 0.491667 0.112000 0.390000
574 99.119333 0.510000 0.097333 0.393333
397 99.207000 0.506667 0.092667 0.413333
91 99.331000 0.498333 0.171333 0.856667
20 99.463000 0.500000 0.108667 0.393333
356 99.570333 0.495000 0.119333 0.376667
34 99.670333 0.493333 0.095333 0.306667
991 99.727333 0.508333 0.034667 0.270000
0 99.759667 0.488333 0.048667 0.376667
205 99.828333 0.500000 0.102000 0.513333
670 99.939000 0.503333 0.135333 0.460000
501 100.033667 0.491667 0.070000 0.336667
676 100.105667 0.496667 0.092667 0.320000
689 100.195333 0.508333 0.100000 0.490000
336 100.278000 0.498333 0.085333 0.403333
160 100.345333 0.503333 0.065333 0.353333
711 100.476667 0.496667 0.212000 1.060000
218 100.622000 0.496667 0.092000 0.386667
982 100.676667 0.491667 0.036000 0.290000
535 100.772000 0.496667 0.172000 0.420000
453 100.880667 0.508333 0.064000 0.383333
619 100.948000 0.496667 0.086667 0.460000
90 101.081667 0.495000 0.200667 0.436667
800 101.216000 0.506667 0.082667 0.306667
197 101.295333 0.491667 0.089333 0.450000
335 101.414000 0.503333 0.164000 0.533333
45 101.529000 0.498333 0.080667 0.403333
150 101.610333 0.490000 0.102000 0.420000
565 101.737000 0.496667 0.168667 0.346667
716 101.892333 0.490000 0.155333 0.460000
476 101.989667 0.508333 0.052667 0.290000
627 102.094000 0.503333 0.169333 0.846667
813 102.228000 0.508333 0.116000 0.390000
899 102.345333 0.491667 0.136000 0.376667
423 102.459000 0.496667 0.107333 0.366667
139 102.543333 0.510000 0.077333 0.453333
543 102.650000 0.491667 0.154667 0.476667
69 102.767667 0.493333 0.095333 0.466667
240 102.837667 0.495000 0.059333 0.310000
