217 0.084667 0.496667 0.162667 0.813333
15 0.206667 0.498333 0.094667 0.303333
514 0.311000 0.510000 0.134000 0.426667
277 0.412333 0.506667 0.083333 0.393333
525 0.501667 0.500000 0.114000 0.366667
110 0.616667 0.491667 0.129333 0.456667
851 0.717000 0.510000 0.087333 0.373333
905 0.837667 0.493333 0.171333 0.546667
46 0.948667 0.506667 0.069333 0.566667
886 1.053333 0.510000 0.160000 0.800000
721 1.200667 0.488333 0.148000 0.390000
496 1.320667 0.505000 0.109333 0.456667
509 1.431333 0.505000 0.132000 0.416667
668 1.546333 0.495000 0.111333 0.390000
216 1.650000 0.498333 0.110667 0.476667
808 1.749667 0.500000 0.104667 0.386667
187 1.837333 0.506667 0.089333 0.440000
45 1.912000 0.506667 0.074667 0.373333
305 1.967667 0.490000 0.056667 0.320000
270 2.090667 0.493333 0.205333 1.026667
715 2.258333 0.500000 0.148667 0.380000
50 2.403333 0.503333 0.160000 0.486667
941 2.491000 0.505000 0.032667 0.270000
834 2.548333 0.500000 0.100667 0.486667
680 2.650667 0.508333 0.118667 0.410000
651 2.784000 0.493333 0.162667 0.813333
133 2.910333 0.508333 0.110000 0.370000
209 3.020000 0.505000 0.122667 0.490000
647 3.110333 0.500000 0.078000 0.393333
912 3.187333 0.510000 0.093333 0.366667
58 3.254667 0.490000 0.057333 0.280000
284 3.341667 0.496667 0.131333 0.466667
425 3.447333 0.495000 0.100000 0.543333
921 3.515000 0.498333 0.054000 0.316667
595 3.579000 0.496667 0.094000 0.286667
437 3.658333 0.498333 0.083333 0.416667
694 3.737000 0.503333 0.088667 0.433333
90 3.872333 0.505000 0.196667 0.416667
500 4.008667 0.493333 0.096000 0.433333
984 4.064000 0.495000 0.033333 0.256667
895 4.126333 0.491667 0.107333 0.310000
854 4.249667 0.496667 0.152667 0.440000
290 4.388000 0.491667 0.144000 0.416667
174 4.502667 0.501667 0.100000 0.363333
260 4.627667 0.508333 0.170000 0.443333
946 4.722000 0.495000 0.038667 0.296667
263 4.800000 0.501667 0.137333 0.443333
396 4.934667 0.488333 0.145333 0.410000
661 5.053000 0.501667 0.104667 0.343333
604 5.165667 0.490000 0.134000 0.400000
592 5.286333 0.495000 0.120667 0.376667
503 5.417000 0.506667 0.160667 0.420000
36 5.546000 0.495000 0.114667 0.363333
696 5.656333 0.495000 0.123333 0.283333
31 5.778333 0.500000 0.135333 0.393333
120 5.953333 0.491667 0.230667 0.596667
312 6.123000 0.493333 0.122000 0.446667
184 6.220667 0.500000 0.093333 0.373333
357 6.373000 0.501667 0.227333 1.136667
164 6.547667 0.506667 0.139333 0.506667
10 6.661333 0.498333 0.108000 0.363333
142 6.744667 0.488333 0.074667 0.323333
371 6.838667 0.488333 0.129333 0.410000
623 6.980333 0.491667 0.167333 0.836667
814 7.114333 0.501667 0.118000 0.290000
163 7.225667 0.493333 0.118000 0.426667
364 7.354667 0.500000 0.157333 0.380000
571 7.468000 0.510000 0.085333 0.346667
5 7.544667 0.500000 0.081333 0.360000
701 7.660000 0.496667 0.166667 0.833333
783 7.781000 0.500000 0.092667 0.513333
265 7.894333 0.501667 0.152667 0.583333
123 8.008333 0.493333 0.091333 0.586667
977 8.069000 0.506667 0.044667 0.346667
873 8.124000 0.505000 0.078667 0.350000
940 8.171333 0.506667 0.033333 0.273333
807 8.265667 0.495000 0.175333 0.876667
545 8.386667 0.496667 0.084000 0.300000
737 8.444333 0.510000 0.046000 0.320000
677 8.515667 0.510000 0.114000 0.393333
222 8.612333 0.500000 0.096667 0.440000
672 8.704000 0.500000 0.100000 0.320000
790 8.774333 0.491667 0.059333 0.363333
279 8.849667 0.495000 0.107333 0.596667
569 8.941333 0.508333 0.093333 0.383333
205 9.045667 0.508333 0.128667 0.523333
363 9.177000 0.503333 0.150000 0.420000
923 9.261667 0.490000 0.035333 0.260000
559 9.305333 0.493333 0.068000 0.333333
955 9.351000 0.490000 0.038000 0.300000
521 9.427667 0.490000 0.128667 0.333333
502 9.522333 0.493333 0.080667 0.366667
474 9.589667 0.493333 0.072667 0.380000
127 9.702333 0.495000 0.171333 0.856667
762 9.825000 0.493333 0.092667 0.406667
739 9.896333 0.500000 0.066000 0.506667
394 10.037000 0.501667 0.230000 1.150000
628 10.209667 0.510000 0.134000 0.453333
626 10.343000 0.495000 0.152667 0.510000
874 10.444333 0.503333 0.068667 0.313333
877 10.521000 0.488333 0.100667 0.496667
167 10.655000 0.498333 0.184667 0.923333
483 10.779000 0.488333 0.080667 0.423333
881 10.867667 0.503333 0.115333 0.386667
208 10.969000 0.505000 0.107333 0.543333
224 11.075333 0.510000 0.118667 0.526667
631 11.206667 0.493333 0.162667 0.553333
937 11.300000 0.510000 0.037333 0.300000
662 11.366667 0.505000 0.114667 0.383333
722 11.480000 0.491667 0.129333 0.370000
541 11.624333 0.501667 0.172667 0.363333
366 11.763333 0.493333 0.120000 0.320000
348 11.892333 0.491667 0.152667 0.443333
553 12.023333 0.496667 0.124000 0.466667
452 12.115000 0.495000 0.075333 0.390000
784 12.178000 0.490000 0.068000 0.553333
77 12.259000 0.506667 0.114000 0.280000
603 12.384333 0.491667 0.152667 0.310000
121 12.461667 0.496667 0.022000 0.360000
186 12.514667 0.508333 0.104000 0.416667
231 12.601333 0.498333 0.086667 0.396667
179 12.694333 0.508333 0.119333 0.456667
372 12.815667 0.501667 0.139333 0.436667
948 12.894667 0.505000 0.034667 0.276667
115 12.929000 0.501667 0.052667 0.310000
61 12.995667 0.491667 0.096667 0.503333
255 13.112667 0.503333 0.154667 0.593333
1023 13.204000 0.500000 0.041333 0.313333
892 13.304667 0.491667 0.178667 0.516667
798 13.425667 0.488333 0.080667 0.296667
488 13.498333 0.506667 0.082000 0.420000
405 13.569667 0.493333 0.079333 0.306667
845 13.655667 0.508333 0.107333 0.443333
230 13.751667 0.506667 0.102000 0.400000
555 13.808000 0.493333 0.029333 0.300000
473 13.855333 0.490000 0.078667 0.466667
59 13.959000 0.488333 0.146000 0.376667
74 14.102333 0.498333 0.158000 0.496667
1016 14.196000 0.493333 0.044000 0.340000
853 14.269333 0.493333 0.122667 0.586667
543 14.412333 0.501667 0.176667 0.883333
596 14.562667 0.488333 0.137333 0.403333
778 14.663333 0.506667 0.077333 0.533333
70 14.775333 0.508333 0.164000 0.570000
687 14.900000 0.503333 0.100000 0.493333
536 15.027000 0.501667 0.174000 0.870000
512 15.164000 0.500000 0.117333 0.400000
821 15.265333 0.501667 0.104000 0.690000
11 15.352667 0.498333 0.084000 0.290000
418 15.435667 0.488333 0.099333 0.483333
329 15.585667 0.508333 0.220667 1.103333
505 15.727000 0.500000 0.075333 0.313333
243 15.838667 0.506667 0.162667 0.813333
610 15.973333 0.506667 0.124000 0.380000
740 16.102000 0.506667 0.146667 0.333333
689 16.218667 0.496667 0.105333 0.513333
906 16.326667 0.508333 0.130667 0.403333
157 16.468333 0.493333 0.172667 0.700000
463 16.577333 0.505000 0.065333 0.343333
389 16.715333 0.510000 0.224000 1.120000
66 16.877000 0.501667 0.115333 0.530000
887 17.016000 0.503333 0.178667 0.893333
149 17.185333 0.498333 0.180000 0.503333
383 17.365333 0.490000 0.193333 0.966667
601 17.513000 0.505000 0.118000 0.356667
713 17.673333 0.493333 0.221333 1.106667
52 17.834000 0.506667 0.118667 0.400000
145 17.922000 0.506667 0.074667 0.353333
458 17.988333 0.505000 0.071333 0.370000
634 18.057333 0.508333 0.082667 0.350000
868 18.126667 0.498333 0.072000 0.403333
925 18.171000 0.491667 0.031333 0.250000
435 18.208333 0.506667 0.059333 0.280000
587 18.302333 0.490000 0.143333 0.446667
296 18.404000 0.496667 0.080000 0.306667
947 18.458667 0.508333 0.042667 0.316667
738 18.520667 0.510000 0.094667 0.460000
285 18.622000 0.501667 0.122667 0.430000
80 18.728667 0.500000 0.109333 0.553333
799 18.818000 0.488333 0.089333 0.336667
811 18.913667 0.501667 0.115333 0.310000
422 19.005667 0.500000 0.083333 0.340000
907 19.086333 0.508333 0.095333 0.323333
400 19.151333 0.495000 0.048000 0.370000
864 19.222333 0.510000 0.112667 0.446667
826 19.325333 0.500000 0.113333 0.473333
57 19.401000 0.501667 0.052667 0.216667
158 19.528667 0.500000 0.217333 1.086667
752 19.671333 0.491667 0.081333 0.223333
748 19.761667 0.493333 0.118000 0.406667
252 19.875000 0.506667 0.122000 0.486667
716 20.008667 0.495000 0.161333 0.410000
747 20.129333 0.501667 0.094667 0.390000
625 20.248333 0.505000 0.159333 0.536667
698 20.344000 0.503333 0.049333 0.260000
522 20.420333 0.498333 0.123333 0.383333
927 20.495333 0.488333 0.046667 0.343333
815 20.579667 0.503333 0.142000 0.333333
758 20.713333 0.510000 0.144000 0.420000
556 20.830000 0.505000 0.104000 0.436667
113 20.988000 0.490000 0.228000 1.140000
653 21.172000 0.490000 0.154667 0.500000
438 21.336667 0.503333 0.193333 0.966667
711 21.494667 0.488333 0.142667 0.356667
378 21.625333 0.495000 0.134667 0.383333
529 21.729667 0.493333 0.090000 0.346667
107 21.852667 0.510000 0.172000 0.366667
416 21.979333 0.510000 0.097333 0.473333
655 22.059000 0.503333 0.080667 0.333333
669 22.153333 0.508333 0.126667 0.423333
487 22.243000 0.505000 0.068667 0.363333
234 22.315333 0.490000 0.092000 0.466667
1013 22.370000 0.506667 0.032000 0.253333
578 22.435667 0.488333 0.119333 0.470000
944 22.507667 0.501667 0.043333 0.356667
705 22.582667 0.495000 0.125333 0.383333
310 22.666333 0.500000 0.059333 0.340000
229 22.740000 0.495000 0.104000 0.523333
353 22.849000 0.490000 0.132667 0.400000
690 22.956333 0.493333 0.096667 0.473333
535 23.074000 0.508333 0.154667 0.336667
25 23.204000 0.506667 0.121333 0.433333
805 23.319000 0.491667 0.124667 0.370000
275 23.406000 0.490000 0.062667 0.353333
53 23.481667 0.503333 0.102000 0.353333
159 23.547000 0.495000 0.046000 0.343333
971 23.582333 0.501667 0.040667 0.296667
678 23.643333 0.490000 0.097333 0.340000
960 23.708667 0.495000 0.053333 0.383333
513 23.776333 0.488333 0.096667 0.330000
534 23.862667 0.503333 0.094667 0.393333
257 23.965667 0.490000 0.126000 0.433333
579 24.095000 0.493333 0.146000 0.413333
309 24.194000 0.500000 0.072000 0.406667
338 24.275000 0.490000 0.108667 0.560000
131 24.378667 0.498333 0.112000 0.443333
519 24.540333 0.491667 0.224667 1.123333
453 24.674667 0.503333 0.060000 0.353333
108 24.779000 0.488333 0.163333 0.816667
166 24.902333 0.488333 0.103333 0.363333
719 25.024333 0.491667 0.155333 0.776667
967 25.110000 0.510000 0.033333 0.260000
572 25.165000 0.510000 0.091333 0.386667
387 25.260667 0.490000 0.116000 0.326667
725 25.369000 0.498333 0.115333 0.490000
684 25.478667 0.510000 0.120000 0.413333
304 25.566667 0.503333 0.074667 0.426667
789 25.626000 0.501667 0.061333 0.383333
112 25.717000 0.490000 0.140667 0.466667
54 25.806333 0.505000 0.058000 0.303333
427 25.887667 0.495000 0.124667 0.583333
765 25.989000 0.510000 0.095333 0.446667
766 26.082000 0.495000 0.106667 0.310000
844 26.172333 0.491667 0.092667 0.383333
92 26.290667 0.508333 0.162667 0.336667
237 26.405333 0.510000 0.084000 0.600000
391 26.494333 0.505000 0.114000 0.296667
308 26.570000 0.506667 0.057333 0.320000
884 26.652333 0.495000 0.124667 0.443333
160 26.744000 0.496667 0.073333 0.406667
968 26.790000 0.491667 0.032000 0.276667
749 26.857000 0.500000 0.118000 0.493333
204 26.957667 0.500000 0.103333 0.420000
954 27.018333 0.500000 0.038000 0.280000
119 27.077667 0.491667 0.098000 0.583333
664 27.179000 0.488333 0.122000 0.390000
988 27.252667 0.488333 0.045333 0.336667
311 27.306000 0.488333 0.074667 0.323333
990 27.350333 0.500000 0.030000 0.246667
501 27.397333 0.495000 0.078667 0.376667
589 27.484000 0.493333 0.112000 0.480000
195 27.580000 0.506667 0.093333 0.420000
818 27.690333 0.503333 0.146000 0.380000
917 27.774667 0.498333 0.040000 0.290000
691 27.838667 0.503333 0.105333 0.520000
643 27.947000 0.496667 0.124667 0.433333
876 28.101000 0.498333 0.199333 0.996667
516 28.255667 0.490000 0.123333 0.400000
97 28.410000 0.510000 0.201333 1.006667
846 28.555000 0.500000 0.108667 0.526667
692 28.649667 0.495000 0.100667 0.490000
499 28.715000 0.491667 0.048667 0.296667
900 28.834000 0.493333 0.206667 1.033333
194 28.988333 0.493333 0.119333 0.520000
196 29.082667 0.500000 0.086667 0.440000
135 29.181333 0.493333 0.126667 0.393333
994 29.258667 0.506667 0.046667 0.360000
213 29.334333 0.501667 0.119333 0.603333
221 29.432000 0.505000 0.092000 0.403333
1 29.500667 0.491667 0.061333 0.323333
214 29.562667 0.510000 0.080000 0.406667
492 29.633667 0.495000 0.079333 0.423333
124 29.721667 0.503333 0.115333 0.400000
843 29.812000 0.503333 0.078667 0.380000
276 29.880333 0.488333 0.074000 0.423333
356 29.980667 0.495000 0.142667 0.390000
803 30.130667 0.506667 0.176000 0.526667
188 30.262000 0.493333 0.101333 0.493333
697 30.343667 0.508333 0.078000 0.390000
730 30.447333 0.490000 0.148000 0.526667
95 30.598000 0.488333 0.172000 0.370000
417 30.714333 0.495000 0.080667 0.390000
192 30.795667 0.510000 0.096667 0.466667
129 30.905333 0.505000 0.138667 0.523333
652 31.055000 0.501667 0.176667 0.596667
515 31.189667 0.500000 0.110000 0.340000
980 31.252333 0.490000 0.035333 0.266667
951 31.283000 0.508333 0.043333 0.356667
964 31.309667 0.506667 0.030000 0.246667
1020 31.332667 0.488333 0.033333 0.263333
455 31.368667 0.506667 0.057333 0.340000
280 31.446667 0.506667 0.114667 0.380000
322 31.551667 0.506667 0.115333 0.173333
1003 31.623333 0.496667 0.046667 0.353333
294 31.746000 0.491667 0.213333 0.336667
560 31.915333 0.491667 0.140000 0.430000
51 32.024333 0.496667 0.098000 0.333333
342 32.102667 0.493333 0.076000 0.333333
893 32.220000 0.505000 0.172000 0.503333
745 32.354333 0.500000 0.111333 0.446667
368 32.467000 0.505000 0.134000 0.403333
150 32.577000 0.508333 0.099333 0.376667
736 32.646667 0.503333 0.056000 0.326667
69 32.717000 0.503333 0.099333 0.526667
102 32.860667 0.505000 0.206667 0.450000
970 32.978000 0.503333 0.046667 0.346667
341 33.032000 0.495000 0.080000 0.336667
709 33.114000 0.495000 0.104000 0.450000
267 33.235667 0.508333 0.158000 0.483333
810 33.349333 0.500000 0.082667 0.373333
450 33.413333 0.505000 0.058667 0.350000
250 33.517000 0.491667 0.164667 0.823333
104 33.672333 0.496667 0.163333 0.353333
869 33.772667 0.510000 0.056000 0.373333
598 33.857667 0.496667 0.131333 0.393333
3 33.962333 0.506667 0.098000 0.433333
122 34.058667 0.508333 0.108000 0.403333
326 34.137333 0.490000 0.068000 0.313333
847 34.212333 0.505000 0.096667 0.296667
961 34.269667 0.498333 0.031333 0.250000
608 34.318667 0.500000 0.085333 0.300000
793 34.401667 0.498333 0.098000 0.396667
526 34.504333 0.503333 0.127333 0.353333
375 34.637000 0.491667 0.155333 0.430000
742 34.790000 0.493333 0.164000 0.820000
193 34.913000 0.508333 0.099333 0.496667
833 35.015000 0.490000 0.118000 0.520000
861 35.090000 0.498333 0.049333 0.376667
402 35.178333 0.491667 0.140667 0.423333
337 35.327333 0.500000 0.172000 0.860000
863 35.445667 0.490000 0.084667 0.406667
111 35.519333 0.505000 0.082667 0.350000
332 35.664333 0.491667 0.224667 1.123333
399 35.820667 0.491667 0.106667 0.390000
219 35.925667 0.503333 0.118000 0.506667
64 36.009667 0.496667 0.066000 0.366667
19 36.092667 0.496667 0.116000 0.400000
168 36.188667 0.488333 0.093333 0.330000
998 36.244000 0.498333 0.036000 0.276667
644 36.289000 0.488333 0.070000 0.310000
100 36.405667 0.503333 0.176667 0.380000
291 36.543667 0.500000 0.116667 0.453333
640 36.623667 0.488333 0.060667 0.310000
627 36.748333 0.501667 0.208667 1.043333
376 36.924667 0.500000 0.161333 0.473333
822 37.052000 0.491667 0.106667 0.370000
117 37.176667 0.491667 0.157333 0.476667
700 37.318667 0.495000 0.140000 0.550000
432 37.460000 0.498333 0.161333 0.316667
953 37.558333 0.488333 0.048667 0.376667
336 37.617333 0.495000 0.086667 0.410000
1009 37.668333 0.500000 0.035333 0.293333
600 37.746333 0.508333 0.138000 0.416667
343 37.872667 0.496667 0.129333 0.346667
28 37.985333 0.491667 0.109333 0.383333
976 38.046667 0.505000 0.029333 0.243333
354 38.132667 0.493333 0.158667 0.793333
457 38.244000 0.490000 0.080000 0.426667
901 38.330000 0.488333 0.109333 0.336667
558 38.410000 0.510000 0.065333 0.320000
931 38.457333 0.503333 0.046667 0.360000
785 38.500333 0.493333 0.058000 0.246667
361 38.593000 0.488333 0.140667 0.443333
480 38.685000 0.505000 0.062000 0.316667
794 38.744000 0.490000 0.076000 0.466667
106 38.876000 0.501667 0.205333 0.430000
883 39.088333 0.501667 0.239333 0.510000
467 39.235667 0.493333 0.068667 0.386667
79 39.361333 0.510000 0.202667 1.013333
929 39.467667 0.503333 0.030000 0.253333
228 39.536000 0.490000 0.125333 0.526667
710 39.675333 0.496667 0.166667 0.833333
609 39.785333 0.510000 0.070667 0.293333
245 39.843333 0.500000 0.060000 0.366667
856 39.953000 0.493333 0.176667 0.433333
281 40.101333 0.505000 0.140000 0.490000
746 40.239667 0.506667 0.150000 0.486667
733 40.340333 0.500000 0.066000 0.400000
175 40.423000 0.488333 0.119333 0.423333
241 40.526333 0.493333 0.104667 0.573333
983 40.590000 0.505000 0.040000 0.310000
351 40.656333 0.488333 0.106000 0.303333
442 40.738000 0.490000 0.077333 0.460000
325 40.832667 0.506667 0.128000 0.460000
517 40.937333 0.510000 0.101333 0.326667
286 41.033333 0.501667 0.110667 0.423333
999 41.102333 0.490000 0.043333 0.313333
32 41.183000 0.498333 0.134000 0.463333
470 41.275333 0.505000 0.065333 0.336667
101 41.385667 0.498333 0.174000 0.870000
328 41.578000 0.496667 0.230667 1.153333
930 41.701000 0.503333 0.032667 0.253333
67 41.815000 0.488333 0.210000 1.050000
176 41.974000 0.490000 0.122667 0.466667
468 42.059000 0.506667 0.064667 0.353333
712 42.189333 0.510000 0.210667 1.053333
331 42.405333 0.508333 0.237333 0.563333
493 42.553333 0.498333 0.076000 0.370000
580 42.647333 0.501667 0.128000 0.316667
298 42.749667 0.508333 0.094000 0.476667
63 42.838333 0.496667 0.103333 0.366667
707 42.933667 0.490000 0.107333 0.440000
319 43.018333 0.501667 0.079333 0.290000
527 43.106333 0.501667 0.111333 0.356667
829 43.213333 0.501667 0.117333 0.563333
407 43.316000 0.505000 0.104000 0.416667
532 43.418000 0.505000 0.118667 0.603333
836 43.509667 0.488333 0.083333 0.383333
754 43.598333 0.488333 0.111333 0.536667
911 43.694667 0.496667 0.096000 0.340000
475 43.764000 0.506667 0.057333 0.346667
91 43.868333 0.490000 0.166000 0.360000
583 43.972333 0.506667 0.060667 0.353333
7 44.058667 0.488333 0.130667 0.436667
191 44.180667 0.501667 0.128000 0.516667
340 44.308000 0.505000 0.140000 0.410000
390 44.430333 0.488333 0.122000 0.336667
612 44.561000 0.490000 0.159333 0.413333
554 44.690000 0.508333 0.118667 0.323333
997 44.761667 0.493333 0.042000 0.313333
362 44.846333 0.495000 0.140667 0.410000
109 45.003667 0.501667 0.188667 0.943333
423 45.144000 0.488333 0.109333 0.396667
991 45.209333 0.503333 0.036000 0.273333
659 45.267000 0.490000 0.098000 0.393333
584 45.413000 0.495000 0.211333 1.056667
523 45.559000 0.508333 0.095333 0.323333
339 45.645667 0.503333 0.096667 0.493333
622 45.779667 0.505000 0.191333 0.956667
776 45.940667 0.498333 0.150667 0.356667
820 46.059000 0.510000 0.106000 0.446667
126 46.170000 0.493333 0.132000 0.440000
750 46.278333 0.508333 0.103333 0.390000
685 46.377667 0.501667 0.108667 0.443333
828 46.487333 0.503333 0.125333 0.526667
323 46.659333 0.500000 0.232000 0.446667
443 46.791667 0.506667 0.052667 0.313333
408 46.860000 0.510000 0.102667 0.413333
773 46.965667 0.493333 0.124667 0.333333
403 47.103667 0.510000 0.166000 0.460000
726 47.212333 0.500000 0.067333 0.346667
481 47.270000 0.496667 0.066667 0.360000
307 47.328333 0.496667 0.064667 0.353333
358 47.428000 0.493333 0.149333 0.446667
708 47.535000 0.500000 0.082000 0.380000
96 47.664667 0.491667 0.193333 0.423333
264 47.826000 0.498333 0.142667 0.543333
938 47.910333 0.493333 0.039333 0.300000
753 47.983667 0.495000 0.124667 0.396667
767 48.103000 0.495000 0.132667 0.390000
763 48.186667 0.498333 0.049333 0.410000
55 48.273333 0.495000 0.137333 0.390000
424 48.406000 0.508333 0.148000 0.476667
832 48.527000 0.501667 0.110000 0.470000
567 48.661000 0.508333 0.175333 0.876667
148 48.818333 0.493333 0.152667 0.446667
958 48.905333 0.510000 0.038667 0.313333
451 48.942667 0.501667 0.052000 0.303333
16 49.019000 0.500000 0.118000 0.413333
321 49.112667 0.506667 0.084000 0.406667
806 49.239000 0.510000 0.184667 0.466667
301 49.362667 0.505000 0.081333 0.456667
227 49.456667 0.488333 0.126667 0.510000
683 49.615667 0.501667 0.207333 1.036667
1008 49.734000 0.500000 0.045333 0.340000
379 49.835000 0.488333 0.176667 0.883333
206 49.979667 0.496667 0.131333 0.533333
88 50.119667 0.501667 0.164667 0.350000
858 50.252667 0.495000 0.116000 0.376667
406 50.348000 0.508333 0.090667 0.356667
890 50.484000 0.490000 0.198667 0.993333
878 50.622667 0.488333 0.094667 0.483333
531 50.755333 0.493333 0.188000 0.940000
484 50.881000 0.491667 0.083333 0.290000
949 50.935667 0.500000 0.044667 0.353333
650 51.059333 0.503333 0.217333 1.086667
313 51.207667 0.500000 0.094000 0.373333
860 51.360667 0.503333 0.228000 0.546667
278 51.526667 0.505000 0.120000 0.363333
922 51.597000 0.501667 0.036667 0.296667
550 51.649667 0.495000 0.083333 0.416667
872 51.753667 0.500000 0.139333 0.386667
645 51.854000 0.491667 0.077333 0.356667
477 51.915000 0.498333 0.060667 0.316667
369 52.004333 0.508333 0.135333 0.403333
8 52.122000 0.498333 0.118667 0.416667
347 52.229333 0.490000 0.114667 0.313333
388 52.361667 0.495000 0.170000 0.850000
386 52.494667 0.498333 0.114667 0.356667
17 52.598667 0.510000 0.106667 0.366667
105 52.736667 0.496667 0.186667 0.406667
743 52.870667 0.501667 0.098667 0.410000
75 52.980333 0.488333 0.138000 0.423333
259 53.154000 0.490000 0.228000 1.140000
134 53.307667 0.506667 0.099333 0.306667
85 53.396667 0.510000 0.092000 0.360000
431 53.483000 0.510000 0.100667 0.346667
288 53.579000 0.501667 0.110000 0.416667
896 53.682333 0.488333 0.116667 0.323333
760 53.802333 0.496667 0.140667 0.426667
617 53.911000 0.488333 0.091333 0.383333
253 53.969333 0.510000 0.045333 0.393333
138 54.023333 0.495000 0.080000 0.456667
27 54.108333 0.498333 0.110000 0.370000
674 54.211333 0.501667 0.112000 0.376667
23 54.332000 0.488333 0.149333 0.423333
199 54.448333 0.506667 0.103333 0.420000
218 54.544333 0.496667 0.102000 0.513333
510 54.678667 0.500000 0.184000 0.920000
823 54.805333 0.496667 0.089333 0.420000
21 54.893667 0.500000 0.107333 0.373333
768 54.972000 0.506667 0.062667 0.166667
933 55.016333 0.495000 0.043333 0.310000
215 55.124333 0.501667 0.186000 0.930000
212 55.271333 0.493333 0.125333 0.506667
620 55.437000 0.491667 0.222000 1.110000
236 55.589333 0.503333 0.101333 0.513333
189 55.674333 0.491667 0.082000 0.416667
824 55.752667 0.506667 0.089333 0.400000
657 55.829333 0.503333 0.080000 0.320000
899 55.969667 0.498333 0.214000 1.070000
728 56.096000 0.493333 0.053333 0.473333
727 56.143000 0.500000 0.060667 0.380000
262 56.227333 0.503333 0.122667 0.620000
385 56.353667 0.506667 0.143333 0.373333
486 56.447000 0.506667 0.059333 0.333333
333 56.553000 0.505000 0.171333 0.370000
724 56.672000 0.488333 0.081333 0.543333
699 56.787000 0.493333 0.162000 0.453333
9 56.911000 0.496667 0.102000 0.453333
466 56.987667 0.496667 0.067333 0.346667
62 57.048333 0.498333 0.071333 0.330000
98 57.159667 0.490000 0.164667 0.353333
132 57.277333 0.500000 0.090667 0.393333
436 57.377000 0.495000 0.127333 0.376667
594 57.496333 0.490000 0.130000 0.393333
479 57.581667 0.490000 0.060667 0.320000
18 57.648333 0.493333 0.086000 0.286667
914 57.746333 0.495000 0.124667 0.396667
665 57.860000 0.495000 0.120000 0.403333
426 57.944000 0.506667 0.064000 0.406667
660 58.032000 0.503333 0.129333 0.440000
172 58.142333 0.496667 0.107333 0.373333
989 58.202667 0.498333 0.032000 0.263333
367 58.291000 0.488333 0.158000 0.423333
945 58.388667 0.491667 0.050667 0.370000
577 58.444667 0.493333 0.081333 0.313333
461 58.515000 0.508333 0.075333 0.383333
287 58.602667 0.501667 0.113333 0.423333
334 58.727667 0.495000 0.154000 0.503333
60 58.829333 0.495000 0.065333 0.270000
315 58.909667 0.491667 0.114000 0.403333
76 59.039000 0.488333 0.164667 0.516667
202 59.207333 0.503333 0.192000 0.960000
220 59.351333 0.501667 0.112000 0.450000
397 59.439667 0.495000 0.083333 0.343333
611 59.525667 0.491667 0.102000 0.403333
428 59.612000 0.501667 0.085333 0.583333
4 59.685667 0.488333 0.078000 0.336667
629 59.809000 0.501667 0.184667 0.623333
621 59.921667 0.503333 0.059333 0.586667
393 60.011667 0.498333 0.139333 0.403333
744 60.145333 0.495000 0.146667 0.596667
576 60.266667 0.510000 0.116000 0.453333
429 60.364333 0.495000 0.096667 0.343333
317 60.458000 0.490000 0.109333 0.400000
445 60.541000 0.488333 0.076667 0.390000
673 60.621333 0.495000 0.098667 0.316667
597 60.735000 0.500000 0.144667 0.453333
511 60.863667 0.503333 0.126000 0.420000
1021 60.933667 0.496667 0.034000 0.266667
223 60.988333 0.500000 0.091333 0.446667
462 61.058667 0.503333 0.065333 0.386667
777 61.139000 0.498333 0.114000 0.470000
248 61.220667 0.500000 0.069333 0.373333
495 61.289000 0.493333 0.087333 0.473333
981 61.339333 0.491667 0.032000 0.250000
995 61.365667 0.493333 0.035333 0.266667
706 61.407000 0.503333 0.066000 0.360000
734 61.536333 0.491667 0.211333 0.550000
871 61.663000 0.491667 0.058000 0.310000
809 61.728667 0.488333 0.093333 0.496667
29 61.820333 0.510000 0.110000 0.306667
982 61.882333 0.508333 0.034000 0.276667
151 61.924333 0.490000 0.068667 0.333333
973 61.975667 0.505000 0.051333 0.376667
143 62.029333 0.510000 0.072000 0.340000
817 62.113667 0.490000 0.111333 0.333333
704 62.218667 0.491667 0.116000 0.423333
249 62.297333 0.505000 0.058667 0.436667
449 62.352000 0.496667 0.066667 0.400000
974 62.397667 0.505000 0.038000 0.276667
82 62.440667 0.501667 0.068000 0.530000
649 62.507333 0.495000 0.081333 0.443333
781 62.574000 0.488333 0.065333 0.336667
986 62.620000 0.503333 0.040000 0.293333
891 62.661000 0.488333 0.060667 0.250000
178 62.745667 0.498333 0.126000 0.490000
870 62.827667 0.508333 0.051333 0.250000
639 62.883333 0.491667 0.077333 0.390000
985 62.933000 0.506667 0.042000 0.313333
842 63.002000 0.500000 0.110667 0.533333
89 63.140333 0.501667 0.184667 0.923333
40 63.277667 0.498333 0.107333 0.376667
374 63.392333 0.498333 0.142000 0.396667
251 63.484333 0.501667 0.060667 0.356667
779 63.526000 0.498333 0.041333 0.410000
865 63.600333 0.496667 0.124667 0.466667
203 63.716333 0.491667 0.120667 0.610000
2 63.809667 0.506667 0.079333 0.380000
548 63.893667 0.498333 0.106000 0.350000
266 64.023333 0.493333 0.166667 0.506667
440 64.130333 0.500000 0.064667 0.340000
615 64.252667 0.503333 0.198667 0.993333
1007 64.365000 0.493333 0.042000 0.326667
996 64.396333 0.495000 0.038000 0.323333
585 64.460667 0.510000 0.106667 0.340000
34 64.557000 0.490000 0.102000 0.326667
299 64.658333 0.510000 0.115333 0.440000
787 64.739333 0.505000 0.064000 0.390000
68 64.829000 0.493333 0.134000 0.386667
94 64.978333 0.495000 0.184667 0.396667
568 65.108667 0.496667 0.096000 0.480000
635 65.184667 0.496667 0.070667 0.293333
183 65.264333 0.501667 0.108667 0.476667
414 65.366667 0.510000 0.114667 0.546667
22 65.469000 0.498333 0.107333 0.356667
547 65.547667 0.503333 0.063333 0.373333
934 65.591000 0.501667 0.036667 0.283333
421 65.685000 0.498333 0.170000 0.503333
939 65.781000 0.503333 0.042000 0.346667
671 65.837333 0.496667 0.090667 0.300000
384 65.934333 0.510000 0.123333 0.360000
180 66.035333 0.508333 0.098667 0.356667
411 66.170000 0.500000 0.184000 0.380000
919 66.287667 0.501667 0.067333 0.290000
688 66.354000 0.496667 0.085333 0.420000
232 66.431667 0.510000 0.088667 0.440000
920 66.523333 0.496667 0.114667 0.453333
637 66.605000 0.496667 0.062000 0.313333
1006 66.647000 0.503333 0.035333 0.273333
465 66.683000 0.495000 0.056667 0.330000
718 66.790667 0.488333 0.176000 0.443333
12 66.917333 0.505000 0.097333 0.336667
588 66.995667 0.495000 0.078000 0.350000
542 67.133000 0.498333 0.212667 1.063333
201 67.287000 0.488333 0.114000 0.470000
962 67.360000 0.496667 0.045333 0.346667
1011 67.396667 0.488333 0.044000 0.316667
679 67.450000 0.510000 0.078667 0.486667
30 67.539667 0.501667 0.118000 0.343333
352 67.692667 0.500000 0.205333 1.026667
867 67.831000 0.508333 0.086000 0.290000
147 67.909667 0.491667 0.086000 0.430000
271 68.027000 0.501667 0.167333 0.556667
841 68.154000 0.496667 0.101333 0.420000
170 68.308000 0.506667 0.225333 1.126667
283 68.481333 0.495000 0.140000 0.510000
300 68.572000 0.493333 0.058667 0.186667
137 68.622000 0.498333 0.058667 0.283333
33 68.712667 0.500000 0.138667 0.460000
904 68.813000 0.498333 0.079333 0.376667
969 68.864667 0.493333 0.041333 0.346667
825 68.937667 0.505000 0.118000 0.496667
485 69.019000 0.508333 0.063333 0.343333
350 69.111667 0.488333 0.140667 0.423333
539 69.210667 0.488333 0.074667 0.350000
420 69.291000 0.491667 0.102000 0.376667
574 69.377000 0.495000 0.084667 0.336667
641 69.447333 0.495000 0.073333 0.350000
648 69.516667 0.495000 0.078667 0.336667
681 69.563667 0.500000 0.035333 0.313333
741 69.617667 0.491667 0.087333 0.296667
557 69.689667 0.505000 0.075333 0.510000
831 69.774333 0.501667 0.112667 0.476667
797 69.863667 0.490000 0.083333 0.313333
448 69.935333 0.498333 0.076000 0.396667
837 70.011667 0.488333 0.094000 0.456667
410 70.105333 0.496667 0.106667 0.460000
918 70.198000 0.491667 0.093333 0.316667
83 70.283000 0.490000 0.091333 0.446667
717 70.411000 0.510000 0.183333 0.540000
430 70.546000 0.496667 0.104000 0.446667
454 70.632667 0.500000 0.085333 0.433333
956 70.692333 0.506667 0.048667 0.366667
772 70.792333 0.491667 0.171333 0.856667
695 70.964000 0.510000 0.189333 0.946667
520 71.100667 0.496667 0.097333 0.320000
518 71.203333 0.501667 0.122667 0.396667
44 71.304000 0.510000 0.094667 0.366667
987 71.360333 0.500000 0.038000 0.313333
720 71.474667 0.506667 0.206667 1.033333
813 71.630000 0.506667 0.120000 0.366667
302 71.717000 0.500000 0.070000 0.393333
86 71.781333 0.501667 0.077333 0.323333
335 71.876000 0.490000 0.130667 0.460000
303 71.966000 0.505000 0.065333 0.370000
757 72.044667 0.508333 0.112000 0.323333
636 72.162333 0.490000 0.139333 0.326667
759 72.287000 0.490000 0.123333 0.353333
99 72.426667 0.503333 0.169333 0.846667
751 72.553000 0.490000 0.102000 0.446667
880 72.654000 0.498333 0.113333 0.370000
173 72.753000 0.500000 0.099333 0.446667
272 72.876667 0.510000 0.168000 0.840000
537 73.072333 0.508333 0.242000 0.490000
185 73.232667 0.500000 0.098667 0.480000
269 73.351667 0.493333 0.159333 0.480000
552 73.452000 0.503333 0.054667 0.380000
506 73.487000 0.501667 0.031333 0.350000
723 73.543333 0.500000 0.100000 0.346667
913 73.656667 0.510000 0.142667 0.460000
65 73.759000 0.503333 0.076667 0.193333
282 73.852667 0.506667 0.126667 0.440000
686 73.943333 0.501667 0.070667 0.350000
349 74.050333 0.510000 0.162000 0.473333
882 74.175667 0.501667 0.102000 0.396667
504 74.286333 0.491667 0.138000 0.403333
850 74.409667 0.501667 0.123333 0.503333
38 74.524333 0.501667 0.126000 0.436667
540 74.680333 0.495000 0.202000 1.010000
855 74.804000 0.508333 0.065333 0.163333
1002 74.849000 0.510000 0.043333 0.320000
507 74.892667 0.501667 0.061333 0.316667
497 74.978333 0.500000 0.126000 0.320000
441 75.068333 0.510000 0.074000 0.393333
565 75.180333 0.510000 0.166000 0.340000
586 75.328000 0.493333 0.148000 0.440000
401 75.434333 0.508333 0.082000 0.423333
274 75.523667 0.506667 0.116667 0.553333
965 75.590333 0.503333 0.036667 0.266667
482 75.632667 0.505000 0.061333 0.323333
72 75.758667 0.500000 0.205333 1.026667
292 75.908667 0.505000 0.113333 0.436667
879 76.013000 0.493333 0.112667 0.313333
838 76.118333 0.500000 0.111333 0.460000
327 76.240000 0.491667 0.149333 0.403333
605 76.368000 0.500000 0.126667 0.333333
103 76.517667 0.495000 0.186000 0.930000
162 76.659000 0.501667 0.112667 0.410000
775 76.744000 0.503333 0.076000 0.366667
73 76.850667 0.501667 0.156000 0.516667
447 76.952333 0.506667 0.060667 0.320000
562 77.065333 0.510000 0.184000 0.380000
897 77.228333 0.490000 0.160667 0.426667
992 77.320667 0.493333 0.041333 0.340000
494 77.373000 0.508333 0.083333 0.376667
318 77.451667 0.503333 0.092667 0.373333
49 77.603333 0.496667 0.224000 1.120000
154 77.743000 0.506667 0.072667 0.333333
682 77.818333 0.491667 0.098000 0.363333
247 77.909333 0.503333 0.101333 0.500000
1022 77.973000 0.490000 0.044667 0.366667
476 78.014667 0.495000 0.058667 0.310000
20 78.095667 0.490000 0.118000 0.413333
71 78.181000 0.505000 0.067333 0.363333
182 78.263333 0.500000 0.112000 0.373333
392 78.423667 0.495000 0.224667 1.123333
14 78.575000 0.488333 0.096667 0.336667
355 78.711333 0.490000 0.189333 0.946667
731 78.833333 0.495000 0.070667 0.336667
382 78.936000 0.500000 0.152000 0.446667
827 79.044667 0.496667 0.081333 0.380000
508 79.108333 0.495000 0.063333 0.383333
306 79.168667 0.500000 0.076000 0.426667
316 79.241667 0.498333 0.088667 0.310000
771 79.371333 0.500000 0.184000 0.920000
675 79.520000 0.491667 0.130667 0.436667
894 79.660000 0.488333 0.165333 0.490000
469 79.775667 0.500000 0.084667 0.426667
35 79.867333 0.495000 0.118667 0.430000
26 79.983000 0.508333 0.128667 0.436667
903 80.112000 0.508333 0.142667 0.416667
840 80.236000 0.508333 0.118667 0.510000
47 80.337667 0.495000 0.099333 0.470000
398 80.426000 0.490000 0.092000 0.486667
866 80.543333 0.491667 0.156000 0.436667
566 80.663667 0.510000 0.103333 0.433333
24 80.769000 0.493333 0.127333 0.433333
830 80.876667 0.500000 0.101333 0.493333
624 80.985667 0.496667 0.135333 0.460000
273 81.075333 0.508333 0.060000 0.390000
498 81.125000 0.505000 0.055333 0.330000
155 81.192000 0.495000 0.094667 0.556667
198 81.278333 0.505000 0.095333 0.463333
381 81.382667 0.510000 0.133333 0.406667
413 81.515333 0.505000 0.149333 0.636667
593 81.650333 0.488333 0.139333 0.423333
848 81.780000 0.488333 0.134667 0.416667
764 81.875333 0.496667 0.069333 0.326667
330 81.942667 0.508333 0.085333 0.330000
140 82.033333 0.510000 0.110667 0.600000
663 82.123667 0.495000 0.090000 0.303333
614 82.242667 0.490000 0.165333 0.440000
732 82.358667 0.506667 0.085333 0.413333
573 82.442333 0.506667 0.102000 0.400000
153 82.525333 0.493333 0.078667 0.353333
156 82.663667 0.491667 0.212667 1.063333
289 82.871667 0.495000 0.219333 1.096667
714 83.090000 0.510000 0.230667 1.153333
152 83.236000 0.488333 0.080000 0.370000
233 83.325667 0.508333 0.114000 0.503333
1015 83.393667 0.505000 0.040667 0.303333
630 83.485000 0.501667 0.160667 0.803333
346 83.634000 0.506667 0.156000 0.780000
924 83.728333 0.490000 0.050000 0.380000
1017 83.764333 0.501667 0.039333 0.323333
735 83.835000 0.498333 0.122000 0.483333
618 83.925667 0.496667 0.075333 0.433333
197 83.999667 0.488333 0.086000 0.430000
78 84.129667 0.503333 0.190000 0.466667
638 84.257667 0.503333 0.079333 0.313333
1000 84.306667 0.500000 0.033333 0.253333
254 84.382667 0.490000 0.132000 0.506667
782 84.504667 0.496667 0.128000 0.586667
533 84.618333 0.491667 0.119333 0.410000
590 84.723000 0.488333 0.108667 0.463333
693 84.818667 0.508333 0.098667 0.483333
800 84.903000 0.496667 0.088667 0.320000
446 84.971333 0.506667 0.068000 0.400000
801 85.049667 0.491667 0.103333 0.403333
114 85.130000 0.505000 0.074667 0.363333
320 85.213000 0.503333 0.106000 0.333333
916 85.336667 0.506667 0.158667 0.380000
802 85.487000 0.491667 0.155333 0.336667
130 85.627333 0.498333 0.142667 0.296667
755 85.744667 0.491667 0.109333 0.323333
39 85.856000 0.505000 0.130667 0.436667
456 85.940333 0.505000 0.058000 0.316667
161 86.009667 0.490000 0.095333 0.333333
136 86.099000 0.490000 0.100667 0.373333
563 86.232667 0.500000 0.185333 0.393333
373 86.410667 0.493333 0.184000 0.920000
242 86.538333 0.500000 0.090000 0.353333
888 86.639333 0.488333 0.129333 0.396667
1005 86.712667 0.506667 0.037333 0.273333
146 86.771000 0.500000 0.098000 0.440000
471 86.841667 0.493333 0.059333 0.306667
93 86.975333 0.498333 0.222667 0.470000
43 87.126000 0.490000 0.097333 0.393333
139 87.203333 0.495000 0.070667 0.403333
538 87.306667 0.490000 0.154667 0.773333
210 87.429000 0.495000 0.108667 0.443333
207 87.534333 0.510000 0.122000 0.520000
551 87.640333 0.490000 0.107333 0.326667
788 87.775333 0.493333 0.176000 0.486667
169 87.914333 0.495000 0.119333 0.416667
1018 87.991333 0.493333 0.052000 0.380000
966 88.032667 0.496667 0.048000 0.366667
240 88.075333 0.490000 0.057333 0.300000
235 88.156000 0.498333 0.118667 0.516667
409 88.267333 0.501667 0.117333 0.596667
972 88.335333 0.491667 0.033333 0.276667
84 88.405000 0.498333 0.122000 0.350000
144 88.498667 0.495000 0.084000 0.396667
786 88.571000 0.488333 0.080667 0.496667
177 88.655667 0.496667 0.107333 0.406667
116 88.772000 0.508333 0.142667 0.450000
246 88.897333 0.495000 0.125333 0.456667
564 89.038667 0.493333 0.177333 0.360000
165 89.185333 0.500000 0.132000 0.500000
670 89.306000 0.495000 0.125333 0.443333
646 89.397000 0.501667 0.071333 0.310000
950 89.440000 0.501667 0.033333 0.276667
632 89.540000 0.493333 0.182667 0.593333
816 89.697333 0.508333 0.148000 0.543333
819 89.821333 0.488333 0.120000 0.270000
395 89.973333 0.510000 0.201333 1.006667
244 90.136000 0.500000 0.138667 0.380000
1004 90.212333 0.506667 0.034000 0.266667
702 90.306000 0.500000 0.168000 0.840000
6 90.429333 0.498333 0.096000 0.383333
812 90.524667 0.500000 0.113333 0.386667
849 90.629667 0.508333 0.110000 0.450000
857 90.760667 0.510000 0.170667 0.380000
530 90.894000 0.500000 0.110667 0.540000
993 90.957667 0.496667 0.034000 0.260000
910 91.024333 0.500000 0.118000 0.406667
943 91.094333 0.506667 0.038000 0.320000
41 91.185667 0.488333 0.159333 0.463333
606 91.309000 0.498333 0.100667 0.310000
13 91.416000 0.501667 0.126667 0.410000
528 91.529667 0.500000 0.116667 0.386667
359 91.646333 0.501667 0.131333 0.356667
875 91.768667 0.496667 0.128000 0.320000
942 91.851667 0.503333 0.051333 0.373333
703 91.926333 0.505000 0.118000 0.383333
769 92.046000 0.490000 0.138667 0.393333
835 92.161667 0.491667 0.108667 0.483333
226 92.263333 0.490000 0.114667 0.460000
415 92.374667 0.508333 0.121333 0.423333
852 92.475333 0.493333 0.096000 0.393333
491 92.563333 0.495000 0.094667 0.470000
1012 92.627000 0.493333 0.046000 0.346667
37 92.694000 0.505000 0.104000 0.343333
978 92.762000 0.505000 0.045333 0.363333
676 92.825667 0.493333 0.095333 0.340000
344 92.928000 0.493333 0.128000 0.386667
656 93.067333 0.500000 0.164000 0.380000
345 93.198667 0.490000 0.112000 0.313333
433 93.306000 0.495000 0.122667 0.303333
591 93.434667 0.493333 0.150667 0.473333
1014 93.520000 0.505000 0.040000 0.323333
839 93.584667 0.490000 0.109333 0.560000
256 93.691333 0.503333 0.118667 0.460000
380 93.796000 0.508333 0.108000 0.290000
582 93.926667 0.493333 0.170667 0.853333
261 94.117333 0.503333 0.229333 1.146667
885 94.275333 0.493333 0.104000 0.473333
544 94.366667 0.491667 0.096000 0.343333
780 94.463667 0.508333 0.112667 0.323333
729 94.528667 0.496667 0.033333 0.373333
666 94.598667 0.505000 0.120000 0.423333
909 94.687667 0.490000 0.075333 0.346667
48 94.812667 0.506667 0.188000 0.940000
360 94.971000 0.496667 0.148667 0.460000
297 95.077333 0.493333 0.077333 0.393333
908 95.160667 0.498333 0.109333 0.403333
658 95.240667 0.508333 0.068000 0.396667
1010 95.284667 0.498333 0.036000 0.303333
915 95.330333 0.501667 0.070000 0.570000
524 95.404333 0.498333 0.098000 0.310000
42 95.484333 0.491667 0.075333 0.423333
258 95.574333 0.495000 0.120667 0.403333
575 95.684667 0.495000 0.120000 0.416667
490 95.775667 0.496667 0.080667 0.413333
795 95.848333 0.493333 0.079333 0.480000
932 95.901667 0.490000 0.043333 0.346667
118 95.974333 0.495000 0.116667 0.470000
935 96.044000 0.490000 0.036000 0.266667
796 96.108333 0.510000 0.108667 0.453333
190 96.198000 0.491667 0.090667 0.370000
459 96.276667 0.503333 0.084000 0.433333
902 96.383667 0.501667 0.143333 0.390000
0 96.472000 0.501667 0.048000 0.376667
756 96.553333 0.488333 0.133333 0.383333
926 96.632667 0.493333 0.042667 0.306667
581 96.684000 0.503333 0.073333 0.313333
963 96.732333 0.508333 0.042000 0.330000
464 96.790000 0.501667 0.086667 0.450000
613 96.916333 0.500000 0.180667 0.460000
859 97.049000 0.508333 0.104667 0.303333
412 97.143333 0.508333 0.101333 0.510000
561 97.283000 0.500000 0.192667 0.486667
957 97.390333 0.493333 0.036667 0.306667
478 97.438667 0.496667 0.077333 0.400000
607 97.539667 0.490000 0.140667 0.420000
324 97.680000 0.506667 0.153333 0.753333
792 97.802000 0.503333 0.105333 0.426667
602 97.897667 0.493333 0.099333 0.300000
293 97.992333 0.510000 0.106000 0.406667
128 98.114000 0.493333 0.157333 0.453333
200 98.265667 0.488333 0.159333 0.796667
619 98.396667 0.505000 0.116000 0.576667
87 98.542667 0.506667 0.194667 0.973333
370 98.726333 0.501667 0.187333 0.936667
936 98.832667 0.491667 0.042667 0.343333
419 98.892667 0.495000 0.090667 0.443333
889 98.990667 0.495000 0.124000 0.430000
239 99.100333 0.510000 0.115333 0.700000
549 99.208000 0.491667 0.117333 0.396667
862 99.300000 0.505000 0.085333 0.396667
125 99.392333 0.488333 0.112667 0.490000
774 99.471000 0.503333 0.060667 0.360000
952 99.513333 0.503333 0.042667 0.353333
489 99.557000 0.503333 0.059333 0.306667
959 99.597667 0.503333 0.042000 0.346667
268 99.692333 0.493333 0.167333 0.506667
804 99.853000 0.501667 0.171333 0.856667
616 100.021000 0.508333 0.182000 0.910000
975 100.123333 0.491667 0.040000 0.303333
211 100.174333 0.496667 0.080667 0.406667
898 100.278333 0.503333 0.143333 0.373333
295 100.389667 0.506667 0.096667 0.413333
377 100.509333 0.510000 0.156000 0.466667
314 100.639333 0.490000 0.117333 0.420000
141 100.730000 0.496667 0.078667 0.340000
404 100.817333 0.508333 0.112000 0.576667
570 100.922667 0.496667 0.113333 0.493333
434 101.017667 0.495000 0.094000 0.323333
444 101.090000 0.491667 0.070667 0.423333
460 101.151000 0.503333 0.064667 0.326667
81 101.224000 0.496667 0.094667 0.380000
928 101.286333 0.508333 0.043333 0.350000
654 101.384333 0.491667 0.171333 0.856667
599 101.513667 0.491667 0.104667 0.316667
171 101.611333 0.508333 0.110667 0.423333
667 101.705333 0.506667 0.090667 0.320000
791 101.774667 0.490000 0.062667 0.366667
770 101.863000 0.495000 0.130000 0.363333
1001 101.938000 0.495000 0.040000 0.303333
761 102.022000 0.506667 0.144000 0.413333
472 102.120333 0.506667 0.070000 0.373333
642 102.186667 0.490000 0.081333 0.320000
365 102.291333 0.490000 0.144000 0.406667
546 102.399667 0.506667 0.086000 0.313333
238 102.510667 0.496667 0.156000 0.780000
979 102.601667 0.510000 0.042000 0.326667
439 102.662000 0.488333 0.096000 0.376667
633 102.778000 0.490000 0.156000 0.780000
225 102.894667 0.503333 0.090667 0.413333
1019 102.948333 0.505000 0.034000 0.270000
181 103.018000 0.488333 0.124000 0.423333
56 103.112000 0.488333 0.077333 0.110000
