174 0.054333 0.496667 0.102000 0.373333
761 0.152000 0.500000 0.110667 0.346667
473 0.242333 0.498333 0.083333 0.423333
511 0.339667 0.503333 0.127333 0.400000
878 0.445333 0.501667 0.100000 0.510000
679 0.533000 0.506667 0.090000 0.513333
967 0.586667 0.510000 0.036000 0.286667
677 0.650333 0.500000 0.108667 0.413333
272 0.781333 0.506667 0.169333 0.486667
28 0.907000 0.503333 0.095333 0.326667
876 1.028333 0.510000 0.163333 0.440000
343 1.170667 0.506667 0.138667 0.366667
825 1.273333 0.488333 0.082667 0.403333
354 1.398333 0.505000 0.183333 0.916667
742 1.545667 0.498333 0.126000 0.510000
209 1.666333 0.493333 0.130000 0.520000
324 1.786333 0.493333 0.126000 0.620000
539 1.882333 0.490000 0.086000 0.386667
693 1.956667 0.488333 0.081333 0.396667
303 2.019333 0.501667 0.062667 0.350000
706 2.076667 0.495000 0.066667 0.336667
814 2.176667 0.491667 0.146667 0.363333
263 2.320000 0.493333 0.158667 0.793333
728 2.415667 0.501667 0.052667 0.463333
336 2.486000 0.508333 0.106667 0.510000
602 2.596000 0.506667 0.130667 0.386667
869 2.688667 0.491667 0.073333 0.456667
491 2.780000 0.495000 0.125333 0.616667
852 2.886000 0.508333 0.106667 0.443333
420 2.973667 0.508333 0.086000 0.310000
110 3.084333 0.496667 0.148667 0.533333
948 3.167333 0.488333 0.033333 0.263333
911 3.236000 0.490000 0.117333 0.453333
4 3.325667 0.491667 0.078000 0.303333
969 3.372667 0.498333 0.036000 0.290000
224 3.440333 0.500000 0.116667 0.473333
412 3.543333 0.496667 0.104000 0.520000
448 3.620000 0.495000 0.062667 0.323333
821 3.694667 0.501667 0.102667 0.696667
359 3.801000 0.496667 0.127333 0.340000
528 3.914667 0.488333 0.117333 0.376667
687 3.999333 0.498333 0.072000 0.350000
213 4.067000 0.506667 0.079333 0.393333
20 4.152000 0.505000 0.105333 0.370000
681 4.219667 0.498333 0.047333 0.430000
58 4.266333 0.491667 0.062000 0.336667
873 4.334667 0.501667 0.094667 0.450000
366 4.450333 0.498333 0.155333 0.436667
93 4.603000 0.508333 0.166000 0.830000
641 4.708000 0.491667 0.062667 0.296667
301 4.763667 0.488333 0.066000 0.370000
177 4.846667 0.498333 0.117333 0.410000
955 4.918333 0.496667 0.042000 0.333333
862 4.962000 0.493333 0.062667 0.286667
685 5.023333 0.506667 0.074667 0.286667
498 5.085000 0.495000 0.067333 0.416667
840 5.166667 0.498333 0.112000 0.496667
477 5.242667 0.501667 0.060000 0.330000
995 5.281333 0.488333 0.034667 0.270000
497 5.344333 0.496667 0.110000 0.280000
542 5.461667 0.490000 0.144667 0.586667
362 5.603333 0.503333 0.154667 0.406667
181 5.739000 0.490000 0.135333 0.453333
63 5.847667 0.500000 0.098000 0.346667
732 5.926667 0.491667 0.080000 0.403333
729 5.968000 0.495000 0.021333 0.330000
81 6.028667 0.503333 0.113333 0.453333
867 6.119667 0.505000 0.087333 0.283333
1022 6.175000 0.495000 0.038000 0.310000
564 6.265333 0.498333 0.158667 0.323333
131 6.389333 0.491667 0.109333 0.423333
297 6.465333 0.496667 0.058667 0.300000
414 6.552000 0.493333 0.128000 0.606667
173 6.649667 0.500000 0.086000 0.386667
316 6.747667 0.508333 0.128667 0.503333
43 6.851000 0.495000 0.096667 0.390000
976 6.908000 0.500000 0.036000 0.266667
215 6.965667 0.495000 0.092667 0.370000
178 7.057667 0.493333 0.110000 0.393333
937 7.126667 0.498333 0.046667 0.336667
101 7.238667 0.500000 0.190667 0.953333
506 7.343000 0.510000 0.036667 0.433333
538 7.448000 0.490000 0.190667 0.953333
455 7.570667 0.491667 0.072000 0.370000
396 7.677333 0.493333 0.161333 0.480000
653 7.824000 0.490000 0.145333 0.466667
786 7.920333 0.510000 0.062000 0.373333
899 8.012667 0.508333 0.142667 0.383333
368 8.149667 0.488333 0.147333 0.416667
820 8.268333 0.508333 0.104667 0.436667
404 8.394667 0.493333 0.168000 0.840000
39 8.526000 0.488333 0.109333 0.416667
770 8.678000 0.506667 0.208000 1.040000
984 8.790000 0.488333 0.036000 0.276667
186 8.847333 0.510000 0.097333 0.493333
996 8.906000 0.493333 0.033333 0.273333
52 8.975000 0.498333 0.123333 0.416667
752 9.068667 0.505000 0.078667 0.210000
523 9.158000 0.491667 0.117333 0.390000
904 9.239000 0.493333 0.059333 0.300000
726 9.307333 0.495000 0.097333 0.510000
655 9.388000 0.501667 0.082667 0.343333
51 9.481333 0.498333 0.117333 0.396667
1010 9.552000 0.503333 0.037333 0.300000
736 9.594333 0.498333 0.060667 0.363333
611 9.662667 0.503333 0.093333 0.373333
75 9.776667 0.490000 0.153333 0.480000
495 9.893000 0.488333 0.095333 0.430000
694 9.970667 0.505000 0.074667 0.363333
924 10.021000 0.491667 0.042000 0.336667
769 10.138000 0.493333 0.205333 1.026667
804 10.308000 0.491667 0.148000 0.423333
832 10.422667 0.500000 0.100000 0.426667
680 10.516667 0.503333 0.102667 0.353333
960 10.574333 0.510000 0.030000 0.246667
438 10.643667 0.500000 0.127333 0.380000
631 10.783333 0.500000 0.165333 0.826667
31 10.921667 0.496667 0.128667 0.393333
788 11.088667 0.503333 0.225333 1.126667
119 11.232333 0.501667 0.080667 0.470000
743 11.309333 0.503333 0.093333 0.393333
122 11.393333 0.503333 0.093333 0.326667
470 11.463667 0.500000 0.062000 0.366667
1019 11.507000 0.490000 0.043333 0.326667
150 11.584333 0.498333 0.130000 0.516667
375 11.709000 0.505000 0.136667 0.403333
675 11.833333 0.505000 0.129333 0.430000
701 12.000667 0.503333 0.222667 1.113333
363 12.161667 0.500000 0.112667 0.320000
47 12.250667 0.488333 0.084000 0.396667
676 12.342667 0.490000 0.116000 0.380000
912 12.441333 0.491667 0.096000 0.376667
292 12.549667 0.496667 0.135333 0.526667
66 12.654000 0.493333 0.090667 0.480000
462 12.724667 0.488333 0.070667 0.390000
592 12.855667 0.508333 0.207333 1.036667
776 13.032667 0.505000 0.166667 0.376667
440 13.144000 0.495000 0.072000 0.363333
151 13.215667 0.498333 0.088667 0.450000
997 13.273333 0.510000 0.045333 0.346667
290 13.352333 0.508333 0.130000 0.350000
585 13.469333 0.510000 0.124000 0.360000
801 13.573667 0.505000 0.099333 0.363333
361 13.689000 0.500000 0.151333 0.446667
413 13.810000 0.510000 0.108000 0.460000
625 13.949667 0.500000 0.186000 0.626667
589 14.083333 0.491667 0.094667 0.403333
637 14.151667 0.490000 0.062000 0.313333
900 14.248333 0.496667 0.146000 0.400000
865 14.373667 0.490000 0.118000 0.440000
864 14.467333 0.503333 0.082667 0.320000
888 14.560333 0.505000 0.119333 0.363333
715 14.707333 0.506667 0.192000 0.960000
914 14.851000 0.508333 0.110000 0.343333
407 14.952333 0.491667 0.111333 0.423333
428 15.040667 0.500000 0.084000 0.580000
425 15.115667 0.496667 0.084667 0.466667
949 15.166000 0.498333 0.036000 0.263333
778 15.226667 0.495000 0.104000 0.663333
964 15.290000 0.503333 0.040000 0.293333
84 15.357667 0.498333 0.110000 0.303333
526 15.479667 0.500000 0.152667 0.406667
435 15.572000 0.490000 0.045333 0.240000
853 15.632667 0.493333 0.096000 0.406667
554 15.754000 0.506667 0.162667 0.460000
378 15.881333 0.495000 0.112000 0.303333
638 15.984000 0.496667 0.110667 0.440000
519 16.082333 0.505000 0.102000 0.330000
781 16.162667 0.488333 0.074667 0.383333
269 16.300667 0.500000 0.214667 1.073333
409 16.504667 0.496667 0.210667 1.053333
153 16.641333 0.493333 0.081333 0.360000
986 16.695667 0.495000 0.046000 0.336667
175 16.776333 0.493333 0.131333 0.466667
716 16.908000 0.503333 0.150667 0.473333
144 17.016000 0.488333 0.082667 0.350000
370 17.123000 0.488333 0.150000 0.436667
896 17.262000 0.493333 0.148000 0.460000
882 17.373667 0.506667 0.091333 0.360000
298 17.447667 0.490000 0.071333 0.366667
445 17.506000 0.495000 0.065333 0.336667
236 17.569333 0.491667 0.080000 0.396667
929 17.617000 0.493333 0.031333 0.260000
952 17.642333 0.503333 0.032667 0.246667
233 17.735667 0.508333 0.168667 0.843333
573 17.855667 0.508333 0.091333 0.403333
734 17.987667 0.500000 0.186000 0.513333
482 18.110000 0.488333 0.076000 0.410000
863 18.184000 0.490000 0.088000 0.420000
608 18.263667 0.493333 0.088667 0.306667
76 18.376667 0.491667 0.154667 0.483333
645 18.477333 0.495000 0.064000 0.290000
130 18.581000 0.506667 0.162000 0.353333
607 18.712667 0.505000 0.117333 0.350000
67 18.862000 0.498333 0.200000 0.463333
954 18.972000 0.491667 0.040000 0.296667
212 19.037333 0.505000 0.106667 0.443333
733 19.126667 0.508333 0.092000 0.556667
229 19.231667 0.500000 0.131333 0.533333
179 19.337333 0.496667 0.098667 0.373333
923 19.395333 0.488333 0.033333 0.283333
388 19.509667 0.508333 0.208667 1.043333
798 19.657667 0.508333 0.107333 0.430000
872 19.803333 0.510000 0.200000 1.000000
657 19.938000 0.490000 0.086667 0.353333
400 20.003333 0.493333 0.060000 0.533333
532 20.071000 0.506667 0.091333 0.466667
990 20.128333 0.491667 0.040667 0.303333
451 20.174333 0.491667 0.068667 0.410000
805 20.306333 0.498333 0.208667 1.043333
291 20.462333 0.490000 0.119333 0.460000
112 20.588000 0.508333 0.152000 0.510000
648 20.704000 0.508333 0.097333 0.456667
11 20.799000 0.503333 0.111333 0.360000
431 20.905333 0.498333 0.117333 0.383333
819 21.015333 0.503333 0.121333 0.426667
134 21.122333 0.490000 0.106000 0.326667
283 21.236667 0.495000 0.140000 0.483333
146 21.350333 0.506667 0.106000 0.460000
27 21.458333 0.503333 0.124667 0.420000
836 21.565000 0.506667 0.106000 0.480000
696 21.687000 0.490000 0.152667 0.360000
848 21.809000 0.491667 0.106000 0.323333
565 21.930000 0.495000 0.150667 0.330000
245 22.030333 0.491667 0.067333 0.316667
578 22.097333 0.490000 0.086667 0.340000
857 22.245667 0.491667 0.223333 0.496667
126 22.423000 0.508333 0.151333 0.503333
727 22.524667 0.510000 0.072000 0.406667
82 22.586667 0.493333 0.069333 0.526667
991 22.628667 0.500000 0.034667 0.253333
622 22.734667 0.496667 0.192000 0.960000
278 22.899667 0.503333 0.154000 0.480000
773 23.026000 0.500000 0.117333 0.333333
390 23.157333 0.491667 0.158667 0.463333
1003 23.250333 0.490000 0.044667 0.366667
270 23.376333 0.505000 0.226000 1.130000
686 23.530333 0.488333 0.098000 0.490000
496 23.630000 0.506667 0.117333 0.493333
381 23.738000 0.503333 0.118667 0.346667
829 23.839333 0.508333 0.104000 0.476667
870 23.907667 0.501667 0.050000 0.270000
1017 23.940333 0.508333 0.032667 0.270000
53 24.007000 0.490000 0.118000 0.406667
977 24.083667 0.490000 0.048667 0.373333
947 24.118000 0.498333 0.040000 0.296667
530 24.180667 0.496667 0.100000 0.500000
704 24.270667 0.506667 0.096000 0.293333
17 24.366667 0.500000 0.114667 0.386667
1018 24.435333 0.501667 0.042667 0.336667
740 24.509667 0.501667 0.123333 0.283333
883 24.648000 0.490000 0.168000 0.366667
170 24.783333 0.506667 0.116000 0.440000
930 24.849333 0.506667 0.032000 0.253333
380 24.916667 0.488333 0.121333 0.350000
849 25.026667 0.508333 0.118667 0.563333
575 25.122667 0.510000 0.089333 0.293333
252 25.228667 0.490000 0.136000 0.533333
601 25.350333 0.506667 0.122000 0.366667
312 25.455000 0.488333 0.103333 0.390000
628 25.611333 0.506667 0.229333 1.146667
338 25.779667 0.490000 0.126000 0.653333
243 25.926333 0.491667 0.182000 0.910000
8 26.061333 0.510000 0.106667 0.420000
185 26.163333 0.501667 0.113333 0.456667
287 26.267667 0.488333 0.108667 0.410000
464 26.350333 0.496667 0.070000 0.366667
386 26.433667 0.498333 0.112667 0.316667
654 26.558333 0.505000 0.156667 0.783333
895 26.682667 0.491667 0.108000 0.303333
738 26.764000 0.490000 0.070667 0.346667
640 26.828333 0.490000 0.072667 0.366667
946 26.879333 0.501667 0.045333 0.350000
749 26.940333 0.495000 0.096667 0.390000
26 27.042667 0.506667 0.124000 0.420000
515 27.151333 0.498333 0.110667 0.350000
35 27.259000 0.510000 0.123333 0.413333
393 27.388667 0.495000 0.150667 0.396667
741 27.505667 0.488333 0.103333 0.350000
811 27.624000 0.505000 0.146667 0.536667
480 27.725000 0.505000 0.075333 0.396667
330 27.808667 0.488333 0.109333 0.423333
874 27.904667 0.510000 0.096000 0.420000
376 28.007000 0.500000 0.122000 0.373333
600 28.115333 0.491667 0.110667 0.336667
275 28.188000 0.498333 0.049333 0.310000
1020 28.226333 0.488333 0.043333 0.343333
48 28.323000 0.505000 0.164667 0.823333
202 28.445667 0.508333 0.098000 0.376667
540 28.585333 0.496667 0.194667 0.786667
136 28.727333 0.508333 0.102667 0.343333
989 28.789333 0.490000 0.041333 0.320000
489 28.835667 0.488333 0.068667 0.363333
893 28.957333 0.493333 0.188000 0.560000
957 29.065667 0.508333 0.047333 0.343333
305 29.117000 0.496667 0.075333 0.420000
713 29.260000 0.493333 0.229333 1.146667
143 29.404667 0.500000 0.074667 0.333333
360 29.532000 0.496667 0.193333 0.966667
295 29.669333 0.491667 0.097333 0.416667
264 29.778000 0.505000 0.140000 0.536667
725 29.906667 0.501667 0.136000 0.576667
83 30.005000 0.490000 0.079333 0.393333
690 30.090000 0.503333 0.105333 0.520000
225 30.193667 0.501667 0.122000 0.503333
822 30.303000 0.506667 0.110000 0.333333
556 30.405667 0.493333 0.111333 0.473333
774 30.492667 0.496667 0.078667 0.406667
265 30.580667 0.503333 0.116000 0.440000
249 30.659333 0.505000 0.054667 0.403333
377 30.758333 0.505000 0.162000 0.463333
148 30.893000 0.495000 0.122000 0.336667
1006 30.964667 0.508333 0.041333 0.336667
487 31.011000 0.491667 0.067333 0.350000
251 31.065333 0.495000 0.057333 0.330000
722 31.158667 0.501667 0.142667 0.430000
351 31.282000 0.496667 0.120000 0.346667
614 31.415667 0.490000 0.166000 0.453333
789 31.528667 0.496667 0.076000 0.473333
426 31.593667 0.496667 0.071333 0.400000
806 31.716000 0.500000 0.188000 0.940000
25 31.870667 0.506667 0.136000 0.486667
417 31.976667 0.496667 0.089333 0.433333
346 32.081000 0.495000 0.136667 0.390000
124 32.184000 0.496667 0.086667 0.300000
940 32.238333 0.496667 0.040667 0.340000
643 32.306333 0.501667 0.108667 0.383333
670 32.397333 0.510000 0.088000 0.300000
629 32.526333 0.503333 0.190000 0.646667
1004 32.637667 0.490000 0.047333 0.353333
469 32.693000 0.496667 0.076667 0.386667
308 32.759667 0.493333 0.070000 0.393333
488 32.822333 0.508333 0.074000 0.383333
610 32.916000 0.508333 0.128000 0.396667
543 33.080333 0.501667 0.218000 1.090000
522 33.243667 0.508333 0.124667 0.396667
541 33.400333 0.503333 0.203333 0.446667
21 33.544333 0.500000 0.104667 0.340000
584 33.694000 0.493333 0.208000 1.040000
649 33.844000 0.501667 0.110667 0.603333
971 33.908000 0.510000 0.037333 0.300000
576 33.958333 0.496667 0.079333 0.313333
795 34.025667 0.510000 0.074000 0.453333
184 34.141667 0.495000 0.175333 0.876667
433 34.285667 0.493333 0.128667 0.320000
416 34.384000 0.495000 0.084000 0.403333
560 34.507333 0.493333 0.182667 0.913333
447 34.630000 0.503333 0.081333 0.413333
452 34.695667 0.500000 0.068667 0.393333
979 34.743667 0.510000 0.040667 0.306667
791 34.787667 0.491667 0.060667 0.363333
837 34.864667 0.505000 0.110667 0.456667
938 34.932667 0.506667 0.045333 0.360000
467 34.979333 0.495000 0.064000 0.323333
594 35.066000 0.493333 0.126667 0.380000
114 35.162000 0.505000 0.082667 0.410000
337 35.290667 0.491667 0.193333 0.530000
799 35.422000 0.508333 0.086667 0.323333
277 35.493000 0.510000 0.074000 0.353333
135 35.574333 0.500000 0.108667 0.333333
880 35.678667 0.506667 0.114667 0.413333
325 35.800667 0.498333 0.142667 0.583333
1002 35.888000 0.488333 0.048000 0.350000
15 35.943667 0.491667 0.082000 0.296667
171 36.048333 0.505000 0.142000 0.503333
1007 36.134667 0.498333 0.049333 0.356667
468 36.183667 0.498333 0.068667 0.350000
933 36.224000 0.498333 0.030667 0.250000
9 36.279667 0.505000 0.095333 0.390000
577 36.370333 0.506667 0.106000 0.406667
668 36.471667 0.495000 0.111333 0.403333
406 36.561000 0.508333 0.084667 0.323333
443 36.629000 0.500000 0.064667 0.366667
373 36.718000 0.491667 0.132000 0.403333
276 36.805333 0.501667 0.058667 0.350000
509 36.891667 0.501667 0.131333 0.430000
875 37.061667 0.501667 0.228667 1.143333
998 37.185333 0.510000 0.038667 0.306667
508 37.234333 0.490000 0.078000 0.406667
604 37.314667 0.488333 0.097333 0.290000
424 37.430000 0.510000 0.146667 0.466667
559 37.529333 0.501667 0.070667 0.350000
466 37.586667 0.496667 0.064000 0.380000
256 37.668000 0.501667 0.116000 0.403333
510 37.776000 0.491667 0.118667 0.370000
139 37.861333 0.506667 0.070667 0.393333
753 37.970333 0.490000 0.167333 0.553333
1000 38.069667 0.506667 0.044667 0.326667
617 38.132667 0.500000 0.094667 0.386667
241 38.217333 0.491667 0.094667 0.530000
347 38.324000 0.490000 0.136000 0.366667
210 38.429333 0.496667 0.094667 0.433333
399 38.520000 0.496667 0.105333 0.380000
763 38.592667 0.505000 0.056000 0.443333
708 38.667000 0.488333 0.110000 0.510000
345 38.781000 0.498333 0.138000 0.423333
537 38.938333 0.491667 0.190000 0.950000
826 39.082667 0.495000 0.114667 0.556667
116 39.198333 0.500000 0.134000 0.400000
965 39.278000 0.508333 0.042667 0.350000
152 39.337333 0.488333 0.094667 0.470000
835 39.432000 0.505000 0.109333 0.443333
901 39.554000 0.503333 0.149333 0.446667
721 39.700333 0.493333 0.162000 0.433333
306 39.803000 0.488333 0.063333 0.356667
6 39.866667 0.510000 0.084000 0.313333
218 39.958333 0.506667 0.118000 0.520000
493 40.052333 0.491667 0.086000 0.396667
68 40.145000 0.493333 0.114000 0.333333
379 40.260333 0.501667 0.131333 0.396667
259 40.364667 0.496667 0.094667 0.473333
711 40.489667 0.501667 0.172667 0.863333
968 40.585000 0.498333 0.036667 0.270000
712 40.702000 0.506667 0.217333 1.086667
910 40.850000 0.490000 0.096000 0.300000
302 40.925333 0.501667 0.074667 0.423333
199 41.004000 0.495000 0.100000 0.410000
197 41.096667 0.491667 0.102667 0.470000
545 41.187333 0.508333 0.092000 0.330000
73 41.304000 0.506667 0.154667 0.473333
154 41.413667 0.491667 0.080667 0.410000
118 41.485000 0.498333 0.079333 0.290000
748 41.563667 0.501667 0.098000 0.336667
418 41.657000 0.495000 0.106000 0.510000
812 41.772333 0.498333 0.143333 0.383333
579 41.927667 0.490000 0.182000 0.380000
646 42.047000 0.488333 0.071333 0.303333
555 42.091333 0.510000 0.036000 0.360000
97 42.207667 0.505000 0.215333 1.076667
2 42.339667 0.501667 0.068667 0.330000
159 42.388000 0.500000 0.045333 0.346667
237 42.444000 0.488333 0.085333 0.616667
507 42.514000 0.491667 0.069333 0.363333
273 42.567333 0.506667 0.057333 0.373333
606 42.661667 0.506667 0.147333 0.453333
471 42.764000 0.503333 0.077333 0.400000
672 42.851000 0.493333 0.115333 0.393333
662 42.952000 0.496667 0.102667 0.340000
630 43.072333 0.496667 0.156667 0.526667
235 43.196667 0.488333 0.112000 0.563333
220 43.286333 0.505000 0.083333 0.416667
595 43.386000 0.488333 0.133333 0.403333
724 43.492000 0.508333 0.096000 0.450000
552 43.559333 0.505000 0.053333 0.336667
319 43.612333 0.491667 0.072667 0.270000
145 43.680333 0.490000 0.079333 0.346667
331 43.798333 0.508333 0.170000 0.850000
172 43.935333 0.495000 0.122667 0.463333
198 44.044000 0.500000 0.108000 0.546667
71 44.131000 0.506667 0.082000 0.440000
598 44.229333 0.510000 0.133333 0.400000
903 44.360000 0.490000 0.141333 0.420000
922 44.444000 0.503333 0.044000 0.346667
582 44.538333 0.491667 0.162000 0.810000
842 44.654333 0.495000 0.088667 0.370000
527 44.765333 0.491667 0.150667 0.430000
309 44.863667 0.503333 0.064667 0.360000
160 44.921333 0.505000 0.065333 0.363333
333 45.019333 0.488333 0.149333 0.330000
747 45.129667 0.491667 0.088667 0.363333
881 45.234000 0.496667 0.137333 0.460000
260 45.363000 0.490000 0.139333 0.366667
561 45.510333 0.488333 0.175333 0.376667
807 45.697667 0.510000 0.212667 0.500000
983 45.817000 0.496667 0.040667 0.306667
372 45.881667 0.498333 0.108667 0.323333
161 45.981333 0.510000 0.105333 0.366667
516 46.072667 0.498333 0.093333 0.310000
205 46.170667 0.495000 0.116000 0.463333
450 46.246667 0.498333 0.054667 0.323333
189 46.314333 0.491667 0.094000 0.436667
616 46.425333 0.493333 0.146667 0.386667
902 46.568000 0.491667 0.152000 0.410000
845 46.680667 0.510000 0.092000 0.460000
851 46.773667 0.508333 0.111333 0.530000
1023 46.839667 0.500000 0.038000 0.286667
535 46.964667 0.506667 0.230667 1.153333
329 47.160000 0.496667 0.176000 0.880000
89 47.345667 0.505000 0.208667 1.043333
182 47.513333 0.501667 0.140000 0.476667
461 47.612333 0.490000 0.075333 0.380000
839 47.698667 0.500000 0.110667 0.500000
98 47.838000 0.496667 0.186667 0.933333
700 47.985333 0.501667 0.124000 0.503333
113 48.128667 0.496667 0.177333 0.886667
1012 48.231667 0.505000 0.044667 0.323333
699 48.327000 0.493333 0.159333 0.500000
355 48.466333 0.490000 0.138000 0.386667
550 48.559333 0.493333 0.066667 0.333333
300 48.615667 0.510000 0.062000 0.200000
974 48.656333 0.505000 0.035333 0.256667
33 48.725667 0.496667 0.123333 0.473333
402 48.842333 0.490000 0.126000 0.393333
632 49.007000 0.498333 0.216667 1.083333
1013 49.129667 0.505000 0.044667 0.316667
201 49.186667 0.495000 0.088000 0.416667
779 49.241333 0.500000 0.041333 0.360000
72 49.355667 0.508333 0.202000 1.010000
314 49.505000 0.501667 0.112667 0.403333
650 49.631667 0.505000 0.156667 0.783333
137 49.742000 0.508333 0.081333 0.396667
465 49.809667 0.510000 0.067333 0.386667
296 49.893667 0.501667 0.118000 0.430000
120 50.038667 0.503333 0.190667 0.953333
34 50.167667 0.491667 0.087333 0.310000
942 50.225333 0.510000 0.041333 0.320000
86 50.291000 0.500000 0.106000 0.453333
830 50.379667 0.500000 0.091333 0.453333
342 50.453000 0.508333 0.074000 0.350000
771 50.527333 0.496667 0.089333 0.440000
105 50.652333 0.510000 0.174000 0.373333
59 50.840000 0.506667 0.216000 1.080000
422 50.984000 0.491667 0.085333 0.330000
458 51.053667 0.501667 0.068667 0.370000
917 51.100667 0.508333 0.041333 0.310000
684 51.169333 0.498333 0.113333 0.436667
54 51.251667 0.508333 0.064667 0.376667
720 51.375000 0.488333 0.196667 0.556667
479 51.496333 0.501667 0.064667 0.330000
460 51.548000 0.493333 0.058667 0.293333
536 51.635000 0.491667 0.135333 0.536667
762 51.730333 0.491667 0.075333 0.330000
79 51.843000 0.491667 0.163333 0.816667
757 51.975333 0.503333 0.116000 0.340000
898 52.096000 0.491667 0.145333 0.410000
261 52.267667 0.498333 0.214000 1.070000
248 52.409333 0.500000 0.082667 0.446667
843 52.532000 0.493333 0.181333 0.906667
918 52.676667 0.498333 0.122667 0.396667
939 52.750333 0.496667 0.043333 0.320000
163 52.873667 0.495000 0.222000 1.110000
1014 52.991667 0.510000 0.032667 0.273333
931 53.021667 0.503333 0.042000 0.340000
436 53.100667 0.496667 0.134667 0.373333
683 53.260333 0.495000 0.204667 1.023333
191 53.400333 0.498333 0.088667 0.370000
823 53.481333 0.508333 0.093333 0.403333
847 53.580333 0.503333 0.120667 0.366667
266 53.727667 0.498333 0.188667 0.943333
692 53.864000 0.496667 0.097333 0.480000
271 54.007667 0.505000 0.204667 1.023333
627 54.186333 0.505000 0.172667 0.863333
963 54.280000 0.501667 0.029333 0.250000
190 54.331000 0.495000 0.091333 0.410000
111 54.412333 0.498333 0.087333 0.410000
348 54.522000 0.506667 0.152000 0.413333
975 54.608000 0.505000 0.038667 0.296667
988 54.643000 0.490000 0.050000 0.373333
958 54.681333 0.488333 0.045333 0.363333
490 54.726667 0.506667 0.065333 0.373333
1011 54.772667 0.495000 0.045333 0.336667
474 54.824333 0.493333 0.074000 0.400000
478 54.882000 0.501667 0.060000 0.310000
767 54.963333 0.498333 0.121333 0.350000
371 55.074333 0.500000 0.119333 0.333333
941 55.143000 0.510000 0.034000 0.260000
255 55.216667 0.493333 0.128000 0.493333
109 55.372667 0.498333 0.197333 0.416667
609 55.500333 0.508333 0.074000 0.303333
453 55.570333 0.498333 0.084667 0.430000
562 55.680333 0.498333 0.155333 0.330000
281 55.802667 0.508333 0.109333 0.370000
871 55.876667 0.495000 0.057333 0.270000
854 55.995000 0.493333 0.192667 0.606667
707 56.132667 0.505000 0.101333 0.470000
78 56.252667 0.488333 0.156000 0.390000
494 56.361333 0.491667 0.080000 0.430000
504 56.460667 0.488333 0.136000 0.383333
449 56.550000 0.506667 0.061333 0.360000
485 56.614667 0.510000 0.084000 0.426667
499 56.675667 0.498333 0.054000 0.330000
385 56.802667 0.510000 0.213333 1.066667
65 56.947000 0.500000 0.090000 0.226667
759 57.043000 0.498333 0.120667 0.350000
764 57.138000 0.498333 0.082667 0.383333
475 57.208333 0.491667 0.075333 0.390000
472 57.267333 0.488333 0.062667 0.323333
695 57.369667 0.495000 0.156667 0.783333
334 57.498000 0.488333 0.118667 0.396667
216 57.599667 0.495000 0.102000 0.510000
102 57.736333 0.491667 0.190000 0.950000
29 57.888000 0.495000 0.132000 0.363333
280 57.996000 0.491667 0.100000 0.323333
735 58.100333 0.503333 0.123333 0.506667
398 58.199000 0.498333 0.091333 0.463333
635 58.289000 0.503333 0.102000 0.420000
985 58.347667 0.500000 0.028667 0.240000
682 58.411333 0.501667 0.116000 0.476667
993 58.485333 0.503333 0.048000 0.366667
456 58.531333 0.490000 0.064000 0.340000
313 58.612333 0.498333 0.112667 0.390000
588 58.716667 0.510000 0.113333 0.500000
877 58.804000 0.495000 0.074667 0.356667
155 58.869000 0.495000 0.071333 0.403333
913 58.960333 0.488333 0.124667 0.376667
311 59.065333 0.495000 0.098667 0.423333
188 59.151000 0.503333 0.092667 0.373333
403 59.269667 0.501667 0.163333 0.490000
250 59.402000 0.488333 0.120000 0.583333
962 59.472333 0.491667 0.036667 0.303333
317 59.536000 0.491667 0.106667 0.430000
221 59.642333 0.508333 0.119333 0.543333
574 59.745667 0.505000 0.100667 0.403333
242 59.843000 0.510000 0.111333 0.433333
463 59.924000 0.503333 0.070667 0.420000
244 60.017333 0.495000 0.136000 0.370000
328 60.170000 0.510000 0.188000 0.433333
405 60.301667 0.490000 0.091333 0.346667
323 60.459333 0.490000 0.238667 0.593333
231 60.618333 0.495000 0.094000 0.476667
697 60.687333 0.503333 0.062667 0.313333
421 60.768000 0.503333 0.116000 0.380000
484 60.862000 0.490000 0.085333 0.300000
551 60.958667 0.501667 0.125333 0.390000
240 61.051000 0.501667 0.072667 0.350000
106 61.187000 0.491667 0.212667 1.063333
613 61.360333 0.490000 0.150000 0.406667
926 61.445667 0.503333 0.038000 0.280000
766 61.518000 0.498333 0.122667 0.356667
719 61.664667 0.505000 0.188000 0.503333
12 61.814333 0.496667 0.124667 0.413333
533 61.920333 0.498333 0.103333 0.350000
966 61.987000 0.503333 0.043333 0.346667
69 62.052000 0.498333 0.100000 0.516667
689 62.147333 0.488333 0.104000 0.510000
892 62.272333 0.495000 0.162000 0.810000
304 62.380000 0.491667 0.070667 0.396667
18 62.465333 0.491667 0.113333 0.403333
0 62.533000 0.510000 0.039333 0.326667
980 62.561000 0.490000 0.035333 0.260000
765 62.600000 0.505000 0.062667 0.330000
797 62.665333 0.498333 0.085333 0.343333
524 62.753000 0.498333 0.108667 0.343333
289 62.926333 0.490000 0.252667 0.493333
439 63.088333 0.488333 0.086000 0.350000
920 63.165667 0.501667 0.083333 0.316667
91 63.278667 0.491667 0.158667 0.343333
664 63.413000 0.490000 0.127333 0.406667
49 63.576333 0.488333 0.212667 1.063333
972 63.690667 0.508333 0.029333 0.243333
549 63.741333 0.488333 0.086667 0.296667
907 63.822000 0.495000 0.094667 0.310000
831 63.902333 0.495000 0.086000 0.416667
286 63.987333 0.505000 0.102667 0.383333
500 64.070000 0.500000 0.077333 0.366667
1 64.143333 0.508333 0.086667 0.443333
669 64.228333 0.496667 0.099333 0.340000
293 64.321333 0.501667 0.102667 0.430000
340 64.431333 0.490000 0.130667 0.406667
927 64.510333 0.498333 0.040667 0.310000
916 64.618333 0.510000 0.194000 0.406667
982 64.725000 0.493333 0.035333 0.260000
615 64.807333 0.488333 0.144000 0.643333
441 64.898667 0.503333 0.054667 0.320000
678 64.976667 0.490000 0.114667 0.386667
156 65.124333 0.501667 0.199333 0.996667
140 65.271000 0.498333 0.111333 0.603333
107 65.414333 0.488333 0.190000 0.950000
593 65.584667 0.490000 0.170667 0.513333
246 65.740667 0.496667 0.160000 0.566667
768 65.845333 0.508333 0.062667 0.143333
833 65.924667 0.503333 0.116000 0.473333
288 66.025667 0.510000 0.102000 0.386667
889 66.127333 0.510000 0.118667 0.420000
307 66.216333 0.500000 0.076667 0.433333
755 66.307667 0.503333 0.120667 0.380000
790 66.391000 0.500000 0.059333 0.353333
125 66.459000 0.503333 0.090000 0.386667
19 66.546333 0.510000 0.102000 0.346667
350 66.665000 0.491667 0.151333 0.423333
520 66.800000 0.501667 0.137333 0.436667
866 66.946333 0.488333 0.172667 0.470000
204 67.081667 0.490000 0.116667 0.593333
168 67.196333 0.500000 0.131333 0.486667
206 67.358667 0.493333 0.210667 1.053333
169 67.545000 0.491667 0.178000 0.890000
796 67.693333 0.498333 0.134667 0.550000
483 67.788000 0.490000 0.072000 0.400000
754 67.872000 0.496667 0.112000 0.546667
123 67.970000 0.505000 0.100000 0.610000
411 68.096333 0.506667 0.171333 0.333333
571 68.219000 0.505000 0.092667 0.383333
665 68.321333 0.496667 0.128000 0.440000
335 68.451000 0.505000 0.148667 0.516667
793 68.560333 0.490000 0.087333 0.360000
294 68.712333 0.508333 0.231333 0.436667
674 68.865667 0.501667 0.094000 0.343333
810 68.946333 0.506667 0.086000 0.380000
634 69.014000 0.510000 0.068000 0.286667
521 69.107333 0.490000 0.133333 0.360000
994 69.184000 0.490000 0.034667 0.280000
758 69.250333 0.491667 0.111333 0.330000
868 69.336667 0.491667 0.078667 0.436667
96 69.462667 0.490000 0.188000 0.406667
658 69.582667 0.488333 0.066667 0.363333
698 69.640667 0.493333 0.066667 0.346667
739 69.688000 0.498333 0.048000 0.423333
30 69.772667 0.496667 0.137333 0.426667
803 69.924000 0.498333 0.180000 0.516667
834 70.071000 0.488333 0.131333 0.536667
661 70.188333 0.506667 0.116667 0.400000
503 70.311333 0.493333 0.146667 0.420000
339 70.416000 0.491667 0.076000 0.396667
505 70.476667 0.496667 0.060000 0.253333
717 70.574000 0.500000 0.154667 0.466667
437 70.694667 0.498333 0.104000 0.530000
886 70.837667 0.501667 0.198000 0.990000
973 70.954667 0.495000 0.050667 0.370000
999 70.987333 0.500000 0.034667 0.273333
444 71.027333 0.491667 0.058667 0.330000
744 71.152333 0.501667 0.204667 1.023333
427 71.297333 0.495000 0.104000 0.523333
253 71.364000 0.498333 0.042667 0.390000
364 71.493667 0.505000 0.230000 1.150000
587 71.664333 0.491667 0.127333 0.383333
961 71.745333 0.505000 0.048000 0.363333
518 71.811667 0.496667 0.103333 0.333333
501 71.900667 0.508333 0.092000 0.410000
352 72.003667 0.490000 0.128667 0.373333
117 72.119000 0.500000 0.116667 0.346667
783 72.218667 0.498333 0.098667 0.543333
442 72.294333 0.490000 0.066000 0.366667
50 72.389000 0.498333 0.139333 0.450000
357 72.526333 0.496667 0.150000 0.400000
166 72.659667 0.501667 0.132667 0.483333
36 72.786333 0.501667 0.136667 0.463333
193 72.891667 0.498333 0.092667 0.470000
921 72.962333 0.496667 0.067333 0.393333
597 73.052000 0.501667 0.125333 0.390000
108 73.219333 0.493333 0.229333 0.500000
284 73.392667 0.501667 0.130667 0.463333
149 73.544333 0.488333 0.188667 0.470000
591 73.692667 0.498333 0.128000 0.376667
782 73.799333 0.491667 0.102667 0.470000
356 73.901000 0.505000 0.119333 0.356667
254 74.019667 0.490000 0.134000 0.513333
446 74.113000 0.495000 0.067333 0.403333
619 74.177333 0.496667 0.081333 0.420000
228 74.261667 0.496667 0.106000 0.533333
992 74.328667 0.506667 0.044000 0.340000
824 74.383333 0.500000 0.084000 0.393333
349 74.485333 0.503333 0.134667 0.386667
586 74.618333 0.500000 0.146000 0.460000
90 74.788333 0.508333 0.212667 1.063333
737 74.914000 0.505000 0.053333 0.356667
367 74.997000 0.488333 0.128667 0.396667
784 75.087667 0.495000 0.067333 0.510000
636 75.172333 0.506667 0.115333 0.266667
935 75.241333 0.506667 0.036000 0.300000
817 75.314333 0.501667 0.124667 0.436667
827 75.414333 0.505000 0.094000 0.403333
802 75.541667 0.508333 0.176667 0.363333
207 75.733000 0.495000 0.220667 1.103333
194 75.891000 0.498333 0.112667 0.550000
203 75.990000 0.493333 0.105333 0.426667
599 76.091000 0.498333 0.111333 0.356667
951 76.154000 0.506667 0.034667 0.266667
596 76.227000 0.505000 0.124667 0.376667
813 76.337333 0.500000 0.109333 0.280000
884 76.442000 0.510000 0.117333 0.426667
341 76.538333 0.500000 0.091333 0.393333
512 76.633333 0.498333 0.116000 0.390000
885 76.720333 0.501667 0.072667 0.343333
879 76.801333 0.488333 0.106667 0.310000
642 76.884333 0.496667 0.075333 0.293333
88 77.016667 0.491667 0.206667 0.450000
906 77.176333 0.495000 0.130000 0.356667
55 77.287000 0.503333 0.111333 0.273333
157 77.421333 0.503333 0.173333 0.686667
859 77.549000 0.500000 0.098000 0.280000
115 77.615667 0.493333 0.051333 0.280000
326 77.664333 0.496667 0.063333 0.286667
432 77.766333 0.503333 0.158000 0.320000
659 77.881667 0.498333 0.088667 0.376667
731 77.962333 0.503333 0.090000 0.440000
408 78.056667 0.491667 0.112000 0.430000
214 78.169000 0.500000 0.128667 0.533333
666 78.273333 0.505000 0.097333 0.336667
730 78.391333 0.490000 0.152000 0.566667
673 78.519667 0.498333 0.119333 0.390000
226 78.618667 0.488333 0.094667 0.463333
897 78.730333 0.491667 0.144667 0.430000
928 78.815000 0.490000 0.039333 0.280000
192 78.911000 0.488333 0.167333 0.836667
750 79.054000 0.505000 0.136000 0.503333
860 79.221333 0.503333 0.212000 0.553333
956 79.338333 0.490000 0.036667 0.266667
553 79.391333 0.501667 0.088000 0.303333
234 79.486333 0.491667 0.122000 0.503333
299 79.590667 0.503333 0.100000 0.380000
656 79.710667 0.491667 0.154667 0.356667
401 79.821667 0.501667 0.082000 0.463333
223 79.904667 0.505000 0.100000 0.456667
525 80.004667 0.505000 0.120000 0.403333
80 80.099667 0.496667 0.084667 0.433333
391 80.208333 0.493333 0.148667 0.406667
37 80.324667 0.510000 0.102667 0.326667
945 80.388333 0.490000 0.039333 0.313333
688 80.444667 0.510000 0.089333 0.440000
344 80.554667 0.510000 0.145333 0.426667
944 80.638667 0.500000 0.041333 0.306667
14 80.701000 0.495000 0.103333 0.343333
891 80.772333 0.498333 0.052667 0.330000
196 80.835333 0.496667 0.086667 0.440000
777 80.917000 0.500000 0.092667 0.393333
603 81.051667 0.501667 0.190000 0.396667
1008 81.156000 0.490000 0.036000 0.266667
887 81.235667 0.505000 0.142000 0.430000
856 81.380000 0.495000 0.165333 0.410000
40 81.525333 0.510000 0.140000 0.460000
62 81.619333 0.498333 0.068000 0.316667
133 81.698333 0.510000 0.108667 0.440000
434 81.806000 0.493333 0.121333 0.413333
502 81.896000 0.501667 0.077333 0.356667
850 81.980333 0.495000 0.104667 0.470000
32 82.069333 0.505000 0.093333 0.330000
703 82.223333 0.503333 0.228000 1.140000
457 82.364667 0.493333 0.070667 0.413333
514 82.446667 0.505000 0.113333 0.376667
365 82.554000 0.503333 0.120000 0.353333
746 82.663333 0.498333 0.117333 0.343333
217 82.775667 0.495000 0.123333 0.510000
222 82.886667 0.508333 0.116000 0.476667
544 82.989333 0.501667 0.106667 0.423333
423 83.114667 0.496667 0.161333 0.806667
3 83.223000 0.506667 0.068667 0.306667
394 83.330000 0.506667 0.158667 0.793333
943 83.424333 0.491667 0.043333 0.316667
232 83.501667 0.490000 0.127333 0.526667
23 83.641333 0.491667 0.172000 0.490000
756 83.784667 0.506667 0.132000 0.426667
358 83.897000 0.496667 0.112667 0.306667
1021 83.969333 0.496667 0.045333 0.340000
315 84.034333 0.505000 0.100667 0.396667
397 84.130000 0.510000 0.109333 0.446667
908 84.226000 0.501667 0.096000 0.350000
56 84.305000 0.493333 0.078000 0.120000
861 84.364000 0.490000 0.054667 0.420000
481 84.410333 0.510000 0.055333 0.293333
162 84.496667 0.495000 0.137333 0.490000
22 84.627333 0.498333 0.141333 0.476667
24 84.765333 0.496667 0.150667 0.513333
85 84.871000 0.500000 0.080667 0.320000
915 84.943333 0.503333 0.082667 0.666667
671 85.023000 0.505000 0.096667 0.330000
647 85.106333 0.506667 0.083333 0.413333
775 85.177000 0.491667 0.074000 0.350000
219 85.263333 0.496667 0.113333 0.473333
667 85.364333 0.500000 0.102000 0.333333
100 85.517000 0.496667 0.218000 0.473333
492 85.655000 0.495000 0.072667 0.330000
5 85.731333 0.495000 0.100000 0.476667
230 85.863000 0.508333 0.182000 0.910000
257 86.012000 0.490000 0.134667 0.413333
623 86.158000 0.500000 0.172000 0.860000
714 86.305000 0.490000 0.136667 0.426667
45 86.392000 0.503333 0.056000 0.280000
267 86.504000 0.500000 0.188000 0.940000
760 86.676333 0.491667 0.174000 0.870000
932 86.771000 0.508333 0.031333 0.250000
618 86.812667 0.496667 0.068000 0.426667
567 86.933333 0.490000 0.193333 0.966667
382 87.117333 0.503333 0.190667 0.953333
709 87.253000 0.488333 0.096667 0.396667
718 87.390333 0.490000 0.198000 0.553333
74 87.544667 0.505000 0.125333 0.390000
566 87.647667 0.493333 0.099333 0.413333
262 87.797333 0.493333 0.216000 1.080000
321 87.954333 0.490000 0.115333 0.466667
61 88.055667 0.505000 0.103333 0.516667
816 88.164333 0.503333 0.128667 0.333333
844 88.270667 0.501667 0.101333 0.436667
568 88.359000 0.500000 0.092667 0.460000
374 88.475333 0.506667 0.154667 0.773333
64 88.576333 0.491667 0.062000 0.343333
978 88.620000 0.508333 0.044000 0.330000
332 88.768333 0.495000 0.271333 0.623333
147 88.935333 0.505000 0.078667 0.410000
547 88.995667 0.503333 0.059333 0.340000
176 89.081333 0.491667 0.132000 0.496667
612 89.226333 0.505000 0.178000 0.463333
165 89.371333 0.510000 0.130667 0.493333
369 89.495000 0.501667 0.135333 0.363333
987 89.570667 0.506667 0.036000 0.293333
41 89.657000 0.491667 0.151333 0.430000
909 89.764667 0.508333 0.084000 0.410000
104 89.884667 0.510000 0.176000 0.386667
751 90.018333 0.503333 0.111333 0.480000
395 90.117667 0.498333 0.106000 0.330000
141 90.202667 0.488333 0.084000 0.370000
846 90.277000 0.501667 0.083333 0.356667
794 90.347000 0.501667 0.075333 0.463333
99 90.482333 0.505000 0.214000 1.070000
660 90.643333 0.500000 0.125333 0.460000
815 90.757333 0.501667 0.120000 0.403333
389 90.869000 0.506667 0.122000 0.340000
16 90.967000 0.508333 0.094000 0.343333
247 91.047667 0.490000 0.080667 0.333333
322 91.118333 0.508333 0.078000 0.136667
919 91.181333 0.493333 0.064000 0.273333
890 91.262333 0.498333 0.115333 0.483333
953 91.335667 0.488333 0.044667 0.356667
745 91.395000 0.493333 0.090000 0.340000
486 91.466333 0.495000 0.071333 0.423333
476 91.523667 0.505000 0.056667 0.336667
809 91.593000 0.503333 0.102000 0.546667
383 91.698333 0.488333 0.127333 0.350000
513 91.804333 0.488333 0.103333 0.350000
529 91.908000 0.508333 0.118667 0.450000
894 92.029000 0.503333 0.143333 0.373333
563 92.180000 0.505000 0.172000 0.356667
581 92.299000 0.508333 0.083333 0.356667
828 92.377667 0.491667 0.087333 0.423333
1001 92.433333 0.491667 0.041333 0.323333
950 92.463000 0.496667 0.035333 0.273333
430 92.521667 0.500000 0.102000 0.440000
639 92.601000 0.506667 0.074000 0.373333
841 92.684667 0.510000 0.112000 0.460000
785 92.763333 0.498333 0.065333 0.276667
772 92.902000 0.493333 0.229333 1.146667
652 93.071333 0.505000 0.128000 0.423333
285 93.185000 0.488333 0.119333 0.403333
200 93.291333 0.495000 0.112000 0.516667
723 93.392667 0.510000 0.108000 0.373333
710 93.519000 0.508333 0.162000 0.810000
663 93.648667 0.495000 0.116000 0.430000
557 93.746667 0.490000 0.096000 0.620000
702 93.890333 0.498333 0.210000 1.050000
780 94.066000 0.495000 0.160000 0.456667
558 94.180000 0.488333 0.086667 0.423333
415 94.321000 0.495000 0.211333 1.056667
651 94.487333 0.500000 0.137333 0.446667
1009 94.562667 0.505000 0.033333 0.256667
959 94.591333 0.488333 0.041333 0.336667
546 94.653333 0.503333 0.098667 0.380000
142 94.738333 0.505000 0.086000 0.363333
548 94.832000 0.501667 0.121333 0.390000
838 94.932000 0.505000 0.092000 0.370000
95 95.062000 0.506667 0.185333 0.400000
705 95.202333 0.493333 0.115333 0.346667
77 95.308000 0.490000 0.110667 0.273333
531 95.442333 0.488333 0.174000 0.396667
183 95.583000 0.500000 0.120667 0.493333
70 95.694333 0.490000 0.122000 0.406667
60 95.783667 0.501667 0.070000 0.283333
282 95.869000 0.490000 0.119333 0.406667
580 95.985000 0.510000 0.130000 0.313333
590 96.098000 0.488333 0.113333 0.483333
164 96.196333 0.510000 0.096667 0.373333
808 96.289000 0.498333 0.104667 0.483333
310 96.368000 0.496667 0.069333 0.393333
569 96.437333 0.495000 0.082667 0.330000
187 96.525667 0.495000 0.108667 0.456667
787 96.612667 0.501667 0.084000 0.516667
384 96.717667 0.506667 0.142000 0.446667
392 96.859333 0.490000 0.160000 0.800000
258 96.994667 0.510000 0.130667 0.460000
583 97.081000 0.488333 0.055333 0.336667
158 97.215667 0.501667 0.227333 1.136667
132 97.356667 0.501667 0.074667 0.310000
387 97.440333 0.488333 0.111333 0.350000
624 97.590000 0.500000 0.204000 1.020000
970 97.704000 0.495000 0.044000 0.336667
534 97.756333 0.501667 0.080667 0.350000
195 97.838667 0.503333 0.102667 0.420000
1016 97.903000 0.508333 0.042000 0.310000
320 97.976333 0.510000 0.122000 0.366667
818 98.095333 0.501667 0.129333 0.390000
92 98.239000 0.488333 0.176667 0.370000
419 98.359667 0.496667 0.083333 0.406667
239 98.499000 0.508333 0.214000 1.070000
238 98.643000 0.505000 0.091333 0.356667
121 98.689000 0.505000 0.018000 0.343333
353 98.751667 0.506667 0.122000 0.326667
57 98.832333 0.496667 0.058000 0.353333
934 98.873333 0.498333 0.040000 0.290000
620 98.944667 0.505000 0.117333 0.510000
327 99.067667 0.508333 0.147333 0.396667
1005 99.153000 0.490000 0.040667 0.313333
7 99.234000 0.505000 0.136000 0.416667
268 99.368667 0.498333 0.153333 0.510000
517 99.489667 0.500000 0.104667 0.346667
572 99.571667 0.508333 0.076667 0.316667
644 99.640667 0.491667 0.081333 0.390000
858 99.738333 0.490000 0.130000 0.413333
459 99.824667 0.508333 0.062667 0.336667
44 99.906667 0.493333 0.121333 0.473333
626 100.025000 0.503333 0.131333 0.440000
792 100.144667 0.488333 0.121333 0.490000
13 100.258000 0.505000 0.121333 0.396667
621 100.334000 0.508333 0.050667 0.523333
800 100.413000 0.488333 0.122000 0.463333
925 100.487000 0.495000 0.040667 0.316667
167 100.568000 0.495000 0.140000 0.483333
138 100.673000 0.495000 0.083333 0.443333
936 100.728333 0.490000 0.040667 0.306667
129 100.810333 0.491667 0.136667 0.530000
128 100.982333 0.508333 0.224667 1.123333
38 101.146667 0.496667 0.122667 0.473333
211 101.298000 0.493333 0.197333 0.986667
208 101.426333 0.491667 0.079333 0.396667
103 101.561000 0.488333 0.204667 1.023333
10 101.697333 0.506667 0.084000 0.300000
570 101.768333 0.505000 0.078000 0.336667
410 101.857333 0.495000 0.118667 0.496667
1015 101.927333 0.491667 0.040000 0.310000
855 101.981333 0.506667 0.088000 0.226667
633 102.100000 0.493333 0.169333 0.846667
94 102.295333 0.488333 0.236000 0.510000
691 102.440333 0.501667 0.074000 0.363333
180 102.528000 0.505000 0.120000 0.430000
429 102.632000 0.510000 0.104000 0.353333
905 102.736333 0.493333 0.122000 0.393333
454 102.833333 0.493333 0.088000 0.453333
46 102.899000 0.505000 0.058000 0.536667
127 102.972333 0.501667 0.108667 0.376667
279 103.067667 0.503333 0.096667 0.540000
605 103.180000 0.488333 0.145333 0.383333
318 103.296000 0.503333 0.102667 0.413333
274 103.379667 0.501667 0.082000 0.383333
227 103.464000 0.508333 0.101333 0.510000
42 103.534667 0.510000 0.056000 0.306667
981 103.577667 0.500000 0.046000 0.353333
87 103.706667 0.506667 0.232000 0.493333
