967 0.024000 0.488333 0.041333 0.336667
489 0.069000 0.495000 0.066000 0.343333
158 0.190000 0.506667 0.189333 0.946667
500 0.323000 0.491667 0.095333 0.470000
193 0.406333 0.501667 0.084667 0.370000
1012 0.460000 0.488333 0.037333 0.283333
570 0.510333 0.488333 0.080667 0.350000
240 0.568333 0.498333 0.054000 0.290000
144 0.648333 0.493333 0.119333 0.560000
699 0.770667 0.500000 0.140000 0.386667
954 0.853667 0.493333 0.040667 0.320000
21 0.922667 0.491667 0.117333 0.403333
481 1.009000 0.505000 0.072667 0.376667
854 1.149333 0.493333 0.226667 1.133333
437 1.298667 0.501667 0.089333 0.443333
850 1.391667 0.493333 0.112667 0.513333
838 1.488667 0.488333 0.100000 0.410000
215 1.622000 0.510000 0.185333 0.926667
90 1.797000 0.488333 0.183333 0.916667
377 1.953667 0.495000 0.150000 0.436667
65 2.067000 0.495000 0.095333 0.250000
239 2.162333 0.491667 0.108667 0.676667
70 2.281333 0.496667 0.144000 0.486667
96 2.445000 0.498333 0.203333 1.016667
365 2.597667 0.491667 0.119333 0.350000
1014 2.671333 0.508333 0.041333 0.323333
264 2.741000 0.505000 0.116667 0.450000
977 2.817333 0.501667 0.050667 0.370000
357 2.918333 0.501667 0.164667 0.823333
335 3.072000 0.508333 0.156000 0.490000
912 3.185667 0.491667 0.086000 0.336667
44 3.270000 0.493333 0.096000 0.380000
867 3.365000 0.505000 0.107333 0.383333
639 3.452667 0.488333 0.085333 0.430000
197 3.546333 0.498333 0.116667 0.556667
796 3.660667 0.490000 0.126667 0.526667
155 3.755000 0.490000 0.079333 0.440000
883 3.871667 0.495000 0.168667 0.843333
809 4.002333 0.501667 0.111333 0.596667
157 4.135000 0.498333 0.167333 0.690000
774 4.236000 0.506667 0.054667 0.326667
7 4.307000 0.490000 0.102000 0.373333
801 4.391000 0.500000 0.079333 0.286667
623 4.504667 0.490000 0.161333 0.533333
286 4.629333 0.510000 0.102667 0.373333
701 4.774000 0.506667 0.206667 1.033333
62 4.906333 0.491667 0.072667 0.336667
352 5.051333 0.500000 0.230667 1.153333
865 5.203333 0.490000 0.090667 0.300000
149 5.342667 0.510000 0.204000 1.020000
766 5.495667 0.493333 0.115333 0.333333
870 5.572333 0.495000 0.056667 0.270000
816 5.646333 0.505000 0.108667 0.243333
27 5.751000 0.505000 0.115333 0.390000
141 5.843000 0.508333 0.088667 0.376667
0 5.905000 0.508333 0.054000 0.410000
36 5.975667 0.488333 0.106000 0.390000
602 6.072000 0.491667 0.101333 0.310000
54 6.150333 0.506667 0.070000 0.353333
412 6.228333 0.500000 0.099333 0.493333
815 6.333667 0.491667 0.127333 0.443333
229 6.437333 0.496667 0.093333 0.373333
680 6.521000 0.505000 0.092667 0.336667
657 6.599667 0.505000 0.078000 0.316667
778 6.676667 0.488333 0.093333 0.590000
873 6.754667 0.491667 0.076000 0.330000
892 6.878667 0.510000 0.189333 0.946667
695 7.060000 0.510000 0.190667 0.540000
223 7.193000 0.498333 0.095333 0.476667
628 7.332333 0.495000 0.200667 1.003333
82 7.462333 0.510000 0.076667 0.546667
689 7.527667 0.491667 0.074000 0.363333
113 7.664333 0.491667 0.218000 1.090000
957 7.778667 0.490000 0.029333 0.246667
858 7.852000 0.508333 0.136000 0.443333
789 7.942667 0.498333 0.065333 0.390000
609 8.003000 0.506667 0.075333 0.313333
976 8.052000 0.510000 0.037333 0.306667
137 8.095000 0.503333 0.068667 0.340000
425 8.174333 0.490000 0.103333 0.600000
863 8.271333 0.490000 0.106667 0.513333
886 8.399333 0.496667 0.164000 0.820000
300 8.511000 0.508333 0.076667 0.243333
521 8.627667 0.491667 0.171333 0.856667
1008 8.730333 0.500000 0.048667 0.360000
402 8.814333 0.510000 0.134000 0.353333
407 8.914667 0.500000 0.082667 0.313333
779 8.969000 0.500000 0.046000 0.406667
603 9.081000 0.503333 0.198000 0.400000
595 9.244333 0.501667 0.144667 0.450000
321 9.353667 0.505000 0.091333 0.450000
57 9.423667 0.501667 0.063333 0.330000
1009 9.467333 0.498333 0.037333 0.290000
607 9.530333 0.491667 0.107333 0.316667
316 9.640000 0.493333 0.126667 0.500000
596 9.747667 0.500000 0.102000 0.306667
195 9.832333 0.496667 0.084667 0.420000
582 9.921000 0.500000 0.108667 0.433333
463 9.999667 0.498333 0.062000 0.363333
459 10.065667 0.495000 0.090000 0.456667
879 10.172333 0.498333 0.142000 0.443333
483 10.270667 0.493333 0.069333 0.353333
68 10.348667 0.503333 0.104000 0.293333
794 10.422000 0.498333 0.057333 0.343333
38 10.494667 0.491667 0.102667 0.336667
375 10.604667 0.505000 0.132000 0.403333
100 10.743667 0.505000 0.162000 0.343333
48 10.929333 0.508333 0.225333 0.356667
194 11.096000 0.508333 0.121333 0.490000
292 11.213333 0.491667 0.132000 0.496667
460 11.304667 0.496667 0.066667 0.353333
421 11.411667 0.508333 0.163333 0.816667
220 11.541000 0.508333 0.114000 0.463333
134 11.656667 0.490000 0.130667 0.406667
296 11.760000 0.495000 0.090667 0.336667
9 11.840000 0.500000 0.088000 0.346667
846 11.926667 0.488333 0.098667 0.410000
79 12.076000 0.500000 0.217333 0.480000
675 12.233667 0.505000 0.118000 0.436667
599 12.355667 0.490000 0.142000 0.446667
543 12.496333 0.508333 0.158000 0.790000
318 12.614333 0.496667 0.091333 0.460000
67 12.735667 0.491667 0.166000 0.830000
764 12.848333 0.498333 0.072667 0.363333
541 12.968000 0.508333 0.184000 0.396667
813 13.123667 0.505000 0.144667 0.516667
604 13.254000 0.505000 0.132000 0.403333
777 13.366333 0.488333 0.108667 0.476667
805 13.499667 0.493333 0.175333 0.506667
763 13.605667 0.498333 0.055333 0.436667
85 13.674333 0.503333 0.098000 0.373333
528 13.767000 0.503333 0.107333 0.346667
859 13.882667 0.493333 0.137333 0.393333
285 14.003667 0.501667 0.124667 0.416667
142 14.107000 0.506667 0.100667 0.533333
47 14.189333 0.498333 0.084000 0.403333
6 14.280667 0.490000 0.117333 0.486667
189 14.387333 0.500000 0.112000 0.560000
841 14.493000 0.495000 0.114000 0.463333
109 14.625667 0.506667 0.168667 0.360000
576 14.753667 0.490000 0.106000 0.413333
706 14.832667 0.491667 0.069333 0.370000
939 14.880333 0.490000 0.046000 0.360000
60 14.936333 0.490000 0.082000 0.340000
558 15.008333 0.491667 0.076667 0.376667
775 15.074667 0.496667 0.070667 0.346667
263 15.210333 0.505000 0.218000 1.090000
472 15.339667 0.510000 0.055333 0.293333
386 15.441667 0.505000 0.164667 0.823333
506 15.532667 0.503333 0.036000 0.406667
910 15.594333 0.510000 0.106000 0.353333
25 15.698000 0.505000 0.116000 0.423333
546 15.791000 0.510000 0.086000 0.313333
251 15.863000 0.501667 0.074000 0.416667
298 15.937333 0.495000 0.089333 0.450000
480 16.011000 0.510000 0.076667 0.426667
479 16.074667 0.491667 0.070667 0.423333
504 16.186333 0.508333 0.172667 0.496667
704 16.327667 0.506667 0.127333 0.466667
492 16.425667 0.501667 0.082000 0.436667
462 16.488667 0.491667 0.061333 0.363333
131 16.570000 0.503333 0.117333 0.453333
975 16.639333 0.508333 0.034667 0.270000
486 16.676000 0.508333 0.054667 0.330000
1002 16.715000 0.506667 0.038000 0.273333
661 16.781000 0.495000 0.110000 0.363333
328 16.923333 0.488333 0.190667 0.436667
22 17.065333 0.500000 0.109333 0.366667
108 17.195000 0.488333 0.167333 0.836667
577 17.312000 0.500000 0.081333 0.320000
828 17.389000 0.510000 0.090000 0.373333
911 17.469333 0.503333 0.085333 0.313333
415 17.564333 0.508333 0.123333 0.430000
835 17.679667 0.491667 0.123333 0.516667
183 17.780333 0.496667 0.091333 0.460000
915 17.863333 0.506667 0.092000 0.753333
682 17.961000 0.503333 0.118000 0.446667
907 18.064667 0.491667 0.104000 0.330000
544 18.144667 0.500000 0.074667 0.293333
624 18.272667 0.491667 0.194667 0.656667
703 18.421000 0.493333 0.122000 0.420000
559 18.517667 0.505000 0.091333 0.450000
539 18.592333 0.501667 0.072667 0.323333
799 18.661333 0.501667 0.082667 0.303333
673 18.760000 0.500000 0.134667 0.460000
205 18.929667 0.491667 0.219333 1.096667
496 19.077000 0.490000 0.088667 0.360000
526 19.193000 0.500000 0.163333 0.413333
922 19.283333 0.503333 0.030667 0.246667
717 19.369333 0.500000 0.156000 0.780000
192 19.501000 0.496667 0.123333 0.526667
589 19.609333 0.508333 0.113333 0.523333
989 19.680667 0.510000 0.046667 0.340000
50 19.749667 0.503333 0.110000 0.313333
43 19.861000 0.508333 0.127333 0.510000
176 19.968333 0.496667 0.106000 0.386667
587 20.078333 0.508333 0.134000 0.403333
217 20.185667 0.498333 0.100667 0.510000
146 20.265333 0.495000 0.078667 0.343333
913 20.365667 0.491667 0.136667 0.416667
923 20.447667 0.510000 0.042000 0.300000
334 20.526333 0.496667 0.128667 0.446667
370 20.677000 0.508333 0.191333 0.956667
903 20.850000 0.488333 0.169333 0.476667
305 20.969000 0.508333 0.082000 0.456667
453 21.040000 0.503333 0.076000 0.420000
674 21.137333 0.505000 0.136000 0.470000
829 21.254333 0.490000 0.115333 0.480000
517 21.358333 0.491667 0.110000 0.363333
792 21.460333 0.490000 0.112667 0.460000
937 21.528000 0.488333 0.036000 0.263333
218 21.586667 0.503333 0.097333 0.493333
307 21.655333 0.501667 0.058667 0.323333
762 21.721333 0.491667 0.093333 0.410000
987 21.778000 0.505000 0.038667 0.323333
530 21.842333 0.488333 0.103333 0.516667
325 21.970333 0.498333 0.170000 0.710000
565 22.116333 0.491667 0.136667 0.316667
252 22.261333 0.506667 0.170667 0.853333
743 22.393333 0.493333 0.106667 0.453333
969 22.460667 0.501667 0.046667 0.356667
227 22.515333 0.500000 0.078667 0.393333
562 22.616000 0.488333 0.136000 0.310000
367 22.746667 0.505000 0.145333 0.390000
477 22.841333 0.495000 0.058667 0.330000
549 22.921667 0.508333 0.120667 0.403333
16 23.022000 0.508333 0.100000 0.350000
698 23.095333 0.491667 0.066667 0.350000
37 23.187000 0.488333 0.134000 0.456667
368 23.322000 0.491667 0.150667 0.430000
736 23.429333 0.508333 0.081333 0.443333
852 23.526667 0.493333 0.128000 0.526667
404 23.688667 0.490000 0.214667 1.073333
552 23.815667 0.506667 0.056667 0.360000
579 23.926333 0.505000 0.179333 0.536667
434 24.054333 0.501667 0.096667 0.330000
269 24.176667 0.501667 0.162667 0.490000
670 24.297667 0.503333 0.096667 0.326667
722 24.391000 0.493333 0.110000 0.333333
980 24.455333 0.490000 0.036000 0.266667
898 24.531333 0.490000 0.136000 0.380000
729 24.606333 0.508333 0.031333 0.423333
384 24.670000 0.490000 0.109333 0.293333
760 24.789000 0.498333 0.148667 0.436667
1015 24.878000 0.491667 0.046667 0.350000
104 24.975000 0.508333 0.160667 0.350000
31 25.120000 0.490000 0.144000 0.413333
468 25.226000 0.491667 0.081333 0.410000
80 25.304333 0.493333 0.091333 0.453333
457 25.378667 0.490000 0.072000 0.440000
354 25.479000 0.488333 0.142000 0.410000
256 25.604667 0.505000 0.125333 0.423333
125 25.712000 0.488333 0.108000 0.463333
588 25.800667 0.496667 0.082667 0.373333
29 25.907000 0.490000 0.146000 0.400000
216 26.026000 0.505000 0.109333 0.443333
772 26.180000 0.493333 0.216000 1.080000
346 26.355667 0.501667 0.150000 0.463333
648 26.465333 0.503333 0.089333 0.400000
420 26.547000 0.500000 0.090000 0.333333
540 26.679000 0.510000 0.191333 0.693333
17 26.826000 0.496667 0.120000 0.413333
287 26.932667 0.501667 0.109333 0.410000
625 27.090667 0.510000 0.222667 1.113333
822 27.249667 0.506667 0.111333 0.340000
14 27.360333 0.495000 0.123333 0.396667
361 27.486667 0.498333 0.142667 0.436667
510 27.619333 0.510000 0.142667 0.446667
769 27.749333 0.506667 0.136000 0.393333
150 27.857333 0.493333 0.098667 0.400000
882 27.949000 0.510000 0.099333 0.386667
557 28.037667 0.503333 0.096667 0.633333
638 28.124000 0.506667 0.096000 0.380000
208 28.206333 0.493333 0.088667 0.366667
232 28.291333 0.506667 0.101333 0.513333
344 28.390000 0.488333 0.110667 0.296667
258 28.545667 0.508333 0.216667 1.083333
83 28.693000 0.506667 0.092667 0.460000
581 28.776667 0.501667 0.094667 0.430000
306 28.852667 0.508333 0.077333 0.430000
15 28.937000 0.496667 0.104667 0.366667
254 29.046667 0.491667 0.130667 0.496667
135 29.157333 0.510000 0.104000 0.326667
1022 29.227000 0.503333 0.048667 0.360000
249 29.279000 0.506667 0.075333 0.593333
1010 29.326667 0.496667 0.033333 0.260000
928 29.352000 0.500000 0.036000 0.260000
33 29.427333 0.488333 0.128000 0.443333
184 29.534667 0.508333 0.105333 0.423333
501 29.618333 0.505000 0.078000 0.343333
1001 29.668000 0.500000 0.040000 0.300000
617 29.719000 0.498333 0.079333 0.330000
2 29.785667 0.490000 0.071333 0.340000
331 29.916667 0.491667 0.206667 0.463333
488 30.056667 0.495000 0.086667 0.443333
470 30.130333 0.496667 0.080667 0.413333
1018 30.185667 0.510000 0.047333 0.346667
490 30.232333 0.500000 0.063333 0.373333
888 30.316333 0.490000 0.122000 0.393333
105 30.459000 0.495000 0.182000 0.390000
626 30.624000 0.495000 0.165333 0.550000
569 30.739333 0.490000 0.084000 0.333333
677 30.820667 0.498333 0.092000 0.303333
190 30.913000 0.490000 0.112667 0.453333
945 30.977333 0.490000 0.034667 0.300000
345 31.043667 0.506667 0.118000 0.373333
687 31.130667 0.488333 0.070667 0.343333
343 31.217667 0.488333 0.122000 0.330000
97 31.359667 0.488333 0.178000 0.890000
527 31.557000 0.501667 0.230000 1.150000
715 31.771000 0.501667 0.216667 1.083333
379 31.954000 0.503333 0.168000 0.840000
381 32.095667 0.501667 0.132667 0.403333
940 32.168333 0.493333 0.032667 0.266667
874 32.216000 0.495000 0.077333 0.343333
798 32.296333 0.500000 0.098000 0.366667
165 32.399000 0.490000 0.124667 0.446667
382 32.562000 0.493333 0.214667 1.073333
1013 32.682333 0.501667 0.039333 0.316667
332 32.776000 0.506667 0.165333 0.826667
406 32.908333 0.496667 0.119333 0.453333
832 33.021333 0.500000 0.120000 0.480000
427 33.123000 0.500000 0.096667 0.453333
424 33.223000 0.488333 0.122000 0.390000
708 33.331667 0.491667 0.108667 0.443333
1020 33.393000 0.503333 0.034000 0.273333
95 33.508667 0.503333 0.210667 0.453333
1016 33.626000 0.495000 0.040000 0.290000
672 33.684667 0.496667 0.094667 0.340000
924 33.744667 0.488333 0.038667 0.290000
767 33.819667 0.505000 0.131333 0.383333
851 33.935667 0.498333 0.115333 0.536667
392 34.042000 0.508333 0.114667 0.350000
1005 34.105333 0.495000 0.030667 0.250000
533 34.174667 0.495000 0.121333 0.430000
485 34.262333 0.493333 0.072667 0.373333
839 34.329000 0.495000 0.079333 0.363333
629 34.436000 0.501667 0.149333 0.510000
35 34.549333 0.493333 0.097333 0.313333
803 34.659667 0.510000 0.142000 0.413333
881 34.794667 0.510000 0.141333 0.473333
330 34.895667 0.510000 0.078000 0.293333
466 34.955000 0.498333 0.056667 0.336667
755 35.044667 0.498333 0.137333 0.390000
74 35.165667 0.505000 0.123333 0.390000
1003 35.240667 0.490000 0.040000 0.300000
429 35.318000 0.491667 0.129333 0.456667
356 35.430000 0.495000 0.110667 0.310000
956 35.493333 0.501667 0.033333 0.276667
622 35.594000 0.510000 0.188000 0.633333
697 35.710667 0.488333 0.064000 0.323333
4 35.782333 0.500000 0.092667 0.373333
824 35.863667 0.491667 0.090000 0.436667
929 35.918000 0.500000 0.034667 0.260000
773 35.983667 0.503333 0.112667 0.313333
341 36.073333 0.505000 0.086667 0.390000
790 36.149000 0.488333 0.079333 0.476667
493 36.226667 0.498333 0.090667 0.490000
1021 36.286333 0.506667 0.042000 0.346667
642 36.340333 0.490000 0.082000 0.320000
267 36.461333 0.496667 0.174667 0.546667
1007 36.561333 0.505000 0.042667 0.316667
484 36.622667 0.505000 0.097333 0.363333
802 36.735333 0.498333 0.144000 0.310000
247 36.838000 0.510000 0.076000 0.313333
651 36.939000 0.501667 0.143333 0.470000
59 37.080333 0.495000 0.155333 0.390000
118 37.192667 0.493333 0.084000 0.333333
423 37.295667 0.495000 0.135333 0.503333
185 37.417333 0.500000 0.125333 0.520000
89 37.570333 0.491667 0.198000 0.990000
390 37.735667 0.510000 0.147333 0.393333
959 37.824333 0.490000 0.047333 0.346667
350 37.899333 0.488333 0.116000 0.356667
600 38.004667 0.488333 0.110667 0.336667
347 38.113333 0.495000 0.122667 0.356667
451 38.205000 0.490000 0.080667 0.420000
508 38.266000 0.493333 0.054667 0.306667
814 38.354667 0.488333 0.142667 0.350000
111 38.466667 0.490000 0.100000 0.440000
396 38.578000 0.503333 0.142667 0.413333
531 38.729000 0.501667 0.178000 0.456667
890 38.866667 0.500000 0.113333 0.566667
478 38.948000 0.505000 0.064000 0.376667
499 38.999667 0.503333 0.052667 0.313333
342 39.053333 0.491667 0.070667 0.330000
487 39.112667 0.496667 0.061333 0.340000
960 39.155000 0.500000 0.042000 0.353333
806 39.257667 0.508333 0.178000 0.423333
988 39.356000 0.493333 0.037333 0.306667
77 39.431333 0.508333 0.133333 0.330000
311 39.530667 0.491667 0.084000 0.363333
340 39.617000 0.493333 0.104667 0.300000
174 39.714333 0.498333 0.103333 0.376667
326 39.792333 0.496667 0.068667 0.313333
748 39.861000 0.505000 0.087333 0.310000
516 39.946667 0.510000 0.100000 0.326667
740 40.053667 0.506667 0.134000 0.306667
752 40.143000 0.500000 0.063333 0.173333
979 40.186000 0.495000 0.036000 0.276667
143 40.238667 0.505000 0.086667 0.370000
884 40.324000 0.488333 0.100000 0.343333
230 40.445333 0.493333 0.161333 0.806667
117 40.594333 0.498333 0.151333 0.456667
64 40.695000 0.506667 0.067333 0.366667
995 40.742000 0.496667 0.042667 0.340000
204 40.806333 0.495000 0.106000 0.436667
181 40.920333 0.503333 0.136667 0.506667
282 41.046000 0.501667 0.128000 0.443333
761 41.171000 0.503333 0.136667 0.393333
749 41.275333 0.490000 0.086667 0.360000
637 41.339667 0.506667 0.056667 0.293333
295 41.403667 0.488333 0.091333 0.390000
685 41.482000 0.488333 0.081333 0.310000
664 41.581333 0.500000 0.136000 0.473333
819 41.694333 0.505000 0.107333 0.316667
632 41.817000 0.493333 0.155333 0.500000
253 41.907333 0.488333 0.044000 0.443333
362 41.995667 0.503333 0.150000 0.433333
214 42.111667 0.498333 0.098000 0.403333
702 42.233333 0.510000 0.162667 0.813333
574 42.355333 0.503333 0.101333 0.406667
495 42.437667 0.493333 0.078000 0.373333
553 42.518667 0.495000 0.097333 0.350000
585 42.629333 0.496667 0.137333 0.433333
532 42.750333 0.506667 0.124667 0.633333
991 42.821667 0.490000 0.032667 0.260000
758 42.897000 0.503333 0.134000 0.420000
522 43.012000 0.503333 0.112000 0.373333
186 43.107000 0.490000 0.096667 0.393333
734 43.237000 0.491667 0.179333 0.483333
575 43.382333 0.488333 0.128667 0.436667
593 43.520667 0.493333 0.164000 0.520000
753 43.700333 0.495000 0.215333 1.076667
72 43.841667 0.508333 0.080667 0.383333
448 43.918667 0.503333 0.088000 0.446667
807 44.049667 0.508333 0.194000 0.970000
843 44.253333 0.490000 0.226667 1.133333
167 44.410000 0.495000 0.106667 0.403333
745 44.504000 0.510000 0.094667 0.386667
621 44.573333 0.488333 0.060000 0.636667
301 44.628667 0.493333 0.064000 0.360000
173 44.706000 0.491667 0.105333 0.476667
276 44.781333 0.506667 0.062667 0.400000
281 44.870333 0.505000 0.134000 0.456667
302 44.968667 0.496667 0.081333 0.460000
872 45.066333 0.496667 0.130000 0.386667
440 45.157333 0.496667 0.069333 0.393333
444 45.223333 0.498333 0.081333 0.423333
179 45.320000 0.500000 0.132000 0.506667
791 45.415000 0.503333 0.078000 0.453333
694 45.492667 0.505000 0.090667 0.443333
820 45.572667 0.506667 0.082667 0.346667
765 45.638333 0.505000 0.066000 0.323333
894 45.719000 0.498333 0.111333 0.303333
741 45.814000 0.506667 0.093333 0.326667
999 45.872333 0.508333 0.036667 0.296667
73 45.954000 0.508333 0.144000 0.450000
168 46.128333 0.488333 0.220667 1.103333
716 46.339333 0.503333 0.220000 1.100000
732 46.481333 0.505000 0.080000 0.383333
58 46.543000 0.495000 0.056667 0.336667
18 46.607333 0.498333 0.088000 0.303333
116 46.712000 0.493333 0.134667 0.420000
445 46.814000 0.491667 0.082667 0.430000
538 46.955667 0.498333 0.218000 1.090000
973 47.071333 0.488333 0.032000 0.263333
145 47.123667 0.510000 0.091333 0.460000
226 47.213333 0.510000 0.108000 0.446667
652 47.365667 0.498333 0.214000 1.070000
147 47.509667 0.510000 0.090000 0.400000
855 47.584000 0.510000 0.074667 0.186667
613 47.699000 0.495000 0.175333 0.876667
783 47.828333 0.505000 0.102000 0.556667
51 47.919667 0.491667 0.100667 0.376667
291 48.027667 0.506667 0.135333 0.533333
246 48.155000 0.498333 0.138000 0.483333
153 48.260000 0.495000 0.088000 0.403333
949 48.312667 0.500000 0.034667 0.260000
684 48.372333 0.490000 0.103333 0.353333
785 48.458667 0.498333 0.082667 0.350000
469 48.529333 0.491667 0.078667 0.416667
705 48.630333 0.493333 0.138000 0.413333
512 48.742667 0.508333 0.106667 0.350000
391 48.846333 0.505000 0.118000 0.376667
55 48.947000 0.495000 0.100667 0.243333
23 49.090000 0.510000 0.200000 1.000000
203 49.246333 0.503333 0.130000 0.526667
563 49.371333 0.505000 0.136000 0.276667
308 49.467000 0.491667 0.070000 0.390000
418 49.540333 0.506667 0.094000 0.460000
660 49.629000 0.500000 0.103333 0.360000
422 49.709667 0.495000 0.074000 0.283333
439 49.804333 0.505000 0.130000 0.503333
159 49.886333 0.493333 0.047333 0.373333
71 49.932000 0.501667 0.064000 0.336667
201 50.018667 0.500000 0.125333 0.506667
242 50.126000 0.501667 0.104000 0.403333
951 50.186000 0.501667 0.034667 0.263333
787 50.235333 0.490000 0.082667 0.500000
933 50.289000 0.490000 0.038000 0.300000
139 50.328667 0.495000 0.060000 0.323333
900 50.407000 0.503333 0.111333 0.300000
669 50.505000 0.508333 0.099333 0.336667
825 50.604000 0.506667 0.118667 0.533333
676 50.717000 0.496667 0.122000 0.413333
148 50.880000 0.510000 0.222667 1.113333
170 51.042000 0.506667 0.114667 0.413333
45 51.128333 0.490000 0.071333 0.353333
24 51.223333 0.493333 0.138667 0.466667
1017 51.310333 0.500000 0.048667 0.366667
163 51.387333 0.500000 0.118667 0.420000
438 51.517667 0.508333 0.158000 0.483333
591 51.661667 0.498333 0.144667 0.430000
719 51.794667 0.493333 0.140000 0.373333
10 51.915333 0.498333 0.118667 0.416667
491 52.009333 0.500000 0.086667 0.426667
353 52.111000 0.501667 0.135333 0.423333
788 52.270000 0.508333 0.201333 0.543333
519 52.413333 0.505000 0.100000 0.330000
849 52.505000 0.510000 0.102000 0.480000
917 52.570667 0.508333 0.044000 0.316667
891 52.613333 0.498333 0.061333 0.256667
388 52.694333 0.501667 0.120667 0.370000
998 52.764333 0.498333 0.036667 0.303333
864 52.830667 0.495000 0.109333 0.430000
49 52.977667 0.505000 0.199333 0.996667
837 53.114000 0.503333 0.092000 0.380000
166 53.198667 0.503333 0.096000 0.366667
92 53.326667 0.500000 0.180000 0.900000
547 53.442667 0.505000 0.070667 0.423333
164 53.558667 0.503333 0.176000 0.880000
91 53.760000 0.496667 0.241333 0.513333
771 53.923667 0.500000 0.099333 0.493333
985 53.990333 0.506667 0.052667 0.380000
465 54.045333 0.490000 0.074667 0.406667
395 54.128667 0.508333 0.106667 0.330000
556 54.234000 0.495000 0.122667 0.510000
964 54.310333 0.490000 0.046000 0.346667
784 54.351000 0.498333 0.051333 0.423333
363 54.439333 0.500000 0.141333 0.393333
871 54.528000 0.488333 0.056000 0.276667
160 54.584333 0.495000 0.075333 0.456667
536 54.693667 0.493333 0.159333 0.600000
520 54.831667 0.495000 0.131333 0.410000
250 54.952000 0.508333 0.128000 0.610000
8 55.061000 0.506667 0.107333 0.380000
856 55.189333 0.491667 0.166667 0.416667
320 55.339667 0.495000 0.148667 0.470000
34 55.467667 0.510000 0.120667 0.386667
280 55.577667 0.505000 0.114000 0.416667
731 55.672667 0.506667 0.089333 0.466667
916 55.807000 0.506667 0.198000 0.413333
905 55.977000 0.506667 0.162000 0.533333
656 56.115333 0.500000 0.132000 0.346667
441 56.206000 0.498333 0.068000 0.350000
1006 56.249000 0.505000 0.034000 0.270000
266 56.351000 0.495000 0.190000 0.950000
366 56.512667 0.510000 0.146667 0.393333
224 56.641000 0.501667 0.126000 0.523333
817 56.751000 0.505000 0.114000 0.263333
124 56.845333 0.491667 0.092000 0.316667
707 56.928333 0.491667 0.092667 0.410000
700 57.068333 0.501667 0.206000 1.030000
162 57.213667 0.505000 0.102000 0.356667
718 57.355333 0.493333 0.200000 1.000000
746 57.520333 0.496667 0.148667 0.540000
199 57.635000 0.493333 0.098000 0.440000
380 57.768000 0.510000 0.182667 0.913333
810 57.905333 0.490000 0.110667 0.453333
994 57.971000 0.491667 0.036667 0.296667
618 58.015667 0.510000 0.070000 0.400000
840 58.092667 0.505000 0.098667 0.436667
757 58.206667 0.490000 0.145333 0.466667
84 58.331333 0.490000 0.121333 0.340000
274 58.444333 0.506667 0.120667 0.566667
5 58.541333 0.491667 0.093333 0.403333
461 58.614667 0.490000 0.069333 0.386667
737 58.664000 0.503333 0.046667 0.306667
551 58.730667 0.496667 0.105333 0.340000
399 58.833667 0.501667 0.120667 0.416667
81 58.949667 0.496667 0.124667 0.506667
548 59.066000 0.503333 0.128000 0.413333
795 59.158333 0.496667 0.071333 0.426667
963 59.202000 0.505000 0.034667 0.276667
678 59.257333 0.493333 0.096000 0.313333
447 59.325333 0.510000 0.057333 0.306667
28 59.407000 0.491667 0.119333 0.396667
133 59.502667 0.495000 0.090667 0.323333
271 59.618667 0.510000 0.154667 0.466667
845 59.737667 0.505000 0.102000 0.423333
782 59.833000 0.496667 0.106000 0.486667
259 59.986667 0.496667 0.218667 1.093333
726 60.129000 0.500000 0.086000 0.466667
833 60.219000 0.500000 0.110000 0.493333
554 60.342333 0.501667 0.152667 0.430000
821 60.467000 0.491667 0.115333 0.710000
649 60.571333 0.506667 0.106667 0.586667
383 60.698000 0.495000 0.160000 0.443333
573 60.808333 0.508333 0.075333 0.303333
374 60.898667 0.496667 0.125333 0.360000
926 60.974333 0.508333 0.040667 0.296667
446 61.022667 0.490000 0.072000 0.380000
561 61.131000 0.503333 0.162000 0.333333
385 61.282000 0.498333 0.157333 0.423333
430 61.405333 0.498333 0.105333 0.450000
93 61.545000 0.491667 0.190000 0.396667
830 61.688667 0.506667 0.110667 0.460000
456 61.780333 0.496667 0.087333 0.446667
212 61.875333 0.495000 0.121333 0.543333
238 61.976667 0.491667 0.098667 0.383333
76 62.079333 0.488333 0.124000 0.383333
578 62.191667 0.490000 0.114000 0.446667
981 62.258000 0.506667 0.032000 0.266667
279 62.317333 0.491667 0.104000 0.603333
944 62.382667 0.500000 0.042667 0.313333
471 62.435333 0.501667 0.078667 0.416667
358 62.532333 0.500000 0.134000 0.373333
958 62.609667 0.503333 0.038000 0.280000
507 62.657000 0.495000 0.071333 0.423333
234 62.728000 0.495000 0.086667 0.410000
314 62.811000 0.508333 0.096667 0.330000
896 62.916000 0.488333 0.130667 0.363333
671 63.019333 0.506667 0.092000 0.313333
920 63.109333 0.495000 0.104000 0.383333
449 63.191667 0.508333 0.075333 0.450000
513 63.272333 0.498333 0.103333 0.343333
868 63.355667 0.500000 0.082000 0.466667
1011 63.403667 0.496667 0.028667 0.240000
410 63.451667 0.488333 0.086000 0.383333
387 63.562333 0.490000 0.152667 0.460000
514 63.689000 0.506667 0.116667 0.366667
102 63.823000 0.506667 0.168667 0.360000
598 63.972333 0.495000 0.144667 0.450000
665 64.090333 0.500000 0.104667 0.346667
982 64.152000 0.503333 0.033333 0.260000
221 64.207333 0.496667 0.097333 0.486667
679 64.282667 0.506667 0.068000 0.420000
571 64.349333 0.503333 0.084000 0.360000
442 64.415333 0.500000 0.068000 0.353333
297 64.470667 0.505000 0.058667 0.303333
759 64.564667 0.498333 0.145333 0.416667
497 64.704000 0.503333 0.153333 0.393333
393 64.851000 0.488333 0.154000 0.456667
640 64.961000 0.508333 0.082000 0.410000
322 65.051000 0.498333 0.115333 0.156667
371 65.179000 0.508333 0.160667 0.803333
690 65.303667 0.495000 0.106000 0.523333
968 65.366333 0.496667 0.032667 0.253333
336 65.428333 0.503333 0.108667 0.520000
180 65.532333 0.506667 0.119333 0.460000
235 65.639667 0.491667 0.110000 0.436667
992 65.705667 0.508333 0.035333 0.290000
411 65.811000 0.501667 0.188667 0.943333
529 65.951333 0.491667 0.109333 0.503333
161 66.052333 0.500000 0.108667 0.400000
349 66.169333 0.503333 0.140000 0.433333
627 66.302333 0.493333 0.140667 0.480000
414 66.427333 0.510000 0.128000 0.600000
241 66.532333 0.488333 0.096667 0.543333
786 66.601333 0.493333 0.056000 0.346667
962 66.641667 0.501667 0.040667 0.303333
635 66.698667 0.488333 0.088000 0.396667
616 66.830000 0.510000 0.189333 0.946667
417 66.966000 0.493333 0.098667 0.480000
115 67.040000 0.496667 0.062667 0.353333
394 67.159000 0.505000 0.188667 0.943333
947 67.260667 0.510000 0.034667 0.286667
41 67.373000 0.498333 0.203333 1.016667
932 67.487667 0.506667 0.042000 0.300000
303 67.538333 0.490000 0.079333 0.440000
245 67.608000 0.506667 0.073333 0.300000
339 67.676000 0.505000 0.077333 0.383333
88 67.803000 0.510000 0.190000 0.400000
889 67.987000 0.505000 0.194000 0.970000
611 68.116667 0.490000 0.084000 0.313333
86 68.191000 0.496667 0.079333 0.340000
996 68.243667 0.493333 0.046000 0.346667
94 68.340333 0.505000 0.164667 0.823333
909 68.451000 0.488333 0.076667 0.336667
42 68.509333 0.501667 0.060000 0.336667
860 68.639000 0.505000 0.219333 1.096667
198 68.781000 0.501667 0.084667 0.423333
606 68.865000 0.496667 0.100667 0.306667
474 68.941667 0.500000 0.068667 0.386667
927 68.985667 0.508333 0.039333 0.330000
636 69.044667 0.495000 0.097333 0.216667
848 69.151667 0.501667 0.134000 0.410000
935 69.226333 0.493333 0.032667 0.253333
918 69.296333 0.491667 0.123333 0.430000
476 69.381000 0.493333 0.062000 0.353333
583 69.438333 0.496667 0.072667 0.426667
114 69.506000 0.508333 0.078667 0.390000
993 69.559333 0.496667 0.048000 0.353333
107 69.657333 0.506667 0.162667 0.813333
26 69.804333 0.488333 0.147333 0.496667
793 69.924667 0.496667 0.109333 0.446667
934 69.985000 0.498333 0.031333 0.256667
744 70.097000 0.498333 0.210000 1.050000
312 70.257667 0.508333 0.130000 0.476667
376 70.395000 0.503333 0.158000 0.440000
426 70.493000 0.500000 0.054000 0.346667
811 70.581333 0.491667 0.140000 0.350000
398 70.679333 0.495000 0.070667 0.363333
187 70.752667 0.508333 0.094667 0.403333
953 70.809333 0.500000 0.036000 0.300000
99 70.912667 0.493333 0.189333 0.946667
290 71.065667 0.500000 0.136667 0.373333
877 71.161000 0.495000 0.074000 0.370000
906 71.267333 0.505000 0.152000 0.423333
733 71.374667 0.503333 0.081333 0.486667
255 71.471667 0.501667 0.132667 0.510000
46 71.553000 0.496667 0.048667 0.433333
348 71.631333 0.488333 0.128000 0.370000
30 71.749667 0.496667 0.123333 0.360000
686 71.842667 0.503333 0.078667 0.386667
978 71.896667 0.500000 0.042667 0.313333
997 71.925333 0.491667 0.034667 0.263333
515 71.997000 0.490000 0.127333 0.406667
800 72.101000 0.503333 0.100667 0.366667
272 72.239667 0.495000 0.196667 0.570000
818 72.409667 0.495000 0.160667 0.376667
974 72.502667 0.500000 0.042667 0.306667
225 72.559000 0.500000 0.086000 0.420000
329 72.671333 0.503333 0.154667 0.546667
450 72.769000 0.495000 0.054000 0.310000
869 72.831333 0.500000 0.088000 0.520000
842 72.915333 0.501667 0.096000 0.410000
435 72.986333 0.500000 0.062000 0.300000
432 73.088000 0.495000 0.160000 0.343333
555 73.183667 0.510000 0.044667 0.440000
323 73.284333 0.498333 0.175333 0.876667
473 73.397333 0.488333 0.064000 0.330000
897 73.477000 0.488333 0.111333 0.343333
908 73.578333 0.493333 0.110000 0.420000
887 73.702667 0.503333 0.157333 0.480000
691 73.815333 0.496667 0.088000 0.433333
542 73.924667 0.501667 0.146667 0.550000
941 74.012000 0.493333 0.045333 0.353333
3 74.077333 0.505000 0.101333 0.443333
735 74.180000 0.493333 0.124000 0.493333
739 74.266333 0.496667 0.062000 0.540000
572 74.337000 0.498333 0.094000 0.416667
494 74.419333 0.490000 0.090667 0.453333
723 74.523667 0.491667 0.131333 0.450000
692 74.617000 0.500000 0.072667 0.353333
655 74.680667 0.490000 0.072000 0.286667
236 74.756000 0.496667 0.098667 0.413333
634 74.831000 0.503333 0.070000 0.306667
584 74.913000 0.501667 0.111333 0.356667
633 75.079000 0.491667 0.236667 0.650000
693 75.229667 0.498333 0.084667 0.416667
177 75.322000 0.490000 0.116000 0.406667
454 75.407667 0.510000 0.071333 0.373333
681 75.462667 0.493333 0.052000 0.460000
337 75.589000 0.488333 0.215333 1.076667
727 75.714333 0.495000 0.051333 0.330000
738 75.774667 0.495000 0.082667 0.363333
207 75.900000 0.496667 0.181333 0.906667
742 76.074000 0.506667 0.182667 0.913333
351 76.225667 0.493333 0.138000 0.406667
511 76.337667 0.498333 0.104667 0.330000
231 76.435000 0.506667 0.104667 0.453333
1023 76.505000 0.491667 0.048667 0.363333
268 76.606667 0.506667 0.168000 0.840000
930 76.698000 0.490000 0.029333 0.246667
13 76.771000 0.490000 0.131333 0.426667
75 76.909333 0.490000 0.158667 0.480000
53 77.028667 0.495000 0.097333 0.323333
202 77.122000 0.495000 0.105333 0.410000
455 77.208000 0.506667 0.080000 0.406667
213 77.297667 0.493333 0.112667 0.460000
564 77.406000 0.508333 0.124000 0.256667
378 77.517000 0.501667 0.111333 0.323333
275 77.595667 0.491667 0.059333 0.376667
136 77.673667 0.496667 0.115333 0.480000
983 77.743000 0.501667 0.040667 0.290000
87 77.864000 0.500000 0.218667 1.093333
518 78.022000 0.510000 0.112000 0.366667
191 78.111667 0.503333 0.080667 0.393333
878 78.187667 0.506667 0.087333 0.446667
52 78.272000 0.490000 0.096000 0.340000
288 78.359333 0.505000 0.098667 0.376667
317 78.461333 0.510000 0.122667 0.466667
644 78.557000 0.500000 0.083333 0.400000
277 78.635667 0.508333 0.087333 0.396667
278 78.733000 0.498333 0.126000 0.370000
724 78.835000 0.505000 0.095333 0.490000
369 78.940333 0.508333 0.130000 0.350000
39 79.055000 0.496667 0.114000 0.360000
535 79.175667 0.500000 0.142000 0.306667
654 79.339667 0.508333 0.203333 1.016667
844 79.487333 0.493333 0.105333 0.446667
658 79.563667 0.505000 0.063333 0.370000
659 79.624333 0.510000 0.076667 0.313333
433 79.721333 0.490000 0.134667 0.326667
293 79.838000 0.498333 0.118667 0.456667
401 79.929667 0.496667 0.083333 0.466667
984 79.984333 0.498333 0.040667 0.310000
400 80.028000 0.490000 0.060000 0.473333
151 80.088333 0.493333 0.080667 0.366667
919 80.152333 0.510000 0.060667 0.286667
502 80.216667 0.510000 0.084000 0.373333
780 80.318333 0.500000 0.135333 0.386667
211 80.430667 0.496667 0.102667 0.493333
172 80.539667 0.506667 0.134000 0.506667
751 80.643333 0.508333 0.090667 0.383333
284 80.743000 0.493333 0.127333 0.460000
98 80.903667 0.501667 0.212667 0.456667
586 81.066333 0.505000 0.128667 0.376667
243 81.230000 0.496667 0.216000 1.080000
260 81.413667 0.490000 0.171333 0.486667
776 81.564333 0.498333 0.148667 0.343333
525 81.680667 0.495000 0.104000 0.343333
904 81.764667 0.508333 0.081333 0.436667
219 81.904333 0.498333 0.214000 1.070000
961 82.024667 0.488333 0.042667 0.323333
612 82.116667 0.503333 0.161333 0.806667
315 82.240000 0.498333 0.100000 0.370000
327 82.358667 0.500000 0.152000 0.420000
834 82.486333 0.506667 0.119333 0.493333
289 82.630667 0.503333 0.185333 0.926667
397 82.761333 0.500000 0.089333 0.393333
464 82.833333 0.500000 0.068000 0.373333
69 82.907333 0.488333 0.096000 0.516667
797 83.003333 0.510000 0.114667 0.426667
309 83.087667 0.495000 0.070000 0.396667
12 83.167667 0.490000 0.103333 0.353333
614 83.293667 0.496667 0.164667 0.433333
712 83.479667 0.505000 0.224667 1.123333
408 83.629333 0.496667 0.090667 0.346667
948 83.684333 0.496667 0.035333 0.260000
823 83.742333 0.508333 0.095333 0.496667
524 83.834667 0.505000 0.108000 0.336667
209 83.940667 0.510000 0.118667 0.546667
925 84.006000 0.498333 0.032000 0.263333
509 84.085667 0.488333 0.142000 0.450000
696 84.217333 0.501667 0.137333 0.316667
413 84.381667 0.501667 0.207333 1.036667
781 84.510333 0.500000 0.070000 0.360000
812 84.605000 0.493333 0.139333 0.320000
19 84.714000 0.490000 0.098667 0.333333
443 84.789333 0.508333 0.072000 0.370000
138 84.858667 0.500000 0.081333 0.433333
244 84.966000 0.510000 0.150667 0.413333
206 85.084333 0.500000 0.102000 0.453333
768 85.168667 0.501667 0.080000 0.230000
720 85.288333 0.501667 0.176667 0.883333
893 85.450000 0.506667 0.160000 0.800000
653 85.585667 0.500000 0.128667 0.420000
592 85.709667 0.493333 0.132667 0.413333
178 85.838333 0.496667 0.139333 0.493333
154 85.942000 0.505000 0.082667 0.383333
666 86.025667 0.496667 0.100667 0.353333
605 86.125000 0.498333 0.112667 0.296667
66 86.223667 0.506667 0.099333 0.513333
1 86.303000 0.490000 0.078000 0.400000
61 86.373333 0.498333 0.076000 0.383333
750 86.466000 0.498333 0.124000 0.456667
560 86.592667 0.508333 0.144000 0.443333
338 86.729000 0.495000 0.144667 0.750000
324 86.865000 0.505000 0.144667 0.703333
32 86.990333 0.491667 0.119333 0.436667
946 87.065667 0.505000 0.046000 0.343333
188 87.137667 0.505000 0.118000 0.476667
200 87.232333 0.510000 0.088667 0.366667
710 87.350667 0.495000 0.161333 0.436667
880 87.470333 0.496667 0.096667 0.313333
630 87.588000 0.491667 0.152000 0.510000
359 87.718000 0.493333 0.121333 0.333333
364 87.872667 0.490000 0.208000 1.040000
857 88.080667 0.496667 0.228000 0.513333
990 88.203000 0.488333 0.034000 0.256667
936 88.238333 0.498333 0.050000 0.376667
140 88.343667 0.501667 0.179333 0.896667
931 88.442667 0.495000 0.034667 0.290000
970 88.473667 0.508333 0.047333 0.356667
310 88.518667 0.496667 0.061333 0.340000
11 88.592333 0.490000 0.099333 0.346667
405 88.685333 0.498333 0.105333 0.396667
567 88.785000 0.491667 0.112667 0.470000
728 88.857333 0.488333 0.049333 0.436667
836 88.926667 0.493333 0.108000 0.460000
475 89.011333 0.500000 0.077333 0.460000
257 89.103667 0.495000 0.124667 0.396667
261 89.221667 0.498333 0.127333 0.576667
943 89.297667 0.510000 0.039333 0.320000
853 89.352000 0.506667 0.082667 0.353333
419 89.429000 0.506667 0.084667 0.406667
416 89.505667 0.500000 0.088667 0.426667
831 89.584333 0.488333 0.083333 0.356667
808 89.664000 0.491667 0.092000 0.336667
866 89.777000 0.493333 0.147333 0.386667
955 89.863000 0.491667 0.038000 0.276667
120 89.987000 0.508333 0.223333 1.116667
534 90.135667 0.503333 0.091333 0.360000
389 90.227667 0.505000 0.111333 0.330000
428 90.316667 0.488333 0.081333 0.556667
130 90.439667 0.501667 0.180667 0.903333
355 90.615000 0.498333 0.184667 0.923333
409 90.805667 0.508333 0.215333 1.076667
265 90.973000 0.496667 0.135333 0.513333
902 91.126000 0.496667 0.186667 0.933333
663 91.258333 0.488333 0.094000 0.323333
754 91.367667 0.495000 0.140667 0.683333
645 91.464000 0.488333 0.069333 0.303333
688 91.532667 0.510000 0.085333 0.420000
262 91.682333 0.505000 0.228667 1.143333
270 91.875000 0.505000 0.171333 0.856667
713 92.050000 0.510000 0.194667 0.573333
875 92.218667 0.500000 0.162667 0.413333
921 92.320333 0.488333 0.056667 0.330000
971 92.362667 0.505000 0.042667 0.316667
1000 92.389000 0.500000 0.030000 0.253333
594 92.448667 0.503333 0.105333 0.326667
169 92.549333 0.500000 0.110667 0.426667
127 92.688333 0.488333 0.183333 0.916667
1019 92.790333 0.500000 0.040667 0.313333
610 92.862000 0.506667 0.120000 0.366667
403 92.992333 0.488333 0.158000 0.503333
503 93.133667 0.501667 0.140667 0.370000
770 93.254333 0.506667 0.116667 0.326667
319 93.358667 0.503333 0.105333 0.380000
804 93.490000 0.495000 0.176000 0.503333
458 93.605333 0.501667 0.074667 0.383333
714 93.742667 0.500000 0.213333 0.586667
619 93.882667 0.510000 0.082667 0.420000
965 93.939000 0.490000 0.044667 0.346667
646 94.002333 0.508333 0.098000 0.450000
711 94.130000 0.493333 0.170667 0.853333
938 94.230333 0.491667 0.043333 0.343333
112 94.327000 0.505000 0.168667 0.843333
106 94.489333 0.500000 0.174667 0.873333
294 94.677667 0.508333 0.215333 1.076667
861 94.801000 0.490000 0.051333 0.406667
826 94.870333 0.503333 0.103333 0.473333
972 94.936000 0.496667 0.048000 0.366667
756 95.010000 0.488333 0.117333 0.336667
683 95.173667 0.508333 0.227333 1.136667
171 95.327000 0.493333 0.094000 0.360000
631 95.455000 0.491667 0.180667 0.903333
110 95.613000 0.500000 0.148667 0.520000
597 95.743333 0.501667 0.129333 0.390000
122 95.838667 0.496667 0.076000 0.293333
914 95.936000 0.500000 0.136000 0.413333
63 96.053667 0.490000 0.114000 0.400000
56 96.134333 0.501667 0.066000 0.090000
862 96.195000 0.506667 0.074000 0.380000
827 96.288000 0.498333 0.125333 0.523333
152 96.373000 0.505000 0.063333 0.303333
668 96.460333 0.510000 0.128667 0.440000
725 96.585333 0.503333 0.140000 0.600000
590 96.700667 0.493333 0.106667 0.440000
121 96.754000 0.501667 0.018667 0.336667
952 96.775333 0.488333 0.044000 0.323333
566 96.847000 0.498333 0.114000 0.456667
273 96.924333 0.503333 0.054000 0.346667
196 96.990000 0.508333 0.097333 0.390000
650 97.108333 0.491667 0.156667 0.503333
283 97.242667 0.505000 0.129333 0.436667
709 97.351667 0.495000 0.104667 0.456667
132 97.436000 0.508333 0.080000 0.343333
885 97.511667 0.498333 0.090000 0.416667
620 97.603667 0.500000 0.112667 0.486667
123 97.712667 0.501667 0.125333 0.743333
942 97.788667 0.508333 0.041333 0.343333
452 97.832333 0.510000 0.064667 0.346667
966 97.880667 0.506667 0.050667 0.366667
40 97.946667 0.503333 0.098667 0.333333
899 98.065667 0.498333 0.152667 0.423333
876 98.230000 0.500000 0.196000 0.980000
210 98.365667 0.488333 0.095333 0.396667
482 98.439000 0.495000 0.071333 0.396667
119 98.518000 0.503333 0.102667 0.613333
156 98.633333 0.503333 0.142667 0.366667
182 98.756000 0.493333 0.116000 0.440000
20 98.849667 0.491667 0.091333 0.316667
129 98.948333 0.491667 0.126000 0.496667
721 99.093333 0.503333 0.180000 0.900000
643 99.219000 0.501667 0.087333 0.303333
373 99.366333 0.488333 0.227333 1.136667
986 99.492000 0.503333 0.038667 0.286667
103 99.603000 0.488333 0.198000 0.430000
126 99.750667 0.498333 0.112000 0.376667
498 99.821667 0.500000 0.050000 0.306667
641 99.879667 0.491667 0.084667 0.396667
431 99.973000 0.503333 0.119333 0.406667
901 100.125667 0.501667 0.204667 1.023333
950 100.234667 0.498333 0.030667 0.250000
568 100.288667 0.501667 0.094667 0.476667
505 100.356333 0.495000 0.054000 0.230000
304 100.410333 0.496667 0.067333 0.373333
667 100.483000 0.503333 0.098000 0.340000
101 100.645667 0.505000 0.240667 0.523333
467 100.786000 0.503333 0.060000 0.320000
730 100.886333 0.510000 0.156667 0.560000
436 101.004000 0.501667 0.093333 0.256667
233 101.091000 0.508333 0.099333 0.503333
333 101.238667 0.496667 0.213333 1.066667
747 101.393000 0.501667 0.115333 0.483333
601 101.514000 0.510000 0.140000 0.420000
313 101.639667 0.498333 0.128667 0.483333
222 101.753000 0.493333 0.115333 0.493333
895 101.858000 0.501667 0.110667 0.343333
647 101.933667 0.488333 0.060667 0.316667
372 102.022000 0.495000 0.133333 0.376667
78 102.188333 0.498333 0.212667 0.523333
175 102.350667 0.510000 0.132000 0.473333
360 102.473333 0.491667 0.133333 0.363333
248 102.581333 0.506667 0.101333 0.553333
550 102.658000 0.490000 0.068000 0.340000
228 102.749333 0.500000 0.128000 0.513333
299 102.861333 0.490000 0.109333 0.420000
1004 102.931333 0.508333 0.045333 0.356667
580 103.006667 0.503333 0.122667 0.293333
615 103.138000 0.500000 0.154667 0.773333
847 103.261333 0.488333 0.106667 0.323333
237 103.346333 0.501667 0.079333 0.563333
608 103.428667 0.505000 0.100000 0.343333
537 103.568667 0.510000 0.197333 0.986667
128 103.739333 0.490000 0.164000 0.513333
523 103.863667 0.491667 0.104667 0.336667
545 103.962000 0.493333 0.106667 0.400000
662 104.068000 0.510000 0.118667 0.446667
