917 0.026667 0.508333 0.046667 0.356667
481 0.074000 0.503333 0.066667 0.340000
129 0.179333 0.510000 0.164000 0.820000
126 0.349333 0.506667 0.193333 0.966667
412 0.473333 0.491667 0.073333 0.370000
626 0.587000 0.505000 0.168667 0.843333
74 0.738000 0.501667 0.148000 0.463333
124 0.852667 0.501667 0.100000 0.363333
693 0.939333 0.488333 0.093333 0.456667
488 1.010667 0.506667 0.065333 0.340000
300 1.071333 0.490000 0.073333 0.240000
553 1.162000 0.510000 0.121333 0.426667
942 1.232000 0.491667 0.034667 0.283333
186 1.289667 0.496667 0.100667 0.506667
717 1.403000 0.495000 0.140667 0.350000
535 1.568333 0.508333 0.203333 0.456667
208 1.712000 0.503333 0.101333 0.506667
299 1.795000 0.506667 0.082000 0.313333
358 1.884333 0.493333 0.116667 0.313333
811 2.009333 0.496667 0.146667 0.366667
530 2.119667 0.510000 0.088667 0.413333
888 2.221000 0.501667 0.132667 0.403333
227 2.332667 0.496667 0.104000 0.413333
499 2.409333 0.490000 0.066667 0.406667
827 2.484000 0.491667 0.100000 0.423333
828 2.578000 0.508333 0.102667 0.443333
214 2.681333 0.495000 0.118667 0.476667
775 2.762667 0.501667 0.064000 0.316667
247 2.834333 0.510000 0.099333 0.480000
454 2.902000 0.510000 0.054667 0.286667
55 2.989667 0.508333 0.138000 0.343333
940 3.070000 0.503333 0.037333 0.306667
907 3.151667 0.510000 0.142000 0.500000
712 3.308333 0.488333 0.190000 0.950000
735 3.470667 0.493333 0.149333 0.606667
572 3.583667 0.510000 0.095333 0.373333
443 3.661667 0.496667 0.079333 0.406667
77 3.756667 0.490000 0.125333 0.313333
630 3.903333 0.488333 0.181333 0.603333
325 4.045000 0.508333 0.118000 0.483333
709 4.145333 0.493333 0.102667 0.413333
40 4.235667 0.493333 0.094000 0.293333
808 4.315333 0.491667 0.082667 0.370000
541 4.434000 0.496667 0.169333 0.846667
270 4.578000 0.496667 0.136000 0.406667
633 4.731333 0.500000 0.188000 0.940000
382 4.885667 0.505000 0.139333 0.370000
636 5.011667 0.510000 0.128667 0.286667
842 5.125333 0.496667 0.112000 0.466667
26 5.222333 0.493333 0.102000 0.346667
577 5.325000 0.496667 0.118000 0.453333
790 5.406667 0.488333 0.058667 0.336667
979 5.445667 0.496667 0.039333 0.293333
180 5.525000 0.506667 0.138000 0.493333
686 5.628333 0.490000 0.088667 0.433333
568 5.723667 0.495000 0.119333 0.596667
429 5.822333 0.510000 0.096667 0.340000
674 5.917000 0.491667 0.110000 0.363333
780 6.043333 0.500000 0.161333 0.460000
209 6.168667 0.500000 0.104000 0.440000
814 6.280000 0.496667 0.132000 0.460000
602 6.403667 0.501667 0.128667 0.396667
448 6.493667 0.498333 0.068667 0.370000
127 6.597333 0.506667 0.157333 0.786667
1019 6.684667 0.506667 0.037333 0.273333
764 6.728667 0.500000 0.068000 0.326667
184 6.816000 0.498333 0.124000 0.496667
4 6.906333 0.491667 0.074000 0.316667
819 7.011667 0.498333 0.150000 0.383333
558 7.111333 0.505000 0.065333 0.323333
27 7.202333 0.491667 0.135333 0.450000
689 7.309667 0.498333 0.092667 0.456667
672 7.402667 0.505000 0.112000 0.390000
919 7.483000 0.505000 0.062000 0.263333
676 7.571667 0.488333 0.128667 0.443333
613 7.691333 0.491667 0.130667 0.350000
44 7.796667 0.510000 0.100000 0.400000
136 7.891667 0.506667 0.104667 0.453333
796 8.006000 0.500000 0.142667 0.493333
24 8.129667 0.505000 0.119333 0.403333
398 8.228000 0.501667 0.092000 0.483333
371 8.342000 0.503333 0.150667 0.406667
440 8.444000 0.496667 0.073333 0.373333
753 8.535000 0.500000 0.128667 0.440000
93 8.686667 0.491667 0.188000 0.403333
500 8.814000 0.498333 0.081333 0.376667
239 8.890333 0.490000 0.091333 0.553333
321 8.984000 0.491667 0.110667 0.470000
861 9.051667 0.488333 0.044667 0.350000
425 9.116333 0.505000 0.102000 0.576667
445 9.190667 0.490000 0.061333 0.346667
725 9.265667 0.496667 0.107333 0.453333
1001 9.335000 0.488333 0.050000 0.370000
376 9.409667 0.510000 0.112667 0.306667
427 9.540000 0.500000 0.168000 0.840000
487 9.648333 0.500000 0.068667 0.406667
220 9.720667 0.496667 0.093333 0.460000
106 9.868667 0.496667 0.221333 1.106667
354 10.034000 0.505000 0.128000 0.356667
864 10.146333 0.498333 0.114000 0.456667
751 10.255000 0.500000 0.119333 0.480000
452 10.341667 0.495000 0.072667 0.403333
507 10.403000 0.496667 0.068667 0.346667
502 10.461667 0.496667 0.068667 0.326667
667 10.532667 0.500000 0.089333 0.333333
320 10.625667 0.488333 0.114000 0.376667
287 10.723333 0.505000 0.100000 0.370000
684 10.814000 0.500000 0.101333 0.360000
170 10.921000 0.491667 0.130000 0.450000
724 11.024333 0.501667 0.092667 0.430000
344 11.135333 0.493333 0.145333 0.420000
442 11.234667 0.503333 0.070667 0.420000
740 11.331333 0.495000 0.140000 0.323333
467 11.425667 0.493333 0.063333 0.340000
720 11.553667 0.501667 0.206000 1.030000
176 11.715333 0.491667 0.134667 0.490000
105 11.886667 0.495000 0.225333 0.483333
873 12.030000 0.510000 0.074667 0.326667
809 12.113333 0.495000 0.110667 0.610000
226 12.201667 0.496667 0.086000 0.386667
949 12.253333 0.496667 0.032000 0.266667
897 12.333667 0.491667 0.146000 0.430000
1014 12.413333 0.498333 0.030667 0.250000
695 12.506333 0.500000 0.174000 0.453333
318 12.638333 0.508333 0.103333 0.416667
73 12.757333 0.490000 0.150667 0.466667
723 12.872667 0.493333 0.100000 0.340000
980 12.931333 0.498333 0.034667 0.256667
120 13.023000 0.498333 0.163333 0.416667
35 13.156333 0.503333 0.120667 0.393333
242 13.263000 0.505000 0.106000 0.416667
432 13.382333 0.503333 0.146000 0.326667
230 13.556000 0.490000 0.217333 1.086667
522 13.718333 0.506667 0.122000 0.386667
70 13.874000 0.503333 0.205333 1.026667
519 14.023000 0.505000 0.111333 0.356667
17 14.116000 0.495000 0.090667 0.303333
534 14.192333 0.500000 0.080667 0.313333
174 14.283000 0.488333 0.115333 0.430000
191 14.390667 0.500000 0.118667 0.480000
19 14.501667 0.508333 0.119333 0.383333
284 14.622000 0.498333 0.137333 0.490000
433 14.738667 0.488333 0.112000 0.223333
390 14.880667 0.503333 0.186667 0.933333
813 15.022000 0.505000 0.112000 0.363333
119 15.119000 0.493333 0.100667 0.600000
366 15.221333 0.508333 0.121333 0.356667
69 15.324333 0.506667 0.100667 0.506667
54 15.399667 0.503333 0.064667 0.346667
7 15.489333 0.510000 0.133333 0.473333
750 15.606667 0.500000 0.118667 0.440000
986 15.682000 0.501667 0.048000 0.350000
430 15.752333 0.493333 0.110000 0.466667
563 15.871333 0.495000 0.144000 0.303333
800 15.975667 0.505000 0.082000 0.316667
1015 16.031333 0.510000 0.044000 0.353333
705 16.100667 0.506667 0.113333 0.386667
789 16.189667 0.496667 0.084667 0.513333
87 16.305000 0.491667 0.159333 0.336667
728 16.409333 0.495000 0.062667 0.570000
544 16.474333 0.503333 0.080667 0.320000
746 16.565667 0.495000 0.115333 0.416667
737 16.643333 0.495000 0.054667 0.376667
792 16.714333 0.495000 0.102000 0.416667
661 16.821667 0.488333 0.132667 0.450000
431 16.935667 0.500000 0.115333 0.380000
889 17.044667 0.500000 0.117333 0.386667
862 17.129333 0.496667 0.072000 0.380000
687 17.204667 0.501667 0.092000 0.450000
359 17.299667 0.493333 0.115333 0.306667
767 17.415000 0.488333 0.130000 0.376667
411 17.576333 0.496667 0.212667 0.466667
157 17.758333 0.490000 0.166000 0.660000
860 17.950333 0.488333 0.231333 0.616667
244 18.141667 0.500000 0.166000 0.446667
43 18.264667 0.493333 0.094667 0.380000
480 18.335667 0.503333 0.062000 0.373333
639 18.394000 0.510000 0.074667 0.373333
887 18.488000 0.500000 0.130667 0.406667
81 18.589000 0.501667 0.088667 0.356667
269 18.706333 0.496667 0.166000 0.533333
403 18.893667 0.508333 0.223333 1.116667
83 19.033333 0.490000 0.074667 0.366667
232 19.110000 0.495000 0.097333 0.490000
486 19.188000 0.501667 0.073333 0.423333
219 19.274667 0.503333 0.114667 0.473333
145 19.367667 0.488333 0.086000 0.450000
294 19.530667 0.501667 0.253333 0.470000
274 19.696667 0.500000 0.094667 0.446667
859 19.803000 0.490000 0.132667 0.406667
774 19.896667 0.491667 0.074667 0.416667
969 19.949667 0.505000 0.050000 0.370000
51 20.017333 0.505000 0.101333 0.343333
213 20.115333 0.505000 0.108000 0.550000
715 20.257000 0.495000 0.195333 0.976667
513 20.398667 0.488333 0.106667 0.336667
826 20.489333 0.510000 0.088000 0.373333
397 20.580333 0.506667 0.110000 0.500000
222 20.686333 0.488333 0.119333 0.603333
308 20.775333 0.501667 0.074667 0.416667
894 20.909333 0.493333 0.213333 1.066667
509 21.069667 0.508333 0.127333 0.410000
903 21.180667 0.493333 0.113333 0.346667
128 21.324000 0.510000 0.192000 0.960000
726 21.457000 0.506667 0.088667 0.466667
41 21.571000 0.508333 0.154000 0.430000
644 21.672667 0.501667 0.068000 0.336667
632 21.795333 0.503333 0.194667 0.633333
990 21.903000 0.503333 0.039333 0.293333
465 21.949333 0.495000 0.066667 0.336667
734 22.053333 0.506667 0.154667 0.433333
645 22.160333 0.505000 0.072667 0.323333
95 22.296333 0.500000 0.212667 0.460000
404 22.439333 0.493333 0.090667 0.453333
515 22.531000 0.493333 0.111333 0.346667
532 22.637000 0.493333 0.120667 0.620000
466 22.728333 0.488333 0.080667 0.416667
406 22.808667 0.503333 0.100000 0.386667
345 22.965000 0.495000 0.228667 1.143333
802 23.143333 0.505000 0.144000 0.310000
646 23.241667 0.490000 0.070000 0.326667
79 23.375000 0.498333 0.214000 1.070000
483 23.506667 0.495000 0.065333 0.350000
967 23.552000 0.490000 0.042667 0.340000
5 23.597333 0.506667 0.068000 0.313333
591 23.705000 0.508333 0.166000 0.530000
526 23.839333 0.500000 0.118667 0.313333
576 23.946000 0.493333 0.113333 0.446667
198 24.072333 0.495000 0.158000 0.790000
196 24.190333 0.498333 0.092667 0.376667
363 24.294333 0.490000 0.132667 0.406667
187 24.398667 0.506667 0.090667 0.460000
694 24.483333 0.495000 0.097333 0.476667
938 24.546000 0.496667 0.048000 0.366667
304 24.590667 0.500000 0.060000 0.340000
479 24.648000 0.488333 0.068000 0.403333
475 24.713333 0.510000 0.076000 0.393333
101 24.832000 0.496667 0.178667 0.380000
8 24.969000 0.495000 0.112667 0.430000
197 25.064667 0.491667 0.097333 0.396667
484 25.153333 0.500000 0.098667 0.366667
12 25.244000 0.498333 0.102667 0.363333
733 25.331333 0.501667 0.086667 0.530000
752 25.397333 0.500000 0.064000 0.173333
42 25.454333 0.496667 0.063333 0.353333
98 25.577000 0.501667 0.196667 0.416667
781 25.703667 0.498333 0.070000 0.363333
714 25.811667 0.493333 0.162000 0.446667
355 25.973333 0.493333 0.176000 0.880000
835 26.106667 0.501667 0.110667 0.456667
381 26.225000 0.496667 0.140667 0.373333
246 26.356667 0.495000 0.138667 0.483333
985 26.436667 0.498333 0.034667 0.283333
250 26.521333 0.500000 0.154667 0.740000
1022 26.609000 0.493333 0.040667 0.333333
178 26.670333 0.496667 0.096667 0.353333
342 26.748333 0.493333 0.078000 0.353333
468 26.813000 0.508333 0.071333 0.363333
783 26.882000 0.495000 0.080000 0.423333
622 27.008667 0.510000 0.190667 0.953333
566 27.150667 0.495000 0.112000 0.463333
407 27.239333 0.495000 0.082667 0.316667
595 27.339000 0.491667 0.135333 0.403333
162 27.462667 0.510000 0.132000 0.473333
843 27.568000 0.491667 0.098667 0.403333
185 27.655667 0.510000 0.092667 0.433333
933 27.718333 0.491667 0.050000 0.363333
923 27.752000 0.490000 0.034667 0.260000
930 27.776333 0.501667 0.032667 0.256667
825 27.834333 0.508333 0.102000 0.423333
413 27.929000 0.508333 0.107333 0.430000
816 28.047667 0.510000 0.148667 0.393333
343 28.169000 0.496667 0.112667 0.333333
569 28.260667 0.508333 0.086667 0.363333
593 28.378333 0.498333 0.162000 0.810000
677 28.504333 0.500000 0.108667 0.360000
99 28.660667 0.493333 0.224000 1.120000
471 28.794667 0.510000 0.064000 0.380000
965 28.836000 0.498333 0.032000 0.263333
971 28.869000 0.490000 0.047333 0.360000
955 28.901333 0.490000 0.032000 0.266667
824 28.967333 0.491667 0.114667 0.476667
601 29.084333 0.498333 0.139333 0.423333
490 29.179667 0.496667 0.068667 0.353333
14 29.256000 0.503333 0.100000 0.346667
742 29.377667 0.491667 0.156667 0.783333
84 29.497667 0.505000 0.098000 0.276667
80 29.588000 0.498333 0.101333 0.523333
974 29.648000 0.493333 0.033333 0.266667
88 29.761000 0.508333 0.208667 1.043333
496 29.919333 0.500000 0.128000 0.540000
952 29.993000 0.496667 0.035333 0.286667
524 30.054333 0.491667 0.106000 0.336667
995 30.119667 0.498333 0.044667 0.343333
286 30.182000 0.495000 0.093333 0.343333
85 30.269667 0.491667 0.095333 0.396667
550 30.346000 0.498333 0.076000 0.376667
395 30.451000 0.505000 0.151333 0.403333
323 30.612333 0.501667 0.190000 0.950000
801 30.757000 0.506667 0.115333 0.433333
353 30.869667 0.506667 0.127333 0.386667
179 30.986333 0.508333 0.123333 0.470000
648 31.073000 0.506667 0.070000 0.293333
585 31.167000 0.505000 0.138000 0.443333
669 31.278000 0.501667 0.100000 0.350000
133 31.366667 0.490000 0.092000 0.400000
710 31.503667 0.493333 0.199333 0.506667
583 31.629333 0.493333 0.065333 0.386667
470 31.693000 0.490000 0.079333 0.406667
251 31.753000 0.506667 0.060667 0.340000
697 31.873333 0.510000 0.200000 1.000000
738 32.006333 0.508333 0.083333 0.410000
146 32.086333 0.506667 0.094000 0.473333
657 32.174000 0.500000 0.100000 0.433333
378 32.276000 0.495000 0.118667 0.370000
391 32.398000 0.505000 0.141333 0.423333
556 32.509333 0.508333 0.101333 0.410000
778 32.590000 0.500000 0.078667 0.533333
428 32.662000 0.506667 0.080000 0.520000
815 32.757000 0.508333 0.124667 0.350000
641 32.846000 0.503333 0.066667 0.313333
350 32.942667 0.498333 0.140000 0.416667
332 33.118667 0.493333 0.230667 1.153333
140 33.280000 0.493333 0.110667 0.600000
533 33.393333 0.488333 0.134667 0.456667
961 33.477000 0.493333 0.051333 0.373333
457 33.524000 0.491667 0.060000 0.343333
61 33.585333 0.506667 0.080000 0.413333
171 33.680333 0.488333 0.128667 0.450000
23 33.826333 0.488333 0.178000 0.503333
699 33.976000 0.506667 0.141333 0.420000
264 34.092333 0.500000 0.107333 0.413333
506 34.153667 0.491667 0.030000 0.350000
6 34.214333 0.505000 0.110000 0.436667
438 34.347000 0.490000 0.170000 0.513333
383 34.481667 0.493333 0.112667 0.313333
655 34.574667 0.505000 0.088000 0.390000
90 34.719333 0.510000 0.216000 0.460000
62 34.852333 0.498333 0.067333 0.316667
597 34.937667 0.500000 0.119333 0.353333
386 35.041667 0.500000 0.107333 0.306667
275 35.115333 0.508333 0.057333 0.376667
804 35.216667 0.501667 0.161333 0.483333
139 35.317000 0.498333 0.059333 0.343333
194 35.385667 0.491667 0.095333 0.483333
2 35.467000 0.508333 0.083333 0.430000
441 35.530000 0.506667 0.056000 0.333333
883 35.631000 0.488333 0.162000 0.356667
216 35.749333 0.505000 0.088000 0.383333
906 35.864000 0.501667 0.161333 0.443333
204 35.996667 0.490000 0.117333 0.553333
255 36.127000 0.496667 0.158000 0.593333
89 36.310333 0.510000 0.226000 0.486667
161 36.467667 0.496667 0.102000 0.366667
240 36.545667 0.505000 0.072667 0.383333
867 36.618667 0.495000 0.086667 0.276667
623 36.753000 0.491667 0.195333 0.630000
1016 36.860667 0.495000 0.040000 0.330000
217 36.930667 0.496667 0.114667 0.506667
387 37.036667 0.493333 0.114667 0.313333
228 37.138333 0.503333 0.104667 0.466667
491 37.236000 0.500000 0.104000 0.506667
680 37.342333 0.503333 0.127333 0.433333
421 37.479333 0.490000 0.161333 0.486667
847 37.601333 0.490000 0.098667 0.306667
192 37.695667 0.488333 0.106000 0.450000
434 37.810667 0.488333 0.138667 0.470000
707 37.927000 0.503333 0.110000 0.466667
612 38.050333 0.488333 0.155333 0.416667
793 38.174000 0.491667 0.112000 0.456667
16 38.275333 0.496667 0.105333 0.360000
762 38.354000 0.510000 0.068000 0.300000
225 38.432333 0.505000 0.107333 0.463333
33 38.528333 0.508333 0.102000 0.336667
529 38.620000 0.488333 0.101333 0.510000
447 38.698333 0.503333 0.075333 0.433333
654 38.834333 0.510000 0.212667 0.406667
992 38.950333 0.493333 0.035333 0.293333
525 39.021000 0.500000 0.126000 0.420000
722 39.139333 0.501667 0.130667 0.376667
905 39.269000 0.493333 0.146000 0.466667
234 39.395000 0.488333 0.119333 0.496667
418 39.494000 0.501667 0.094667 0.456667
692 39.579000 0.490000 0.090000 0.440000
315 39.667000 0.491667 0.102000 0.396667
399 39.765000 0.505000 0.112667 0.376667
916 39.924667 0.510000 0.224000 1.120000
260 40.087000 0.500000 0.119333 0.306667
656 40.227000 0.508333 0.174000 0.870000
829 40.350667 0.505000 0.090667 0.383333
314 40.452333 0.498333 0.131333 0.523333
337 40.601333 0.510000 0.181333 0.906667
224 40.750000 0.503333 0.129333 0.526667
280 40.869333 0.501667 0.125333 0.436667
1023 40.949000 0.510000 0.047333 0.360000
384 41.021333 0.510000 0.116000 0.366667
567 41.124333 0.491667 0.107333 0.450000
474 41.207667 0.498333 0.075333 0.456667
609 41.278333 0.491667 0.080667 0.330000
282 41.367000 0.488333 0.112667 0.390000
580 41.475667 0.495000 0.123333 0.290000
0 41.552667 0.495000 0.044000 0.370000
155 41.617333 0.491667 0.101333 0.523333
607 41.725000 0.503333 0.131333 0.400000
598 41.847667 0.490000 0.130000 0.386667
604 41.956333 0.490000 0.106000 0.320000
538 42.090667 0.493333 0.178667 0.440000
908 42.221333 0.505000 0.096000 0.356667
152 42.292667 0.500000 0.066667 0.320000
555 42.333667 0.505000 0.032667 0.323333
557 42.376667 0.500000 0.070667 0.460000
998 42.421000 0.488333 0.034000 0.276667
936 42.452000 0.501667 0.041333 0.296667
870 42.502000 0.506667 0.073333 0.353333
357 42.592000 0.506667 0.121333 0.340000
603 42.742333 0.505000 0.196667 0.436667
423 42.895333 0.490000 0.128000 0.460000
617 43.010333 0.488333 0.116667 0.456667
1005 43.079000 0.501667 0.035333 0.263333
361 43.157000 0.490000 0.138000 0.426667
296 43.269000 0.503333 0.099333 0.366667
1004 43.328000 0.496667 0.038667 0.300000
476 43.372000 0.506667 0.066667 0.400000
59 43.479667 0.495000 0.166000 0.830000
278 43.628333 0.501667 0.146000 0.450000
589 43.737667 0.505000 0.092667 0.396667
156 43.870000 0.493333 0.186667 0.466667
109 44.068000 0.493333 0.226667 0.493333
731 44.220667 0.506667 0.094667 0.493333
914 44.313667 0.505000 0.104667 0.316667
882 44.405000 0.490000 0.091333 0.366667
201 44.482667 0.488333 0.084000 0.363333
755 44.593333 0.510000 0.157333 0.513333
912 44.707333 0.505000 0.089333 0.376667
435 44.771333 0.506667 0.056000 0.280000
273 44.816000 0.500000 0.048000 0.280000
154 44.872000 0.491667 0.080000 0.396667
638 44.947333 0.501667 0.089333 0.350000
575 45.037000 0.501667 0.104667 0.343333
840 45.132000 0.490000 0.101333 0.460000
426 45.208667 0.496667 0.066667 0.406667
336 45.286333 0.503333 0.106000 0.506667
730 45.392333 0.503333 0.124667 0.446667
331 45.529667 0.501667 0.164667 0.823333
28 45.651000 0.505000 0.094000 0.316667
989 45.708333 0.505000 0.034000 0.283333
112 45.789333 0.501667 0.145333 0.483333
739 45.877333 0.488333 0.045333 0.403333
997 45.910333 0.491667 0.039333 0.296667
394 45.977000 0.503333 0.111333 0.306667
277 46.072000 0.505000 0.092000 0.416667
528 46.156000 0.500000 0.093333 0.313333
953 46.216667 0.501667 0.044000 0.343333
276 46.256000 0.488333 0.053333 0.336667
347 46.350333 0.498333 0.151333 0.470000
238 46.470333 0.503333 0.106000 0.413333
756 46.578667 0.500000 0.125333 0.393333
951 46.656667 0.503333 0.044000 0.340000
777 46.728333 0.496667 0.115333 0.480000
653 46.862000 0.510000 0.166667 0.540000
527 46.999000 0.493333 0.127333 0.366667
996 47.075333 0.501667 0.045333 0.350000
536 47.187333 0.493333 0.194667 0.973333
450 47.316333 0.500000 0.082000 0.426667
927 47.369667 0.505000 0.039333 0.290000
559 47.426667 0.510000 0.092000 0.453333
477 47.504667 0.500000 0.080000 0.406667
857 47.626000 0.508333 0.178667 0.390000
904 47.749333 0.510000 0.088000 0.413333
516 47.837000 0.488333 0.103333 0.330000
711 47.977667 0.510000 0.192667 0.493333
439 48.109333 0.510000 0.089333 0.360000
1017 48.166000 0.490000 0.038667 0.280000
909 48.226667 0.510000 0.102667 0.446667
39 48.315000 0.498333 0.092667 0.296667
221 48.437333 0.506667 0.172000 0.860000
618 48.555000 0.493333 0.078000 0.500000
571 48.636667 0.501667 0.105333 0.430000
823 48.722000 0.500000 0.084000 0.366667
615 48.820000 0.488333 0.128000 0.556667
932 48.898667 0.498333 0.048000 0.370000
372 48.975333 0.510000 0.120000 0.326667
651 49.103333 0.500000 0.150667 0.520000
832 49.234000 0.501667 0.128000 0.550000
56 49.319667 0.503333 0.062000 0.086667
166 49.405000 0.503333 0.123333 0.433333
307 49.488667 0.500000 0.061333 0.346667
295 49.558000 0.505000 0.093333 0.396667
573 49.639000 0.505000 0.086000 0.370000
243 49.754667 0.496667 0.164000 0.546667
561 49.915000 0.490000 0.175333 0.360000
944 50.015333 0.495000 0.044000 0.330000
845 50.081333 0.500000 0.102667 0.426667
614 50.188000 0.501667 0.130667 0.350000
153 50.290000 0.508333 0.086667 0.390000
898 50.430667 0.510000 0.212000 1.060000
202 50.593667 0.493333 0.131333 0.506667
744 50.739000 0.505000 0.174000 0.870000
456 50.854333 0.508333 0.074000 0.410000
719 50.974000 0.506667 0.182667 0.466667
741 51.102667 0.491667 0.093333 0.310000
121 51.149333 0.510000 0.020000 0.386667
629 51.243667 0.498333 0.188667 0.643333
784 51.359333 0.506667 0.061333 0.486667
107 51.490333 0.490000 0.214000 0.460000
797 51.631333 0.490000 0.081333 0.320000
289 51.742000 0.496667 0.160000 0.800000
610 51.888667 0.500000 0.148000 0.453333
189 52.006333 0.488333 0.103333 0.416667
701 52.139000 0.505000 0.176667 0.883333
338 52.272000 0.501667 0.109333 0.563333
392 52.375667 0.503333 0.118000 0.313333
795 52.459000 0.510000 0.064667 0.386667
1020 52.496333 0.500000 0.030000 0.246667
330 52.550333 0.503333 0.096667 0.366667
757 52.657667 0.501667 0.131333 0.376667
193 52.768333 0.508333 0.110000 0.483333
396 52.889333 0.505000 0.145333 0.423333
46 52.978333 0.501667 0.052667 0.470000
631 53.078000 0.508333 0.164000 0.556667
628 53.221333 0.501667 0.141333 0.476667
229 53.342667 0.506667 0.120000 0.486667
749 53.446667 0.488333 0.102667 0.450000
113 53.530333 0.503333 0.078000 0.353333
385 53.620000 0.495000 0.114667 0.303333
351 53.744000 0.510000 0.146667 0.426667
911 53.855667 0.491667 0.094000 0.350000
673 53.950000 0.493333 0.112000 0.420000
943 54.021333 0.510000 0.046667 0.366667
317 54.101667 0.508333 0.130000 0.496667
547 54.199000 0.498333 0.084667 0.483333
374 54.296000 0.500000 0.126667 0.400000
590 54.405667 0.493333 0.111333 0.373333
199 54.511333 0.501667 0.117333 0.536667
310 54.594333 0.510000 0.067333 0.380000
82 54.660000 0.495000 0.084000 0.623333
761 54.760333 0.493333 0.130000 0.380000
494 54.859000 0.506667 0.087333 0.466667
776 54.972667 0.491667 0.156000 0.436667
233 55.091333 0.495000 0.098667 0.410000
408 55.181667 0.501667 0.098000 0.370000
103 55.323333 0.500000 0.200000 0.440000
424 55.482667 0.498333 0.132000 0.430000
659 55.589333 0.493333 0.094667 0.380000
658 55.666333 0.491667 0.075333 0.416667
503 55.762667 0.490000 0.132000 0.386667
134 55.873667 0.500000 0.108667 0.353333
168 55.981667 0.493333 0.126000 0.460000
543 56.116333 0.491667 0.156667 0.783333
71 56.224333 0.488333 0.075333 0.403333
875 56.369667 0.498333 0.228667 1.143333
643 56.532667 0.491667 0.116000 0.443333
96 56.686000 0.493333 0.204000 0.440000
415 56.842667 0.500000 0.124000 0.433333
994 56.911667 0.490000 0.030000 0.246667
11 56.963667 0.508333 0.087333 0.303333
670 57.040333 0.488333 0.086000 0.316667
983 57.094000 0.503333 0.041333 0.333333
772 57.200333 0.493333 0.190000 0.560000
754 57.356333 0.505000 0.136667 0.670000
460 57.456667 0.495000 0.080000 0.403333
768 57.518333 0.498333 0.063333 0.163333
957 57.561333 0.490000 0.037333 0.280000
1009 57.591333 0.505000 0.042667 0.343333
455 57.643333 0.503333 0.076000 0.453333
876 57.761333 0.493333 0.174667 0.873333
713 57.948333 0.508333 0.212667 1.063333
853 58.103333 0.498333 0.116000 0.510000
164 58.204333 0.490000 0.102000 0.386667
215 58.292333 0.488333 0.091333 0.370000
1000 58.348667 0.493333 0.038667 0.306667
34 58.412333 0.500000 0.106000 0.353333
47 58.499333 0.490000 0.085333 0.413333
256 58.597000 0.505000 0.128667 0.490000
210 58.701333 0.501667 0.097333 0.416667
977 58.768333 0.490000 0.050000 0.360000
548 58.848000 0.510000 0.126667 0.393333
652 59.004000 0.490000 0.205333 1.026667
45 59.140333 0.488333 0.086000 0.430000
138 59.213333 0.508333 0.078667 0.470000
625 59.336333 0.495000 0.186000 0.930000
620 59.482333 0.505000 0.126000 0.536667
175 59.598333 0.503333 0.123333 0.426667
108 59.756667 0.503333 0.210667 0.453333
160 59.893000 0.493333 0.075333 0.406667
960 59.941667 0.505000 0.036667 0.283333
608 60.011667 0.500000 0.119333 0.420000
135 60.115667 0.488333 0.107333 0.310000
900 60.239000 0.490000 0.152667 0.440000
931 60.321333 0.500000 0.032000 0.260000
512 60.376333 0.505000 0.096667 0.310000
959 60.436000 0.505000 0.040000 0.316667
635 60.482333 0.488333 0.072667 0.296667
745 60.559333 0.490000 0.100000 0.406667
18 60.646667 0.508333 0.089333 0.283333
131 60.798333 0.498333 0.227333 1.136667
852 60.952667 0.496667 0.097333 0.406667
368 61.052000 0.496667 0.118667 0.346667
945 61.122000 0.488333 0.036000 0.283333
292 61.191000 0.500000 0.122000 0.460000
31 61.305333 0.488333 0.125333 0.363333
163 61.425667 0.493333 0.131333 0.486667
807 61.597667 0.508333 0.230000 1.150000
48 61.807000 0.495000 0.207333 1.036667
956 61.921667 0.493333 0.040667 0.340000
271 62.025000 0.496667 0.179333 0.593333
878 62.146333 0.491667 0.082000 0.416667
664 62.249333 0.510000 0.137333 0.466667
650 62.388000 0.500000 0.156000 0.506667
874 62.504000 0.500000 0.093333 0.453333
125 62.581333 0.488333 0.081333 0.390000
1012 62.633333 0.493333 0.038667 0.320000
158 62.728333 0.488333 0.167333 0.836667
375 62.861667 0.506667 0.114000 0.340000
159 62.929333 0.498333 0.034667 0.263333
822 63.002000 0.496667 0.128000 0.413333
869 63.093667 0.506667 0.068667 0.420000
67 63.206000 0.510000 0.174667 0.873333
147 63.334667 0.488333 0.096000 0.403333
236 63.425000 0.508333 0.099333 0.416667
836 63.523667 0.501667 0.111333 0.470000
253 63.597333 0.498333 0.049333 0.450000
649 63.670333 0.493333 0.110000 0.593333
400 63.743000 0.501667 0.055333 0.503333
301 63.794000 0.505000 0.066667 0.376667
91 63.933333 0.506667 0.230667 0.493333
837 64.096333 0.503333 0.114000 0.553333
319 64.185667 0.496667 0.078000 0.273333
97 64.303333 0.496667 0.170667 0.360000
104 64.463333 0.503333 0.164000 0.820000
891 64.562000 0.508333 0.052000 0.203333
839 64.626000 0.508333 0.093333 0.410000
1002 64.686000 0.506667 0.041333 0.306667
21 64.756333 0.491667 0.112667 0.396667
540 64.886000 0.490000 0.164000 0.640000
954 64.981333 0.493333 0.045333 0.340000
341 65.026667 0.508333 0.065333 0.290000
76 65.124667 0.508333 0.148000 0.463333
587 65.244667 0.503333 0.109333 0.340000
130 65.395333 0.498333 0.208000 0.436667
493 65.531333 0.508333 0.082667 0.443333
115 65.600000 0.508333 0.068000 0.330000
682 65.680333 0.491667 0.107333 0.403333
218 65.779000 0.503333 0.108667 0.486667
389 65.901000 0.498333 0.154000 0.476667
588 66.024000 0.506667 0.108000 0.466667
272 66.144333 0.495000 0.150000 0.436667
417 66.264667 0.491667 0.105333 0.510000
850 66.370333 0.491667 0.120667 0.490000
94 66.507667 0.505000 0.171333 0.363333
747 66.630667 0.493333 0.094667 0.413333
978 66.686667 0.498333 0.037333 0.303333
727 66.729667 0.501667 0.063333 0.303333
782 66.799667 0.493333 0.090000 0.420000
501 66.880000 0.495000 0.088000 0.416667
831 66.965333 0.506667 0.098667 0.406667
895 67.077333 0.496667 0.144000 0.446667
505 67.175667 0.496667 0.066000 0.273333
459 67.232000 0.488333 0.064000 0.336667
665 67.306667 0.503333 0.101333 0.353333
581 67.391000 0.500000 0.086000 0.366667
821 67.474667 0.488333 0.098667 0.683333
922 67.535333 0.490000 0.040000 0.293333
605 67.626333 0.508333 0.159333 0.416667
773 67.761333 0.501667 0.126667 0.330000
688 67.857333 0.505000 0.080000 0.390000
75 67.962667 0.501667 0.148000 0.456667
451 68.059000 0.493333 0.062000 0.353333
58 68.114000 0.501667 0.061333 0.283333
510 68.198000 0.508333 0.122667 0.383333
1003 68.277333 0.496667 0.049333 0.366667
885 68.332333 0.490000 0.075333 0.340000
334 68.438667 0.501667 0.150667 0.463333
844 68.557333 0.488333 0.101333 0.436667
879 68.658667 0.491667 0.118667 0.363333
143 68.758333 0.488333 0.094000 0.470000
311 68.835667 0.495000 0.080667 0.350000
117 68.923333 0.510000 0.110667 0.326667
759 69.034000 0.491667 0.125333 0.363333
142 69.137333 0.495000 0.097333 0.516667
248 69.221000 0.508333 0.088667 0.476667
579 69.348000 0.500000 0.181333 0.520000
380 69.494000 0.495000 0.128000 0.376667
594 69.605333 0.506667 0.109333 0.346667
190 69.707333 0.498333 0.108000 0.450000
736 69.780333 0.495000 0.058000 0.356667
377 69.854667 0.491667 0.110667 0.296667
297 69.939000 0.491667 0.076667 0.390000
150 70.014667 0.496667 0.094667 0.360000
13 70.099000 0.505000 0.090000 0.290000
279 70.188667 0.508333 0.106667 0.603333
520 70.302333 0.506667 0.136667 0.453333
565 70.429667 0.498333 0.138000 0.283333
939 70.513667 0.508333 0.044667 0.336667
846 70.569000 0.505000 0.083333 0.370000
798 70.647000 0.510000 0.086000 0.313333
517 70.740333 0.505000 0.118000 0.376667
207 70.844333 0.503333 0.103333 0.526667
818 70.953000 0.491667 0.128667 0.296667
627 71.088667 0.498333 0.162667 0.543333
265 71.219000 0.506667 0.116667 0.446667
518 71.325333 0.495000 0.110667 0.356667
729 71.383667 0.498333 0.026000 0.356667
328 71.460333 0.498333 0.140667 0.323333
122 71.574000 0.510000 0.106667 0.373333
463 71.659667 0.505000 0.080667 0.423333
871 71.716333 0.508333 0.048667 0.263333
564 71.802667 0.498333 0.141333 0.296667
787 71.892000 0.505000 0.057333 0.356667
472 71.942333 0.503333 0.062000 0.320000
562 72.041000 0.498333 0.152667 0.316667
37 72.161000 0.488333 0.103333 0.396667
606 72.265000 0.510000 0.124667 0.373333
370 72.395667 0.501667 0.151333 0.403333
482 72.499667 0.495000 0.072667 0.376667
1007 72.549333 0.488333 0.042667 0.343333
521 72.642667 0.501667 0.164000 0.430000
892 72.806000 0.495000 0.177333 0.510000
293 72.930000 0.508333 0.084000 0.350000
173 73.017000 0.500000 0.106000 0.480000
539 73.104667 0.500000 0.085333 0.380000
987 73.159000 0.500000 0.038000 0.306667
706 73.198333 0.506667 0.058000 0.306667
57 73.244333 0.501667 0.051333 0.290000
492 73.301000 0.501667 0.079333 0.423333
177 73.397000 0.496667 0.130000 0.453333
913 73.528000 0.493333 0.145333 0.453333
504 73.656667 0.493333 0.130667 0.373333
884 73.777333 0.508333 0.128000 0.470000
200 73.873667 0.501667 0.080667 0.403333
560 73.989667 0.501667 0.171333 0.536667
195 74.115333 0.496667 0.100000 0.426667
537 74.250333 0.495000 0.190000 0.950000
854 74.410333 0.503333 0.146000 0.420000
172 74.529333 0.501667 0.105333 0.410000
685 74.618333 0.498333 0.087333 0.330000
206 74.704000 0.506667 0.101333 0.500000
281 74.805667 0.493333 0.120667 0.413333
858 74.920000 0.496667 0.128000 0.433333
362 75.073333 0.496667 0.198667 0.993333
531 75.278000 0.493333 0.229333 1.146667
786 75.414333 0.491667 0.063333 0.383333
514 75.503667 0.498333 0.135333 0.430000
188 75.610667 0.510000 0.094667 0.413333
335 75.704667 0.493333 0.110667 0.386667
339 75.793000 0.498333 0.079333 0.430000
691 75.871000 0.496667 0.091333 0.446667
794 75.949333 0.501667 0.081333 0.510000
993 76.001000 0.503333 0.035333 0.260000
552 76.041667 0.493333 0.064667 0.400000
718 76.140333 0.491667 0.146000 0.363333
1 76.249333 0.508333 0.090667 0.470000
915 76.321667 0.490000 0.074000 0.606667
928 76.365000 0.495000 0.031333 0.250000
926 76.391333 0.496667 0.037333 0.286667
68 76.460000 0.501667 0.118667 0.336667
880 76.564000 0.488333 0.108000 0.370000
365 76.680667 0.495000 0.141333 0.383333
167 76.810000 0.490000 0.130667 0.486667
817 76.940333 0.508333 0.150000 0.350000
766 77.078333 0.501667 0.139333 0.410000
748 77.189333 0.500000 0.100000 0.346667
285 77.280667 0.510000 0.101333 0.333333
640 77.356667 0.501667 0.066667 0.343333
683 77.488667 0.503333 0.216000 1.080000
545 77.640667 0.493333 0.102667 0.373333
419 77.723667 0.508333 0.079333 0.383333
511 77.807333 0.491667 0.108000 0.343333
698 77.880000 0.498333 0.053333 0.276667
422 77.940000 0.490000 0.085333 0.320000
182 78.043667 0.491667 0.140667 0.470000
599 78.154333 0.495000 0.099333 0.296667
364 78.304000 0.500000 0.218667 1.093333
803 78.489667 0.491667 0.171333 0.503333
966 78.590000 0.496667 0.042667 0.333333
1008 78.624000 0.510000 0.038667 0.326667
356 78.706000 0.496667 0.144000 0.453333
352 78.828000 0.491667 0.120000 0.350000
165 78.941000 0.498333 0.126000 0.456667
770 79.090000 0.500000 0.189333 0.946667
696 79.244667 0.500000 0.137333 0.313333
283 79.355333 0.506667 0.102667 0.346667
22 79.452667 0.498333 0.106667 0.356667
369 79.596333 0.505000 0.196667 0.983333
444 79.717667 0.501667 0.066000 0.336667
324 79.819000 0.490000 0.150000 0.733333
414 79.977000 0.505000 0.180667 0.903333
948 80.077000 0.506667 0.038000 0.293333
958 80.102333 0.490000 0.030000 0.253333
721 80.201000 0.510000 0.182000 0.506667
584 80.364667 0.510000 0.158667 0.793333
327 80.491667 0.493333 0.111333 0.313333
25 80.606333 0.488333 0.138000 0.483333
678 80.715333 0.493333 0.100000 0.320000
402 80.832333 0.493333 0.147333 0.380000
968 80.917000 0.500000 0.042000 0.313333
497 80.998333 0.508333 0.139333 0.356667
50 81.138333 0.503333 0.159333 0.460000
893 81.295000 0.493333 0.174000 0.500000
231 81.415667 0.508333 0.084667 0.423333
114 81.494000 0.498333 0.089333 0.443333
181 81.601667 0.498333 0.144667 0.550000
223 81.718000 0.488333 0.101333 0.516667
849 81.802667 0.505000 0.086667 0.396667
360 81.910333 0.496667 0.146000 0.440000
838 82.026667 0.495000 0.100000 0.430000
410 82.125000 0.505000 0.112667 0.450000
263 82.260333 0.495000 0.176667 0.883333
303 82.376000 0.495000 0.073333 0.410000
349 82.468667 0.503333 0.132000 0.393333
478 82.568333 0.508333 0.082000 0.423333
937 82.616667 0.488333 0.034667 0.283333
409 82.675000 0.506667 0.098000 0.500000
890 82.771000 0.501667 0.114000 0.463333
716 82.900333 0.498333 0.158000 0.396667
288 83.021333 0.501667 0.100000 0.383333
20 83.111667 0.493333 0.100667 0.380000
446 83.185333 0.503333 0.064000 0.353333
373 83.291000 0.488333 0.160667 0.443333
830 83.413667 0.493333 0.103333 0.426667
116 83.518333 0.508333 0.124667 0.383333
962 83.595000 0.501667 0.046000 0.356667
935 83.630000 0.510000 0.037333 0.286667
416 83.686000 0.500000 0.089333 0.433333
1013 83.742000 0.496667 0.040000 0.306667
322 83.805000 0.495000 0.102000 0.163333
3 83.886667 0.498333 0.081333 0.356667
899 84.028667 0.490000 0.218667 1.093333
111 84.176333 0.498333 0.094000 0.396667
183 84.271000 0.488333 0.112667 0.523333
49 84.409000 0.495000 0.180667 0.903333
973 84.511333 0.491667 0.038667 0.316667
464 84.551000 0.503333 0.058000 0.346667
258 84.651000 0.495000 0.156667 0.783333
469 84.757333 0.501667 0.072000 0.430000
732 84.821000 0.491667 0.072667 0.350000
235 84.905667 0.498333 0.110000 0.443333
32 85.015000 0.506667 0.122000 0.466667
592 85.132000 0.498333 0.130667 0.376667
848 85.246333 0.493333 0.112667 0.340000
388 85.352000 0.506667 0.116000 0.360000
86 85.451333 0.493333 0.096000 0.406667
666 85.537667 0.490000 0.091333 0.300000
679 85.613667 0.506667 0.075333 0.466667
812 85.708333 0.493333 0.128667 0.393333
886 85.840667 0.493333 0.154667 0.773333
141 85.954000 0.505000 0.090667 0.383333
779 86.009333 0.500000 0.036000 0.346667
785 86.050667 0.506667 0.065333 0.273333
52 86.122667 0.501667 0.092000 0.310000
950 86.178000 0.496667 0.032000 0.266667
132 86.230667 0.488333 0.086667 0.396667
437 86.319333 0.493333 0.105333 0.500000
205 86.406000 0.490000 0.082667 0.400000
866 86.515000 0.498333 0.150000 0.470000
988 86.601667 0.500000 0.036667 0.273333
290 86.691000 0.501667 0.159333 0.456667
523 86.809667 0.493333 0.094000 0.293333
763 86.878333 0.498333 0.058000 0.483333
975 86.920667 0.491667 0.046667 0.343333
924 86.956333 0.491667 0.039333 0.316667
799 87.020000 0.506667 0.106667 0.386667
999 87.083333 0.493333 0.037333 0.293333
703 87.170000 0.496667 0.154667 0.773333
252 87.305000 0.503333 0.132667 0.526667
38 87.409667 0.491667 0.092667 0.343333
934 87.471333 0.510000 0.044000 0.360000
662 87.538667 0.510000 0.106667 0.353333
1010 87.605667 0.503333 0.043333 0.333333
976 87.639000 0.508333 0.038000 0.303333
261 87.737000 0.508333 0.171333 0.856667
760 87.881667 0.500000 0.135333 0.393333
941 87.963667 0.495000 0.048667 0.376667
144 88.018000 0.501667 0.080000 0.336667
245 88.087667 0.493333 0.076667 0.313333
681 88.142000 0.505000 0.048000 0.443333
257 88.271667 0.505000 0.231333 1.156667
302 88.420333 0.510000 0.079333 0.453333
624 88.528667 0.503333 0.153333 0.520000
863 88.642000 0.496667 0.086667 0.413333
436 88.744333 0.506667 0.135333 0.360000
788 88.897667 0.488333 0.184667 0.510000
820 89.025000 0.498333 0.086000 0.363333
63 89.118333 0.495000 0.120667 0.430000
637 89.199000 0.488333 0.056667 0.290000
634 89.259000 0.503333 0.080667 0.346667
621 89.323667 0.506667 0.066000 0.600000
9 89.402000 0.491667 0.106667 0.423333
810 89.500333 0.495000 0.103333 0.470000
865 89.604000 0.491667 0.122667 0.436667
495 89.693667 0.496667 0.070000 0.326667
1011 89.735667 0.490000 0.034000 0.286667
881 89.816000 0.506667 0.141333 0.473333
702 89.967333 0.503333 0.176000 0.880000
616 90.142333 0.501667 0.187333 0.463333
268 90.340333 0.488333 0.224667 1.123333
449 90.485000 0.490000 0.082000 0.426667
947 90.533667 0.490000 0.031333 0.253333
262 90.592000 0.498333 0.104000 0.536667
313 90.682667 0.491667 0.097333 0.383333
393 90.800333 0.493333 0.158000 0.433333
102 90.953333 0.501667 0.161333 0.343333
36 91.094000 0.490000 0.133333 0.446667
1021 91.176000 0.496667 0.046667 0.360000
963 91.213667 0.501667 0.046000 0.336667
241 91.265667 0.508333 0.078000 0.430000
329 91.392667 0.493333 0.189333 0.946667
982 91.496667 0.490000 0.037333 0.286667
981 91.525333 0.500000 0.034667 0.273333
316 91.583000 0.490000 0.094000 0.360000
806 91.723000 0.501667 0.204667 1.023333
15 91.879000 0.508333 0.120667 0.410000
769 92.000333 0.510000 0.135333 0.406667
267 92.148000 0.505000 0.174667 0.530000
29 92.305333 0.506667 0.153333 0.433333
309 92.410333 0.495000 0.072667 0.410000
123 92.546333 0.491667 0.214000 1.070000
771 92.690000 0.493333 0.092000 0.473333
582 92.777667 0.503333 0.098000 0.360000
872 92.878000 0.498333 0.118667 0.336667
64 92.965000 0.496667 0.071333 0.380000
203 93.049667 0.510000 0.115333 0.580000
1006 93.117667 0.493333 0.036667 0.286667
765 93.165000 0.501667 0.076667 0.356667
549 93.248667 0.495000 0.108000 0.363333
1018 93.309667 0.503333 0.034000 0.260000
340 93.386333 0.501667 0.136667 0.390000
458 93.472333 0.500000 0.055333 0.300000
78 93.571333 0.510000 0.156000 0.780000
671 93.690333 0.493333 0.102000 0.326667
570 93.778333 0.508333 0.090000 0.383333
110 93.871667 0.501667 0.112667 0.416667
708 94.026333 0.495000 0.211333 1.056667
596 94.180333 0.493333 0.111333 0.353333
743 94.279667 0.493333 0.106000 0.446667
834 94.371333 0.508333 0.092000 0.383333
991 94.426333 0.501667 0.035333 0.283333
489 94.471333 0.491667 0.074667 0.383333
346 94.560000 0.496667 0.120000 0.373333
841 94.661000 0.500000 0.100667 0.413333
148 94.786667 0.501667 0.165333 0.490000
259 94.942000 0.510000 0.161333 0.806667
700 95.077667 0.495000 0.128667 0.503333
367 95.203333 0.495000 0.141333 0.383333
333 95.370000 0.503333 0.212000 1.060000
211 95.526667 0.490000 0.116000 0.466667
266 95.651000 0.506667 0.146000 0.446667
312 95.778000 0.496667 0.124000 0.440000
600 95.901667 0.491667 0.139333 0.436667
611 96.007667 0.490000 0.086000 0.360000
920 96.086667 0.488333 0.088000 0.330000
65 96.165000 0.498333 0.086000 0.216667
401 96.239000 0.490000 0.076667 0.426667
856 96.357000 0.505000 0.172667 0.423333
660 96.491000 0.498333 0.115333 0.376667
902 96.624333 0.501667 0.168667 0.483333
758 96.779667 0.493333 0.155333 0.493333
896 96.919667 0.506667 0.142000 0.440000
851 97.044000 0.498333 0.121333 0.503333
574 97.144333 0.510000 0.096667 0.393333
690 97.236000 0.498333 0.104000 0.516667
901 97.348333 0.491667 0.136667 0.396667
663 97.463000 0.508333 0.108667 0.410000
100 97.614333 0.495000 0.210000 0.450000
833 97.771667 0.506667 0.119333 0.493333
291 97.879333 0.498333 0.109333 0.430000
462 97.960333 0.505000 0.071333 0.363333
169 98.045333 0.503333 0.117333 0.433333
546 98.145333 0.488333 0.102667 0.376667
642 98.231333 0.500000 0.086667 0.333333
868 98.309333 0.493333 0.084000 0.480000
420 98.379000 0.493333 0.074000 0.286667
921 98.435333 0.500000 0.057333 0.333333
551 98.521333 0.501667 0.134667 0.410000
791 98.618333 0.498333 0.074000 0.456667
118 98.708000 0.490000 0.118667 0.440000
554 98.816000 0.496667 0.116000 0.320000
910 98.932333 0.506667 0.130000 0.400000
586 99.070333 0.501667 0.159333 0.796667
72 99.197667 0.503333 0.108667 0.520000
92 99.334667 0.510000 0.184000 0.920000
964 99.437333 0.495000 0.038667 0.316667
498 99.475333 0.488333 0.057333 0.343333
10 99.556333 0.498333 0.119333 0.410000
972 99.630667 0.505000 0.049333 0.363333
137 99.683000 0.501667 0.074000 0.356667
149 99.804333 0.491667 0.188667 0.470000
877 99.929667 0.498333 0.080667 0.423333
453 99.995667 0.508333 0.071333 0.423333
647 100.055333 0.490000 0.062667 0.320000
461 100.115000 0.501667 0.072667 0.390000
984 100.170667 0.506667 0.053333 0.386667
348 100.256000 0.505000 0.136000 0.410000
249 100.345000 0.493333 0.059333 0.460000
485 100.399000 0.490000 0.068667 0.406667
704 100.481000 0.496667 0.108667 0.326667
66 100.638000 0.503333 0.225333 1.126667
473 100.781667 0.498333 0.076667 0.390000
542 100.872000 0.488333 0.124000 0.430000
805 101.004000 0.491667 0.156000 0.450000
212 101.127333 0.510000 0.105333 0.480000
405 101.210667 0.491667 0.080000 0.310000
306 101.276000 0.506667 0.065333 0.366667
30 101.373667 0.501667 0.143333 0.416667
254 101.496333 0.488333 0.122000 0.470000
855 101.591667 0.506667 0.086000 0.220000
946 101.646333 0.506667 0.043333 0.333333
675 101.704667 0.508333 0.092000 0.343333
379 101.831667 0.505000 0.176667 0.883333
578 101.952667 0.506667 0.084000 0.326667
668 102.039667 0.490000 0.107333 0.340000
151 102.130333 0.508333 0.090000 0.456667
60 102.202667 0.488333 0.070667 0.296667
929 102.250333 0.498333 0.039333 0.330000
970 102.283667 0.501667 0.042000 0.336667
237 102.330667 0.505000 0.065333 0.483333
918 102.407333 0.495000 0.108000 0.376667
925 102.472000 0.508333 0.037333 0.276667
326 102.526667 0.506667 0.092000 0.420000
305 102.605667 0.495000 0.080667 0.450000
53 102.695000 0.490000 0.111333 0.380000
508 102.777333 0.496667 0.072000 0.406667
298 102.840667 0.501667 0.072000 0.363333
619 102.909667 0.503333 0.082000 0.460000
