344 0.081667 0.501667 0.156667 0.783333
556 0.199667 0.495000 0.094000 0.383333
924 0.254000 0.495000 0.029333 0.243333
79 0.360667 0.506667 0.197333 0.986667
903 0.529000 0.488333 0.158000 0.470000
847 0.665667 0.493333 0.128667 0.393333
629 0.789000 0.498333 0.136667 0.450000
714 0.942667 0.506667 0.190667 0.953333
112 1.090000 0.495000 0.117333 0.396667
516 1.195333 0.495000 0.108000 0.363333
168 1.311333 0.508333 0.140000 0.496667
676 1.418000 0.500000 0.093333 0.313333
225 1.506667 0.488333 0.098667 0.396667
187 1.604333 0.506667 0.112667 0.480000
542 1.722333 0.506667 0.143333 0.500000
561 1.874000 0.490000 0.176000 0.380000
412 1.999667 0.506667 0.092667 0.460000
950 2.057667 0.500000 0.043333 0.366667
777 2.120333 0.493333 0.100667 0.413333
379 2.226667 0.501667 0.132000 0.356667
239 2.341000 0.488333 0.111333 0.670000
1023 2.404333 0.495000 0.034000 0.276667
328 2.491000 0.496667 0.154000 0.380000
721 2.673333 0.496667 0.229333 1.146667
918 2.843000 0.491667 0.130000 0.456667
519 2.949000 0.491667 0.098000 0.323333
520 3.044667 0.496667 0.112000 0.353333
675 3.137000 0.496667 0.088667 0.306667
69 3.218667 0.503333 0.093333 0.466667
677 3.307667 0.501667 0.098000 0.316667
261 3.415000 0.506667 0.135333 0.626667
336 3.516667 0.506667 0.085333 0.406667
253 3.578667 0.501667 0.054667 0.496667
661 3.658000 0.508333 0.118667 0.410000
481 3.743667 0.498333 0.072667 0.430000
416 3.817000 0.490000 0.090000 0.440000
678 3.901333 0.500000 0.094667 0.340000
234 3.983667 0.501667 0.083333 0.383333
856 4.109333 0.496667 0.184000 0.460000
896 4.249000 0.495000 0.112667 0.350000
935 4.321000 0.505000 0.044667 0.356667
817 4.393333 0.505000 0.117333 0.396667
458 4.476000 0.501667 0.064000 0.363333
382 4.602667 0.500000 0.204000 1.020000
155 4.748333 0.508333 0.103333 0.556667
681 4.817000 0.510000 0.047333 0.406667
860 4.939333 0.510000 0.216000 0.526667
552 5.060667 0.508333 0.041333 0.283333
454 5.100333 0.490000 0.058000 0.333333
825 5.167000 0.503333 0.088667 0.413333
844 5.251667 0.505000 0.100667 0.416667
367 5.363000 0.491667 0.135333 0.396667
90 5.502667 0.506667 0.158667 0.793333
355 5.642333 0.508333 0.136667 0.376667
745 5.744667 0.510000 0.084000 0.313333
829 5.831000 0.488333 0.104667 0.503333
219 5.978000 0.493333 0.209333 1.046667
657 6.110333 0.503333 0.075333 0.300000
755 6.193333 0.505000 0.109333 0.310000
922 6.258000 0.493333 0.037333 0.280000
654 6.388667 0.493333 0.242667 0.486667
70 6.560667 0.491667 0.120000 0.403333
949 6.636333 0.510000 0.044667 0.333333
538 6.731000 0.488333 0.162000 0.810000
630 6.876000 0.510000 0.142667 0.473333
938 6.961667 0.491667 0.048667 0.363333
188 7.044333 0.506667 0.131333 0.526667
277 7.136000 0.506667 0.069333 0.326667
640 7.207667 0.491667 0.087333 0.443333
351 7.306333 0.505000 0.124667 0.343333
981 7.376667 0.508333 0.036000 0.263333
482 7.424667 0.506667 0.077333 0.413333
52 7.519333 0.500000 0.128000 0.433333
362 7.652333 0.488333 0.158000 0.790000
591 7.787667 0.500000 0.128667 0.373333
971 7.865667 0.488333 0.047333 0.363333
305 7.915000 0.505000 0.067333 0.376667
497 8.015000 0.503333 0.147333 0.380000
606 8.141333 0.491667 0.120000 0.363333
694 8.234000 0.505000 0.084000 0.416667
284 8.331667 0.498333 0.126000 0.450000
127 8.445000 0.508333 0.114000 0.383333
986 8.518000 0.506667 0.046667 0.360000
91 8.619333 0.496667 0.172000 0.860000
617 8.735667 0.490000 0.079333 0.313333
418 8.816667 0.495000 0.096000 0.463333
621 8.884333 0.506667 0.055333 0.546667
74 8.961667 0.500000 0.115333 0.360000
508 9.049333 0.498333 0.080000 0.410000
583 9.110000 0.503333 0.058667 0.400000
397 9.181333 0.490000 0.101333 0.413333
16 9.268667 0.510000 0.086667 0.300000
525 9.368667 0.506667 0.129333 0.426667
433 9.508000 0.505000 0.164000 0.390000
352 9.657667 0.498333 0.150000 0.430000
68 9.785667 0.490000 0.124667 0.360000
156 9.948667 0.496667 0.221333 1.106667
513 10.111667 0.493333 0.124667 0.400000
186 10.209333 0.488333 0.088000 0.443333
393 10.318000 0.495000 0.142667 0.423333
799 10.418333 0.508333 0.076667 0.303333
100 10.545000 0.510000 0.196667 0.420000
206 10.681000 0.508333 0.090000 0.430000
997 10.735000 0.506667 0.036667 0.280000
471 10.781667 0.508333 0.075333 0.416667
89 10.910333 0.498333 0.195333 0.410000
532 11.052333 0.490000 0.102000 0.520000
522 11.158667 0.500000 0.124000 0.386667
9 11.261000 0.506667 0.099333 0.406667
13 11.359667 0.493333 0.118000 0.386667
527 11.522000 0.500000 0.224000 1.120000
692 11.665333 0.491667 0.076000 0.376667
882 11.747000 0.503333 0.106000 0.413333
796 11.845000 0.500000 0.104667 0.360000
295 11.955333 0.493333 0.133333 0.566667
990 12.033667 0.490000 0.036667 0.280000
25 12.107000 0.500000 0.128667 0.473333
0 12.185333 0.495000 0.046667 0.363333
230 12.247333 0.490000 0.094667 0.373333
827 12.342333 0.510000 0.110000 0.453333
972 12.409667 0.510000 0.043333 0.326667
738 12.457000 0.503333 0.070000 0.340000
272 12.571000 0.491667 0.175333 0.510000
119 12.696667 0.491667 0.093333 0.563333
55 12.797333 0.496667 0.125333 0.333333
798 12.901000 0.506667 0.095333 0.353333
358 13.043667 0.491667 0.210000 1.050000
453 13.169000 0.493333 0.060667 0.306667
465 13.234333 0.493333 0.088667 0.453333
413 13.366000 0.503333 0.194667 0.973333
652 13.536000 0.503333 0.161333 0.806667
136 13.677000 0.498333 0.138000 0.496667
578 13.784000 0.510000 0.090667 0.353333
794 13.857000 0.501667 0.074000 0.450000
385 13.950667 0.495000 0.132000 0.383333
762 14.052333 0.508333 0.087333 0.383333
872 14.177667 0.501667 0.176667 0.883333
470 14.292333 0.500000 0.068667 0.353333
820 14.360000 0.503333 0.081333 0.340000
900 14.454000 0.510000 0.121333 0.353333
507 14.550667 0.491667 0.086667 0.450000
499 14.618000 0.493333 0.065333 0.393333
939 14.662333 0.500000 0.042000 0.313333
60 14.718667 0.498333 0.089333 0.370000
429 14.815000 0.500000 0.116667 0.413333
39 14.928333 0.508333 0.123333 0.463333
210 15.028333 0.491667 0.094000 0.390000
1008 15.085667 0.490000 0.036667 0.286667
323 15.180667 0.498333 0.169333 0.343333
715 15.357000 0.496667 0.198000 0.500000
775 15.492333 0.510000 0.092667 0.426667
576 15.588667 0.490000 0.116000 0.460000
586 15.705667 0.493333 0.131333 0.420000
897 15.826333 0.496667 0.128667 0.393333
770 15.950333 0.498333 0.136667 0.390000
189 16.052333 0.488333 0.086000 0.410000
202 16.150333 0.506667 0.130000 0.553333
423 16.295333 0.493333 0.180000 0.900000
509 16.428333 0.505000 0.099333 0.336667
406 16.525667 0.510000 0.115333 0.453333
270 16.671667 0.503333 0.196667 0.600000
511 16.829667 0.495000 0.136667 0.430000
593 16.999667 0.508333 0.220667 1.103333
982 17.125000 0.496667 0.047333 0.353333
396 17.201667 0.505000 0.122000 0.336667
149 17.349333 0.508333 0.188000 0.490000
245 17.477333 0.496667 0.081333 0.320000
859 17.576333 0.495000 0.136667 0.423333
209 17.747667 0.501667 0.222000 1.110000
264 17.940333 0.508333 0.179333 0.896667
247 18.072333 0.491667 0.104667 0.396667
729 18.129333 0.510000 0.028000 0.413333
669 18.199000 0.501667 0.128667 0.443333
371 18.313333 0.488333 0.117333 0.370000
592 18.428667 0.510000 0.126667 0.380000
226 18.533333 0.495000 0.101333 0.410000
744 18.666667 0.503333 0.185333 0.926667
159 18.777333 0.505000 0.050667 0.370000
920 18.837000 0.506667 0.082000 0.300000
496 18.924667 0.495000 0.106667 0.403333
819 19.022333 0.488333 0.102000 0.350000
1 19.110667 0.496667 0.088000 0.460000
263 19.237667 0.508333 0.184667 0.923333
597 19.371333 0.495000 0.097333 0.296667
19 19.467333 0.510000 0.113333 0.393333
207 19.577333 0.491667 0.120000 0.496667
342 19.666000 0.488333 0.074667 0.350000
685 19.748000 0.488333 0.108000 0.443333
163 19.859000 0.505000 0.128667 0.483333
663 19.961000 0.506667 0.095333 0.313333
974 20.023333 0.493333 0.048000 0.373333
106 20.117000 0.498333 0.159333 0.796667
690 20.224333 0.488333 0.072667 0.356667
404 20.368333 0.491667 0.231333 1.156667
495 20.514333 0.503333 0.074000 0.333333
346 20.617000 0.503333 0.150000 0.426667
843 20.726667 0.498333 0.089333 0.436667
257 20.830333 0.493333 0.135333 0.473333
331 21.006000 0.490000 0.230667 1.153333
463 21.144000 0.496667 0.064000 0.326667
359 21.285000 0.498333 0.231333 1.156667
488 21.426333 0.501667 0.070000 0.356667
279 21.513333 0.491667 0.118667 0.676667
758 21.626667 0.493333 0.126667 0.380000
546 21.727333 0.503333 0.092000 0.373333
788 21.845333 0.503333 0.160000 0.800000
993 21.935333 0.498333 0.036000 0.256667
579 22.017667 0.490000 0.144667 0.300000
880 22.136333 0.505000 0.106000 0.363333
725 22.253333 0.505000 0.142667 0.603333
461 22.346333 0.506667 0.058000 0.326667
374 22.422667 0.491667 0.112000 0.323333
320 22.543000 0.490000 0.147333 0.433333
492 22.640333 0.506667 0.062000 0.333333
240 22.702667 0.498333 0.076000 0.376667
871 22.757000 0.510000 0.051333 0.273333
249 22.812667 0.503333 0.076000 0.600000
706 22.880000 0.500000 0.077333 0.393333
236 22.964333 0.506667 0.104667 0.526667
157 23.071667 0.495000 0.123333 0.510000
683 23.178333 0.488333 0.107333 0.343333
968 23.248333 0.498333 0.047333 0.356667
782 23.315333 0.508333 0.105333 0.483333
916 23.450333 0.505000 0.180667 0.383333
915 23.572333 0.493333 0.078000 0.626667
666 23.656333 0.491667 0.107333 0.356667
407 23.739667 0.498333 0.079333 0.303333
595 23.840333 0.506667 0.140667 0.433333
662 23.967333 0.501667 0.128000 0.430000
503 24.086667 0.500000 0.124000 0.366667
137 24.172333 0.490000 0.066000 0.326667
702 24.295333 0.493333 0.196000 0.980000
107 24.494333 0.488333 0.219333 0.463333
15 24.640667 0.498333 0.092000 0.316667
332 24.810000 0.496667 0.265333 0.600000
623 25.035000 0.508333 0.198000 0.990000
699 25.201333 0.506667 0.152000 0.453333
983 25.283667 0.493333 0.031333 0.253333
926 25.315333 0.495000 0.045333 0.330000
766 25.385667 0.490000 0.108667 0.313333
636 25.499667 0.503333 0.139333 0.340000
357 25.628000 0.488333 0.133333 0.376667
175 25.754000 0.506667 0.136000 0.506667
286 25.875667 0.493333 0.122000 0.453333
768 25.965667 0.491667 0.076667 0.176667
549 26.045333 0.501667 0.096000 0.330000
634 26.120333 0.493333 0.071333 0.293333
98 26.246000 0.496667 0.197333 0.986667
243 26.402333 0.510000 0.128667 0.460000
646 26.494333 0.488333 0.074000 0.310000
589 26.583000 0.490000 0.116667 0.506667
179 26.694667 0.503333 0.121333 0.420000
242 26.805667 0.506667 0.115333 0.446667
919 26.890667 0.488333 0.073333 0.363333
901 26.997667 0.506667 0.154000 0.440000
599 27.129333 0.506667 0.129333 0.393333
373 27.248667 0.510000 0.125333 0.366667
94 27.405667 0.501667 0.207333 1.036667
281 27.565667 0.503333 0.127333 0.440000
38 27.688333 0.500000 0.135333 0.440000
1002 27.766000 0.498333 0.037333 0.290000
750 27.837000 0.500000 0.119333 0.446667
807 27.978000 0.500000 0.182667 0.913333
731 28.105000 0.498333 0.086000 0.410000
564 28.213667 0.508333 0.147333 0.303333
710 28.365667 0.505000 0.175333 0.470000
334 28.513333 0.491667 0.140000 0.456667
478 28.605000 0.506667 0.062000 0.320000
923 28.650000 0.506667 0.041333 0.333333
435 28.688333 0.498333 0.050000 0.236667
620 28.778333 0.498333 0.143333 0.616667
913 28.904667 0.488333 0.125333 0.383333
529 29.018667 0.498333 0.118667 0.576667
557 29.113333 0.498333 0.088000 0.616667
337 29.231000 0.505000 0.167333 0.836667
541 29.386000 0.488333 0.161333 0.343333
761 29.526667 0.488333 0.136000 0.416667
863 29.631667 0.493333 0.091333 0.440000
251 29.701667 0.503333 0.063333 0.353333
637 29.754333 0.493333 0.056667 0.286667
940 29.798333 0.491667 0.046000 0.330000
405 29.863000 0.500000 0.098000 0.380000
255 29.975000 0.488333 0.146000 0.556667
957 30.058333 0.490000 0.040667 0.326667
439 30.132000 0.496667 0.120000 0.493333
436 30.245667 0.508333 0.124667 0.363333
728 30.325333 0.488333 0.052000 0.463333
1001 30.359000 0.501667 0.034000 0.270000
274 30.410333 0.506667 0.088667 0.433333
117 30.503000 0.505000 0.112667 0.350000
144 30.600333 0.495000 0.096667 0.396667
63 30.687667 0.496667 0.091333 0.326667
942 30.745000 0.510000 0.043333 0.313333
927 30.776333 0.488333 0.038000 0.276667
36 30.842333 0.495000 0.110000 0.423333
466 30.928667 0.510000 0.076000 0.406667
218 31.005000 0.503333 0.092667 0.373333
381 31.105333 0.493333 0.124000 0.386667
493 31.209000 0.498333 0.096667 0.423333
858 31.311000 0.503333 0.127333 0.393333
1006 31.387000 0.488333 0.038000 0.276667
567 31.449000 0.500000 0.106000 0.426667
947 31.513333 0.508333 0.042667 0.356667
18 31.576000 0.490000 0.102667 0.353333
740 31.696667 0.508333 0.157333 0.356667
562 31.852333 0.495000 0.171333 0.363333
402 32.017667 0.488333 0.178000 0.456667
431 32.157000 0.488333 0.118000 0.396667
457 32.241000 0.496667 0.068667 0.393333
961 32.292333 0.503333 0.048667 0.366667
512 32.374333 0.491667 0.130000 0.410000
551 32.496667 0.493333 0.129333 0.393333
594 32.604000 0.500000 0.101333 0.306667
296 32.688333 0.505000 0.084667 0.330000
304 32.753333 0.498333 0.064000 0.363333
235 32.829333 0.510000 0.106667 0.433333
121 32.882000 0.508333 0.017333 0.303333
278 32.950000 0.501667 0.138667 0.430000
451 33.043000 0.488333 0.063333 0.370000
727 33.109667 0.496667 0.087333 0.426667
311 33.183667 0.503333 0.074000 0.326667
86 33.254333 0.490000 0.080667 0.360000
195 33.329333 0.488333 0.086667 0.376667
464 33.411000 0.510000 0.092667 0.473333
840 33.491333 0.495000 0.084000 0.376667
440 33.561000 0.495000 0.075333 0.396667
114 33.643333 0.493333 0.104000 0.513333
300 33.716000 0.496667 0.056000 0.180000
293 33.787333 0.491667 0.105333 0.443333
154 33.863000 0.510000 0.066000 0.300000
80 33.943000 0.491667 0.107333 0.550000
350 34.043333 0.488333 0.109333 0.296667
297 34.128333 0.496667 0.076667 0.393333
345 34.232333 0.506667 0.144667 0.406667
753 34.408333 0.491667 0.224667 1.123333
784 34.536333 0.503333 0.048667 0.400000
477 34.585667 0.490000 0.067333 0.340000
996 34.630333 0.491667 0.040667 0.303333
917 34.665000 0.493333 0.048667 0.360000
603 34.782667 0.501667 0.200000 0.423333
553 34.937333 0.498333 0.128000 0.443333
645 35.025333 0.510000 0.066667 0.293333
722 35.118667 0.500000 0.138667 0.420000
889 35.247667 0.490000 0.135333 0.533333
41 35.387333 0.501667 0.157333 0.450000
467 35.488000 0.493333 0.061333 0.326667
792 35.557000 0.505000 0.090000 0.370000
468 35.627667 0.501667 0.064667 0.330000
515 35.715333 0.491667 0.126667 0.396667
907 35.818333 0.508333 0.096667 0.303333
665 35.927000 0.500000 0.134000 0.453333
387 36.051000 0.491667 0.127333 0.376667
943 36.126000 0.498333 0.040000 0.296667
96 36.230333 0.496667 0.184667 0.393333
266 36.403333 0.490000 0.174667 0.533333
414 36.536667 0.495000 0.106667 0.543333
472 36.620000 0.488333 0.074667 0.396667
628 36.730000 0.498333 0.160000 0.536667
973 36.818667 0.501667 0.032000 0.256667
484 36.881000 0.496667 0.108667 0.406667
824 36.991000 0.505000 0.128667 0.530000
142 37.097667 0.503333 0.104667 0.440000
612 37.233333 0.500000 0.185333 0.506667
214 37.374000 0.488333 0.109333 0.450000
1003 37.439333 0.498333 0.037333 0.310000
673 37.505667 0.498333 0.108667 0.390000
719 37.653000 0.498333 0.200667 0.603333
991 37.763000 0.506667 0.039333 0.313333
1021 37.796333 0.501667 0.042000 0.323333
87 37.904333 0.491667 0.190000 0.950000
126 38.049333 0.500000 0.114667 0.400000
32 38.155667 0.503333 0.116667 0.366667
851 38.263000 0.506667 0.118000 0.486667
771 38.422333 0.505000 0.214000 1.070000
292 38.570000 0.508333 0.100000 0.390000
701 38.706333 0.500000 0.186000 0.553333
369 38.848000 0.503333 0.110667 0.340000
122 38.948333 0.498333 0.107333 0.390000
2 39.033333 0.491667 0.077333 0.396667
969 39.087667 0.490000 0.044667 0.326667
260 39.164667 0.503333 0.129333 0.333333
280 39.292333 0.496667 0.139333 0.480000
437 39.403333 0.488333 0.101333 0.503333
318 39.482333 0.496667 0.076667 0.366667
105 39.593333 0.496667 0.164000 0.820000
610 39.736000 0.510000 0.140000 0.433333
695 39.866333 0.500000 0.136667 0.380000
285 39.981333 0.488333 0.110667 0.356667
946 40.053333 0.488333 0.048000 0.356667
330 40.112333 0.490000 0.090000 0.340000
360 40.217333 0.506667 0.136000 0.393333
534 40.324667 0.503333 0.096000 0.420000
339 40.412000 0.490000 0.096000 0.493333
716 40.533333 0.508333 0.164000 0.416667
806 40.693000 0.491667 0.172667 0.410000
233 40.869333 0.503333 0.197333 0.986667
6 41.016333 0.503333 0.112667 0.433333
215 41.172333 0.508333 0.216667 1.083333
31 41.351667 0.501667 0.155333 0.463333
421 41.495333 0.491667 0.152000 0.516667
772 41.674667 0.506667 0.226667 1.133333
674 41.833000 0.505000 0.103333 0.350000
254 41.960000 0.500000 0.164000 0.620000
400 42.062000 0.508333 0.054667 0.443333
841 42.123667 0.495000 0.084667 0.423333
475 42.195333 0.501667 0.072000 0.390000
489 42.256667 0.501667 0.069333 0.416667
959 42.300000 0.508333 0.037333 0.283333
33 42.360333 0.498333 0.098000 0.343333
56 42.435667 0.500000 0.067333 0.093333
282 42.525667 0.508333 0.130000 0.450000
223 42.634000 0.508333 0.105333 0.436667
780 42.738333 0.490000 0.123333 0.380000
590 42.859333 0.506667 0.132000 0.500000
774 42.953000 0.508333 0.072667 0.423333
1018 42.998667 0.510000 0.038667 0.280000
587 43.126333 0.495000 0.230000 1.150000
958 43.253000 0.510000 0.036667 0.306667
693 43.313667 0.498333 0.104667 0.523333
647 43.388667 0.491667 0.062667 0.316667
767 43.466333 0.503333 0.106000 0.306667
580 43.583333 0.491667 0.142667 0.336667
183 43.688333 0.498333 0.082000 0.416667
502 43.761333 0.488333 0.077333 0.370000
500 43.829000 0.501667 0.074000 0.363333
256 43.907333 0.491667 0.097333 0.323333
5 43.980333 0.508333 0.067333 0.323333
626 44.111333 0.510000 0.209333 1.046667
624 44.290333 0.491667 0.163333 0.816667
172 44.460667 0.496667 0.190667 0.953333
212 44.591000 0.500000 0.088667 0.380000
1020 44.649000 0.498333 0.044667 0.356667
862 44.697333 0.510000 0.070667 0.373333
131 44.783667 0.505000 0.118000 0.463333
146 44.881667 0.495000 0.091333 0.483333
849 44.971000 0.503333 0.107333 0.440000
964 45.034000 0.508333 0.036000 0.296667
505 45.082667 0.498333 0.081333 0.336667
325 45.230000 0.493333 0.228000 1.140000
994 45.355000 0.488333 0.036667 0.296667
787 45.393667 0.510000 0.058000 0.346667
785 45.443000 0.498333 0.060667 0.263333
839 45.513000 0.498333 0.095333 0.450000
781 45.594333 0.510000 0.087333 0.453333
812 45.692667 0.488333 0.126667 0.356667
751 45.802667 0.508333 0.112000 0.456667
315 45.899000 0.490000 0.096667 0.353333
831 45.982667 0.506667 0.090667 0.420000
265 46.086333 0.498333 0.131333 0.503333
835 46.199333 0.490000 0.113333 0.440000
671 46.308000 0.510000 0.117333 0.406667
572 46.395000 0.503333 0.076667 0.313333
77 46.494667 0.498333 0.140000 0.350000
338 46.638667 0.510000 0.161333 0.833333
241 46.762333 0.501667 0.100667 0.563333
44 46.855333 0.506667 0.105333 0.406667
818 46.967667 0.493333 0.139333 0.400000
442 47.062000 0.505000 0.064000 0.336667
865 47.137333 0.505000 0.101333 0.336667
833 47.232000 0.493333 0.106667 0.473333
718 47.379000 0.508333 0.202000 1.010000
898 47.524667 0.500000 0.108000 0.306667
689 47.613667 0.508333 0.084667 0.416667
72 47.687667 0.498333 0.083333 0.396667
703 47.787000 0.488333 0.134000 0.476667
558 47.888000 0.498333 0.088000 0.436667
333 48.016000 0.490000 0.182667 0.400000
4 48.147333 0.495000 0.098667 0.423333
161 48.244000 0.495000 0.113333 0.423333
313 48.347000 0.498333 0.106000 0.403333
268 48.467333 0.506667 0.149333 0.493333
769 48.584333 0.498333 0.103333 0.310000
487 48.667667 0.493333 0.082000 0.420000
874 48.740667 0.506667 0.084000 0.413333
185 48.823000 0.503333 0.095333 0.386667
613 48.951667 0.506667 0.175333 0.453333
832 49.095667 0.496667 0.130000 0.526667
691 49.194333 0.490000 0.086000 0.426667
111 49.278333 0.491667 0.102000 0.476667
537 49.405667 0.488333 0.168667 0.843333
928 49.500667 0.503333 0.036000 0.300000
62 49.547333 0.493333 0.074667 0.346667
734 49.682333 0.506667 0.210000 0.553333
145 49.816333 0.506667 0.075333 0.353333
878 49.883000 0.508333 0.071333 0.370000
389 49.965000 0.506667 0.110000 0.306667
979 50.029667 0.505000 0.035333 0.276667
134 50.102667 0.500000 0.130667 0.440000
203 50.213000 0.498333 0.108667 0.463333
948 50.280000 0.488333 0.044000 0.350000
378 50.347333 0.508333 0.108000 0.310000
966 50.415333 0.505000 0.042667 0.316667
448 50.469333 0.500000 0.078667 0.400000
109 50.581667 0.495000 0.163333 0.350000
85 50.709333 0.510000 0.110667 0.446667
248 50.804333 0.488333 0.095333 0.510000
7 50.911000 0.490000 0.135333 0.433333
50 51.071667 0.498333 0.200667 1.003333
976 51.183667 0.490000 0.039333 0.326667
893 51.300000 0.503333 0.208000 1.040000
377 51.455000 0.501667 0.122000 0.350000
547 51.535333 0.510000 0.057333 0.320000
321 51.613000 0.510000 0.115333 0.473333
713 51.749667 0.508333 0.178000 0.443333
365 51.890667 0.493333 0.120000 0.320000
672 51.992667 0.488333 0.102667 0.330000
370 52.117000 0.505000 0.160667 0.476667
802 52.276667 0.503333 0.177333 0.380000
571 52.396667 0.506667 0.080000 0.326667
707 52.479333 0.503333 0.098667 0.393333
460 52.565667 0.493333 0.091333 0.466667
474 52.640667 0.505000 0.078667 0.470000
53 52.711667 0.503333 0.083333 0.306667
659 52.787333 0.490000 0.082667 0.353333
574 52.867333 0.510000 0.093333 0.373333
521 52.973667 0.500000 0.134000 0.340000
150 53.080333 0.501667 0.092667 0.363333
322 53.161667 0.490000 0.088667 0.166667
826 53.235667 0.503333 0.079333 0.393333
883 53.382000 0.500000 0.229333 0.500000
548 53.545333 0.495000 0.113333 0.350000
641 53.626667 0.493333 0.064000 0.293333
514 53.700000 0.490000 0.096000 0.300000
84 53.793667 0.488333 0.108667 0.303333
723 53.904333 0.506667 0.132667 0.453333
394 54.020000 0.508333 0.116000 0.316667
459 54.098667 0.493333 0.061333 0.320000
262 54.176000 0.491667 0.106667 0.550000
569 54.274333 0.506667 0.107333 0.446667
616 54.404333 0.495000 0.172667 0.423333
999 54.501000 0.505000 0.034000 0.263333
611 54.550667 0.488333 0.082667 0.330000
967 54.605333 0.505000 0.045333 0.350000
237 54.664333 0.500000 0.091333 0.613333
132 54.736333 0.496667 0.071333 0.306667
845 54.820333 0.505000 0.112667 0.470000
312 54.916000 0.510000 0.092000 0.353333
510 55.001667 0.503333 0.095333 0.340000
811 55.094000 0.488333 0.102667 0.323333
128 55.248000 0.503333 0.224000 1.120000
483 55.394333 0.505000 0.088667 0.450000
795 55.466667 0.500000 0.076000 0.453333
21 55.560000 0.508333 0.128000 0.416667
288 55.667667 0.495000 0.100667 0.390000
10 55.757667 0.491667 0.099333 0.316667
933 55.815333 0.496667 0.036000 0.286667
65 55.864000 0.500000 0.076000 0.193333
808 55.949667 0.491667 0.110000 0.456667
523 56.060667 0.503333 0.132000 0.440000
95 56.197333 0.508333 0.160000 0.350000
619 56.320333 0.500000 0.103333 0.526667
756 56.434000 0.508333 0.144000 0.416667
639 56.534000 0.501667 0.073333 0.363333
596 56.625333 0.500000 0.129333 0.393333
120 56.771667 0.505000 0.178000 0.890000
386 56.947000 0.488333 0.186000 0.930000
267 57.108333 0.510000 0.156667 0.513333
992 57.197000 0.498333 0.038000 0.303333
852 57.253667 0.493333 0.088667 0.366667
221 57.334000 0.500000 0.089333 0.406667
317 57.416000 0.501667 0.090667 0.330000
631 57.536000 0.490000 0.165333 0.826667
130 57.690667 0.493333 0.164000 0.340000
341 57.809000 0.493333 0.088667 0.400000
193 57.892667 0.498333 0.093333 0.383333
181 58.017333 0.496667 0.174667 0.873333
291 58.168000 0.510000 0.141333 0.566667
42 58.260000 0.501667 0.057333 0.323333
854 58.394333 0.498333 0.230000 1.150000
543 58.595667 0.498333 0.192667 0.963333
909 58.725000 0.505000 0.079333 0.343333
441 58.797000 0.506667 0.083333 0.433333
965 58.845000 0.505000 0.031333 0.256667
1004 58.868000 0.505000 0.030667 0.256667
388 58.935000 0.505000 0.116667 0.336667
892 59.100333 0.498333 0.227333 1.136667
125 59.253000 0.500000 0.094000 0.453333
815 59.351667 0.498333 0.116667 0.316667
517 59.453667 0.501667 0.100667 0.323333
35 59.543000 0.508333 0.094000 0.356667
643 59.636333 0.490000 0.110000 0.380000
705 59.749000 0.510000 0.128667 0.386667
884 59.864667 0.501667 0.122667 0.456667
879 59.998667 0.490000 0.160000 0.460000
327 60.140667 0.505000 0.144000 0.390000
306 60.235667 0.510000 0.064667 0.366667
116 60.324000 0.505000 0.130667 0.383333
97 60.462333 0.488333 0.163333 0.816667
228 60.581667 0.491667 0.091333 0.463333
30 60.676667 0.503333 0.117333 0.346667
885 60.770333 0.501667 0.088667 0.403333
129 60.860333 0.510000 0.108667 0.420000
877 60.944667 0.496667 0.080000 0.380000
741 61.033000 0.506667 0.111333 0.386667
64 61.117333 0.488333 0.070667 0.350000
822 61.211000 0.496667 0.130000 0.460000
28 61.317000 0.500000 0.095333 0.320000
573 61.407000 0.495000 0.104667 0.436667
424 61.508667 0.495000 0.117333 0.370000
609 61.596000 0.501667 0.076000 0.310000
198 61.675333 0.510000 0.098667 0.493333
287 61.763000 0.490000 0.092667 0.333333
779 61.823000 0.505000 0.047333 0.410000
708 61.922667 0.496667 0.168000 0.840000
638 62.050667 0.510000 0.102667 0.413333
78 62.189667 0.491667 0.195333 0.443333
977 62.296667 0.493333 0.033333 0.273333
201 62.367667 0.495000 0.122000 0.490000
888 62.496667 0.500000 0.154667 0.773333
585 62.624667 0.495000 0.118667 0.383333
526 62.760333 0.498333 0.170000 0.430000
139 62.870000 0.495000 0.065333 0.376667
985 62.916333 0.503333 0.042000 0.340000
607 62.985667 0.493333 0.112667 0.340000
411 63.141333 0.496667 0.213333 0.420000
104 63.327333 0.496667 0.172000 0.860000
956 63.427333 0.488333 0.041333 0.323333
490 63.472000 0.496667 0.061333 0.360000
539 63.529333 0.488333 0.066667 0.296667
570 63.593000 0.491667 0.080667 0.356667
301 63.652667 0.505000 0.054667 0.310000
177 63.780667 0.503333 0.220000 1.100000
864 63.933333 0.501667 0.101333 0.396667
952 63.999333 0.510000 0.046667 0.360000
963 64.033333 0.508333 0.034667 0.283333
601 64.109333 0.500000 0.133333 0.406667
455 64.207000 0.508333 0.080667 0.416667
932 64.258667 0.510000 0.042667 0.313333
773 64.332333 0.490000 0.122000 0.340000
110 64.440333 0.506667 0.108667 0.393333
290 64.560333 0.495000 0.146000 0.396667
108 64.707333 0.503333 0.161333 0.806667
340 64.846667 0.501667 0.133333 0.403333
204 64.966333 0.506667 0.122000 0.506667
419 65.064000 0.488333 0.090667 0.443333
99 65.189000 0.505000 0.178000 0.890000
48 65.399000 0.491667 0.259333 0.550000
801 65.559667 0.493333 0.082000 0.306667
27 65.654333 0.501667 0.124667 0.423333
420 65.750000 0.496667 0.084000 0.313333
836 65.835333 0.503333 0.106667 0.440000
194 65.929000 0.488333 0.095333 0.483333
1017 65.988667 0.500000 0.037333 0.300000
447 66.035667 0.506667 0.071333 0.380000
544 66.113000 0.503333 0.103333 0.386667
182 66.245000 0.501667 0.176667 0.883333
648 66.375000 0.493333 0.099333 0.440000
176 66.480000 0.505000 0.126667 0.476667
687 66.577333 0.496667 0.084000 0.406667
326 66.644667 0.503333 0.066667 0.300000
622 66.776667 0.510000 0.213333 1.066667
363 66.947667 0.491667 0.148667 0.450000
275 67.047000 0.501667 0.068667 0.416667
151 67.105000 0.491667 0.064667 0.296667
635 67.166333 0.500000 0.078000 0.326667
1005 67.213667 0.500000 0.034000 0.273333
894 67.290333 0.501667 0.139333 0.390000
886 67.427000 0.493333 0.154000 0.513333
625 67.562667 0.501667 0.136000 0.456667
34 67.689333 0.493333 0.137333 0.453333
682 67.811000 0.490000 0.124667 0.466667
733 67.912000 0.491667 0.094667 0.563333
632 68.040000 0.496667 0.180000 0.900000
444 68.151333 0.496667 0.058667 0.333333
575 68.229000 0.495000 0.115333 0.376667
309 68.310333 0.503333 0.066000 0.373333
498 68.369000 0.498333 0.068667 0.410000
229 68.500667 0.510000 0.209333 1.046667
861 68.621667 0.498333 0.052667 0.410000
560 68.740333 0.508333 0.200667 1.003333
608 68.892000 0.505000 0.118667 0.436667
660 68.990333 0.490000 0.096667 0.313333
123 69.140000 0.493333 0.217333 1.086667
912 69.284333 0.503333 0.084667 0.340000
486 69.352000 0.490000 0.064000 0.366667
398 69.412000 0.491667 0.070667 0.383333
196 69.490333 0.501667 0.102000 0.503333
577 69.575333 0.503333 0.082667 0.326667
530 69.665000 0.498333 0.111333 0.516667
988 69.732667 0.496667 0.040000 0.286667
217 69.795000 0.493333 0.104667 0.493333
720 69.933667 0.508333 0.186000 0.523333
205 70.064000 0.488333 0.094667 0.390000
375 70.200333 0.495000 0.191333 0.956667
480 70.324333 0.496667 0.076667 0.400000
1019 70.372667 0.491667 0.038667 0.330000
231 70.427667 0.501667 0.084667 0.430000
704 70.532000 0.493333 0.138667 0.420000
348 70.655000 0.510000 0.120667 0.346667
830 70.760000 0.506667 0.106667 0.446667
140 70.918667 0.506667 0.226667 1.133333
199 71.089000 0.505000 0.127333 0.523333
921 71.177333 0.510000 0.064000 0.373333
208 71.248667 0.508333 0.092000 0.383333
408 71.345000 0.501667 0.118000 0.443333
354 71.466000 0.498333 0.144000 0.416667
403 71.641667 0.508333 0.226000 1.130000
684 71.799000 0.510000 0.103333 0.393333
57 71.865333 0.491667 0.045333 0.276667
962 71.894667 0.495000 0.032000 0.263333
20 71.963667 0.506667 0.123333 0.413333
376 72.121000 0.491667 0.207333 1.036667
743 72.271000 0.498333 0.108667 0.463333
148 72.398667 0.503333 0.166667 0.486667
356 72.531333 0.506667 0.114667 0.360000
169 72.640000 0.505000 0.118667 0.416667
941 72.705667 0.490000 0.032667 0.280000
739 72.745333 0.503333 0.064000 0.513333
252 72.824667 0.491667 0.109333 0.436667
81 72.931000 0.493333 0.116667 0.473333
846 73.032333 0.500000 0.103333 0.453333
598 73.144667 0.493333 0.140000 0.426667
837 73.263333 0.510000 0.113333 0.526667
925 73.332333 0.500000 0.043333 0.333333
813 73.401333 0.505000 0.108000 0.290000
555 73.465333 0.498333 0.034667 0.336667
11 73.532333 0.506667 0.116667 0.386667
506 73.604667 0.490000 0.044000 0.433333
276 73.649333 0.488333 0.058667 0.383333
162 73.726000 0.496667 0.114667 0.433333
23 73.860333 0.501667 0.167333 0.476667
294 74.044667 0.491667 0.217333 1.083333
1009 74.161667 0.506667 0.031333 0.253333
213 74.214333 0.500000 0.087333 0.440000
975 74.272333 0.495000 0.047333 0.363333
43 74.337333 0.495000 0.097333 0.383333
559 74.418000 0.490000 0.084000 0.406667
764 74.490667 0.501667 0.080000 0.416667
491 74.571667 0.500000 0.099333 0.486667
269 74.704000 0.503333 0.185333 0.580000
232 74.844667 0.493333 0.112000 0.553333
778 74.948333 0.503333 0.111333 0.713333
869 75.026667 0.496667 0.064000 0.373333
627 75.158667 0.493333 0.218667 1.093333
434 75.317000 0.500000 0.115333 0.393333
688 75.412667 0.503333 0.089333 0.433333
823 75.493333 0.503333 0.086667 0.380000
810 75.573333 0.498333 0.088000 0.363333
842 75.652333 0.510000 0.087333 0.360000
989 75.706333 0.501667 0.039333 0.323333
908 75.758333 0.501667 0.079333 0.290000
438 75.875000 0.496667 0.170000 0.520000
399 76.013000 0.490000 0.122000 0.393333
384 76.123667 0.508333 0.119333 0.336667
166 76.241333 0.510000 0.132000 0.473333
59 76.376333 0.498333 0.156667 0.783333
776 76.521333 0.503333 0.149333 0.340000
568 76.649667 0.506667 0.122000 0.606667
732 76.736333 0.510000 0.066000 0.340000
494 76.806333 0.498333 0.094000 0.416667
426 76.873000 0.488333 0.052667 0.303333
101 76.986333 0.505000 0.190000 0.950000
554 77.149333 0.501667 0.152000 0.423333
970 77.234000 0.490000 0.032000 0.260000
343 77.320000 0.491667 0.156000 0.456667
174 77.453667 0.508333 0.126000 0.463333
602 77.557333 0.505000 0.097333 0.290000
118 77.653000 0.508333 0.112667 0.423333
765 77.733000 0.493333 0.064667 0.346667
54 77.786667 0.488333 0.057333 0.323333
868 77.839000 0.503333 0.067333 0.386667
1022 77.886667 0.506667 0.042667 0.326667
152 77.932667 0.495000 0.066667 0.316667
258 78.024333 0.496667 0.130000 0.493333
307 78.113667 0.493333 0.063333 0.353333
445 78.171333 0.505000 0.069333 0.410000
310 78.231333 0.488333 0.065333 0.363333
783 78.300333 0.501667 0.091333 0.510000
29 78.409000 0.508333 0.140667 0.383333
984 78.490333 0.491667 0.035333 0.263333
518 78.565000 0.510000 0.128667 0.433333
415 78.698667 0.495000 0.158667 0.543333
535 78.852667 0.505000 0.162667 0.396667
951 78.941667 0.505000 0.034000 0.270000
443 78.979667 0.488333 0.059333 0.356667
809 79.064667 0.488333 0.129333 0.676667
220 79.181000 0.493333 0.120667 0.500000
450 79.269000 0.490000 0.068667 0.380000
717 79.378667 0.490000 0.170667 0.853333
164 79.507000 0.491667 0.104667 0.370000
170 79.609000 0.500000 0.116667 0.426667
533 79.703333 0.495000 0.092000 0.316667
790 79.781000 0.490000 0.080667 0.493333
8 79.858333 0.508333 0.094000 0.350000
850 79.952667 0.503333 0.108000 0.446667
49 80.076333 0.490000 0.155333 0.773333
141 80.191333 0.506667 0.094667 0.446667
171 80.295000 0.505000 0.130000 0.483333
37 80.415333 0.490000 0.125333 0.420000
46 80.495000 0.505000 0.054000 0.463333
449 80.543667 0.495000 0.063333 0.323333
372 80.645000 0.500000 0.154000 0.413333
173 80.766333 0.506667 0.108667 0.493333
427 80.863333 0.493333 0.104000 0.486667
366 80.980667 0.490000 0.146667 0.420000
103 81.145000 0.491667 0.200667 1.003333
93 81.317000 0.495000 0.159333 0.796667
664 81.437333 0.508333 0.100000 0.350000
410 81.522667 0.510000 0.089333 0.446667
711 81.645333 0.508333 0.173333 0.536667
392 81.797667 0.490000 0.146000 0.420000
167 81.919000 0.500000 0.115333 0.400000
658 82.003333 0.501667 0.072000 0.430000
211 82.092000 0.490000 0.118667 0.593333
469 82.177333 0.506667 0.065333 0.340000
653 82.285333 0.505000 0.166667 0.543333
401 82.403333 0.490000 0.089333 0.500000
409 82.548333 0.508333 0.218000 1.090000
425 82.694667 0.501667 0.090667 0.490000
736 82.767667 0.496667 0.070000 0.386667
244 82.873667 0.495000 0.162000 0.430000
581 82.999333 0.488333 0.109333 0.470000
759 83.107000 0.510000 0.123333 0.360000
153 83.196000 0.496667 0.072000 0.320000
680 83.267667 0.510000 0.088667 0.320000
980 83.324333 0.510000 0.044667 0.326667
308 83.377333 0.491667 0.076000 0.430000
329 83.490333 0.495000 0.170000 0.850000
383 83.629333 0.510000 0.126667 0.366667
1014 83.700333 0.510000 0.034000 0.273333
1010 83.730333 0.506667 0.042000 0.306667
473 83.780000 0.506667 0.076000 0.393333
803 83.881667 0.500000 0.142000 0.446667
1015 83.959667 0.491667 0.034000 0.276667
881 84.023333 0.503333 0.110667 0.373333
324 84.129333 0.500000 0.118667 0.580000
271 84.269333 0.500000 0.177333 0.886667
944 84.371000 0.506667 0.039333 0.320000
709 84.486000 0.490000 0.205333 1.026667
430 84.644333 0.508333 0.126000 0.536667
428 84.747000 0.506667 0.094000 0.633333
479 84.814000 0.505000 0.054667 0.323333
395 84.898333 0.496667 0.132667 0.386667
929 84.972333 0.498333 0.034000 0.263333
273 85.014667 0.501667 0.070667 0.410000
834 85.089333 0.490000 0.096000 0.400000
955 85.147333 0.503333 0.034667 0.266667
476 85.184333 0.510000 0.058000 0.326667
821 85.252333 0.498333 0.091333 0.636667
102 85.380333 0.508333 0.179333 0.896667
58 85.486667 0.496667 0.050667 0.280000
698 85.539667 0.503333 0.072667 0.380000
67 85.696667 0.488333 0.257333 0.630000
1000 85.837000 0.510000 0.042000 0.340000
446 85.883000 0.500000 0.066000 0.340000
124 85.952333 0.496667 0.088667 0.306667
158 86.097333 0.490000 0.221333 1.106667
536 86.282333 0.491667 0.164667 0.823333
390 86.418667 0.495000 0.126667 0.336667
618 86.510667 0.501667 0.074667 0.483333
66 86.586333 0.495000 0.090000 0.590000
485 86.669000 0.493333 0.091333 0.460000
113 86.750000 0.508333 0.085333 0.450000
456 86.815333 0.500000 0.065333 0.353333
314 86.890000 0.505000 0.100000 0.363333
614 87.002000 0.501667 0.144000 0.390000
540 87.160333 0.501667 0.187333 0.936667
92 87.353667 0.505000 0.214000 1.070000
604 87.514667 0.501667 0.128000 0.390000
1012 87.593667 0.501667 0.047333 0.350000
12 87.656000 0.506667 0.092000 0.306667
735 87.758667 0.503333 0.133333 0.546667
987 87.834333 0.503333 0.035333 0.266667
696 87.910333 0.500000 0.132667 0.306667
1013 87.985667 0.490000 0.038000 0.306667
875 88.086333 0.488333 0.176667 0.490000
911 88.227333 0.505000 0.121333 0.430000
1011 88.300667 0.491667 0.038667 0.283333
600 88.377000 0.495000 0.127333 0.383333
730 88.491667 0.491667 0.118000 0.476667
71 88.576333 0.493333 0.064667 0.346667
763 88.621000 0.495000 0.042000 0.343333
191 88.691667 0.493333 0.112667 0.546667
953 88.759667 0.488333 0.039333 0.330000
246 88.860333 0.491667 0.176667 0.883333
891 88.965333 0.500000 0.049333 0.300000
679 89.026333 0.500000 0.091333 0.573333
165 89.130000 0.495000 0.130667 0.510000
588 89.228333 0.498333 0.079333 0.350000
504 89.325667 0.495000 0.132667 0.390000
143 89.435333 0.488333 0.100000 0.423333
289 89.607333 0.488333 0.260000 0.503333
190 89.783667 0.505000 0.110000 0.470000
51 89.894000 0.510000 0.129333 0.406667
937 89.965667 0.505000 0.030000 0.243333
700 90.031333 0.503333 0.117333 0.460000
804 90.160667 0.503333 0.156000 0.780000
995 90.247000 0.508333 0.031333 0.256667
75 90.313667 0.505000 0.119333 0.376667
178 90.417000 0.491667 0.102000 0.376667
904 90.499333 0.498333 0.077333 0.363333
364 90.627333 0.496667 0.193333 0.446667
135 90.765000 0.488333 0.098000 0.383333
667 90.859667 0.490000 0.106000 0.360000
22 90.956333 0.488333 0.103333 0.343333
160 91.039000 0.488333 0.078000 0.416667
800 91.122000 0.490000 0.104000 0.393333
712 91.235667 0.490000 0.143333 0.366667
531 91.385667 0.495000 0.171333 0.856667
250 91.559667 0.498333 0.191333 0.956667
501 91.691000 0.488333 0.090000 0.436667
197 91.769333 0.488333 0.081333 0.370000
1016 91.819333 0.506667 0.036000 0.273333
789 91.868000 0.508333 0.080000 0.476667
838 91.947000 0.505000 0.095333 0.423333
760 92.095667 0.501667 0.222000 1.110000
805 92.306000 0.490000 0.214667 1.073333
931 92.427667 0.500000 0.046000 0.333333
83 92.489333 0.490000 0.092000 0.440000
319 92.579333 0.503333 0.108000 0.386667
259 92.683000 0.495000 0.118000 0.583333
867 92.784667 0.505000 0.098667 0.330000
905 92.905333 0.505000 0.158667 0.496667
462 93.009000 0.505000 0.063333 0.336667
302 93.066667 0.496667 0.068000 0.380000
432 93.151333 0.506667 0.120000 0.240000
524 93.252667 0.493333 0.100000 0.320000
686 93.341333 0.488333 0.090667 0.450000
960 93.395000 0.508333 0.030000 0.250000
73 93.468000 0.501667 0.132000 0.403333
303 93.556333 0.491667 0.060667 0.336667
791 93.615667 0.508333 0.075333 0.443333
697 93.682667 0.503333 0.072000 0.360000
749 93.763667 0.508333 0.110000 0.476667
899 93.890000 0.500000 0.156000 0.433333
566 94.015667 0.503333 0.110000 0.460000
582 94.134333 0.495000 0.147333 0.530000
752 94.233667 0.491667 0.071333 0.196667
347 94.332000 0.503333 0.145333 0.386667
737 94.424000 0.503333 0.057333 0.386667
14 94.504333 0.508333 0.116667 0.430000
848 94.610000 0.493333 0.110667 0.333333
649 94.709333 0.510000 0.105333 0.573333
866 94.839000 0.493333 0.172667 0.540000
528 94.970667 0.510000 0.109333 0.353333
40 95.070333 0.496667 0.110000 0.373333
642 95.157667 0.495000 0.078000 0.310000
651 95.273333 0.495000 0.168000 0.543333
26 95.401000 0.498333 0.104667 0.350000
380 95.514000 0.498333 0.136000 0.423333
565 95.643667 0.510000 0.139333 0.293333
633 95.804333 0.508333 0.196667 0.983333
605 95.964000 0.495000 0.137333 0.356667
417 96.070000 0.510000 0.088000 0.426667
828 96.153000 0.498333 0.096667 0.396667
887 96.268667 0.491667 0.154667 0.490000
670 96.390000 0.490000 0.106667 0.366667
299 96.494333 0.505000 0.116667 0.456667
283 96.607333 0.503333 0.122667 0.420000
816 96.728333 0.493333 0.132667 0.373333
873 96.842333 0.493333 0.108667 0.480000
793 96.933000 0.491667 0.088667 0.363333
910 97.037333 0.506667 0.136000 0.473333
644 97.135667 0.500000 0.076667 0.353333
17 97.224667 0.510000 0.117333 0.393333
890 97.350667 0.493333 0.154667 0.773333
147 97.467333 0.490000 0.093333 0.433333
814 97.579000 0.506667 0.150000 0.373333
82 97.678000 0.488333 0.065333 0.503333
934 97.720000 0.488333 0.032000 0.256667
754 97.796000 0.498333 0.133333 0.650000
857 97.946333 0.488333 0.187333 0.936667
978 98.055000 0.501667 0.048667 0.356667
914 98.141000 0.495000 0.143333 0.436667
224 98.251000 0.491667 0.091333 0.370000
545 98.334333 0.505000 0.091333 0.330000
349 98.429667 0.493333 0.119333 0.353333
180 98.536333 0.495000 0.107333 0.376667
655 98.633000 0.510000 0.102000 0.426667
361 98.727667 0.491667 0.107333 0.323333
797 98.828667 0.491667 0.113333 0.416667
452 98.914000 0.491667 0.074667 0.416667
656 99.025000 0.508333 0.160667 0.423333
138 99.125333 0.498333 0.057333 0.316667
227 99.199333 0.505000 0.109333 0.550000
47 99.300000 0.498333 0.106667 0.516667
998 99.364333 0.500000 0.040667 0.313333
786 99.418000 0.505000 0.081333 0.503333
870 99.485333 0.503333 0.068000 0.360000
936 99.530333 0.500000 0.042000 0.340000
724 99.586000 0.510000 0.089333 0.346667
45 99.657333 0.498333 0.066667 0.336667
335 99.757000 0.500000 0.148667 0.500000
945 99.840333 0.496667 0.034000 0.273333
550 99.883667 0.495000 0.072667 0.363333
222 99.959333 0.491667 0.097333 0.396667
298 100.032333 0.510000 0.066000 0.326667
584 100.116333 0.503333 0.115333 0.353333
906 100.228667 0.490000 0.128000 0.346667
748 100.323000 0.500000 0.080667 0.293333
855 100.393333 0.505000 0.076000 0.196667
115 100.459667 0.493333 0.075333 0.440000
3 100.533667 0.500000 0.091333 0.420000
902 100.640667 0.493333 0.137333 0.373333
742 100.783333 0.503333 0.164000 0.820000
391 100.927333 0.490000 0.140000 0.413333
930 101.010667 0.506667 0.042667 0.360000
133 101.069333 0.498333 0.089333 0.310000
650 101.181000 0.510000 0.154000 0.500000
876 101.330667 0.506667 0.165333 0.420000
192 101.458667 0.490000 0.110667 0.440000
563 101.593667 0.506667 0.176667 0.353333
24 101.748667 0.510000 0.148000 0.500000
615 101.903333 0.503333 0.180000 0.900000
668 102.037333 0.490000 0.108000 0.360000
76 102.140000 0.495000 0.116000 0.363333
954 102.210333 0.506667 0.042000 0.320000
1007 102.241333 0.490000 0.036000 0.280000
61 102.299333 0.501667 0.097333 0.476667
368 102.397000 0.500000 0.118000 0.340000
238 102.501333 0.500000 0.110667 0.433333
216 102.594333 0.500000 0.095333 0.420000
88 102.723667 0.498333 0.182000 0.910000
200 102.864000 0.491667 0.116000 0.583333
853 102.956667 0.493333 0.089333 0.406667
757 103.048333 0.490000 0.110000 0.320000
747 103.147000 0.501667 0.102000 0.410000
353 103.273333 0.506667 0.169333 0.846667
316 103.405333 0.496667 0.110667 0.433333
895 103.516000 0.500000 0.129333 0.393333
746 103.648667 0.496667 0.156000 0.453333
422 103.767667 0.488333 0.100667 0.370000
726 103.854667 0.498333 0.090667 0.476667
184 103.936333 0.506667 0.091333 0.460000
