1009 0.022000 0.496667 0.037333 0.273333
436 0.086667 0.491667 0.112000 0.296667
154 0.180333 0.503333 0.091333 0.453333
74 0.283333 0.505000 0.134667 0.416667
168 0.408333 0.505000 0.135333 0.490000
877 0.513667 0.506667 0.091333 0.460000
387 0.630667 0.488333 0.157333 0.423333
929 0.717333 0.503333 0.034667 0.273333
133 0.773000 0.500000 0.095333 0.433333
105 0.926333 0.508333 0.226000 1.130000
363 1.085000 0.503333 0.108667 0.300000
567 1.180667 0.491667 0.100000 0.416667
225 1.274333 0.496667 0.107333 0.473333
268 1.412333 0.508333 0.187333 0.936667
779 1.519000 0.510000 0.039333 0.366667
530 1.575667 0.501667 0.088667 0.443333
681 1.630333 0.510000 0.036667 0.326667
350 1.735667 0.505000 0.190000 0.950000
155 1.867333 0.491667 0.089333 0.470000
713 2.007333 0.495000 0.205333 0.550000
525 2.166333 0.506667 0.127333 0.426667
698 2.259000 0.498333 0.071333 0.376667
327 2.365333 0.498333 0.157333 0.423333
701 2.536667 0.493333 0.204000 1.020000
314 2.683667 0.508333 0.110000 0.376667
311 2.776667 0.505000 0.094667 0.410000
906 2.894333 0.503333 0.155333 0.433333
459 2.999000 0.491667 0.074000 0.443333
293 3.074667 0.498333 0.097333 0.376667
539 3.160333 0.508333 0.087333 0.390000
786 3.228333 0.510000 0.066000 0.406667
398 3.290333 0.490000 0.074000 0.393333
354 3.398333 0.503333 0.156667 0.460000
392 3.541333 0.503333 0.146667 0.393333
841 3.653000 0.505000 0.094000 0.430000
996 3.713333 0.498333 0.041333 0.316667
535 3.814000 0.495000 0.176000 0.383333
405 3.935000 0.498333 0.083333 0.323333
666 4.033333 0.500000 0.129333 0.426667
765 4.135667 0.510000 0.090000 0.440000
467 4.212000 0.505000 0.080000 0.416667
628 4.330333 0.490000 0.171333 0.580000
347 4.469000 0.506667 0.124667 0.380000
844 4.572333 0.500000 0.095333 0.460000
423 4.671667 0.503333 0.119333 0.373333
663 4.773667 0.498333 0.100667 0.343333
151 4.860000 0.510000 0.086667 0.420000
501 4.928333 0.488333 0.066000 0.296667
118 5.013000 0.491667 0.116667 0.436667
560 5.155000 0.505000 0.184667 0.623333
960 5.257667 0.506667 0.034000 0.280000
414 5.364000 0.506667 0.196000 0.980000
727 5.485000 0.495000 0.064667 0.396667
588 5.558667 0.493333 0.100000 0.446667
583 5.629333 0.510000 0.054667 0.340000
822 5.713000 0.505000 0.132667 0.396667
356 5.846333 0.503333 0.147333 0.420000
866 5.984333 0.500000 0.147333 0.426667
364 6.160667 0.490000 0.225333 1.126667
270 6.361000 0.501667 0.191333 0.956667
703 6.509667 0.506667 0.120667 0.406667
279 6.614000 0.496667 0.108000 0.620000
818 6.719667 0.493333 0.120667 0.260000
453 6.811667 0.496667 0.076667 0.393333
967 6.857333 0.510000 0.034667 0.273333
896 6.941667 0.488333 0.150000 0.436667
370 7.099667 0.505000 0.183333 0.916667
334 7.251667 0.500000 0.138000 0.480000
987 7.337000 0.500000 0.047333 0.346667
348 7.414667 0.498333 0.126667 0.390000
707 7.534667 0.500000 0.126667 0.520000
892 7.660667 0.500000 0.140000 0.400000
611 7.782000 0.510000 0.116000 0.426667
810 7.880667 0.495000 0.097333 0.403333
920 7.971667 0.500000 0.102000 0.386667
443 8.042000 0.508333 0.054667 0.290000
332 8.143000 0.498333 0.160667 0.803333
27 8.289667 0.496667 0.151333 0.513333
526 8.421000 0.490000 0.130000 0.346667
529 8.537667 0.501667 0.116667 0.456667
489 8.624333 0.500000 0.075333 0.393333
95 8.772333 0.506667 0.234000 0.506667
512 8.946333 0.498333 0.128667 0.430000
114 9.037333 0.493333 0.069333 0.346667
80 9.108333 0.503333 0.087333 0.433333
30 9.216000 0.503333 0.144000 0.420000
415 9.336333 0.495000 0.115333 0.396667
460 9.419667 0.490000 0.070000 0.353333
26 9.501667 0.503333 0.108667 0.366667
514 9.600333 0.498333 0.107333 0.356667
944 9.659667 0.496667 0.030000 0.253333
92 9.751000 0.508333 0.167333 0.836667
162 9.881667 0.505000 0.111333 0.403333
119 9.963667 0.498333 0.070000 0.410000
873 10.046333 0.503333 0.111333 0.526667
452 10.129667 0.508333 0.075333 0.450000
78 10.259667 0.510000 0.202000 0.540000
239 10.413333 0.505000 0.124000 0.756667
729 10.480333 0.491667 0.024667 0.370000
438 10.543000 0.503333 0.120667 0.366667
305 10.635333 0.503333 0.077333 0.440000
843 10.710333 0.498333 0.086000 0.416667
976 10.771667 0.488333 0.051333 0.376667
84 10.849000 0.505000 0.120667 0.336667
308 10.938333 0.508333 0.075333 0.430000
409 11.015667 0.505000 0.094000 0.476667
120 11.144333 0.498333 0.183333 0.396667
985 11.245333 0.503333 0.036000 0.273333
658 11.281333 0.508333 0.056000 0.316667
1010 11.315000 0.505000 0.031333 0.256667
408 11.380667 0.500000 0.113333 0.433333
445 11.466667 0.496667 0.073333 0.393333
580 11.561667 0.488333 0.130000 0.356667
544 11.658000 0.495000 0.082667 0.336667
24 11.757333 0.506667 0.136000 0.460000
855 11.860667 0.488333 0.086667 0.216667
557 11.928667 0.505000 0.066667 0.470000
434 12.005333 0.495000 0.100000 0.343333
610 12.099667 0.508333 0.103333 0.323333
243 12.222000 0.493333 0.161333 0.806667
1007 12.317333 0.510000 0.049333 0.360000
250 12.442667 0.503333 0.217333 1.086667
756 12.606000 0.500000 0.122667 0.353333
215 12.769333 0.500000 0.222667 1.113333
609 12.911000 0.505000 0.076667 0.316667
777 12.984000 0.495000 0.084000 0.363333
770 13.090000 0.490000 0.148000 0.446667
479 13.197000 0.495000 0.086000 0.436667
902 13.303000 0.510000 0.146000 0.406667
812 13.444333 0.501667 0.151333 0.350000
865 13.571000 0.506667 0.116667 0.386667
288 13.673667 0.501667 0.104667 0.396667
258 13.782333 0.506667 0.128667 0.440000
515 13.898667 0.505000 0.122667 0.383333
500 13.990667 0.496667 0.081333 0.380000
221 14.069667 0.500000 0.095333 0.400000
330 14.158333 0.508333 0.100667 0.383333
400 14.225000 0.510000 0.052667 0.473333
145 14.283667 0.501667 0.080667 0.390000
630 14.400667 0.490000 0.173333 0.586667
579 14.565000 0.506667 0.172667 0.453333
545 14.690667 0.500000 0.096000 0.346667
874 14.771000 0.501667 0.079333 0.390000
1020 14.820667 0.505000 0.033333 0.256667
390 14.896000 0.500000 0.133333 0.420000
604 15.027000 0.495000 0.142000 0.430000
125 15.139667 0.501667 0.102000 0.430000
553 15.235667 0.503333 0.103333 0.360000
653 15.347000 0.505000 0.138000 0.450000
329 15.508333 0.495000 0.203333 1.016667
813 15.666667 0.508333 0.133333 0.390000
674 15.788667 0.490000 0.130667 0.426667
291 15.914000 0.491667 0.136000 0.543333
972 15.991667 0.500000 0.036667 0.300000
3 16.054667 0.501667 0.102667 0.443333
281 16.160667 0.490000 0.124000 0.426667
791 16.252000 0.506667 0.078667 0.466667
697 16.396000 0.506667 0.226667 1.133333
736 16.535667 0.500000 0.067333 0.380000
386 16.632000 0.491667 0.145333 0.443333
82 16.726667 0.508333 0.061333 0.450000
538 16.834333 0.500000 0.171333 0.406667
253 16.934667 0.500000 0.049333 0.433333
518 17.046667 0.500000 0.193333 0.966667
411 17.233667 0.510000 0.195333 0.440000
466 17.358000 0.496667 0.072000 0.366667
984 17.402333 0.488333 0.036667 0.283333
427 17.466667 0.506667 0.112000 0.560000
99 17.630000 0.510000 0.228000 0.493333
461 17.767000 0.491667 0.064667 0.330000
280 17.858667 0.510000 0.134667 0.486667
995 17.936000 0.510000 0.040000 0.306667
366 18.003000 0.503333 0.107333 0.286667
388 18.131333 0.500000 0.162667 0.486667
456 18.235000 0.493333 0.059333 0.346667
695 18.335333 0.496667 0.154667 0.773333
477 18.444667 0.495000 0.078667 0.436667
767 18.535333 0.496667 0.120000 0.346667
961 18.605000 0.495000 0.034000 0.270000
79 18.719333 0.505000 0.209333 0.363333
825 18.865333 0.496667 0.102667 0.426667
764 18.951667 0.500000 0.087333 0.420000
1012 19.010333 0.503333 0.046000 0.333333
52 19.067333 0.498333 0.088000 0.290000
638 19.146667 0.506667 0.090667 0.353333
110 19.246000 0.508333 0.126667 0.470000
760 19.366333 0.495000 0.127333 0.370000
633 19.508000 0.490000 0.170667 0.473333
856 19.658333 0.496667 0.147333 0.360000
983 19.749000 0.490000 0.048667 0.373333
1005 19.784333 0.508333 0.036667 0.283333
687 19.840667 0.503333 0.092000 0.446667
209 19.934667 0.503333 0.114667 0.473333
321 20.029667 0.495000 0.092667 0.383333
407 20.120333 0.508333 0.107333 0.403333
614 20.245333 0.500000 0.161333 0.806667
373 20.377667 0.503333 0.123333 0.353333
857 20.535000 0.498333 0.206000 0.443333
816 20.687000 0.496667 0.114000 0.260000
916 20.826667 0.488333 0.180000 0.383333
746 20.976667 0.505000 0.137333 0.410000
965 21.056667 0.498333 0.041333 0.303333
584 21.132333 0.498333 0.126000 0.383333
956 21.205667 0.491667 0.039333 0.303333
248 21.265333 0.501667 0.097333 0.530000
870 21.341333 0.506667 0.069333 0.333333
14 21.416000 0.503333 0.100000 0.326667
213 21.508000 0.500000 0.104000 0.426667
924 21.572333 0.510000 0.039333 0.306667
247 21.642333 0.491667 0.114000 0.456667
12 21.743000 0.495000 0.100667 0.356667
690 21.836667 0.495000 0.106667 0.516667
846 21.933333 0.490000 0.105333 0.520000
382 22.041333 0.503333 0.130667 0.360000
192 22.145667 0.503333 0.098000 0.493333
932 22.211000 0.500000 0.047333 0.360000
899 22.319333 0.500000 0.189333 0.946667
868 22.443333 0.488333 0.076000 0.436667
737 22.502333 0.500000 0.055333 0.406667
328 22.604333 0.508333 0.162000 0.810000
675 22.724667 0.506667 0.092000 0.306667
688 22.813667 0.496667 0.102000 0.493333
566 22.904000 0.505000 0.096000 0.390000
596 22.994000 0.498333 0.102667 0.310000
464 23.072333 0.505000 0.072667 0.416667
547 23.137333 0.503333 0.073333 0.413333
510 23.263667 0.508333 0.198000 0.990000
498 23.379000 0.488333 0.051333 0.310000
519 23.442000 0.501667 0.093333 0.303333
673 23.526000 0.500000 0.090667 0.313333
475 23.602667 0.490000 0.081333 0.413333
904 23.667667 0.496667 0.067333 0.320000
377 23.779000 0.508333 0.174000 0.870000
296 23.897333 0.500000 0.082667 0.300000
36 23.994000 0.506667 0.130667 0.413333
502 24.086000 0.501667 0.073333 0.356667
621 24.143000 0.498333 0.054000 0.490000
952 24.181333 0.506667 0.042667 0.333333
249 24.229000 0.506667 0.072667 0.533333
848 24.315000 0.498333 0.112667 0.343333
476 24.396000 0.495000 0.069333 0.396667
975 24.439667 0.496667 0.038000 0.313333
808 24.513667 0.505000 0.124667 0.463333
603 24.652667 0.503333 0.168000 0.840000
817 24.790000 0.498333 0.122667 0.356667
412 24.884333 0.488333 0.084667 0.423333
450 24.955333 0.505000 0.077333 0.403333
832 25.029000 0.503333 0.087333 0.406667
395 25.129333 0.508333 0.130667 0.356667
662 25.243333 0.495000 0.114667 0.390000
282 25.355000 0.490000 0.126000 0.426667
532 25.466000 0.501667 0.113333 0.576667
692 25.551333 0.490000 0.072000 0.360000
148 25.665333 0.510000 0.170667 0.473333
68 25.812000 0.495000 0.138667 0.403333
573 25.926000 0.503333 0.105333 0.446667
947 25.991000 0.491667 0.039333 0.303333
668 26.056333 0.510000 0.110000 0.380000
5 26.140333 0.505000 0.072667 0.350000
153 26.214333 0.501667 0.092667 0.416667
948 26.272333 0.500000 0.042000 0.333333
49 26.367667 0.501667 0.162000 0.810000
51 26.500000 0.493333 0.121333 0.400000
591 26.620333 0.510000 0.135333 0.393333
251 26.715000 0.491667 0.072667 0.416667
979 26.767667 0.495000 0.046000 0.356667
340 26.849667 0.490000 0.136667 0.400000
240 26.944667 0.500000 0.069333 0.353333
65 27.009667 0.501667 0.080667 0.196667
322 27.087000 0.506667 0.091333 0.186667
802 27.214667 0.491667 0.182667 0.390000
968 27.321000 0.498333 0.043333 0.336667
768 27.380000 0.490000 0.088000 0.240000
264 27.527333 0.503333 0.226667 1.133333
989 27.651333 0.495000 0.036000 0.296667
654 27.754333 0.505000 0.186000 0.930000
520 27.909000 0.488333 0.138000 0.436667
345 28.037667 0.490000 0.139333 0.420000
58 28.123333 0.498333 0.052000 0.290000
88 28.240000 0.493333 0.198667 0.426667
16 28.390333 0.508333 0.116667 0.390000
175 28.506333 0.508333 0.135333 0.476667
886 28.631333 0.503333 0.128000 0.420000
998 28.704000 0.496667 0.032000 0.253333
238 28.821000 0.495000 0.219333 1.096667
381 28.978333 0.498333 0.114000 0.336667
312 29.086000 0.501667 0.121333 0.470000
936 29.152000 0.498333 0.029333 0.243333
1019 29.177333 0.491667 0.036000 0.283333
839 29.239000 0.510000 0.104667 0.513333
45 29.318333 0.501667 0.070000 0.350000
276 29.374333 0.498333 0.058000 0.370000
179 29.458000 0.498333 0.124000 0.443333
753 29.589000 0.496667 0.158000 0.513333
782 29.712000 0.500000 0.104000 0.480000
803 29.817333 0.503333 0.122667 0.380000
592 29.946333 0.495000 0.154000 0.443333
771 30.062000 0.488333 0.094667 0.496667
836 30.149000 0.510000 0.094000 0.386667
958 30.209667 0.488333 0.046000 0.336667
163 30.286667 0.498333 0.125333 0.456667
89 30.446333 0.505000 0.207333 1.036667
339 30.589667 0.495000 0.095333 0.510000
699 30.702667 0.505000 0.148000 0.410000
495 30.814000 0.496667 0.088000 0.386667
974 30.869000 0.503333 0.040667 0.320000
880 30.934333 0.498333 0.110000 0.390000
926 30.999000 0.498333 0.036667 0.283333
704 31.068333 0.488333 0.122000 0.370000
815 31.193667 0.506667 0.143333 0.493333
799 31.311667 0.501667 0.111333 0.410000
718 31.459000 0.488333 0.202000 1.010000
188 31.613333 0.496667 0.122667 0.540000
869 31.693333 0.508333 0.050667 0.343333
646 31.749333 0.495000 0.077333 0.350000
702 31.882333 0.505000 0.203333 1.016667
157 32.050667 0.490000 0.149333 0.600000
507 32.156333 0.500000 0.076667 0.400000
271 32.281333 0.510000 0.193333 0.966667
361 32.432333 0.491667 0.128667 0.376667
417 32.531000 0.498333 0.086000 0.416667
909 32.606667 0.508333 0.078667 0.356667
2 32.671333 0.496667 0.064000 0.306667
650 32.774667 0.500000 0.156000 0.506667
61 32.895000 0.496667 0.104667 0.520000
278 33.005333 0.491667 0.133333 0.403333
116 33.134667 0.503333 0.142667 0.446667
933 33.219000 0.500000 0.040667 0.300000
48 33.371667 0.495000 0.284667 0.456667
585 33.580667 0.503333 0.150667 0.433333
33 33.703667 0.498333 0.111333 0.356667
908 33.795000 0.505000 0.086000 0.316667
189 33.891000 0.501667 0.123333 0.496667
761 34.021667 0.508333 0.155333 0.450000
180 34.139667 0.501667 0.100667 0.350000
272 34.282000 0.510000 0.204000 1.020000
32 34.426333 0.501667 0.103333 0.336667
164 34.516667 0.510000 0.092000 0.353333
741 34.604000 0.508333 0.097333 0.330000
236 34.698667 0.503333 0.108000 0.440000
631 34.858333 0.488333 0.230000 1.150000
55 35.013333 0.495000 0.097333 0.256667
1023 35.072333 0.498333 0.040667 0.330000
913 35.151667 0.496667 0.131333 0.400000
664 35.271000 0.506667 0.122000 0.453333
953 35.339000 0.506667 0.031333 0.253333
719 35.416000 0.491667 0.141333 0.370000
56 35.516000 0.495000 0.072000 0.096667
115 35.583000 0.493333 0.076667 0.380000
1003 35.634000 0.488333 0.042667 0.336667
136 35.700333 0.491667 0.110000 0.390000
986 35.767000 0.500000 0.036667 0.280000
797 35.824333 0.503333 0.091333 0.340000
861 35.891333 0.498333 0.056000 0.436667
134 35.955333 0.510000 0.090667 0.360000
788 36.074333 0.501667 0.162000 0.436667
787 36.188000 0.496667 0.084000 0.506667
13 36.270000 0.508333 0.097333 0.316667
522 36.372667 0.506667 0.128000 0.413333
888 36.497333 0.493333 0.136000 0.420000
766 36.621333 0.505000 0.130667 0.383333
876 36.771000 0.493333 0.186000 0.480000
964 36.871333 0.508333 0.034667 0.263333
267 36.971333 0.493333 0.184000 0.920000
262 37.156667 0.500000 0.204000 1.020000
343 37.331667 0.510000 0.162000 0.480000
167 37.466667 0.510000 0.122667 0.453333
9 37.563333 0.490000 0.085333 0.380000
505 37.632000 0.500000 0.068000 0.280000
942 37.674667 0.498333 0.032000 0.256667
578 37.721667 0.508333 0.080667 0.310000
182 37.861000 0.508333 0.212667 1.063333
177 38.011333 0.508333 0.108000 0.396667
289 38.158667 0.510000 0.201333 1.006667
325 38.335333 0.506667 0.170667 0.853333
667 38.462667 0.490000 0.097333 0.360000
396 38.569333 0.493333 0.136000 0.380000
81 38.689333 0.495000 0.122667 0.496667
176 38.832000 0.503333 0.177333 0.886667
451 38.954000 0.500000 0.080000 0.420000
226 39.045000 0.500000 0.122000 0.500000
497 39.170333 0.505000 0.143333 0.370000
463 39.261333 0.500000 0.053333 0.293333
893 39.367000 0.505000 0.176667 0.556667
724 39.492333 0.505000 0.087333 0.456667
973 39.548000 0.496667 0.038667 0.293333
403 39.663000 0.505000 0.211333 1.056667
542 39.821667 0.491667 0.120667 0.430000
990 39.892667 0.493333 0.034667 0.293333
130 39.989667 0.491667 0.178000 0.890000
895 40.131333 0.510000 0.121333 0.373333
754 40.259333 0.498333 0.153333 0.750000
126 40.390000 0.510000 0.126667 0.420000
959 40.464333 0.490000 0.040667 0.340000
1021 40.491667 0.503333 0.032667 0.266667
103 40.613000 0.498333 0.223333 1.116667
4 40.763333 0.495000 0.097333 0.423333
626 40.873333 0.503333 0.136000 0.453333
901 41.013000 0.498333 0.156667 0.783333
77 41.156000 0.496667 0.149333 0.373333
828 41.267000 0.493333 0.091333 0.413333
773 41.405000 0.495000 0.203333 1.016667
491 41.555000 0.500000 0.111333 0.546667
474 41.631000 0.488333 0.054000 0.290000
1015 41.671667 0.498333 0.047333 0.370000
160 41.727000 0.506667 0.076667 0.420000
368 41.858667 0.500000 0.201333 1.006667
651 42.032667 0.500000 0.164000 0.533333
694 42.156667 0.495000 0.101333 0.496667
881 42.273667 0.498333 0.147333 0.496667
418 42.382667 0.501667 0.085333 0.416667
428 42.452667 0.506667 0.070667 0.486667
493 42.522667 0.500000 0.085333 0.413333
672 42.618333 0.505000 0.119333 0.443333
992 42.692000 0.508333 0.046667 0.350000
516 42.752667 0.493333 0.094667 0.300000
234 42.838000 0.496667 0.092000 0.380000
775 42.911667 0.505000 0.070000 0.323333
894 43.050667 0.503333 0.224000 1.120000
277 43.200333 0.490000 0.095333 0.433333
66 43.289000 0.496667 0.100667 0.480000
922 43.355000 0.498333 0.046000 0.330000
266 43.459667 0.503333 0.176667 0.560000
46 43.570333 0.493333 0.062000 0.506667
784 43.625333 0.508333 0.066667 0.550000
612 43.767667 0.491667 0.231333 1.156667
449 43.912333 0.488333 0.071333 0.363333
59 44.021667 0.501667 0.162000 0.810000
835 44.153667 0.503333 0.122000 0.513333
83 44.251000 0.495000 0.091333 0.423333
70 44.354667 0.493333 0.133333 0.480000
758 44.489667 0.496667 0.154000 0.446667
205 44.605667 0.506667 0.096667 0.413333
739 44.687667 0.500000 0.080667 0.560000
624 44.790000 0.505000 0.141333 0.476667
613 44.961333 0.503333 0.218667 1.093333
747 45.121000 0.501667 0.119333 0.523333
112 45.232667 0.510000 0.124000 0.413333
660 45.334000 0.493333 0.097333 0.333333
128 45.477667 0.491667 0.204667 1.023333
319 45.614667 0.491667 0.085333 0.316667
745 45.706667 0.506667 0.114667 0.433333
731 45.785667 0.498333 0.063333 0.323333
608 45.865333 0.491667 0.113333 0.390000
473 45.942000 0.490000 0.058667 0.346667
827 46.022000 0.496667 0.114667 0.546667
635 46.111667 0.506667 0.080667 0.360000
413 46.206667 0.505000 0.128000 0.516667
158 46.354000 0.510000 0.181333 0.906667
589 46.496667 0.496667 0.124000 0.500000
156 46.637000 0.510000 0.175333 0.466667
458 46.745333 0.510000 0.058667 0.346667
307 46.796333 0.503333 0.058000 0.313333
87 46.926667 0.495000 0.218667 0.463333
780 47.089667 0.505000 0.122000 0.350000
207 47.187000 0.510000 0.086000 0.433333
860 47.312667 0.500000 0.185333 0.446667
655 47.438667 0.503333 0.086667 0.393333
96 47.569667 0.503333 0.191333 0.413333
670 47.722333 0.488333 0.128667 0.476667
227 47.840333 0.506667 0.126000 0.520000
1018 47.918000 0.501667 0.042667 0.350000
275 47.969333 0.506667 0.073333 0.413333
949 48.017667 0.496667 0.038000 0.286667
849 48.088333 0.510000 0.123333 0.513333
228 48.190333 0.498333 0.098000 0.396667
242 48.284000 0.496667 0.109333 0.433333
833 48.389333 0.503333 0.116000 0.480000
384 48.526333 0.498333 0.178000 0.890000
290 48.680667 0.500000 0.149333 0.446667
351 48.838333 0.495000 0.180667 0.903333
355 48.998333 0.501667 0.154000 0.423333
357 49.137333 0.503333 0.137333 0.380000
790 49.239000 0.496667 0.079333 0.480000
872 49.327333 0.490000 0.112000 0.313333
867 49.429333 0.505000 0.110667 0.390000
97 49.581000 0.488333 0.206000 1.030000
620 49.771000 0.501667 0.187333 0.936667
994 49.874667 0.501667 0.034667 0.296667
717 49.983667 0.508333 0.196667 0.983333
951 50.093000 0.501667 0.035333 0.256667
91 50.196000 0.503333 0.185333 0.926667
696 50.337333 0.508333 0.110667 0.256667
644 50.431000 0.508333 0.091333 0.416667
599 50.521000 0.505000 0.108667 0.330000
506 50.583667 0.493333 0.036667 0.426667
47 50.645667 0.506667 0.104667 0.486667
172 50.758000 0.493333 0.136000 0.506667
548 50.877000 0.493333 0.116667 0.420000
554 51.041000 0.498333 0.227333 1.136667
840 51.203000 0.495000 0.112667 0.563333
738 51.298667 0.498333 0.094667 0.423333
360 51.432000 0.506667 0.190667 0.953333
712 51.615667 0.493333 0.191333 0.480000
349 51.815000 0.501667 0.226000 1.130000
864 51.973333 0.498333 0.104000 0.403333
504 52.088333 0.491667 0.140667 0.416667
821 52.191000 0.500000 0.083333 0.553333
935 52.245667 0.496667 0.043333 0.313333
966 52.284333 0.490000 0.050000 0.373333
851 52.357000 0.501667 0.112667 0.530000
800 52.449333 0.506667 0.090667 0.340000
76 52.571000 0.508333 0.170000 0.536667
261 52.741000 0.508333 0.183333 0.916667
629 52.894667 0.510000 0.144000 0.486667
152 52.994333 0.501667 0.071333 0.350000
657 53.075333 0.488333 0.108000 0.436667
335 53.179667 0.510000 0.115333 0.413333
435 53.252667 0.491667 0.048000 0.263333
1016 53.290667 0.496667 0.041333 0.306667
732 53.346333 0.505000 0.084667 0.443333
806 53.477667 0.498333 0.198000 0.990000
298 53.608333 0.503333 0.078000 0.400000
147 53.695667 0.508333 0.114000 0.483333
478 53.772333 0.500000 0.059333 0.353333
440 53.829667 0.490000 0.068667 0.393333
336 53.907000 0.501667 0.100667 0.483333
210 54.002667 0.501667 0.106667 0.423333
927 54.067333 0.493333 0.041333 0.346667
950 54.097000 0.503333 0.038000 0.306667
921 54.139333 0.510000 0.060000 0.360000
184 54.213333 0.495000 0.106667 0.483333
1001 54.282333 0.503333 0.047333 0.360000
1 54.334333 0.490000 0.072667 0.373333
378 54.468333 0.498333 0.210000 1.050000
709 54.623667 0.501667 0.118000 0.516667
531 54.754333 0.491667 0.158000 0.790000
11 54.883000 0.496667 0.118000 0.386667
425 54.983000 0.496667 0.102000 0.606667
121 55.036667 0.490000 0.020000 0.360000
214 55.098000 0.490000 0.121333 0.566667
224 55.208333 0.503333 0.119333 0.480000
523 55.313000 0.496667 0.108667 0.353333
369 55.416333 0.503333 0.114000 0.313333
108 55.565667 0.495000 0.203333 1.016667
640 55.696333 0.496667 0.076667 0.380000
524 55.790333 0.493333 0.126000 0.393333
399 55.891333 0.491667 0.096000 0.316667
353 56.000000 0.500000 0.137333 0.406667
402 56.128333 0.503333 0.136667 0.346667
649 56.235667 0.500000 0.092667 0.513333
804 56.347667 0.496667 0.148667 0.453333
605 56.494000 0.510000 0.158667 0.440000
259 56.667000 0.491667 0.206000 1.030000
796 56.841000 0.505000 0.156667 0.783333
597 56.963667 0.510000 0.108667 0.320000
903 57.089333 0.501667 0.156000 0.450000
338 57.229333 0.508333 0.137333 0.710000
301 57.330667 0.505000 0.080000 0.443333
216 57.415000 0.503333 0.108667 0.460000
123 57.514667 0.490000 0.104000 0.606667
406 57.604667 0.491667 0.092000 0.356667
39 57.691667 0.510000 0.098000 0.326667
928 57.746333 0.501667 0.031333 0.263333
636 57.812000 0.508333 0.118667 0.263333
7 57.917667 0.503333 0.106000 0.346667
318 58.000667 0.498333 0.076000 0.376667
10 58.076667 0.500000 0.094667 0.326667
824 58.165000 0.503333 0.102000 0.440000
1000 58.234667 0.490000 0.050667 0.373333
527 58.315667 0.505000 0.130000 0.376667
232 58.427000 0.501667 0.111333 0.476667
643 58.518333 0.508333 0.086000 0.296667
999 58.576667 0.490000 0.049333 0.360000
853 58.641000 0.506667 0.092667 0.373333
1002 58.699000 0.491667 0.036667 0.276667
854 58.797667 0.488333 0.175333 0.556667
468 58.914000 0.495000 0.074667 0.443333
447 58.984000 0.508333 0.081333 0.416667
937 59.038000 0.506667 0.045333 0.340000
689 59.089000 0.501667 0.075333 0.370000
751 59.179667 0.496667 0.124667 0.506667
606 59.308333 0.503333 0.146000 0.446667
260 59.444333 0.505000 0.143333 0.376667
146 59.597000 0.491667 0.180667 0.903333
809 59.738667 0.490000 0.121333 0.646667
711 59.900000 0.496667 0.218667 1.093333
488 60.042333 0.508333 0.080667 0.396667
362 60.133667 0.496667 0.115333 0.366667
627 60.270000 0.496667 0.176000 0.593333
385 60.425000 0.510000 0.147333 0.406667
907 60.561333 0.496667 0.138667 0.466667
359 60.677000 0.500000 0.112667 0.326667
769 60.808667 0.510000 0.164000 0.820000
954 60.904333 0.496667 0.046000 0.340000
85 60.973333 0.496667 0.110667 0.466667
432 61.094000 0.491667 0.146667 0.323333
485 61.194333 0.503333 0.067333 0.340000
887 61.295000 0.498333 0.154000 0.510000
559 61.400333 0.500000 0.070000 0.340000
561 61.524667 0.505000 0.193333 0.396667
513 61.681000 0.491667 0.139333 0.463333
582 61.801333 0.500000 0.118667 0.446667
195 61.892333 0.501667 0.080667 0.376667
943 61.941333 0.506667 0.030667 0.253333
647 61.991000 0.510000 0.086000 0.440000
131 62.078667 0.488333 0.109333 0.423333
831 62.174000 0.503333 0.098667 0.480000
86 62.268667 0.505000 0.108000 0.496667
540 62.409333 0.500000 0.190667 0.953333
367 62.562667 0.498333 0.132000 0.410000
212 62.672667 0.503333 0.105333 0.486667
127 62.818667 0.496667 0.206667 1.033333
429 62.962000 0.508333 0.100000 0.350000
955 63.019333 0.508333 0.033333 0.256667
939 63.046667 0.510000 0.041333 0.346667
371 63.125333 0.508333 0.136000 0.363333
757 63.265333 0.501667 0.158667 0.463333
969 63.353333 0.496667 0.033333 0.273333
730 63.433333 0.500000 0.140000 0.506667
911 63.543667 0.510000 0.095333 0.346667
196 63.646667 0.510000 0.125333 0.506667
897 63.761667 0.490000 0.120667 0.346667
632 63.898333 0.498333 0.172667 0.863333
244 64.052667 0.505000 0.152000 0.410000
487 64.153333 0.493333 0.069333 0.353333
546 64.230000 0.490000 0.101333 0.366667
295 64.326333 0.491667 0.106000 0.443333
69 64.418000 0.490000 0.092000 0.486667
710 64.523333 0.501667 0.138667 0.343333
858 64.633333 0.510000 0.098667 0.320000
642 64.714333 0.501667 0.076667 0.303333
140 64.833000 0.505000 0.176667 0.883333
129 64.986667 0.493333 0.145333 0.560000
708 65.105333 0.508333 0.108000 0.496667
346 65.208667 0.495000 0.113333 0.303333
918 65.310667 0.510000 0.105333 0.400000
776 65.436000 0.488333 0.161333 0.376667
323 65.600000 0.510000 0.182667 0.913333
811 65.742000 0.488333 0.118667 0.316667
109 65.881667 0.508333 0.179333 0.896667
420 66.004333 0.508333 0.080667 0.290000
1006 66.052333 0.490000 0.028667 0.240000
826 66.099667 0.503333 0.083333 0.360000
910 66.189000 0.510000 0.111333 0.386667
486 66.263000 0.500000 0.056667 0.300000
623 66.378000 0.503333 0.188000 0.940000
142 66.579667 0.495000 0.230000 1.150000
245 66.717333 0.500000 0.065333 0.360000
528 66.811000 0.503333 0.136667 0.446667
693 66.908333 0.498333 0.076667 0.376667
774 66.969667 0.501667 0.066000 0.363333
805 67.084667 0.490000 0.178667 0.513333
980 67.181667 0.501667 0.032667 0.270000
574 67.233000 0.498333 0.084667 0.343333
187 67.323000 0.508333 0.114000 0.583333
90 67.453333 0.506667 0.166667 0.833333
287 67.579000 0.488333 0.099333 0.363333
494 67.653333 0.506667 0.066667 0.360000
490 67.714667 0.501667 0.074667 0.443333
198 67.791000 0.498333 0.095333 0.410000
615 67.887667 0.505000 0.115333 0.530000
285 67.987000 0.491667 0.099333 0.323333
517 68.081000 0.505000 0.103333 0.343333
410 68.182000 0.490000 0.113333 0.426667
372 68.304667 0.491667 0.146667 0.403333
678 68.432333 0.501667 0.122000 0.430000
299 68.529333 0.490000 0.085333 0.333333
441 68.594333 0.501667 0.064667 0.343333
946 68.637667 0.503333 0.038000 0.300000
98 68.763000 0.495000 0.226000 1.130000
273 68.898667 0.503333 0.061333 0.406667
568 68.968667 0.495000 0.094667 0.470000
34 69.053667 0.488333 0.091333 0.290000
106 69.182333 0.508333 0.180667 0.903333
185 69.330000 0.495000 0.130667 0.523333
682 69.444667 0.491667 0.116000 0.443333
35 69.549667 0.503333 0.114000 0.380000
837 69.660667 0.493333 0.121333 0.533333
785 69.754333 0.498333 0.084667 0.356667
669 69.848667 0.501667 0.120000 0.410000
763 69.926333 0.503333 0.052667 0.366667
263 70.003333 0.490000 0.114667 0.406667
550 70.094333 0.508333 0.083333 0.416667
292 70.191333 0.506667 0.129333 0.506667
444 70.281667 0.496667 0.064667 0.333333
200 70.352000 0.491667 0.090667 0.376667
124 70.444667 0.510000 0.114667 0.426667
72 70.534333 0.491667 0.084667 0.410000
44 70.632000 0.503333 0.130667 0.526667
122 70.739667 0.501667 0.099333 0.356667
211 70.839000 0.500000 0.115333 0.513333
819 70.953667 0.505000 0.132667 0.323333
977 71.031667 0.508333 0.038000 0.283333
193 71.096667 0.510000 0.109333 0.473333
316 71.206333 0.488333 0.126000 0.456667
43 71.311333 0.508333 0.098667 0.383333
898 71.433667 0.500000 0.160667 0.433333
22 71.575000 0.510000 0.140667 0.473333
850 71.690000 0.501667 0.105333 0.496667
380 71.790667 0.501667 0.110667 0.290000
752 71.868333 0.510000 0.060667 0.160000
186 71.948667 0.493333 0.113333 0.460000
511 72.058667 0.490000 0.124000 0.386667
594 72.176000 0.490000 0.129333 0.386667
847 72.300333 0.488333 0.138000 0.423333
217 72.415333 0.503333 0.106667 0.433333
190 72.510000 0.495000 0.101333 0.403333
637 72.582667 0.506667 0.058667 0.300000
64 72.640333 0.501667 0.074000 0.390000
645 72.711333 0.493333 0.084000 0.373333
536 72.807667 0.503333 0.124667 0.466667
759 72.934333 0.496667 0.144667 0.446667
294 73.124333 0.505000 0.255333 0.443333
890 73.292333 0.505000 0.098000 0.390000
549 73.384333 0.503333 0.099333 0.346667
905 73.494667 0.510000 0.137333 0.440000
63 73.602667 0.505000 0.093333 0.336667
616 73.723667 0.505000 0.163333 0.403333
302 73.830000 0.506667 0.069333 0.386667
1008 73.878000 0.500000 0.042667 0.340000
577 73.935000 0.495000 0.084667 0.330000
8 74.012667 0.495000 0.085333 0.303333
1022 74.069000 0.495000 0.046000 0.336667
483 74.111333 0.498333 0.058667 0.310000
141 74.165333 0.510000 0.069333 0.313333
433 74.256000 0.503333 0.128000 0.340000
700 74.424333 0.488333 0.228667 1.143333
71 74.561667 0.495000 0.066000 0.356667
601 74.634333 0.488333 0.096667 0.290000
309 74.706000 0.488333 0.061333 0.350000
941 74.750667 0.508333 0.041333 0.336667
555 74.785000 0.506667 0.043333 0.426667
424 74.861667 0.505000 0.130000 0.410000
252 74.988000 0.496667 0.140000 0.546667
728 75.085000 0.500000 0.067333 0.600000
508 75.140000 0.491667 0.058667 0.343333
641 75.205000 0.495000 0.088667 0.430000
744 75.351667 0.501667 0.223333 1.116667
563 75.550000 0.506667 0.186667 0.413333
203 75.689000 0.510000 0.110000 0.560000
222 75.788000 0.490000 0.106667 0.440000
671 75.882000 0.498333 0.096000 0.330000
324 76.000667 0.495000 0.160000 0.783333
235 76.130333 0.490000 0.115333 0.460000
705 76.247000 0.510000 0.132667 0.446667
313 76.363667 0.491667 0.120667 0.450000
988 76.430667 0.493333 0.033333 0.253333
391 76.515000 0.490000 0.150000 0.426667
778 76.628000 0.496667 0.096000 0.653333
284 76.726333 0.505000 0.118000 0.423333
878 76.826667 0.498333 0.102667 0.523333
376 76.940667 0.505000 0.145333 0.410000
842 77.057333 0.505000 0.102667 0.423333
100 77.210667 0.490000 0.222667 1.113333
31 77.383667 0.490000 0.142000 0.400000
598 77.511333 0.498333 0.132000 0.396667
393 77.639667 0.500000 0.142000 0.406667
255 77.771667 0.490000 0.139333 0.533333
938 77.853667 0.488333 0.040667 0.330000
683 77.923000 0.498333 0.116667 0.316667
750 78.033667 0.496667 0.120667 0.446667
772 78.161333 0.501667 0.149333 0.410000
676 78.275333 0.501667 0.096000 0.330000
794 78.345667 0.500000 0.059333 0.353333
749 78.416667 0.488333 0.096000 0.416667
543 78.558000 0.495000 0.202667 0.630000
113 78.737667 0.498333 0.171333 0.856667
829 78.859333 0.498333 0.092000 0.416667
397 78.942000 0.500000 0.090667 0.373333
143 79.038000 0.503333 0.114667 0.486667
401 79.134667 0.505000 0.092000 0.496667
178 79.223000 0.491667 0.102000 0.396667
576 79.316333 0.498333 0.103333 0.410000
970 79.378333 0.495000 0.039333 0.310000
448 79.418667 0.503333 0.058667 0.333333
54 79.471000 0.496667 0.059333 0.320000
978 79.511667 0.505000 0.042000 0.310000
885 79.574667 0.508333 0.098667 0.443333
789 79.650667 0.498333 0.072000 0.443333
320 79.741333 0.496667 0.122667 0.400000
891 79.828333 0.496667 0.064667 0.273333
618 79.889333 0.510000 0.073333 0.473333
521 79.976333 0.495000 0.114000 0.303333
838 80.090333 0.508333 0.128667 0.556667
138 80.184000 0.495000 0.073333 0.436667
993 80.227000 0.496667 0.031333 0.260000
297 80.272000 0.508333 0.078667 0.430000
820 80.345667 0.488333 0.083333 0.350000
62 80.424667 0.510000 0.089333 0.413333
29 80.516333 0.496667 0.107333 0.320000
551 80.629667 0.493333 0.132667 0.433333
269 80.785667 0.505000 0.192667 0.583333
565 80.967000 0.496667 0.186000 0.380000
341 81.085000 0.508333 0.067333 0.290000
304 81.142000 0.508333 0.062667 0.356667
686 81.209000 0.496667 0.088667 0.433333
469 81.280667 0.508333 0.070667 0.363333
257 81.380667 0.505000 0.144000 0.490000
337 81.571333 0.498333 0.253333 0.630000
552 81.723667 0.496667 0.070000 0.426667
21 81.811000 0.505000 0.118000 0.443333
783 81.903667 0.506667 0.083333 0.446667
104 82.044333 0.505000 0.212667 0.456667
191 82.187667 0.510000 0.090000 0.453333
1014 82.246667 0.491667 0.041333 0.296667
723 82.321667 0.495000 0.124667 0.430000
917 82.394000 0.490000 0.034667 0.260000
254 82.458333 0.510000 0.114000 0.440000
50 82.566333 0.496667 0.115333 0.386667
465 82.644333 0.506667 0.060667 0.313333
725 82.722667 0.490000 0.113333 0.473333
73 82.840333 0.496667 0.140667 0.440000
931 82.923333 0.505000 0.041333 0.350000
230 82.986000 0.505000 0.100000 0.436667
379 83.083667 0.491667 0.108667 0.296667
940 83.146667 0.510000 0.033333 0.266667
173 83.212000 0.500000 0.113333 0.513333
197 83.322333 0.500000 0.123333 0.493333
665 83.422667 0.493333 0.092000 0.320000
37 83.519000 0.493333 0.114000 0.406667
716 83.663667 0.505000 0.190000 0.476667
25 83.811333 0.488333 0.125333 0.463333
161 83.929667 0.505000 0.128667 0.476667
219 84.038333 0.506667 0.108667 0.440000
149 84.152000 0.506667 0.137333 0.353333
748 84.259333 0.506667 0.094667 0.340000
879 84.374000 0.498333 0.152000 0.416667
762 84.485667 0.506667 0.084667 0.386667
587 84.601333 0.508333 0.161333 0.476667
470 84.715000 0.505000 0.084667 0.430000
231 84.804667 0.508333 0.109333 0.456667
919 84.887333 0.500000 0.070667 0.353333
439 84.964333 0.498333 0.096667 0.376667
194 85.088333 0.488333 0.170000 0.850000
685 85.219333 0.495000 0.105333 0.416667
889 85.340000 0.510000 0.152000 0.473333
991 85.430667 0.490000 0.049333 0.360000
256 85.496333 0.496667 0.100667 0.340000
454 85.574667 0.505000 0.069333 0.410000
679 85.640000 0.496667 0.076000 0.466667
661 85.721667 0.506667 0.107333 0.373333
1004 85.784000 0.503333 0.036000 0.273333
28 85.845000 0.501667 0.100667 0.323333
656 85.975333 0.500000 0.178667 0.473333
135 86.108000 0.495000 0.102667 0.303333
639 86.182667 0.495000 0.066667 0.336667
166 86.269667 0.505000 0.127333 0.443333
600 86.386000 0.488333 0.124000 0.396667
102 86.533000 0.508333 0.188667 0.396667
169 86.682667 0.495000 0.126667 0.470000
945 86.758000 0.503333 0.038667 0.300000
496 86.830333 0.500000 0.119333 0.460000
503 86.960667 0.508333 0.157333 0.410000
912 87.082333 0.503333 0.100667 0.406667
617 87.174667 0.493333 0.104000 0.440000
204 87.273000 0.510000 0.106000 0.440000
564 87.395000 0.503333 0.152667 0.320000
15 87.507667 0.498333 0.090000 0.283333
862 87.578333 0.496667 0.068667 0.346667
437 87.651667 0.508333 0.091333 0.450000
457 87.722667 0.503333 0.068000 0.346667
94 87.837000 0.506667 0.179333 0.380000
534 87.964333 0.498333 0.094000 0.370000
274 88.060333 0.493333 0.112667 0.553333
181 88.162667 0.503333 0.110667 0.413333
75 88.295000 0.493333 0.167333 0.526667
734 88.467333 0.491667 0.190667 0.510000
40 88.609667 0.498333 0.108667 0.396667
170 88.701667 0.490000 0.094000 0.326667
859 88.797000 0.491667 0.116667 0.330000
971 88.869667 0.510000 0.043333 0.320000
165 88.948000 0.506667 0.128000 0.480000
0 89.026333 0.493333 0.046000 0.366667
852 89.089333 0.505000 0.098667 0.403333
383 89.186333 0.500000 0.108667 0.313333
721 89.325000 0.508333 0.184667 0.476667
962 89.425000 0.491667 0.030000 0.250000
733 89.472667 0.488333 0.085333 0.516667
246 89.574667 0.508333 0.132000 0.470000
283 89.691000 0.498333 0.118000 0.423333
537 89.830333 0.498333 0.176667 0.883333
541 90.006667 0.508333 0.189333 0.463333
202 90.155333 0.505000 0.121333 0.483333
174 90.255333 0.506667 0.093333 0.353333
914 90.354000 0.490000 0.122667 0.366667
814 90.459333 0.490000 0.104000 0.280000
781 90.536000 0.496667 0.068000 0.346667
431 90.614667 0.491667 0.104000 0.356667
648 90.702333 0.493333 0.086000 0.386667
144 90.793333 0.498333 0.109333 0.456667
575 90.893000 0.505000 0.110000 0.370000
38 90.998000 0.491667 0.114667 0.383333
963 91.070000 0.491667 0.048000 0.363333
101 91.192667 0.500000 0.217333 0.466667
333 91.372333 0.505000 0.158000 0.790000
533 91.507667 0.506667 0.130000 0.440000
67 91.640333 0.498333 0.155333 0.776667
404 91.815333 0.503333 0.210667 1.053333
884 91.978333 0.503333 0.134000 0.466667
416 92.086333 0.505000 0.102000 0.490000
375 92.223000 0.488333 0.187333 0.936667
374 92.366667 0.493333 0.116000 0.313333
715 92.512000 0.501667 0.193333 0.510000
720 92.674667 0.488333 0.146667 0.390000
586 92.807667 0.493333 0.134000 0.426667
19 92.918000 0.506667 0.104000 0.333333
572 93.006333 0.493333 0.087333 0.353333
900 93.105000 0.508333 0.126000 0.396667
934 93.179667 0.508333 0.042000 0.323333
6 93.242333 0.495000 0.102000 0.403333
556 93.335333 0.498333 0.102667 0.410000
593 93.460000 0.500000 0.161333 0.806667
691 93.575667 0.503333 0.087333 0.426667
925 93.633667 0.488333 0.046000 0.336667
484 93.697667 0.490000 0.098000 0.353333
201 93.794667 0.503333 0.109333 0.460000
462 93.877333 0.491667 0.070667 0.376667
499 93.928667 0.500000 0.048000 0.293333
684 94.006333 0.498333 0.123333 0.416667
310 94.097333 0.510000 0.074667 0.420000
482 94.155333 0.495000 0.056000 0.336667
871 94.210333 0.493333 0.071333 0.373333
159 94.256000 0.488333 0.036000 0.276667
793 94.329000 0.501667 0.126000 0.516667
807 94.486667 0.491667 0.208000 0.523333
317 94.630667 0.506667 0.100000 0.366667
795 94.703333 0.501667 0.062667 0.376667
233 94.778667 0.490000 0.101333 0.433333
18 94.868333 0.506667 0.094000 0.306667
57 94.929667 0.495000 0.047333 0.256667
23 95.024667 0.491667 0.156000 0.456667
430 95.152667 0.503333 0.116000 0.493333
171 95.260000 0.496667 0.117333 0.413333
183 95.367000 0.490000 0.112667 0.533333
139 95.443000 0.506667 0.058000 0.313333
60 95.495333 0.488333 0.064000 0.263333
93 95.611333 0.490000 0.185333 0.926667
446 95.734333 0.510000 0.078000 0.460000
823 95.818000 0.501667 0.104000 0.476667
982 95.883000 0.500000 0.043333 0.326667
117 95.963667 0.500000 0.131333 0.420000
743 96.062000 0.495000 0.085333 0.356667
590 96.174667 0.500000 0.160000 0.533333
558 96.291000 0.500000 0.091333 0.446667
571 96.382333 0.498333 0.104667 0.430000
286 96.486333 0.496667 0.119333 0.446667
875 96.623000 0.498333 0.174000 0.870000
352 96.759000 0.488333 0.114000 0.303333
17 96.871667 0.508333 0.124667 0.403333
1013 96.951667 0.488333 0.050000 0.370000
755 97.042333 0.501667 0.148667 0.430000
389 97.177000 0.488333 0.140667 0.390000
677 97.301000 0.508333 0.126000 0.443333
798 97.400667 0.506667 0.092000 0.360000
42 97.470000 0.508333 0.065333 0.370000
492 97.534333 0.491667 0.078000 0.370000
957 97.589000 0.500000 0.046000 0.340000
1017 97.625000 0.510000 0.043333 0.320000
981 97.655667 0.493333 0.038000 0.280000
659 97.708000 0.510000 0.085333 0.340000
342 97.785000 0.500000 0.086000 0.406667
509 97.875667 0.496667 0.115333 0.386667
306 97.957333 0.490000 0.066667 0.373333
265 98.038667 0.508333 0.109333 0.423333
206 98.199333 0.510000 0.229333 1.146667
706 98.345667 0.498333 0.076667 0.403333
602 98.440333 0.500000 0.131333 0.413333
480 98.537667 0.505000 0.082000 0.423333
208 98.610667 0.500000 0.084000 0.366667
726 98.683667 0.510000 0.082000 0.426667
801 98.776000 0.505000 0.117333 0.436667
41 98.909000 0.498333 0.167333 0.836667
237 99.018000 0.506667 0.068000 0.486667
218 99.156667 0.496667 0.222667 1.113333
223 99.303667 0.510000 0.084667 0.386667
595 99.403667 0.503333 0.131333 0.400000
344 99.525000 0.498333 0.127333 0.396667
20 99.626000 0.498333 0.088000 0.316667
581 99.715000 0.490000 0.107333 0.520000
315 99.810000 0.506667 0.096000 0.373333
53 99.907667 0.490000 0.119333 0.433333
472 99.992667 0.501667 0.064000 0.323333
137 100.044667 0.501667 0.054667 0.270000
863 100.109667 0.496667 0.090000 0.433333
419 100.197333 0.505000 0.100000 0.490000
997 100.259333 0.508333 0.037333 0.296667
471 100.302000 0.490000 0.061333 0.313333
915 100.368333 0.510000 0.091333 0.740000
300 100.440667 0.506667 0.073333 0.233333
923 100.487000 0.496667 0.032667 0.266667
394 100.562000 0.510000 0.137333 0.386667
714 100.728000 0.493333 0.214667 1.073333
199 100.882000 0.503333 0.109333 0.440000
792 100.975333 0.491667 0.097333 0.396667
365 101.074667 0.491667 0.121333 0.323333
132 101.174333 0.510000 0.092667 0.373333
422 101.264333 0.498333 0.100667 0.390000
455 101.345667 0.498333 0.078000 0.396667
107 101.459667 0.501667 0.170000 0.850000
845 101.578333 0.503333 0.082000 0.366667
150 101.660667 0.510000 0.102667 0.426667
607 101.767000 0.491667 0.127333 0.396667
652 101.922000 0.510000 0.200000 1.000000
680 102.076667 0.510000 0.128000 0.413333
229 102.181667 0.503333 0.096667 0.400000
735 102.286667 0.496667 0.130667 0.540000
625 102.418667 0.500000 0.152000 0.513333
303 102.513667 0.508333 0.056667 0.316667
740 102.599000 0.488333 0.132667 0.303333
358 102.735333 0.491667 0.153333 0.450000
634 102.839333 0.491667 0.073333 0.303333
830 102.913000 0.495000 0.087333 0.363333
241 102.991000 0.495000 0.088667 0.490000
331 103.130667 0.500000 0.208000 1.040000
421 103.310333 0.491667 0.170000 0.850000
481 103.423000 0.491667 0.068667 0.356667
570 103.505000 0.488333 0.112667 0.496667
442 103.590667 0.498333 0.072000 0.403333
426 103.649333 0.503333 0.065333 0.373333
562 103.739000 0.508333 0.130000 0.270000
722 103.855000 0.491667 0.115333 0.336667
111 103.952667 0.493333 0.093333 0.440000
883 104.084667 0.500000 0.184000 0.393333
220 104.224000 0.495000 0.108000 0.450000
569 104.325000 0.503333 0.112667 0.473333
619 104.417000 0.493333 0.088667 0.480000
1011 104.475667 0.508333 0.047333 0.356667
622 104.559333 0.488333 0.136000 0.476667
742 104.693000 0.508333 0.150000 0.623333
930 104.778667 0.493333 0.038667 0.300000
834 104.844667 0.500000 0.112000 0.546667
882 104.950667 0.496667 0.114667 0.453333
326 105.032667 0.496667 0.069333 0.320000
