891 0.030333 0.505000 0.054000 0.223333
427 0.143667 0.495000 0.188667 0.943333
155 0.282333 0.501667 0.102000 0.563333
503 0.418667 0.506667 0.190667 0.953333
527 0.565333 0.491667 0.117333 0.343333
754 0.693667 0.503333 0.152667 0.746667
646 0.804000 0.496667 0.082667 0.373333
297 0.873667 0.498333 0.070000 0.356667
504 0.985333 0.495000 0.172000 0.490000
95 1.179667 0.510000 0.235333 0.506667
132 1.323667 0.498333 0.068667 0.296667
805 1.427333 0.496667 0.152000 0.440000
158 1.594667 0.506667 0.197333 0.986667
388 1.763000 0.510000 0.156667 0.486667
834 1.886333 0.495000 0.108667 0.530000
304 1.973000 0.498333 0.082000 0.463333
545 2.051667 0.510000 0.092667 0.340000
727 2.124667 0.493333 0.070667 0.333333
941 2.175333 0.491667 0.046667 0.343333
455 2.228667 0.505000 0.073333 0.376667
191 2.313667 0.503333 0.110000 0.473333
690 2.395000 0.510000 0.070000 0.346667
567 2.466000 0.501667 0.090667 0.383333
330 2.541000 0.503333 0.078000 0.300000
637 2.596333 0.496667 0.046000 0.240000
481 2.642333 0.496667 0.066000 0.393333
367 2.744000 0.493333 0.157333 0.420000
936 2.834667 0.510000 0.044000 0.320000
817 2.902667 0.493333 0.106667 0.266667
588 3.003667 0.488333 0.114000 0.516667
765 3.094000 0.488333 0.081333 0.443333
818 3.179000 0.503333 0.107333 0.340000
828 3.276333 0.490000 0.100667 0.453333
104 3.431333 0.505000 0.225333 0.496667
261 3.627667 0.488333 0.187333 0.936667
216 3.752000 0.505000 0.080000 0.403333
611 3.828333 0.500000 0.086000 0.333333
26 3.922000 0.501667 0.117333 0.396667
934 3.991333 0.503333 0.034667 0.280000
272 4.085667 0.500000 0.172667 0.506667
536 4.223000 0.495000 0.118000 0.470000
285 4.365333 0.506667 0.185333 0.926667
475 4.478667 0.495000 0.058667 0.323333
639 4.543333 0.495000 0.084000 0.410000
194 4.634333 0.498333 0.116667 0.590000
217 4.738667 0.503333 0.110667 0.560000
593 4.865667 0.498333 0.156667 0.783333
1020 4.950333 0.506667 0.030000 0.246667
1010 4.973667 0.491667 0.036667 0.276667
556 5.031333 0.493333 0.094667 0.393333
532 5.114000 0.498333 0.089333 0.456667
691 5.194000 0.495000 0.086667 0.423333
788 5.312333 0.488333 0.170000 0.850000
903 5.444000 0.493333 0.106667 0.306667
719 5.572000 0.506667 0.165333 0.826667
461 5.684000 0.491667 0.073333 0.383333
975 5.730667 0.493333 0.038667 0.293333
123 5.791000 0.490000 0.100667 0.586667
377 5.890000 0.488333 0.112000 0.303333
652 6.014667 0.505000 0.150667 0.516667
457 6.112333 0.498333 0.059333 0.356667
605 6.197333 0.500000 0.124000 0.320000
380 6.305000 0.505000 0.106000 0.323333
822 6.413333 0.503333 0.124000 0.446667
511 6.523667 0.508333 0.116667 0.363333
353 6.686333 0.498333 0.222000 1.110000
749 6.845000 0.500000 0.110000 0.440000
257 6.955333 0.508333 0.129333 0.396667
317 7.071667 0.496667 0.120667 0.486667
502 7.169000 0.495000 0.092667 0.430000
488 7.248667 0.501667 0.081333 0.403333
171 7.330667 0.503333 0.102667 0.366667
843 7.469667 0.508333 0.188667 0.943333
20 7.596667 0.493333 0.080000 0.280000
534 7.663667 0.488333 0.072667 0.283333
340 7.755333 0.496667 0.125333 0.386667
84 7.863333 0.490000 0.110667 0.306667
598 7.971667 0.498333 0.122000 0.370000
65 8.065667 0.506667 0.084667 0.220000
530 8.142000 0.496667 0.085333 0.406667
205 8.233000 0.496667 0.110000 0.493333
307 8.306667 0.498333 0.057333 0.323333
192 8.377667 0.505000 0.103333 0.416667
629 8.521667 0.488333 0.200667 1.003333
173 8.666667 0.488333 0.105333 0.476667
349 8.779667 0.508333 0.134000 0.410000
223 8.881000 0.495000 0.088667 0.443333
555 8.933000 0.510000 0.032667 0.320000
439 8.997667 0.498333 0.111333 0.436667
533 9.104000 0.508333 0.114667 0.390000
119 9.187000 0.498333 0.071333 0.423333
947 9.238000 0.508333 0.044000 0.316667
138 9.294000 0.506667 0.082667 0.480000
221 9.391333 0.503333 0.128000 0.513333
725 9.508000 0.488333 0.118667 0.503333
516 9.609000 0.508333 0.096667 0.330000
603 9.747000 0.495000 0.196667 0.983333
675 9.887000 0.498333 0.103333 0.343333
376 9.999667 0.493333 0.142000 0.380000
193 10.114333 0.508333 0.100667 0.410000
855 10.202000 0.493333 0.092000 0.233333
821 10.291000 0.488333 0.104667 0.723333
446 10.375000 0.490000 0.079333 0.413333
174 10.452333 0.496667 0.095333 0.333333
916 10.599667 0.506667 0.214000 0.500000
254 10.768667 0.490000 0.138667 0.526667
60 10.865333 0.491667 0.068000 0.283333
408 10.939333 0.508333 0.096000 0.363333
483 11.017000 0.491667 0.076667 0.390000
988 11.062333 0.500000 0.034000 0.273333
878 11.123667 0.510000 0.106000 0.546667
259 11.246333 0.491667 0.158000 0.790000
358 11.421667 0.508333 0.211333 1.056667
661 11.562000 0.501667 0.088000 0.310000
531 11.681333 0.503333 0.169333 0.366667
915 11.787333 0.488333 0.062667 0.503333
790 11.853667 0.495000 0.086000 0.516667
897 11.942333 0.506667 0.111333 0.313333
410 12.048333 0.491667 0.116667 0.510000
365 12.178000 0.498333 0.156000 0.463333
225 12.339333 0.503333 0.181333 0.906667
501 12.459333 0.505000 0.077333 0.350000
1005 12.509000 0.503333 0.042000 0.326667
425 12.557667 0.500000 0.072667 0.426667
154 12.624000 0.498333 0.076000 0.370000
305 12.683667 0.508333 0.063333 0.356667
926 12.726333 0.495000 0.038000 0.303333
144 12.780000 0.500000 0.088000 0.373333
994 12.838000 0.505000 0.041333 0.310000
98 12.935000 0.510000 0.167333 0.353333
93 13.116000 0.505000 0.214667 0.450000
638 13.257333 0.488333 0.084000 0.330000
783 13.335667 0.495000 0.092667 0.503333
379 13.481333 0.496667 0.213333 1.066667
679 13.622667 0.495000 0.085333 0.496667
51 13.717667 0.506667 0.122000 0.386667
222 13.823333 0.498333 0.108000 0.496667
920 13.925000 0.503333 0.115333 0.420000
586 14.042000 0.495000 0.138667 0.436667
644 14.138333 0.490000 0.067333 0.320000
79 14.274333 0.495000 0.220667 1.103333
258 14.421667 0.501667 0.092667 0.310000
589 14.504667 0.505000 0.086667 0.363333
844 14.584000 0.510000 0.085333 0.373333
234 14.668333 0.506667 0.100667 0.420000
465 14.741000 0.508333 0.063333 0.356667
375 14.868333 0.501667 0.210000 1.050000
826 15.009000 0.488333 0.087333 0.376667
912 15.095667 0.498333 0.100667 0.436667
137 15.165000 0.491667 0.052667 0.290000
519 15.251667 0.501667 0.134000 0.443333
110 15.362667 0.496667 0.108000 0.373333
175 15.471667 0.503333 0.124667 0.453333
274 15.579667 0.506667 0.104667 0.493333
165 15.679333 0.496667 0.112000 0.400000
929 15.744000 0.493333 0.033333 0.273333
1004 15.771333 0.495000 0.037333 0.310000
799 15.832000 0.506667 0.098667 0.366667
151 15.921333 0.496667 0.098667 0.446667
445 15.999000 0.510000 0.076667 0.406667
614 16.102000 0.505000 0.146667 0.376667
103 16.262000 0.496667 0.192000 0.420000
1007 16.371000 0.510000 0.046000 0.340000
815 16.444667 0.488333 0.121333 0.290000
21 16.553000 0.506667 0.110000 0.393333
890 16.645667 0.495000 0.090000 0.370000
266 16.754667 0.505000 0.148000 0.476667
924 16.842000 0.508333 0.041333 0.303333
512 16.903000 0.501667 0.096667 0.343333
767 16.992667 0.503333 0.096000 0.306667
111 17.082000 0.495000 0.097333 0.463333
279 17.172000 0.488333 0.100000 0.550000
163 17.272333 0.490000 0.118000 0.460000
150 17.385000 0.493333 0.123333 0.513333
318 17.499000 0.493333 0.118000 0.513333
464 17.581667 0.488333 0.064667 0.336667
987 17.623000 0.490000 0.035333 0.273333
782 17.685333 0.503333 0.104000 0.480000
224 17.776333 0.510000 0.092667 0.453333
917 17.835667 0.501667 0.042000 0.303333
133 17.895000 0.501667 0.094000 0.363333
961 17.957333 0.510000 0.049333 0.373333
876 18.047333 0.490000 0.145333 0.393333
433 18.174667 0.508333 0.124000 0.323333
566 18.293000 0.503333 0.128667 0.520000
100 18.467000 0.491667 0.234000 0.496667
606 18.639667 0.505000 0.130000 0.403333
910 18.763000 0.503333 0.135333 0.453333
462 18.852000 0.505000 0.056000 0.310000
508 18.908000 0.498333 0.072000 0.370000
590 19.014667 0.503333 0.161333 0.546667
541 19.190333 0.488333 0.208667 0.436667
761 19.364000 0.498333 0.158667 0.456667
394 19.515333 0.500000 0.157333 0.433333
730 19.650333 0.508333 0.127333 0.523333
748 19.758333 0.510000 0.103333 0.360000
15 19.859333 0.488333 0.112000 0.363333
437 19.948667 0.500000 0.081333 0.400000
791 20.018000 0.508333 0.074667 0.443333
506 20.069333 0.501667 0.041333 0.416667
779 20.101000 0.488333 0.035333 0.356667
673 20.156333 0.506667 0.090000 0.333333
202 20.289000 0.488333 0.192667 0.963333
458 20.408333 0.490000 0.060667 0.313333
927 20.449667 0.503333 0.042000 0.340000
829 20.508333 0.495000 0.092667 0.450000
537 20.654667 0.490000 0.217333 1.086667
320 20.813333 0.505000 0.118667 0.343333
363 20.941000 0.501667 0.151333 0.396667
428 21.056000 0.496667 0.093333 0.606667
453 21.134000 0.493333 0.082667 0.420000
524 21.234333 0.496667 0.136667 0.486667
1006 21.319000 0.510000 0.048667 0.360000
833 21.397333 0.490000 0.128000 0.526667
1002 21.477667 0.498333 0.052667 0.383333
106 21.603333 0.490000 0.218667 1.093333
747 21.753333 0.490000 0.098667 0.400000
406 21.848000 0.498333 0.110667 0.423333
708 21.976667 0.506667 0.161333 0.806667
991 22.066667 0.488333 0.038667 0.316667
609 22.117333 0.506667 0.081333 0.333333
263 22.232667 0.490000 0.166667 0.533333
499 22.343333 0.498333 0.069333 0.416667
160 22.402333 0.503333 0.066000 0.386667
874 22.468667 0.498333 0.082667 0.410000
547 22.541000 0.491667 0.078000 0.430000
939 22.586667 0.498333 0.033333 0.256667
985 22.617333 0.496667 0.042667 0.313333
653 22.699000 0.503333 0.139333 0.453333
390 22.824000 0.500000 0.124000 0.326667
711 22.961667 0.501667 0.168667 0.463333
397 23.074000 0.495000 0.076000 0.316667
432 23.160667 0.496667 0.116000 0.246667
220 23.273333 0.506667 0.122667 0.500000
409 23.388000 0.493333 0.120000 0.600000
798 23.485667 0.510000 0.094000 0.346667
25 23.599333 0.490000 0.149333 0.553333
438 23.749333 0.496667 0.169333 0.846667
448 23.858333 0.498333 0.068667 0.403333
7 23.937333 0.501667 0.109333 0.403333
99 24.084333 0.491667 0.204667 0.430000
615 24.256667 0.503333 0.154667 0.773333
366 24.393333 0.488333 0.138667 0.416667
124 24.499333 0.501667 0.092000 0.336667
289 24.618667 0.493333 0.165333 0.826667
143 24.730667 0.490000 0.077333 0.353333
824 24.817333 0.495000 0.113333 0.470000
112 24.928000 0.493333 0.126667 0.433333
959 25.000667 0.500000 0.034667 0.280000
328 25.106000 0.490000 0.190667 0.493333
436 25.263667 0.505000 0.139333 0.356667
431 25.377000 0.488333 0.103333 0.330000
247 25.461000 0.490000 0.080667 0.313333
385 25.576667 0.493333 0.166667 0.833333
290 25.713333 0.495000 0.124000 0.350000
24 25.820333 0.505000 0.104667 0.356667
578 25.921000 0.510000 0.111333 0.446667
182 26.042333 0.495000 0.144667 0.536667
950 26.126667 0.490000 0.041333 0.340000
280 26.191000 0.498333 0.107333 0.350000
571 26.284667 0.498333 0.098667 0.423333
252 26.389000 0.493333 0.126000 0.486667
189 26.490333 0.500000 0.094000 0.373333
703 26.628000 0.500000 0.197333 0.986667
354 26.788333 0.508333 0.138000 0.370000
1008 26.865000 0.488333 0.031333 0.256667
510 26.928667 0.498333 0.116000 0.356667
302 27.018000 0.495000 0.080000 0.450000
732 27.083000 0.503333 0.064667 0.320000
179 27.166667 0.505000 0.116000 0.456667
215 27.261667 0.501667 0.088667 0.396667
869 27.327333 0.501667 0.061333 0.396667
244 27.436667 0.505000 0.173333 0.470000
239 27.578333 0.498333 0.128667 0.783333
8 27.681667 0.491667 0.095333 0.370000
344 27.777000 0.506667 0.108667 0.333333
118 27.877000 0.508333 0.111333 0.396667
260 28.005000 0.500000 0.163333 0.433333
46 28.104667 0.495000 0.054667 0.516667
38 28.179000 0.490000 0.108667 0.400000
680 28.291333 0.500000 0.130667 0.420000
862 28.390667 0.490000 0.085333 0.386667
245 28.459333 0.506667 0.072000 0.313333
63 28.547000 0.501667 0.120667 0.430000
478 28.630667 0.510000 0.064000 0.333333
966 28.674667 0.493333 0.037333 0.280000
403 28.755667 0.496667 0.139333 0.386667
336 28.878333 0.496667 0.123333 0.586667
981 28.951333 0.495000 0.037333 0.283333
70 29.016333 0.495000 0.111333 0.376667
954 29.080667 0.495000 0.036000 0.263333
288 29.155000 0.506667 0.126000 0.473333
953 29.228667 0.505000 0.040000 0.296667
515 29.301667 0.493333 0.124667 0.406667
613 29.466333 0.488333 0.224667 1.123333
294 29.654000 0.503333 0.164000 0.820000
471 29.758667 0.505000 0.065333 0.336667
480 29.819333 0.510000 0.070667 0.420000
355 29.929333 0.498333 0.162667 0.476667
755 30.074000 0.490000 0.146667 0.426667
310 30.175333 0.493333 0.074667 0.420000
901 30.263667 0.505000 0.119333 0.336667
494 30.349667 0.496667 0.072667 0.333333
563 30.444000 0.493333 0.133333 0.300000
442 30.544000 0.506667 0.085333 0.440000
535 30.661667 0.508333 0.166000 0.370000
107 30.834000 0.506667 0.194667 0.973333
67 31.059000 0.488333 0.271333 0.590000
219 31.229333 0.508333 0.085333 0.416667
58 31.292333 0.493333 0.054000 0.220000
64 31.340667 0.498333 0.056000 0.310000
955 31.385667 0.501667 0.048667 0.370000
999 31.422667 0.498333 0.044000 0.343333
343 31.511000 0.503333 0.151333 0.460000
858 31.640333 0.505000 0.120667 0.370000
582 31.790333 0.491667 0.195333 0.976667
405 31.933667 0.490000 0.106000 0.406667
634 32.028333 0.493333 0.100667 0.420000
942 32.092000 0.490000 0.041333 0.320000
52 32.152000 0.510000 0.093333 0.320000
352 32.271667 0.505000 0.160667 0.470000
86 32.381333 0.501667 0.076000 0.336667
758 32.484333 0.495000 0.144667 0.410000
814 32.606333 0.493333 0.118000 0.353333
169 32.719667 0.491667 0.128667 0.450000
327 32.837000 0.498333 0.122000 0.350000
212 32.928667 0.495000 0.081333 0.410000
360 33.071333 0.510000 0.220000 1.100000
604 33.235333 0.498333 0.122667 0.370000
253 33.317667 0.498333 0.055333 0.503333
525 33.398000 0.495000 0.118667 0.390000
411 33.543333 0.495000 0.185333 0.403333
467 33.664000 0.505000 0.069333 0.356667
949 33.704333 0.493333 0.031333 0.260000
460 33.750667 0.510000 0.077333 0.433333
197 33.833333 0.505000 0.108000 0.510000
372 33.942333 0.495000 0.126000 0.390000
899 34.059667 0.491667 0.124667 0.336667
393 34.171333 0.500000 0.116000 0.346667
931 34.238333 0.495000 0.038000 0.283333
71 34.284667 0.495000 0.074667 0.403333
371 34.423333 0.506667 0.222667 1.113333
206 34.628000 0.490000 0.206667 1.033333
435 34.752000 0.510000 0.058667 0.306667
35 34.824333 0.490000 0.103333 0.353333
170 34.918000 0.500000 0.097333 0.366667
400 34.981667 0.488333 0.046000 0.383333
655 35.048667 0.491667 0.102667 0.430000
10 35.133333 0.496667 0.085333 0.293333
248 35.205333 0.490000 0.077333 0.420000
125 35.277000 0.491667 0.083333 0.390000
424 35.376667 0.508333 0.136000 0.430000
697 35.475333 0.503333 0.078667 0.393333
172 35.567667 0.493333 0.123333 0.473333
270 35.719667 0.495000 0.195333 0.976667
965 35.827333 0.505000 0.040000 0.296667
801 35.880000 0.500000 0.082667 0.333333
359 35.991000 0.488333 0.152667 0.423333
789 36.090000 0.506667 0.058667 0.360000
463 36.141333 0.498333 0.062667 0.323333
156 36.236333 0.503333 0.147333 0.406667
951 36.319000 0.500000 0.038000 0.320000
264 36.406333 0.493333 0.152667 0.580000
1009 36.494333 0.490000 0.042000 0.353333
667 36.563333 0.500000 0.116000 0.400000
339 36.650000 0.488333 0.074667 0.390000
971 36.699333 0.488333 0.042667 0.343333
770 36.815667 0.505000 0.203333 1.016667
1018 36.928000 0.498333 0.038667 0.303333
430 36.990333 0.496667 0.104667 0.446667
81 37.093333 0.493333 0.116000 0.473333
866 37.226667 0.496667 0.170667 0.473333
624 37.370333 0.506667 0.132667 0.440000
669 37.489667 0.491667 0.126000 0.403333
159 37.565000 0.488333 0.038000 0.276667
554 37.638667 0.491667 0.124000 0.336667
321 37.732667 0.510000 0.080000 0.386667
122 37.811333 0.490000 0.094667 0.340000
938 37.876333 0.493333 0.048667 0.366667
945 37.913000 0.488333 0.038000 0.296667
237 37.954667 0.501667 0.061333 0.423333
628 38.086000 0.503333 0.214667 1.073333
972 38.204667 0.510000 0.042667 0.313333
568 38.283667 0.505000 0.135333 0.676667
677 38.396667 0.493333 0.106667 0.373333
210 38.494333 0.510000 0.106000 0.433333
552 38.565000 0.493333 0.055333 0.366667
612 38.646667 0.501667 0.121333 0.323333
787 38.733333 0.501667 0.065333 0.396667
181 38.850667 0.506667 0.189333 0.946667
825 38.992667 0.505000 0.112000 0.550000
230 39.088333 0.498333 0.098000 0.383333
756 39.194333 0.501667 0.127333 0.423333
925 39.269000 0.496667 0.039333 0.326667
935 39.302333 0.495000 0.042000 0.303333
838 39.364333 0.488333 0.095333 0.443333
591 39.470000 0.510000 0.136000 0.413333
43 39.591667 0.495000 0.126000 0.490000
715 39.741000 0.491667 0.191333 0.956667
1011 39.852667 0.500000 0.048000 0.353333
429 39.914000 0.510000 0.094667 0.340000
426 39.977667 0.505000 0.051333 0.343333
802 40.089333 0.491667 0.188000 0.396667
466 40.203667 0.503333 0.060667 0.360000
1016 40.249333 0.498333 0.046667 0.350000
269 40.359000 0.496667 0.188667 0.573333
342 40.495333 0.498333 0.100000 0.416667
997 40.555333 0.501667 0.037333 0.290000
700 40.667333 0.490000 0.202667 1.013333
434 40.817000 0.508333 0.112667 0.376667
281 40.924333 0.508333 0.116667 0.396667
73 41.039000 0.495000 0.128667 0.396667
721 41.180667 0.503333 0.172000 0.860000
973 41.283333 0.496667 0.046667 0.346667
649 41.339000 0.505000 0.082000 0.430000
412 41.418000 0.501667 0.090667 0.463333
168 41.519667 0.488333 0.131333 0.463333
521 41.651667 0.495000 0.151333 0.403333
737 41.746667 0.501667 0.054667 0.410000
739 41.791333 0.495000 0.053333 0.430000
643 41.870667 0.503333 0.120000 0.433333
48 42.002000 0.510000 0.160000 0.800000
491 42.134667 0.491667 0.125333 0.616667
820 42.236333 0.495000 0.091333 0.383333
1022 42.288000 0.495000 0.032000 0.263333
909 42.348333 0.510000 0.107333 0.473333
451 42.433667 0.496667 0.078000 0.406667
681 42.480667 0.493333 0.036000 0.313333
300 42.532000 0.490000 0.080000 0.253333
326 42.600333 0.508333 0.070000 0.316667
183 42.673000 0.503333 0.095333 0.386667
316 42.761667 0.490000 0.095333 0.360000
601 42.872667 0.501667 0.142667 0.436667
803 43.015667 0.488333 0.163333 0.476667
490 43.119333 0.505000 0.058667 0.316667
651 43.226333 0.505000 0.175333 0.596667
246 43.379333 0.488333 0.148000 0.510000
324 43.523333 0.505000 0.153333 0.750000
940 43.608333 0.498333 0.035333 0.283333
753 43.679000 0.500000 0.123333 0.393333
440 43.765000 0.495000 0.063333 0.383333
468 43.825000 0.493333 0.071333 0.426667
275 43.884667 0.495000 0.061333 0.376667
745 43.957667 0.488333 0.102000 0.410000
209 44.060667 0.498333 0.120000 0.483333
771 44.210333 0.498333 0.192667 0.963333
420 44.344333 0.503333 0.091333 0.326667
148 44.441667 0.490000 0.116667 0.320000
856 44.565000 0.510000 0.143333 0.353333
712 44.713333 0.495000 0.172000 0.516667
14 44.839000 0.503333 0.096667 0.340000
982 44.902667 0.496667 0.048000 0.360000
839 44.975333 0.491667 0.114667 0.496667
871 45.055667 0.491667 0.064667 0.330000
842 45.139333 0.491667 0.117333 0.530000
672 45.255333 0.501667 0.129333 0.463333
800 45.367333 0.496667 0.113333 0.420000
549 45.471667 0.500000 0.112667 0.380000
338 45.589000 0.490000 0.140667 0.726667
1013 45.667333 0.508333 0.036000 0.263333
853 45.722333 0.498333 0.087333 0.356667
631 45.856000 0.496667 0.198667 0.993333
147 45.995000 0.496667 0.096667 0.493333
485 46.074667 0.491667 0.077333 0.463333
323 46.204667 0.508333 0.201333 0.390000
476 46.332667 0.505000 0.074667 0.443333
387 46.435667 0.503333 0.144667 0.413333
888 46.575000 0.503333 0.147333 0.473333
956 46.659333 0.495000 0.041333 0.303333
492 46.705000 0.505000 0.066000 0.290000
830 46.772000 0.488333 0.086667 0.430000
164 46.858667 0.491667 0.106667 0.370000
299 46.958667 0.506667 0.110667 0.433333
72 47.044667 0.501667 0.076000 0.363333
262 47.124333 0.506667 0.102000 0.520000
496 47.227667 0.498333 0.120667 0.470000
662 47.331000 0.498333 0.099333 0.376667
319 47.419333 0.495000 0.092000 0.343333
139 47.489000 0.496667 0.067333 0.393333
97 47.614667 0.496667 0.202667 1.013333
986 47.727667 0.491667 0.043333 0.350000
303 47.775000 0.488333 0.070000 0.396667
813 47.878333 0.505000 0.152667 0.383333
726 47.988000 0.495000 0.082667 0.430000
190 48.063000 0.490000 0.086000 0.406667
952 48.120333 0.500000 0.046000 0.353333
402 48.211000 0.488333 0.152667 0.443333
351 48.340333 0.503333 0.123333 0.340000
892 48.493667 0.505000 0.198000 0.990000
17 48.630333 0.490000 0.094000 0.326667
886 48.760000 0.510000 0.182667 0.913333
74 48.909333 0.498333 0.129333 0.410000
786 49.006000 0.506667 0.077333 0.480000
573 49.085333 0.505000 0.097333 0.416667
414 49.218000 0.510000 0.188000 0.940000
859 49.356333 0.488333 0.104667 0.323333
551 49.478333 0.501667 0.152667 0.496667
335 49.611000 0.510000 0.128667 0.446667
893 49.741000 0.488333 0.146000 0.410000
580 49.881667 0.491667 0.148667 0.363333
1000 49.965333 0.508333 0.038667 0.303333
486 50.016000 0.493333 0.078667 0.420000
204 50.108333 0.508333 0.123333 0.503333
706 50.189000 0.496667 0.056667 0.313333
497 50.275000 0.490000 0.131333 0.333333
762 50.364667 0.508333 0.064000 0.270000
273 50.414667 0.496667 0.054667 0.306667
663 50.492333 0.501667 0.120667 0.436667
256 50.592667 0.493333 0.096000 0.340000
864 50.684000 0.503333 0.105333 0.413333
229 50.825000 0.488333 0.190000 0.950000
616 50.988667 0.498333 0.156000 0.450000
768 51.100333 0.490000 0.082000 0.220000
301 51.162000 0.490000 0.058667 0.326667
295 51.228000 0.505000 0.089333 0.383333
421 51.353000 0.505000 0.178000 0.890000
883 51.547667 0.488333 0.227333 1.136667
283 51.713333 0.498333 0.118667 0.403333
41 51.868667 0.496667 0.209333 1.046667
395 52.023667 0.506667 0.116667 0.340000
447 52.105667 0.508333 0.067333 0.336667
33 52.195000 0.496667 0.126000 0.480000
577 52.297667 0.498333 0.094000 0.370000
548 52.390333 0.505000 0.108667 0.376667
657 52.474000 0.490000 0.078667 0.306667
130 52.598000 0.500000 0.188000 0.393333
391 52.758333 0.505000 0.147333 0.436667
87 52.936333 0.495000 0.226000 1.130000
529 53.089333 0.496667 0.093333 0.406667
3 53.172333 0.510000 0.090000 0.406667
415 53.274333 0.495000 0.128667 0.450000
505 53.361667 0.510000 0.064667 0.273333
704 53.444667 0.505000 0.120000 0.416667
905 53.581000 0.500000 0.170000 0.560000
75 53.721000 0.510000 0.128667 0.393333
218 53.817667 0.488333 0.082000 0.410000
228 53.911333 0.498333 0.120000 0.483333
282 54.029333 0.488333 0.129333 0.443333
1 54.115667 0.490000 0.060667 0.320000
979 54.162333 0.501667 0.046000 0.343333
902 54.232000 0.498333 0.113333 0.350000
121 54.288667 0.501667 0.020000 0.323333
641 54.335000 0.490000 0.090000 0.426667
241 54.418667 0.491667 0.093333 0.516667
115 54.501000 0.506667 0.084667 0.406667
561 54.619000 0.493333 0.171333 0.373333
6 54.741333 0.500000 0.089333 0.373333
558 54.822667 0.510000 0.092000 0.446667
898 54.921333 0.488333 0.120000 0.356667
356 55.055000 0.501667 0.162000 0.810000
863 55.171667 0.501667 0.087333 0.416667
996 55.232333 0.503333 0.051333 0.373333
958 55.269667 0.488333 0.036667 0.270000
701 55.391000 0.488333 0.222000 1.110000
162 55.541333 0.508333 0.098667 0.370000
236 55.627333 0.510000 0.093333 0.393333
1014 55.689667 0.501667 0.048667 0.363333
231 55.765667 0.495000 0.118000 0.596667
565 55.907333 0.495000 0.185333 0.423333
923 56.014333 0.495000 0.044667 0.356667
668 56.091333 0.500000 0.122667 0.420000
407 56.194333 0.503333 0.100667 0.406667
816 56.291333 0.496667 0.106667 0.260000
963 56.355333 0.490000 0.040000 0.306667
441 56.401333 0.488333 0.072000 0.363333
562 56.491667 0.501667 0.124667 0.256667
542 56.604333 0.495000 0.114000 0.403333
553 56.715333 0.503333 0.125333 0.433333
208 56.810333 0.496667 0.084667 0.393333
785 56.879000 0.498333 0.071333 0.303333
1015 56.926333 0.505000 0.039333 0.290000
707 56.992000 0.498333 0.109333 0.443333
4 57.087333 0.506667 0.100000 0.386667
152 57.165667 0.510000 0.074000 0.360000
40 57.239000 0.493333 0.092667 0.293333
709 57.338000 0.500000 0.120000 0.486667
546 57.427333 0.496667 0.078667 0.300000
743 57.508333 0.503333 0.096667 0.420000
423 57.611667 0.500000 0.128667 0.466667
176 57.718333 0.488333 0.103333 0.396667
913 57.827667 0.496667 0.130000 0.400000
845 57.938000 0.500000 0.104000 0.426667
717 58.079000 0.491667 0.196667 0.983333
333 58.266333 0.491667 0.198000 0.990000
528 58.422000 0.506667 0.128000 0.413333
742 58.561667 0.491667 0.171333 0.856667
693 58.681667 0.505000 0.088667 0.430000
809 58.774333 0.495000 0.112667 0.583333
242 58.888333 0.503333 0.128667 0.506667
718 59.052333 0.491667 0.214000 1.070000
184 59.197667 0.500000 0.095333 0.486667
201 59.283667 0.496667 0.092667 0.466667
880 59.367667 0.488333 0.094000 0.316667
28 59.454000 0.490000 0.092000 0.300000
233 59.535000 0.510000 0.088667 0.366667
733 59.613333 0.495000 0.081333 0.483333
291 59.702000 0.496667 0.112000 0.446667
731 59.786667 0.490000 0.077333 0.400000
656 59.882000 0.490000 0.128000 0.326667
101 60.016333 0.500000 0.159333 0.340000
550 60.120000 0.505000 0.066667 0.336667
364 60.235667 0.488333 0.183333 0.423333
543 60.428000 0.503333 0.216000 1.080000
984 60.543000 0.493333 0.032667 0.266667
251 60.580667 0.505000 0.061333 0.363333
685 60.654333 0.508333 0.099333 0.376667
449 60.734667 0.510000 0.080000 0.413333
587 60.827000 0.510000 0.123333 0.380000
161 60.933333 0.503333 0.105333 0.386667
129 61.054000 0.506667 0.156000 0.580000
456 61.158000 0.500000 0.070667 0.426667
710 61.287333 0.495000 0.205333 0.516667
990 61.404667 0.508333 0.048000 0.363333
995 61.440333 0.498333 0.043333 0.356667
513 61.518667 0.510000 0.130667 0.413333
227 61.619000 0.500000 0.086000 0.393333
759 61.733000 0.505000 0.158000 0.456667
271 61.883667 0.488333 0.163333 0.816667
94 62.069667 0.500000 0.226000 0.486667
82 62.215333 0.500000 0.084000 0.640000
728 62.283667 0.505000 0.068667 0.590000
885 62.346000 0.495000 0.073333 0.323333
146 62.430000 0.495000 0.112000 0.490000
235 62.537667 0.488333 0.120667 0.616667
484 62.643667 0.500000 0.111333 0.400000
419 62.736000 0.508333 0.090667 0.436667
1023 62.794000 0.491667 0.044000 0.356667
560 62.893333 0.501667 0.174667 0.523333
47 63.020000 0.498333 0.092000 0.450000
517 63.118333 0.501667 0.118000 0.390000
983 63.186333 0.490000 0.036667 0.280000
214 63.243000 0.501667 0.096667 0.396667
993 63.303333 0.501667 0.040000 0.316667
68 63.382000 0.491667 0.137333 0.396667
287 63.490333 0.505000 0.092667 0.336667
126 63.584000 0.498333 0.112000 0.370000
240 63.668333 0.501667 0.076667 0.376667
752 63.731333 0.503333 0.062667 0.166667
2 63.798000 0.498333 0.084000 0.416667
678 63.899000 0.503333 0.135333 0.466667
807 64.044667 0.510000 0.174667 0.873333
265 64.186667 0.500000 0.124000 0.480000
284 64.300667 0.490000 0.120000 0.426667
538 64.454333 0.493333 0.200667 0.493333
207 64.599333 0.501667 0.104000 0.530000
674 64.691333 0.501667 0.098667 0.336667
559 64.765667 0.501667 0.067333 0.330000
518 64.852000 0.508333 0.121333 0.403333
188 64.956667 0.496667 0.108000 0.533333
780 65.081333 0.500000 0.156000 0.506667
689 65.195667 0.506667 0.091333 0.446667
684 65.291000 0.498333 0.112667 0.416667
514 65.400000 0.496667 0.121333 0.380000
1017 65.475333 0.510000 0.044000 0.326667
472 65.518333 0.505000 0.059333 0.310000
937 65.559333 0.493333 0.036000 0.293333
57 65.598667 0.501667 0.058667 0.350000
27 65.680333 0.491667 0.123333 0.416667
83 65.767333 0.490000 0.066667 0.326667
877 65.828333 0.490000 0.075333 0.366667
884 65.921000 0.506667 0.127333 0.440000
870 66.012333 0.488333 0.070000 0.363333
889 66.113000 0.501667 0.148667 0.510000
56 66.210667 0.498333 0.062667 0.090000
306 66.274333 0.493333 0.078000 0.440000
919 66.346333 0.501667 0.086000 0.416667
895 66.434667 0.493333 0.105333 0.306667
120 66.580333 0.505000 0.204667 1.023333
308 66.707333 0.495000 0.066667 0.376667
705 66.788333 0.498333 0.108667 0.323333
76 66.903000 0.503333 0.136667 0.420000
1003 66.985333 0.500000 0.044000 0.326667
177 67.066000 0.510000 0.137333 0.493333
583 67.158667 0.506667 0.064000 0.360000
769 67.278333 0.505000 0.190000 0.950000
454 67.397667 0.491667 0.068667 0.350000
293 67.477667 0.506667 0.107333 0.413333
617 67.581000 0.496667 0.114000 0.460000
896 67.697333 0.488333 0.133333 0.416667
851 67.806333 0.490000 0.099333 0.460000
659 67.896000 0.506667 0.094667 0.386667
77 68.011333 0.508333 0.150667 0.376667
347 68.157667 0.503333 0.156667 0.446667
808 68.285000 0.493333 0.111333 0.400000
312 68.377000 0.501667 0.088667 0.323333
832 68.475000 0.508333 0.127333 0.516667
778 68.572000 0.496667 0.086667 0.560000
664 68.660000 0.510000 0.108000 0.366667
570 68.754667 0.496667 0.094667 0.393333
178 68.852333 0.501667 0.114000 0.423333
849 68.964667 0.490000 0.126667 0.526667
676 69.083333 0.488333 0.124000 0.430000
337 69.231000 0.491667 0.191333 0.956667
735 69.381667 0.488333 0.124667 0.490000
5 69.483333 0.493333 0.092000 0.413333
59 69.618000 0.498333 0.190667 0.483333
30 69.772667 0.505000 0.133333 0.390000
868 69.881333 0.510000 0.101333 0.573333
459 69.951000 0.488333 0.055333 0.316667
724 70.012333 0.506667 0.082000 0.333333
211 70.098333 0.495000 0.106000 0.423333
114 70.190667 0.495000 0.097333 0.483333
13 70.284000 0.498333 0.108000 0.350000
544 70.372000 0.505000 0.088000 0.316667
105 70.495333 0.505000 0.176000 0.370000
422 70.628000 0.501667 0.108000 0.396667
597 70.730000 0.508333 0.112000 0.343333
627 70.858667 0.500000 0.164000 0.546667
686 70.972667 0.498333 0.077333 0.383333
22 71.055667 0.501667 0.102000 0.336667
623 71.202333 0.495000 0.207333 1.036667
861 71.319667 0.498333 0.042000 0.323333
500 71.379333 0.510000 0.097333 0.426667
946 71.439667 0.493333 0.040667 0.293333
622 71.535000 0.493333 0.168667 0.580000
19 71.651667 0.505000 0.083333 0.296667
268 71.787333 0.503333 0.206667 1.033333
581 71.933333 0.505000 0.102667 0.436667
894 72.057333 0.500000 0.158667 0.446667
314 72.193000 0.488333 0.127333 0.443333
928 72.270333 0.506667 0.044667 0.353333
683 72.338667 0.491667 0.112000 0.303333
374 72.446667 0.493333 0.118667 0.366667
658 72.527000 0.496667 0.062000 0.353333
810 72.592667 0.500000 0.089333 0.413333
140 72.686000 0.508333 0.116000 0.630000
687 72.783000 0.490000 0.092667 0.453333
313 72.879333 0.498333 0.118667 0.423333
482 72.965000 0.501667 0.066000 0.343333
49 73.069000 0.501667 0.158000 0.790000
795 73.170667 0.490000 0.061333 0.366667
16 73.242000 0.490000 0.100000 0.326667
812 73.343667 0.510000 0.120667 0.306667
384 73.482667 0.496667 0.177333 0.886667
977 73.590667 0.506667 0.053333 0.386667
399 73.659667 0.498333 0.100667 0.376667
610 73.756333 0.500000 0.110000 0.340000
213 73.847333 0.510000 0.090667 0.360000
142 73.922333 0.498333 0.076667 0.323333
738 73.993667 0.488333 0.083333 0.390000
509 74.077000 0.510000 0.096667 0.326667
599 74.172333 0.500000 0.114000 0.340000
373 74.323667 0.505000 0.202000 1.010000
186 74.471000 0.503333 0.106000 0.533333
823 74.576000 0.503333 0.118667 0.513333
396 74.702333 0.510000 0.150000 0.420000
793 74.816667 0.498333 0.092000 0.376667
722 74.917333 0.508333 0.128000 0.376667
736 75.005333 0.506667 0.065333 0.360000
11 75.087667 0.500000 0.114000 0.373333
777 75.182333 0.503333 0.091333 0.400000
819 75.291667 0.503333 0.146000 0.513333
1001 75.378000 0.491667 0.045333 0.330000
595 75.462667 0.496667 0.144000 0.433333
840 75.573667 0.508333 0.091333 0.443333
773 75.693333 0.491667 0.162667 0.470000
348 75.844333 0.506667 0.156667 0.420000
569 75.964000 0.498333 0.096000 0.403333
827 76.048333 0.498333 0.091333 0.430000
666 76.134667 0.508333 0.094667 0.330000
647 76.204667 0.488333 0.061333 0.316667
167 76.276333 0.508333 0.100667 0.356667
134 76.367667 0.493333 0.098000 0.313333
108 76.501333 0.503333 0.182667 0.913333
572 76.635333 0.491667 0.098667 0.396667
968 76.701333 0.506667 0.046667 0.373333
78 76.812667 0.488333 0.192000 0.436667
417 76.950000 0.500000 0.100000 0.480000
157 77.060667 0.501667 0.134667 0.570000
962 77.143000 0.490000 0.044667 0.346667
370 77.265000 0.505000 0.219333 1.096667
37 77.424333 0.488333 0.112667 0.376667
970 77.496333 0.488333 0.046000 0.356667
498 77.535667 0.506667 0.048667 0.280000
444 77.592333 0.508333 0.083333 0.423333
804 77.725667 0.498333 0.199333 0.996667
682 77.868667 0.508333 0.101333 0.390000
671 77.960667 0.503333 0.100000 0.346667
763 78.037667 0.500000 0.071333 0.500000
401 78.107000 0.491667 0.082000 0.456667
187 78.185333 0.488333 0.090667 0.450000
857 78.307000 0.506667 0.167333 0.380000
23 78.449000 0.498333 0.130000 0.370000
620 78.566333 0.495000 0.118000 0.510000
648 78.654333 0.498333 0.072667 0.343333
278 78.744667 0.500000 0.126667 0.380000
362 78.876000 0.495000 0.150667 0.470000
96 79.028333 0.490000 0.170000 0.366667
469 79.150000 0.496667 0.089333 0.453333
670 79.247333 0.498333 0.122667 0.416667
102 79.418333 0.488333 0.239333 0.510000
195 79.573667 0.505000 0.084667 0.403333
276 79.640000 0.493333 0.062667 0.360000
723 79.717333 0.510000 0.106667 0.366667
882 79.814333 0.500000 0.102000 0.406667
967 79.878333 0.496667 0.039333 0.280000
292 79.960000 0.493333 0.138667 0.560000
774 80.054000 0.500000 0.066667 0.340000
831 80.123667 0.508333 0.088667 0.403333
636 80.221000 0.505000 0.123333 0.276667
716 80.360333 0.493333 0.175333 0.500000
619 80.498000 0.506667 0.117333 0.606667
62 80.588667 0.510000 0.082667 0.386667
640 80.657333 0.506667 0.073333 0.380000
621 80.707333 0.505000 0.045333 0.470000
922 80.739000 0.495000 0.036667 0.270000
0 80.775667 0.503333 0.050000 0.413333
607 80.842333 0.491667 0.100667 0.310000
200 80.965333 0.510000 0.161333 0.806667
34 81.085333 0.506667 0.098667 0.320000
54 81.165667 0.501667 0.076667 0.396667
334 81.269000 0.501667 0.148667 0.510000
740 81.410000 0.498333 0.149333 0.343333
92 81.566667 0.500000 0.182667 0.913333
957 81.667333 0.495000 0.036000 0.263333
932 81.697333 0.501667 0.041333 0.323333
875 81.795000 0.498333 0.167333 0.443333
322 81.922667 0.491667 0.101333 0.143333
887 82.040333 0.488333 0.148667 0.456667
296 82.160000 0.495000 0.110667 0.430000
784 82.231667 0.506667 0.051333 0.400000
113 82.288333 0.496667 0.082000 0.440000
904 82.362000 0.491667 0.082667 0.423333
127 82.459333 0.493333 0.132000 0.446667
998 82.532667 0.493333 0.032000 0.246667
943 82.562333 0.500000 0.043333 0.360000
392 82.633333 0.488333 0.117333 0.310000
493 82.722333 0.493333 0.079333 0.426667
980 82.773000 0.508333 0.040667 0.310000
128 82.882667 0.491667 0.194667 0.556667
90 83.078333 0.498333 0.212667 1.063333
116 83.253000 0.498333 0.154000 0.463333
713 83.395333 0.501667 0.144000 0.456667
579 83.545667 0.490000 0.170000 0.513333
600 83.677000 0.491667 0.111333 0.336667
88 83.818667 0.506667 0.185333 0.926667
907 83.968000 0.491667 0.133333 0.436667
660 84.073667 0.508333 0.094000 0.316667
794 84.145000 0.488333 0.066000 0.396667
452 84.203667 0.495000 0.070000 0.416667
416 84.270333 0.493333 0.079333 0.386667
29 84.369000 0.488333 0.132667 0.396667
69 84.473333 0.495000 0.093333 0.463333
404 84.568000 0.505000 0.112000 0.556667
654 84.710333 0.505000 0.190000 0.950000
350 84.862333 0.495000 0.130000 0.396667
575 84.974667 0.491667 0.112000 0.370000
806 85.111333 0.506667 0.178667 0.413333
243 85.298333 0.491667 0.211333 1.056667
368 85.470667 0.501667 0.153333 0.423333
42 85.579000 0.505000 0.078000 0.436667
141 85.648667 0.503333 0.080000 0.380000
930 85.702000 0.501667 0.040000 0.323333
750 85.759000 0.510000 0.092667 0.346667
413 85.877333 0.500000 0.161333 0.806667
331 86.056000 0.503333 0.212000 1.060000
9 86.192333 0.498333 0.079333 0.316667
540 86.313667 0.493333 0.178000 0.646667
369 86.494667 0.490000 0.197333 0.986667
145 86.632333 0.503333 0.091333 0.406667
702 86.784000 0.490000 0.229333 1.146667
633 86.999333 0.496667 0.214667 0.646667
31 87.157000 0.490000 0.118000 0.346667
378 87.266667 0.496667 0.118667 0.313333
764 87.358000 0.501667 0.081333 0.410000
854 87.498667 0.500000 0.220000 1.100000
688 87.655000 0.495000 0.106000 0.516667
879 87.757333 0.508333 0.112000 0.343333
974 87.821333 0.505000 0.036000 0.270000
249 87.863000 0.498333 0.062000 0.430000
250 87.972667 0.510000 0.170667 0.853333
852 88.095333 0.505000 0.090667 0.423333
978 88.153000 0.510000 0.040667 0.313333
418 88.214000 0.500000 0.097333 0.466667
714 88.360333 0.488333 0.210000 1.050000
381 88.523667 0.508333 0.132667 0.390000
53 88.628667 0.488333 0.092000 0.310000
594 88.725000 0.490000 0.120667 0.373333
918 88.823333 0.500000 0.089333 0.306667
775 88.905667 0.493333 0.088667 0.440000
45 88.973667 0.501667 0.064667 0.323333
450 89.027667 0.505000 0.059333 0.343333
325 89.140333 0.488333 0.186000 0.930000
522 89.291667 0.488333 0.131333 0.416667
645 89.392667 0.493333 0.088000 0.386667
900 89.493333 0.491667 0.130667 0.396667
12 89.612000 0.490000 0.120000 0.393333
185 89.746667 0.493333 0.164000 0.820000
865 89.882667 0.508333 0.121333 0.403333
309 89.966333 0.501667 0.060667 0.343333
1019 90.013333 0.506667 0.052000 0.373333
346 90.146000 0.496667 0.229333 1.146667
520 90.320667 0.508333 0.133333 0.436667
495 90.423000 0.493333 0.086000 0.420000
61 90.492667 0.495000 0.073333 0.363333
55 90.592667 0.491667 0.144000 0.383333
255 90.725667 0.495000 0.136667 0.523333
835 90.844000 0.498333 0.116000 0.483333
585 90.959333 0.491667 0.133333 0.376667
698 91.046000 0.506667 0.054667 0.286667
592 91.129000 0.501667 0.124667 0.390000
398 91.215000 0.506667 0.067333 0.346667
180 91.310000 0.498333 0.136000 0.503333
135 91.441333 0.493333 0.140000 0.406667
39 91.550000 0.510000 0.096000 0.346667
329 91.677333 0.501667 0.178667 0.623333
841 91.810333 0.495000 0.100667 0.416667
226 91.907000 0.508333 0.106000 0.436667
746 92.023333 0.488333 0.141333 0.416667
357 92.144333 0.506667 0.114000 0.340000
117 92.256667 0.500000 0.124000 0.366667
477 92.343333 0.506667 0.062667 0.326667
751 92.412000 0.491667 0.088000 0.376667
470 92.484000 0.501667 0.073333 0.376667
848 92.563667 0.501667 0.103333 0.330000
345 92.661000 0.501667 0.111333 0.296667
837 92.771333 0.505000 0.122667 0.503333
66 92.879667 0.501667 0.108667 0.610000
474 92.966667 0.490000 0.078667 0.473333
199 93.039000 0.505000 0.086000 0.410000
914 93.140333 0.505000 0.136667 0.410000
203 93.258667 0.496667 0.117333 0.473333
969 93.334333 0.501667 0.051333 0.376667
734 93.427333 0.500000 0.154667 0.413333
1021 93.511000 0.503333 0.032667 0.253333
311 93.561333 0.505000 0.085333 0.370000
625 93.701000 0.495000 0.207333 1.036667
720 93.881667 0.490000 0.167333 0.433333
80 94.006000 0.501667 0.097333 0.476667
196 94.108333 0.510000 0.127333 0.533333
811 94.231667 0.491667 0.139333 0.376667
847 94.341333 0.505000 0.100000 0.303333
602 94.431333 0.508333 0.094667 0.290000
921 94.502667 0.503333 0.064000 0.380000
523 94.596333 0.501667 0.139333 0.436667
744 94.757667 0.491667 0.199333 0.996667
872 94.934667 0.493333 0.169333 0.846667
574 95.056333 0.505000 0.088667 0.350000
797 95.143667 0.501667 0.102000 0.383333
741 95.243000 0.495000 0.111333 0.383333
873 95.336333 0.496667 0.091333 0.433333
198 95.470000 0.493333 0.192000 0.960000
694 95.593333 0.490000 0.073333 0.360000
632 95.713000 0.505000 0.183333 0.916667
489 95.836667 0.510000 0.077333 0.393333
298 95.907333 0.510000 0.082667 0.413333
867 95.985333 0.491667 0.090667 0.290000
487 96.047333 0.498333 0.052000 0.310000
383 96.121000 0.503333 0.111333 0.313333
85 96.224667 0.495000 0.113333 0.450000
850 96.328333 0.490000 0.110000 0.500000
564 96.440000 0.491667 0.128000 0.283333
781 96.527000 0.496667 0.064667 0.333333
792 96.612000 0.500000 0.121333 0.500000
630 96.756667 0.488333 0.184000 0.610000
729 96.848333 0.490000 0.019333 0.286667
757 96.920667 0.501667 0.138667 0.430000
772 97.059000 0.508333 0.156667 0.503333
766 97.192667 0.490000 0.126667 0.366667
906 97.329000 0.506667 0.160667 0.426667
382 97.462000 0.500000 0.122667 0.366667
473 97.547000 0.508333 0.063333 0.330000
1012 97.589667 0.490000 0.040667 0.300000
136 97.659667 0.490000 0.118000 0.446667
539 97.749333 0.503333 0.080000 0.380000
149 97.873667 0.493333 0.188667 0.513333
626 98.059000 0.501667 0.200667 1.003333
796 98.211000 0.498333 0.118000 0.410000
960 98.284333 0.508333 0.044667 0.330000
44 98.353333 0.505000 0.112000 0.443333
153 98.442333 0.501667 0.082000 0.370000
776 98.536333 0.488333 0.123333 0.336667
36 98.647333 0.510000 0.116000 0.380000
596 98.744667 0.508333 0.096000 0.290000
277 98.827667 0.496667 0.087333 0.393333
315 98.930667 0.490000 0.132000 0.453333
860 99.068000 0.506667 0.161333 0.806667
50 99.217333 0.510000 0.156000 0.486667
911 99.329000 0.495000 0.087333 0.310000
699 99.439333 0.500000 0.152000 0.420000
608 99.564667 0.493333 0.113333 0.406667
557 99.661000 0.505000 0.096667 0.636667
332 99.793000 0.501667 0.183333 0.916667
692 99.915000 0.510000 0.078000 0.380000
341 99.979000 0.500000 0.064667 0.260000
696 100.080333 0.491667 0.152667 0.356667
479 100.190000 0.488333 0.084000 0.436667
992 100.244667 0.498333 0.040000 0.336667
836 100.310667 0.501667 0.112000 0.536667
267 100.472333 0.495000 0.230000 1.150000
386 100.681333 0.506667 0.206667 1.033333
695 100.848667 0.495000 0.145333 0.450000
642 100.965333 0.490000 0.101333 0.386667
91 101.120667 0.505000 0.224000 0.483333
881 101.289333 0.510000 0.133333 0.446667
361 101.417000 0.505000 0.139333 0.383333
760 101.549333 0.491667 0.141333 0.410000
32 101.672333 0.510000 0.118000 0.393333
964 101.741333 0.505000 0.037333 0.283333
526 101.816000 0.500000 0.132000 0.340000
389 101.948333 0.503333 0.146000 0.426667
989 102.030000 0.503333 0.037333 0.286667
618 102.073667 0.501667 0.067333 0.436667
18 102.156333 0.505000 0.111333 0.383333
908 102.249667 0.488333 0.095333 0.343333
665 102.343333 0.495000 0.105333 0.350000
89 102.484667 0.490000 0.194667 0.973333
166 102.623667 0.500000 0.103333 0.393333
948 102.691667 0.496667 0.051333 0.380000
944 102.728333 0.503333 0.042000 0.346667
576 102.798000 0.488333 0.114667 0.456667
443 102.882333 0.505000 0.071333 0.423333
131 102.960333 0.491667 0.098000 0.376667
976 103.017000 0.498333 0.035333 0.296667
232 103.080667 0.506667 0.106667 0.440000
584 103.185667 0.510000 0.120667 0.340000
846 103.288333 0.508333 0.103333 0.450000
650 103.391667 0.508333 0.120667 0.390000
635 103.489000 0.498333 0.092667 0.383333
507 103.558333 0.505000 0.063333 0.316667
109 103.696000 0.490000 0.230667 1.153333
238 103.888667 0.506667 0.174667 0.873333
286 104.013333 0.501667 0.093333 0.350000
933 104.071000 0.490000 0.042000 0.306667
