1018 0.019667 0.495000 0.032667 0.256667
102 0.134333 0.503333 0.211333 0.446667
993 0.251333 0.496667 0.036000 0.286667
283 0.335000 0.503333 0.147333 0.493333
969 0.419000 0.510000 0.039333 0.320000
596 0.486000 0.491667 0.112000 0.330000
43 0.583000 0.508333 0.098000 0.390000
551 0.685667 0.491667 0.124667 0.376667
791 0.770000 0.505000 0.060000 0.370000
161 0.858667 0.496667 0.132000 0.466667
733 0.948333 0.490000 0.067333 0.393333
184 1.030667 0.505000 0.114667 0.456667
55 1.152000 0.503333 0.142667 0.380000
613 1.290333 0.491667 0.148667 0.376667
748 1.414333 0.488333 0.119333 0.416667
100 1.562333 0.505000 0.195333 0.976667
38 1.714333 0.503333 0.122000 0.406667
307 1.801333 0.491667 0.070667 0.390000
872 1.886667 0.500000 0.120000 0.340000
392 2.030667 0.503333 0.182667 0.913333
146 2.165000 0.495000 0.102000 0.436667
595 2.279000 0.505000 0.144667 0.456667
357 2.410000 0.500000 0.137333 0.433333
799 2.519667 0.490000 0.099333 0.400000
590 2.617667 0.490000 0.115333 0.380000
9 2.706000 0.508333 0.076000 0.336667
556 2.794667 0.505000 0.118667 0.476667
560 2.936667 0.501667 0.182667 0.563333
329 3.100333 0.501667 0.163333 0.543333
879 3.247667 0.503333 0.144667 0.400000
272 3.379667 0.500000 0.136667 0.393333
637 3.471000 0.508333 0.059333 0.310000
156 3.575000 0.508333 0.164667 0.443333
602 3.702667 0.496667 0.110667 0.346667
182 3.830333 0.495000 0.158000 0.790000
884 3.969667 0.501667 0.139333 0.496667
735 4.099333 0.498333 0.133333 0.536667
681 4.178000 0.501667 0.044000 0.390000
711 4.282000 0.488333 0.184000 0.470000
415 4.443000 0.505000 0.152667 0.503333
207 4.563000 0.491667 0.104667 0.503333
564 4.695333 0.508333 0.173333 0.363333
478 4.809000 0.508333 0.071333 0.370000
669 4.893333 0.500000 0.116000 0.366667
982 4.960667 0.491667 0.034667 0.290000
649 5.013667 0.498333 0.087333 0.490000
131 5.161000 0.498333 0.226000 1.130000
368 5.321000 0.496667 0.114000 0.353333
986 5.393000 0.500000 0.046000 0.353333
172 5.461000 0.490000 0.103333 0.380000
1 5.538667 0.490000 0.068000 0.346667
828 5.607333 0.510000 0.084000 0.393333
97 5.752000 0.503333 0.222667 0.480000
36 5.918000 0.505000 0.125333 0.410000
248 6.017333 0.505000 0.090667 0.490000
277 6.087333 0.490000 0.064000 0.293333
481 6.146333 0.501667 0.070000 0.356667
199 6.215333 0.500000 0.086667 0.360000
480 6.285333 0.488333 0.073333 0.436667
814 6.372000 0.505000 0.118667 0.430000
731 6.463333 0.496667 0.078667 0.386667
82 6.525667 0.510000 0.064667 0.506667
293 6.597667 0.493333 0.095333 0.373333
169 6.698333 0.506667 0.119333 0.453333
461 6.782333 0.508333 0.066000 0.350000
361 6.886333 0.498333 0.162000 0.810000
759 7.035667 0.490000 0.156667 0.453333
817 7.176333 0.498333 0.142000 0.483333
665 7.299000 0.491667 0.120667 0.390000
533 7.419333 0.491667 0.134667 0.456667
585 7.544000 0.491667 0.134667 0.423333
394 7.680333 0.501667 0.155333 0.416667
384 7.808000 0.491667 0.118667 0.330000
451 7.897667 0.493333 0.080667 0.413333
586 8.003667 0.508333 0.146000 0.416667
823 8.115333 0.493333 0.096000 0.460000
176 8.201333 0.490000 0.090667 0.346667
526 8.307333 0.496667 0.136000 0.346667
449 8.404000 0.495000 0.070667 0.403333
895 8.488667 0.493333 0.116000 0.313333
847 8.604667 0.506667 0.134667 0.440000
821 8.711667 0.493333 0.095333 0.606667
816 8.815667 0.496667 0.126000 0.453333
300 8.912667 0.488333 0.082667 0.263333
312 9.005667 0.510000 0.122000 0.433333
668 9.108667 0.510000 0.104000 0.353333
326 9.189333 0.495000 0.070667 0.323333
336 9.276333 0.488333 0.123333 0.590000
134 9.384667 0.491667 0.109333 0.423333
409 9.540667 0.506667 0.217333 1.086667
342 9.684667 0.498333 0.086667 0.383333
255 9.798667 0.498333 0.156000 0.596667
117 9.932333 0.508333 0.126000 0.376667
570 10.038667 0.496667 0.106667 0.466667
515 10.153667 0.508333 0.138000 0.436667
995 10.239000 0.488333 0.050000 0.370000
167 10.312667 0.503333 0.113333 0.413333
119 10.408000 0.510000 0.092000 0.553333
189 10.498000 0.491667 0.105333 0.470000
372 10.622000 0.506667 0.160000 0.446667
325 10.757000 0.506667 0.123333 0.526667
425 10.856000 0.510000 0.092000 0.553333
906 10.967000 0.505000 0.148667 0.410000
806 11.132667 0.505000 0.198667 0.483333
972 11.251667 0.505000 0.052667 0.383333
954 11.290667 0.510000 0.040000 0.313333
541 11.389667 0.496667 0.178000 0.380000
783 11.518333 0.493333 0.098000 0.513333
402 11.641333 0.491667 0.161333 0.443333
724 11.755000 0.506667 0.083333 0.426667
335 11.856333 0.495000 0.134000 0.423333
886 12.010000 0.496667 0.190667 0.953333
438 12.179667 0.503333 0.163333 0.493333
869 12.288000 0.493333 0.069333 0.473333
648 12.353333 0.505000 0.076000 0.363333
617 12.428667 0.490000 0.092000 0.360000
746 12.542333 0.498333 0.152667 0.443333
208 12.698667 0.500000 0.173333 0.866667
319 12.829333 0.501667 0.104000 0.363333
666 12.930000 0.498333 0.113333 0.430000
136 13.023333 0.495000 0.093333 0.376667
239 13.107333 0.488333 0.088000 0.543333
142 13.186000 0.508333 0.086667 0.456667
876 13.307667 0.496667 0.171333 0.433333
84 13.451333 0.501667 0.136000 0.383333
157 13.602667 0.496667 0.185333 0.753333
378 13.752000 0.510000 0.133333 0.420000
355 13.881000 0.493333 0.143333 0.380000
770 14.009333 0.490000 0.130667 0.366667
554 14.123667 0.496667 0.111333 0.313333
524 14.236667 0.490000 0.128000 0.400000
707 14.347333 0.508333 0.108000 0.503333
655 14.435333 0.498333 0.085333 0.363333
53 14.511667 0.496667 0.086000 0.293333
621 14.568000 0.490000 0.044000 0.460000
811 14.648333 0.493333 0.132667 0.426667
755 14.761333 0.505000 0.112000 0.323333
492 14.846333 0.508333 0.078000 0.350000
754 14.942333 0.500000 0.127333 0.620000
484 15.055000 0.488333 0.111333 0.470000
375 15.165000 0.508333 0.127333 0.343333
867 15.279000 0.510000 0.116667 0.400000
704 15.385333 0.508333 0.113333 0.350000
454 15.469667 0.488333 0.070000 0.396667
740 15.557000 0.501667 0.118000 0.270000
249 15.638667 0.501667 0.065333 0.503333
763 15.696333 0.488333 0.066000 0.483333
353 15.777333 0.488333 0.110667 0.343333
308 15.853667 0.493333 0.055333 0.313333
107 15.968333 0.491667 0.192667 0.410000
51 16.120667 0.503333 0.125333 0.400000
264 16.225667 0.510000 0.104667 0.400000
114 16.305667 0.491667 0.072667 0.356667
406 16.376667 0.498333 0.088000 0.343333
610 16.472667 0.491667 0.120000 0.370000
919 16.555000 0.508333 0.062000 0.276667
76 16.648333 0.490000 0.144667 0.446667
630 16.808000 0.496667 0.189333 0.633333
762 16.932000 0.495000 0.078667 0.336667
400 16.989000 0.505000 0.048667 0.416667
466 17.037000 0.490000 0.067333 0.346667
587 17.115667 0.503333 0.106000 0.333333
830 17.203000 0.496667 0.083333 0.406667
47 17.295000 0.505000 0.116667 0.556667
710 17.424667 0.491667 0.157333 0.410000
868 17.538667 0.510000 0.086667 0.486667
908 17.620667 0.505000 0.094667 0.350000
743 17.705667 0.503333 0.088667 0.380000
521 17.824333 0.495000 0.168667 0.476667
493 17.946667 0.501667 0.089333 0.476667
688 18.022333 0.488333 0.080667 0.396667
889 18.112333 0.501667 0.116667 0.363333
231 18.219333 0.501667 0.116000 0.576667
647 18.301667 0.508333 0.068667 0.343333
32 18.372667 0.501667 0.092000 0.296667
897 18.471000 0.498333 0.118000 0.350000
905 18.598000 0.501667 0.152000 0.490000
81 18.725000 0.488333 0.120667 0.476667
809 18.827667 0.490000 0.104667 0.546667
243 18.971000 0.491667 0.198000 0.990000
978 19.088000 0.508333 0.049333 0.356667
598 19.159000 0.498333 0.112667 0.343333
996 19.227000 0.491667 0.040667 0.296667
223 19.283000 0.495000 0.090000 0.370000
352 19.387667 0.488333 0.136667 0.370000
624 19.560000 0.493333 0.226667 1.133333
339 19.704333 0.495000 0.079333 0.396667
727 19.766333 0.510000 0.060667 0.300000
298 19.834333 0.506667 0.090000 0.460000
120 19.955000 0.505000 0.166000 0.490000
912 20.082667 0.503333 0.105333 0.420000
414 20.233000 0.491667 0.208667 1.043333
430 20.386667 0.508333 0.113333 0.476667
46 20.461333 0.495000 0.050667 0.423333
904 20.520667 0.506667 0.082667 0.386667
271 20.642333 0.508333 0.179333 0.550000
163 20.772667 0.508333 0.101333 0.356667
719 20.888667 0.501667 0.149333 0.430000
229 21.004000 0.496667 0.097333 0.420000
110 21.110333 0.496667 0.132667 0.480000
643 21.211333 0.490000 0.082667 0.313333
641 21.279000 0.508333 0.066000 0.310000
338 21.367000 0.488333 0.130000 0.676667
848 21.486333 0.506667 0.123333 0.373333
314 21.605000 0.501667 0.130000 0.470000
718 21.741333 0.510000 0.160000 0.800000
593 21.894667 0.510000 0.164000 0.473333
256 22.017333 0.498333 0.101333 0.343333
920 22.107667 0.510000 0.099333 0.366667
856 22.219667 0.505000 0.140667 0.343333
403 22.366333 0.508333 0.166000 0.450000
386 22.550333 0.495000 0.215333 1.076667
890 22.694333 0.496667 0.086000 0.433333
907 22.792333 0.493333 0.124667 0.433333
561 22.916667 0.503333 0.142667 0.380000
14 23.021667 0.506667 0.084667 0.286667
44 23.101667 0.503333 0.091333 0.366667
391 23.215667 0.501667 0.150000 0.396667
289 23.388667 0.490000 0.213333 1.066667
955 23.507667 0.508333 0.044667 0.363333
31 23.577667 0.505000 0.114000 0.336667
780 23.693333 0.506667 0.130667 0.393333
316 23.800000 0.510000 0.102667 0.380000
651 23.912667 0.493333 0.136000 0.440000
420 24.026333 0.491667 0.106000 0.390000
725 24.130000 0.501667 0.117333 0.503333
416 24.220667 0.510000 0.077333 0.380000
49 24.352333 0.508333 0.206000 1.030000
653 24.560333 0.505000 0.230000 1.150000
1009 24.687667 0.496667 0.039333 0.300000
592 24.766667 0.503333 0.134667 0.386667
294 24.907000 0.501667 0.166000 0.830000
286 25.037667 0.495000 0.110000 0.396667
434 25.153667 0.491667 0.135333 0.463333
447 25.240000 0.493333 0.057333 0.313333
824 25.315667 0.493333 0.108667 0.446667
322 25.410333 0.491667 0.100667 0.110000
426 25.478333 0.500000 0.055333 0.320000
21 25.546000 0.495000 0.100000 0.343333
932 25.609333 0.493333 0.044000 0.360000
87 25.705667 0.508333 0.166000 0.830000
111 25.825333 0.508333 0.092000 0.403333
2 25.901333 0.496667 0.080000 0.400000
472 25.972333 0.496667 0.076667 0.460000
45 26.043333 0.488333 0.078667 0.396667
443 26.114333 0.501667 0.082000 0.416667
195 26.214000 0.488333 0.130667 0.523333
888 26.331667 0.498333 0.120667 0.370000
690 26.433000 0.498333 0.102000 0.503333
253 26.501000 0.496667 0.050000 0.506667
983 26.538000 0.496667 0.040000 0.293333
323 26.646667 0.503333 0.196000 0.980000
42 26.763333 0.498333 0.054667 0.310000
380 26.836333 0.491667 0.106000 0.310000
468 26.914333 0.506667 0.068667 0.360000
348 27.016667 0.506667 0.150667 0.426667
801 27.132000 0.500000 0.100000 0.373333
73 27.239000 0.503333 0.130000 0.426667
351 27.357000 0.495000 0.119333 0.376667
880 27.462000 0.495000 0.104000 0.363333
158 27.596000 0.503333 0.182667 0.913333
646 27.714333 0.505000 0.074000 0.323333
446 27.783667 0.508333 0.084667 0.436667
966 27.842333 0.508333 0.046000 0.336667
933 27.876000 0.500000 0.034667 0.260000
627 27.967000 0.510000 0.164667 0.560000
5 28.081000 0.498333 0.076667 0.350000
281 28.172667 0.506667 0.126667 0.433333
278 28.294333 0.508333 0.135333 0.410000
550 28.383000 0.505000 0.056667 0.283333
427 28.452000 0.490000 0.098667 0.466667
132 28.537000 0.503333 0.086000 0.360000
10 28.622000 0.510000 0.101333 0.346667
781 28.694000 0.496667 0.058667 0.306667
804 28.793333 0.498333 0.154667 0.450000
678 28.921667 0.495000 0.119333 0.416667
591 29.054333 0.510000 0.166000 0.473333
852 29.170333 0.510000 0.083333 0.393333
217 29.252000 0.505000 0.097333 0.410000
346 29.354333 0.505000 0.122000 0.356667
766 29.455667 0.508333 0.100667 0.296667
332 29.576333 0.495000 0.156667 0.783333
479 29.678333 0.496667 0.062000 0.320000
279 29.748667 0.496667 0.098667 0.566667
164 29.880000 0.490000 0.184000 0.920000
855 29.999667 0.505000 0.070000 0.176667
40 30.081667 0.503333 0.114000 0.373333
607 30.191667 0.510000 0.124667 0.380000
421 30.318333 0.498333 0.147333 0.430000
623 30.476333 0.488333 0.182000 0.910000
552 30.583667 0.488333 0.046000 0.310000
254 30.669667 0.508333 0.146000 0.563333
187 30.781000 0.500000 0.091333 0.460000
998 30.838667 0.506667 0.037333 0.286667
626 30.938000 0.510000 0.178667 0.893333
440 31.048667 0.510000 0.058667 0.326667
242 31.116667 0.501667 0.092000 0.356667
644 31.197333 0.490000 0.088000 0.406667
226 31.288333 0.496667 0.110000 0.553333
359 31.435000 0.498333 0.203333 1.016667
258 31.572000 0.491667 0.089333 0.323333
65 31.647667 0.491667 0.075333 0.190000
843 31.721667 0.488333 0.092667 0.403333
113 31.804333 0.498333 0.091333 0.490000
22 31.910667 0.491667 0.138667 0.463333
238 32.074000 0.506667 0.202667 1.013333
166 32.217000 0.490000 0.103333 0.386667
893 32.359333 0.506667 0.200000 0.580000
778 32.504000 0.491667 0.108000 0.690000
510 32.629333 0.510000 0.160000 0.800000
575 32.754000 0.496667 0.108000 0.360000
899 32.887333 0.510000 0.178667 0.893333
274 33.012667 0.495000 0.088000 0.410000
94 33.131667 0.500000 0.168667 0.360000
16 33.251000 0.498333 0.083333 0.290000
635 33.330000 0.493333 0.090667 0.380000
489 33.406667 0.495000 0.078667 0.470000
103 33.541333 0.503333 0.204000 0.440000
128 33.740000 0.493333 0.213333 1.066667
230 33.903000 0.510000 0.128667 0.506667
761 34.031000 0.490000 0.143333 0.453333
507 34.124333 0.508333 0.056667 0.303333
622 34.223333 0.496667 0.158667 0.793333
656 34.360000 0.491667 0.129333 0.350000
992 34.430333 0.506667 0.031333 0.253333
927 34.460667 0.508333 0.048000 0.370000
562 34.541333 0.496667 0.130667 0.273333
450 34.638667 0.493333 0.080000 0.406667
411 34.754000 0.498333 0.165333 0.323333
994 34.846667 0.490000 0.040000 0.340000
315 34.904667 0.491667 0.092000 0.330000
181 34.994000 0.500000 0.104000 0.373333
528 35.087000 0.506667 0.099333 0.326667
390 35.192333 0.493333 0.124667 0.360000
456 35.274333 0.500000 0.055333 0.293333
404 35.341333 0.503333 0.094667 0.480000
483 35.421000 0.505000 0.080667 0.416667
1006 35.475333 0.508333 0.041333 0.316667
428 35.533000 0.496667 0.092667 0.640000
123 35.623000 0.495000 0.106000 0.650000
328 35.738000 0.503333 0.140000 0.306667
266 35.884667 0.503333 0.170667 0.853333
88 36.076667 0.498333 0.226667 0.483333
147 36.226333 0.495000 0.088667 0.376667
35 36.305000 0.496667 0.087333 0.320000
698 36.365333 0.503333 0.053333 0.280000
767 36.452667 0.491667 0.136000 0.390000
934 36.535000 0.508333 0.047333 0.356667
569 36.594333 0.501667 0.084667 0.363333
291 36.696667 0.500000 0.134667 0.513333
75 36.827000 0.500000 0.143333 0.446667
144 36.937667 0.508333 0.096667 0.436667
174 37.037000 0.505000 0.118000 0.416667
288 37.152333 0.501667 0.126000 0.483333
494 37.235333 0.490000 0.060000 0.306667
769 37.333667 0.498333 0.152667 0.443333
318 37.450667 0.506667 0.098667 0.493333
509 37.554667 0.501667 0.129333 0.416667
52 37.674000 0.490000 0.128000 0.446667
997 37.750000 0.493333 0.044000 0.340000
742 37.876000 0.510000 0.225333 1.126667
269 38.073333 0.500000 0.188000 0.566667
543 38.259000 0.495000 0.196667 0.983333
802 38.425667 0.506667 0.150000 0.333333
938 38.508667 0.508333 0.033333 0.256667
340 38.573000 0.491667 0.115333 0.336667
15 38.681000 0.506667 0.115333 0.400000
530 38.785000 0.490000 0.110000 0.520000
958 38.849333 0.490000 0.033333 0.280000
1005 38.874667 0.503333 0.036000 0.266667
948 38.901000 0.496667 0.031333 0.253333
471 38.938667 0.505000 0.062667 0.323333
476 38.994667 0.493333 0.069333 0.413333
397 39.068333 0.490000 0.095333 0.393333
887 39.175667 0.488333 0.138000 0.443333
121 39.249000 0.493333 0.022000 0.366667
734 39.356333 0.488333 0.206000 0.536667
459 39.489333 0.498333 0.076000 0.390000
877 39.565000 0.500000 0.092667 0.446667
297 39.640667 0.495000 0.072000 0.383333
452 39.702667 0.501667 0.072000 0.430000
825 39.779333 0.498333 0.097333 0.416667
86 39.866667 0.498333 0.093333 0.396667
620 40.009333 0.500000 0.209333 1.046667
246 40.189333 0.490000 0.165333 0.586667
198 40.306667 0.498333 0.089333 0.450000
842 40.404333 0.490000 0.120667 0.540000
201 40.499667 0.510000 0.084667 0.426667
841 40.577333 0.508333 0.090667 0.416667
921 40.642667 0.488333 0.058667 0.350000
717 40.754333 0.498333 0.183333 0.916667
708 40.895000 0.498333 0.115333 0.470000
960 40.965667 0.508333 0.044667 0.350000
275 41.009667 0.496667 0.060667 0.400000
171 41.081667 0.503333 0.099333 0.366667
257 41.175000 0.510000 0.102000 0.320000
795 41.258000 0.508333 0.084000 0.510000
738 41.326667 0.490000 0.073333 0.353333
441 41.397333 0.496667 0.086667 0.446667
618 41.469000 0.493333 0.072667 0.446667
547 41.530000 0.508333 0.066667 0.376667
1023 41.575667 0.510000 0.039333 0.300000
860 41.711667 0.493333 0.251333 0.640000
374 41.883667 0.491667 0.112667 0.330000
634 41.965667 0.495000 0.067333 0.283333
779 42.009000 0.493333 0.032667 0.306667
538 42.122000 0.508333 0.206667 0.470000
188 42.270000 0.498333 0.108000 0.450000
572 42.355000 0.488333 0.075333 0.303333
991 42.408667 0.490000 0.045333 0.353333
78 42.512667 0.500000 0.180000 0.900000
819 42.659667 0.508333 0.130000 0.330000
250 42.795333 0.493333 0.158667 0.793333
487 42.897000 0.505000 0.064667 0.383333
827 42.966333 0.498333 0.094000 0.390000
910 43.069000 0.488333 0.130000 0.456667
219 43.173333 0.493333 0.096000 0.386667
527 43.278333 0.491667 0.131333 0.376667
782 43.392000 0.493333 0.114667 0.526667
953 43.457333 0.503333 0.036000 0.280000
1004 43.482333 0.500000 0.034000 0.273333
1017 43.506333 0.498333 0.034000 0.256667
979 43.536000 0.505000 0.038667 0.283333
153 43.581667 0.496667 0.068667 0.306667
252 43.681667 0.491667 0.151333 0.610000
175 43.815333 0.501667 0.132000 0.463333
820 43.913333 0.496667 0.078667 0.333333
28 43.998333 0.510000 0.107333 0.360000
211 44.102667 0.490000 0.117333 0.500000
124 44.200000 0.508333 0.093333 0.350000
475 44.277333 0.501667 0.078667 0.403333
925 44.332667 0.495000 0.048000 0.363333
72 44.460333 0.488333 0.222000 1.110000
615 44.613333 0.505000 0.104000 0.476667
118 44.709667 0.493333 0.104667 0.400000
125 44.797000 0.495000 0.086000 0.370000
563 44.906333 0.495000 0.148667 0.303333
127 45.045667 0.493333 0.143333 0.486667
433 45.184000 0.500000 0.146667 0.320000
62 45.286000 0.510000 0.074667 0.346667
557 45.359667 0.503333 0.091333 0.593333
115 45.433333 0.500000 0.074667 0.366667
937 45.482000 0.496667 0.038667 0.313333
13 45.542333 0.488333 0.099333 0.343333
138 45.623000 0.495000 0.075333 0.430000
210 45.696667 0.491667 0.090667 0.376667
854 45.801333 0.500000 0.134667 0.406667
697 45.895000 0.505000 0.068667 0.343333
488 45.960333 0.490000 0.078000 0.386667
608 46.048667 0.490000 0.112000 0.386667
796 46.157333 0.491667 0.122667 0.436667
705 46.277000 0.490000 0.132667 0.400000
64 46.366000 0.506667 0.060000 0.320000
59 46.488333 0.491667 0.202000 1.010000
129 46.647000 0.495000 0.130000 0.476667
435 46.731333 0.500000 0.054667 0.253333
797 46.795333 0.493333 0.086667 0.320000
1007 46.847000 0.493333 0.032667 0.253333
715 46.938000 0.510000 0.169333 0.846667
784 47.044667 0.490000 0.057333 0.473333
89 47.181667 0.505000 0.230000 1.150000
721 47.382333 0.510000 0.187333 0.473333
970 47.488000 0.490000 0.037333 0.286667
7 47.554333 0.495000 0.112667 0.390000
737 47.630333 0.493333 0.052667 0.366667
152 47.686333 0.496667 0.079333 0.366667
354 47.782333 0.496667 0.132667 0.366667
104 47.917333 0.496667 0.157333 0.786667
898 48.053667 0.491667 0.134000 0.356667
444 48.148000 0.493333 0.070667 0.373333
844 48.223667 0.500000 0.094000 0.460000
839 48.305667 0.488333 0.087333 0.403333
412 48.382333 0.501667 0.083333 0.416667
11 48.479000 0.508333 0.126000 0.410000
903 48.605000 0.488333 0.142000 0.383333
196 48.729667 0.500000 0.120667 0.553333
185 48.839667 0.503333 0.115333 0.466667
773 48.966333 0.496667 0.152667 0.473333
949 49.054667 0.503333 0.044000 0.353333
922 49.088333 0.501667 0.038000 0.283333
501 49.136000 0.508333 0.073333 0.330000
12 49.223000 0.495000 0.116667 0.416667
436 49.323667 0.501667 0.100667 0.263333
726 49.403333 0.490000 0.078667 0.420000
988 49.455667 0.493333 0.042000 0.306667
485 49.499333 0.495000 0.060000 0.356667
713 49.610333 0.501667 0.178000 0.890000
964 49.706333 0.508333 0.034000 0.270000
745 49.769333 0.488333 0.105333 0.396667
790 49.843333 0.490000 0.060000 0.366667
883 49.981667 0.505000 0.231333 1.156667
689 50.128667 0.510000 0.076000 0.373333
363 50.216333 0.505000 0.115333 0.323333
683 50.341667 0.501667 0.154000 0.483333
486 50.443667 0.508333 0.063333 0.330000
525 50.525000 0.510000 0.118000 0.400000
695 50.659333 0.496667 0.169333 0.846667
793 50.789667 0.500000 0.110000 0.446667
544 50.883000 0.510000 0.092667 0.346667
985 50.942333 0.508333 0.039333 0.290000
691 51.005333 0.503333 0.101333 0.500000
370 51.122667 0.506667 0.148000 0.413333
95 51.269667 0.488333 0.162000 0.810000
376 51.404667 0.501667 0.125333 0.356667
232 51.518000 0.508333 0.118667 0.483333
366 51.629333 0.506667 0.120000 0.320000
516 51.746333 0.505000 0.134000 0.443333
464 51.842333 0.500000 0.072667 0.366667
794 51.911667 0.506667 0.083333 0.513333
79 52.048000 0.488333 0.205333 0.363333
222 52.201333 0.493333 0.117333 0.586667
399 52.311000 0.496667 0.120667 0.446667
973 52.380000 0.510000 0.032000 0.260000
349 52.482000 0.503333 0.188000 0.940000
609 52.605667 0.506667 0.076667 0.320000
846 52.676000 0.505000 0.082667 0.410000
878 52.755667 0.503333 0.091333 0.473333
320 52.867333 0.506667 0.146667 0.500000
639 52.973000 0.493333 0.080667 0.406667
26 53.078333 0.501667 0.143333 0.476667
482 53.172667 0.493333 0.065333 0.340000
810 53.251333 0.498333 0.108000 0.483333
296 53.343000 0.495000 0.090000 0.330000
1010 53.398667 0.510000 0.036000 0.273333
865 53.467333 0.493333 0.117333 0.413333
1015 53.531667 0.496667 0.027333 0.233333
975 53.554667 0.508333 0.038667 0.316667
500 53.611333 0.490000 0.092000 0.420000
382 53.758667 0.506667 0.218667 1.093333
345 53.916000 0.488333 0.113333 0.303333
788 54.048667 0.501667 0.169333 0.476667
178 54.208667 0.510000 0.169333 0.846667
929 54.302667 0.505000 0.037333 0.296667
30 54.366667 0.501667 0.105333 0.310000
287 54.464333 0.490000 0.106000 0.393333
716 54.593667 0.498333 0.166000 0.416667
502 54.708667 0.498333 0.080000 0.376667
236 54.790667 0.501667 0.104000 0.523333
535 54.910667 0.501667 0.152000 0.350000
850 55.021333 0.510000 0.088000 0.420000
840 55.103333 0.500000 0.092000 0.433333
192 55.197333 0.495000 0.112000 0.456667
455 55.278333 0.510000 0.063333 0.380000
813 55.366667 0.508333 0.132000 0.336667
584 55.484000 0.496667 0.122667 0.393333
744 55.608333 0.498333 0.143333 0.603333
373 55.737333 0.503333 0.132000 0.393333
91 55.884000 0.498333 0.178667 0.383333
29 56.033333 0.500000 0.138667 0.393333
961 56.122333 0.503333 0.054000 0.393333
8 56.200333 0.495000 0.122000 0.496667
213 56.308667 0.490000 0.110667 0.466667
237 56.397000 0.503333 0.086000 0.560000
511 56.488667 0.508333 0.110667 0.350000
68 56.604333 0.510000 0.138000 0.393333
857 56.755000 0.495000 0.176667 0.383333
632 56.936000 0.495000 0.201333 0.650000
576 57.085667 0.510000 0.112667 0.440000
599 57.198000 0.495000 0.130667 0.410000
923 57.278667 0.493333 0.049333 0.373333
573 57.332000 0.501667 0.076000 0.290000
835 57.426667 0.510000 0.128000 0.546667
197 57.540667 0.510000 0.117333 0.480000
470 57.629333 0.498333 0.076000 0.390000
369 57.724667 0.503333 0.134667 0.413333
968 57.803667 0.508333 0.039333 0.290000
334 57.891000 0.490000 0.150000 0.493333
27 58.013000 0.505000 0.111333 0.376667
702 58.146333 0.491667 0.174000 0.536667
675 58.289333 0.500000 0.130667 0.420000
660 58.414000 0.510000 0.132000 0.446667
728 58.506667 0.503333 0.068000 0.593333
989 58.552667 0.491667 0.038667 0.296667
1019 58.582667 0.503333 0.034667 0.286667
588 58.646667 0.495000 0.112000 0.510000
85 58.739667 0.493333 0.091333 0.346667
177 58.880333 0.505000 0.204667 1.023333
170 59.033333 0.488333 0.120000 0.423333
499 59.114667 0.496667 0.061333 0.380000
625 59.206667 0.506667 0.137333 0.466667
139 59.301667 0.510000 0.072667 0.426667
523 59.377333 0.501667 0.096000 0.303333
555 59.434667 0.505000 0.033333 0.336667
69 59.490667 0.496667 0.098667 0.500000
263 59.599667 0.491667 0.138000 0.476667
495 59.701667 0.508333 0.082000 0.430000
700 59.786000 0.496667 0.104000 0.420000
301 59.860667 0.506667 0.058667 0.333333
553 59.942667 0.506667 0.122667 0.433333
96 60.104667 0.493333 0.221333 0.480000
751 60.256000 0.510000 0.100000 0.420000
945 60.320000 0.490000 0.042667 0.353333
633 60.423667 0.488333 0.178000 0.490000
61 60.554667 0.501667 0.104000 0.510000
180 60.653000 0.488333 0.108667 0.383333
140 60.744333 0.505000 0.092667 0.483333
549 60.834000 0.496667 0.105333 0.353333
546 60.924000 0.506667 0.089333 0.326667
241 61.002333 0.503333 0.086000 0.473333
512 61.102000 0.505000 0.129333 0.416667
282 61.210333 0.498333 0.106000 0.370000
946 61.275000 0.501667 0.038000 0.283333
787 61.313667 0.506667 0.058000 0.353333
661 61.398667 0.506667 0.132000 0.420000
58 61.484667 0.488333 0.058667 0.363333
579 61.585000 0.488333 0.160667 0.463333
631 61.733000 0.493333 0.154000 0.513333
505 61.838667 0.496667 0.074667 0.313333
1022 61.885333 0.496667 0.036000 0.300000
260 61.963333 0.500000 0.140000 0.386667
918 62.073000 0.498333 0.096667 0.323333
135 62.175000 0.488333 0.123333 0.376667
419 62.278000 0.495000 0.101333 0.496667
24 62.394667 0.505000 0.148000 0.503333
760 62.524333 0.510000 0.128667 0.393333
980 62.600333 0.491667 0.043333 0.316667
694 62.668000 0.508333 0.105333 0.516667
682 62.763333 0.496667 0.104000 0.393333
772 62.910000 0.510000 0.202667 1.013333
768 63.036000 0.500000 0.064000 0.146667
540 63.163667 0.505000 0.208667 1.043333
870 63.284667 0.491667 0.053333 0.290000
92 63.389667 0.508333 0.176667 0.883333
1001 63.490667 0.490000 0.038667 0.300000
834 63.546333 0.503333 0.091333 0.380000
614 63.665667 0.495000 0.167333 0.836667
693 63.782000 0.495000 0.080000 0.390000
785 63.852667 0.501667 0.076000 0.323333
911 63.940000 0.506667 0.117333 0.420000
395 64.067667 0.508333 0.152667 0.470000
168 64.186333 0.490000 0.103333 0.400000
539 64.271000 0.506667 0.084667 0.380000
1008 64.327667 0.498333 0.044667 0.336667
331 64.453333 0.496667 0.226667 1.133333
536 64.660000 0.510000 0.200000 1.000000
410 64.812000 0.510000 0.117333 0.466667
935 64.886000 0.505000 0.044000 0.330000
741 64.952667 0.490000 0.105333 0.360000
774 65.027333 0.510000 0.058667 0.300000
601 65.106000 0.498333 0.118667 0.356667
77 65.212667 0.500000 0.113333 0.280000
60 65.298333 0.488333 0.076667 0.316667
33 65.394667 0.505000 0.130667 0.416667
367 65.506333 0.503333 0.111333 0.300000
183 65.607000 0.498333 0.104667 0.530000
311 65.693000 0.510000 0.083333 0.360000
818 65.792667 0.493333 0.132000 0.446667
531 65.936000 0.500000 0.172000 0.400000
732 66.052667 0.495000 0.078667 0.396667
39 66.143667 0.506667 0.123333 0.400000
383 66.261667 0.498333 0.127333 0.363333
80 66.371667 0.510000 0.110000 0.560000
358 66.524000 0.493333 0.209333 1.046667
832 66.668333 0.493333 0.095333 0.386667
186 66.751667 0.496667 0.091333 0.433333
149 66.879667 0.505000 0.178000 0.890000
458 66.991667 0.493333 0.066000 0.366667
712 67.111000 0.508333 0.191333 0.956667
292 67.250333 0.498333 0.107333 0.410000
265 67.405333 0.503333 0.221333 1.106667
108 67.614000 0.496667 0.213333 1.066667
341 67.745667 0.510000 0.063333 0.273333
234 67.823000 0.506667 0.104667 0.533333
150 67.923667 0.506667 0.115333 0.453333
838 68.019333 0.501667 0.090667 0.396667
203 68.102667 0.506667 0.089333 0.360000
663 68.203667 0.498333 0.128667 0.476667
179 68.318667 0.488333 0.117333 0.443333
871 68.393333 0.495000 0.050667 0.250000
215 68.465667 0.501667 0.107333 0.436667
212 68.564333 0.505000 0.104667 0.450000
365 68.667333 0.491667 0.117333 0.370000
686 68.768667 0.496667 0.101333 0.500000
56 68.842667 0.496667 0.064000 0.086667
862 68.906000 0.508333 0.080000 0.370000
3 68.988333 0.493333 0.103333 0.466667
739 69.064000 0.505000 0.064000 0.570000
506 69.106667 0.496667 0.036000 0.420000
703 69.168667 0.495000 0.105333 0.370000
407 69.264000 0.503333 0.098667 0.386667
771 69.351000 0.496667 0.091333 0.473333
582 69.444000 0.510000 0.112000 0.420000
204 69.531667 0.490000 0.083333 0.420000
214 69.618000 0.503333 0.106667 0.526667
159 69.683667 0.501667 0.042000 0.323333
775 69.734333 0.501667 0.074000 0.343333
901 69.829333 0.503333 0.134667 0.373333
477 69.930333 0.496667 0.083333 0.433333
853 70.026333 0.506667 0.123333 0.513333
885 70.130667 0.503333 0.098667 0.473333
815 70.236667 0.506667 0.132000 0.306667
442 70.328000 0.505000 0.068000 0.390000
463 70.384000 0.491667 0.060000 0.336667
233 70.461333 0.503333 0.114667 0.586667
106 70.621333 0.506667 0.218667 1.093333
580 70.807333 0.503333 0.170667 0.400000
1003 70.901333 0.501667 0.032000 0.250000
474 70.937000 0.510000 0.058000 0.333333
942 70.973667 0.490000 0.030000 0.246667
473 71.020000 0.508333 0.080000 0.410000
714 71.153000 0.501667 0.200667 1.003333
417 71.296000 0.500000 0.104000 0.500000
829 71.397667 0.491667 0.115333 0.536667
659 71.488000 0.506667 0.080000 0.320000
941 71.538333 0.493333 0.039333 0.313333
657 71.604000 0.500000 0.105333 0.433333
990 71.667667 0.506667 0.039333 0.306667
581 71.722667 0.498333 0.084000 0.356667
401 71.805000 0.503333 0.099333 0.513333
619 71.896667 0.498333 0.098667 0.536667
930 71.955667 0.496667 0.036667 0.306667
758 72.021667 0.503333 0.111333 0.380000
235 72.121333 0.505000 0.101333 0.510000
490 72.204667 0.493333 0.082667 0.420000
859 72.307667 0.496667 0.138000 0.386667
864 72.426000 0.491667 0.116000 0.456667
999 72.493667 0.505000 0.032667 0.256667
764 72.540667 0.501667 0.080000 0.430000
939 72.588667 0.498333 0.034667 0.283333
652 72.678000 0.493333 0.161333 0.546667
956 72.765667 0.488333 0.031333 0.270000
385 72.849667 0.498333 0.156667 0.436667
902 72.987333 0.496667 0.134667 0.386667
950 73.067000 0.500000 0.043333 0.353333
251 73.110333 0.495000 0.056667 0.336667
330 73.168667 0.503333 0.074667 0.286667
205 73.245667 0.508333 0.096667 0.470000
947 73.306000 0.488333 0.037333 0.296667
943 73.334667 0.491667 0.040000 0.303333
881 73.400333 0.506667 0.110000 0.366667
926 73.468000 0.505000 0.040000 0.316667
408 73.523667 0.498333 0.088667 0.336667
765 73.602333 0.498333 0.087333 0.470000
1002 73.662000 0.491667 0.048000 0.350000
604 73.730000 0.498333 0.104000 0.323333
276 73.797667 0.496667 0.051333 0.333333
936 73.830000 0.491667 0.030667 0.243333
453 73.872667 0.496667 0.072000 0.426667
891 73.925333 0.493333 0.046667 0.293333
757 73.993000 0.490000 0.106000 0.353333
567 74.094667 0.503333 0.110667 0.466667
679 74.188333 0.495000 0.096667 0.576667
909 74.274333 0.498333 0.091333 0.423333
295 74.372000 0.488333 0.124000 0.530000
344 74.506000 0.493333 0.157333 0.413333
749 74.633667 0.501667 0.114000 0.456667
141 74.732000 0.496667 0.096000 0.406667
74 74.843667 0.508333 0.144667 0.456667
522 74.970667 0.491667 0.129333 0.430000
221 75.078000 0.501667 0.102667 0.456667
154 75.154667 0.490000 0.068000 0.320000
723 75.236000 0.505000 0.113333 0.383333
437 75.324000 0.491667 0.078667 0.376667
944 75.380667 0.490000 0.049333 0.373333
50 75.463000 0.491667 0.128667 0.376667
18 75.576333 0.488333 0.112667 0.376667
313 75.683000 0.500000 0.115333 0.386667
393 75.806333 0.506667 0.150000 0.420000
597 75.938000 0.505000 0.129333 0.396667
194 76.058667 0.508333 0.125333 0.523333
324 76.183333 0.503333 0.137333 0.673333
0 76.266333 0.506667 0.044667 0.346667
917 76.302333 0.506667 0.040667 0.300000
636 76.378000 0.500000 0.124000 0.300000
789 76.466667 0.488333 0.066667 0.403333
931 76.513667 0.495000 0.044667 0.356667
333 76.609333 0.503333 0.165333 0.826667
224 76.744000 0.500000 0.117333 0.506667
498 76.828667 0.491667 0.069333 0.416667
513 76.914333 0.496667 0.119333 0.400000
388 77.045667 0.496667 0.158000 0.500000
109 77.220333 0.488333 0.207333 0.450000
987 77.338333 0.496667 0.047333 0.340000
849 77.412000 0.503333 0.116000 0.546667
364 77.549333 0.498333 0.176000 0.376667
680 77.690333 0.501667 0.124667 0.443333
736 77.782667 0.490000 0.078667 0.440000
225 77.864000 0.510000 0.100000 0.493333
209 77.969667 0.488333 0.127333 0.530000
981 78.043667 0.501667 0.038000 0.316667
448 78.086000 0.506667 0.064000 0.326667
752 78.137333 0.495000 0.058667 0.163333
952 78.177667 0.493333 0.042000 0.326667
57 78.216000 0.500000 0.048000 0.226667
321 78.270667 0.488333 0.081333 0.343333
928 78.322667 0.490000 0.036000 0.273333
836 78.379333 0.500000 0.097333 0.440000
977 78.439667 0.500000 0.036667 0.280000
851 78.509333 0.500000 0.121333 0.500000
245 78.597667 0.501667 0.068667 0.276667
629 78.687333 0.508333 0.130667 0.436667
529 78.809000 0.490000 0.128667 0.493333
337 79.000667 0.505000 0.268000 0.563333
913 79.174333 0.495000 0.096667 0.290000
122 79.267000 0.495000 0.104667 0.383333
284 79.365333 0.503333 0.112000 0.400000
699 79.484000 0.505000 0.144000 0.403333
984 79.565667 0.496667 0.032667 0.253333
216 79.619667 0.510000 0.091333 0.466667
831 79.709667 0.500000 0.107333 0.446667
99 79.836667 0.503333 0.164000 0.820000
190 79.960333 0.493333 0.102000 0.486667
684 80.049667 0.496667 0.092667 0.333333
628 80.167667 0.500000 0.158000 0.540000
423 80.309333 0.498333 0.142667 0.443333
206 80.479000 0.491667 0.216667 1.083333
537 80.678667 0.500000 0.196000 0.980000
971 80.788333 0.506667 0.038000 0.280000
467 80.832333 0.493333 0.066000 0.333333
270 80.951667 0.508333 0.187333 0.556667
1000 81.058667 0.503333 0.041333 0.313333
548 81.124333 0.488333 0.107333 0.336667
413 81.239000 0.488333 0.138000 0.563333
812 81.362333 0.501667 0.122000 0.396667
469 81.451000 0.498333 0.075333 0.390000
462 81.510000 0.500000 0.056000 0.293333
41 81.612333 0.491667 0.166000 0.503333
371 81.786667 0.503333 0.201333 1.006667
347 81.950667 0.503333 0.144000 0.426667
882 82.064000 0.503333 0.101333 0.400000
616 82.190000 0.496667 0.168000 0.433333
706 82.299667 0.496667 0.068667 0.373333
673 82.383000 0.488333 0.111333 0.396667
491 82.487000 0.500000 0.111333 0.546667
422 82.589000 0.491667 0.106000 0.390000
753 82.705333 0.508333 0.144000 0.483333
305 82.798000 0.493333 0.058667 0.333333
866 82.891000 0.503333 0.146000 0.386667
650 83.028333 0.496667 0.144667 0.473333
730 83.180333 0.505000 0.172667 0.616667
299 83.311333 0.503333 0.104000 0.406667
638 83.398000 0.491667 0.089333 0.350000
247 83.485000 0.508333 0.103333 0.436667
808 83.582667 0.491667 0.106667 0.483333
720 83.708667 0.490000 0.158667 0.793333
90 83.877333 0.498333 0.198667 0.430000
148 84.064000 0.496667 0.192000 0.960000
722 84.209667 0.503333 0.118000 0.340000
302 84.296000 0.501667 0.070667 0.396667
959 84.343333 0.495000 0.040000 0.296667
317 84.402000 0.506667 0.094667 0.346667
387 84.522000 0.505000 0.165333 0.483333
377 84.653333 0.506667 0.117333 0.320000
875 84.804333 0.491667 0.204667 1.023333
98 85.018333 0.498333 0.238000 0.503333
594 85.180667 0.488333 0.102667 0.330000
517 85.281667 0.496667 0.112667 0.373333
514 85.389333 0.490000 0.116000 0.366667
1011 85.456333 0.505000 0.036667 0.296667
696 85.544333 0.510000 0.154000 0.353333
837 85.654333 0.500000 0.086000 0.360000
116 85.761000 0.491667 0.146000 0.430000
66 85.879333 0.501667 0.110667 0.590000
894 85.996000 0.493333 0.138667 0.400000
133 86.101667 0.493333 0.092667 0.433333
465 86.175333 0.505000 0.070667 0.403333
1014 86.223000 0.488333 0.040667 0.296667
1012 86.255667 0.493333 0.043333 0.326667
228 86.319000 0.510000 0.102000 0.413333
70 86.425667 0.491667 0.126000 0.430000
729 86.492667 0.506667 0.025333 0.360000
677 86.557333 0.493333 0.121333 0.400000
914 86.670000 0.488333 0.118667 0.356667
667 86.787333 0.501667 0.132000 0.443333
951 86.859667 0.510000 0.028667 0.246667
259 86.970333 0.501667 0.208667 1.043333
151 87.096667 0.506667 0.062667 0.320000
356 87.182333 0.500000 0.123333 0.340000
202 87.286000 0.496667 0.102667 0.453333
418 87.373667 0.500000 0.086000 0.413333
143 87.453667 0.495000 0.087333 0.390000
664 87.542333 0.506667 0.106000 0.366667
193 87.634333 0.498333 0.095333 0.463333
262 87.727000 0.500000 0.103333 0.526667
105 87.856333 0.508333 0.172667 0.370000
807 88.049333 0.506667 0.229333 1.146667
424 88.229000 0.496667 0.150000 0.473333
976 88.312000 0.488333 0.030667 0.250000
398 88.354667 0.503333 0.074667 0.406667
280 88.436333 0.500000 0.106000 0.380000
1020 88.498000 0.495000 0.037333 0.290000
220 88.564000 0.491667 0.110667 0.556667
900 88.668000 0.500000 0.112000 0.320000
160 88.758000 0.488333 0.081333 0.436667
191 88.836667 0.488333 0.094667 0.416667
583 88.916333 0.498333 0.078000 0.450000
244 89.022000 0.495000 0.149333 0.396667
429 89.135667 0.510000 0.094000 0.333333
240 89.210667 0.490000 0.069333 0.340000
497 89.311667 0.505000 0.146000 0.376667
558 89.418000 0.496667 0.086667 0.420000
445 89.485667 0.503333 0.063333 0.326667
957 89.527000 0.496667 0.036667 0.293333
578 89.586000 0.508333 0.100000 0.390000
701 89.710667 0.493333 0.164000 0.493333
350 89.873667 0.498333 0.180667 0.903333
676 90.012000 0.495000 0.114667 0.436667
792 90.121667 0.498333 0.122000 0.496667
20 90.228333 0.493333 0.108667 0.360000
805 90.379667 0.501667 0.208667 1.043333
162 90.529333 0.500000 0.109333 0.420000
261 90.628667 0.503333 0.106667 0.520000
520 90.726333 0.508333 0.108667 0.343333
460 90.808333 0.503333 0.075333 0.393333
858 90.900000 0.493333 0.122667 0.400000
309 90.987333 0.508333 0.069333 0.390000
457 91.050000 0.508333 0.072000 0.430000
654 91.168333 0.510000 0.182000 0.346667
1016 91.267333 0.491667 0.034667 0.270000
559 91.320333 0.508333 0.088667 0.430000
845 91.395000 0.488333 0.080667 0.383333
542 91.486333 0.506667 0.116667 0.406667
786 91.565667 0.496667 0.055333 0.340000
306 91.617667 0.488333 0.066000 0.363333
863 91.682333 0.490000 0.083333 0.400000
577 91.771333 0.505000 0.112000 0.443333
48 91.916000 0.493333 0.193333 0.966667
589 92.053667 0.510000 0.095333 0.393333
924 92.108000 0.493333 0.029333 0.240000
963 92.134333 0.503333 0.039333 0.320000
1013 92.163667 0.493333 0.036667 0.280000
112 92.268000 0.493333 0.188000 0.940000
145 92.396000 0.506667 0.085333 0.406667
670 92.484667 0.498333 0.112000 0.416667
396 92.605333 0.500000 0.149333 0.433333
658 92.706333 0.493333 0.072667 0.426667
611 92.779000 0.496667 0.092667 0.373333
519 92.873667 0.495000 0.115333 0.376667
896 92.987667 0.496667 0.131333 0.380000
508 93.079333 0.490000 0.065333 0.340000
101 93.217333 0.508333 0.225333 0.476667
750 93.376333 0.506667 0.110000 0.413333
496 93.482000 0.493333 0.117333 0.486667
126 93.586667 0.503333 0.108000 0.353333
25 93.722000 0.496667 0.178667 0.893333
568 93.852000 0.505000 0.097333 0.483333
130 94.006000 0.506667 0.225333 1.126667
861 94.130000 0.496667 0.042667 0.340000
518 94.197000 0.505000 0.107333 0.343333
4 94.297667 0.498333 0.111333 0.476667
534 94.388000 0.500000 0.084000 0.346667
379 94.487333 0.508333 0.128000 0.376667
605 94.606667 0.505000 0.130667 0.343333
687 94.699667 0.506667 0.075333 0.373333
532 94.780000 0.491667 0.102667 0.523333
285 94.878000 0.498333 0.112000 0.363333
674 94.977000 0.510000 0.099333 0.340000
93 95.131000 0.488333 0.227333 0.483333
603 95.319333 0.506667 0.165333 0.333333
504 95.457667 0.493333 0.126000 0.373333
565 95.593667 0.493333 0.163333 0.346667
431 95.724667 0.510000 0.113333 0.386667
360 95.873667 0.495000 0.204667 1.023333
974 95.991000 0.506667 0.044667 0.326667
17 96.054667 0.503333 0.100000 0.360000
777 96.142000 0.506667 0.089333 0.386667
268 96.271000 0.490000 0.187333 0.620000
362 96.464333 0.498333 0.215333 1.076667
692 96.608667 0.490000 0.088000 0.433333
267 96.712000 0.506667 0.138667 0.433333
343 96.835000 0.490000 0.127333 0.366667
37 96.938333 0.490000 0.098000 0.333333
574 97.026000 0.500000 0.093333 0.373333
672 97.113000 0.505000 0.095333 0.316667
873 97.199333 0.491667 0.096000 0.423333
303 97.280000 0.490000 0.081333 0.460000
218 97.365000 0.498333 0.107333 0.496667
566 97.458000 0.508333 0.098667 0.396667
776 97.560333 0.508333 0.123333 0.310000
155 97.666000 0.501667 0.102667 0.503333
709 97.767667 0.503333 0.114000 0.500000
600 97.876667 0.490000 0.120000 0.366667
798 97.984000 0.498333 0.114667 0.456667
606 98.097000 0.498333 0.127333 0.390000
304 98.187333 0.505000 0.070667 0.396667
290 98.288333 0.508333 0.148667 0.450000
173 98.398333 0.503333 0.084667 0.386667
671 98.495333 0.491667 0.126667 0.430000
940 98.571333 0.488333 0.045333 0.356667
227 98.631000 0.498333 0.087333 0.430000
1021 98.686333 0.500000 0.043333 0.340000
822 98.750000 0.496667 0.101333 0.366667
640 98.825333 0.508333 0.062667 0.316667
273 98.870667 0.498333 0.046667 0.310000
642 98.941000 0.506667 0.108667 0.420000
645 99.031333 0.491667 0.090667 0.416667
310 99.099667 0.488333 0.064667 0.370000
756 99.185667 0.496667 0.126000 0.360000
405 99.290000 0.495000 0.101333 0.390000
432 99.391333 0.500000 0.120000 0.260000
662 99.505000 0.508333 0.126000 0.416667
916 99.658667 0.503333 0.201333 1.006667
165 99.806333 0.508333 0.107333 0.396667
23 99.913000 0.495000 0.119333 0.336667
826 100.006667 0.505000 0.085333 0.370000
67 100.149000 0.495000 0.219333 1.096667
892 100.342333 0.508333 0.182000 0.523333
327 100.483000 0.501667 0.118000 0.323333
71 100.571000 0.496667 0.071333 0.380000
803 100.683333 0.503333 0.166667 0.493333
800 100.804333 0.508333 0.088667 0.336667
747 100.893667 0.491667 0.108667 0.470000
83 100.974667 0.500000 0.066667 0.326667
19 101.040333 0.495000 0.084667 0.296667
200 101.167667 0.508333 0.187333 0.936667
967 101.267000 0.505000 0.030000 0.250000
571 101.330667 0.500000 0.114667 0.473333
439 101.437333 0.506667 0.112000 0.453333
545 101.525333 0.496667 0.080000 0.286667
34 101.626667 0.506667 0.137333 0.453333
54 101.714667 0.491667 0.054667 0.283333
965 101.752000 0.510000 0.038667 0.320000
874 101.799333 0.510000 0.076000 0.366667
915 101.860667 0.503333 0.066667 0.533333
612 101.985667 0.498333 0.196667 0.983333
685 102.124333 0.501667 0.099333 0.403333
63 102.226667 0.503333 0.120000 0.426667
503 102.336667 0.495000 0.114667 0.296667
962 102.401000 0.498333 0.031333 0.256667
381 102.476000 0.495000 0.132000 0.383333
833 102.578333 0.505000 0.087333 0.363333
389 102.680667 0.510000 0.134667 0.393333
137 102.776333 0.500000 0.070000 0.340000
6 102.844667 0.506667 0.080000 0.306667
