793 0.048667 0.498333 0.090667 0.370000
898 0.140333 0.491667 0.110000 0.296667
985 0.210000 0.495000 0.046667 0.363333
139 0.252667 0.508333 0.057333 0.336667
219 0.331333 0.493333 0.117333 0.593333
1014 0.406667 0.490000 0.046667 0.353333
60 0.458667 0.491667 0.070667 0.290000
365 0.545333 0.495000 0.122667 0.343333
942 0.616667 0.495000 0.036000 0.296667
786 0.656000 0.488333 0.060000 0.370000
370 0.739333 0.496667 0.125333 0.373333
91 0.900667 0.500000 0.216000 1.080000
66 1.113000 0.498333 0.222000 1.110000
825 1.261667 0.488333 0.090000 0.390000
22 1.373333 0.498333 0.146667 0.490000
260 1.496333 0.505000 0.115333 0.296667
861 1.570000 0.503333 0.049333 0.373333
106 1.683333 0.490000 0.197333 0.420000
155 1.824667 0.506667 0.105333 0.600000
266 1.956000 0.496667 0.177333 0.886667
190 2.088667 0.490000 0.106667 0.466667
518 2.180333 0.490000 0.094000 0.306667
499 2.251667 0.493333 0.063333 0.380000
125 2.329000 0.491667 0.111333 0.476667
237 2.421333 0.493333 0.090667 0.566667
620 2.516667 0.506667 0.117333 0.506667
632 2.649000 0.498333 0.167333 0.836667
368 2.779667 0.508333 0.112667 0.303333
79 2.928000 0.500000 0.202667 0.346667
160 3.062000 0.503333 0.078667 0.440000
568 3.145000 0.490000 0.106000 0.526667
67 3.273000 0.505000 0.166000 0.830000
444 3.389000 0.490000 0.079333 0.406667
865 3.463000 0.505000 0.083333 0.276667
414 3.556000 0.490000 0.121333 0.613333
342 3.655000 0.510000 0.090000 0.406667
903 3.767000 0.496667 0.151333 0.433333
667 3.893667 0.505000 0.115333 0.423333
605 4.003000 0.496667 0.120667 0.313333
126 4.152000 0.490000 0.192000 0.960000
602 4.304000 0.500000 0.126667 0.406667
195 4.415333 0.498333 0.114667 0.476667
397 4.504333 0.495000 0.078000 0.356667
657 4.579000 0.498333 0.087333 0.356667
908 4.676333 0.488333 0.124667 0.476667
781 4.764333 0.496667 0.067333 0.346667
450 4.824667 0.495000 0.070667 0.370000
597 4.900333 0.495000 0.098000 0.296667
551 5.002667 0.491667 0.125333 0.396667
37 5.125333 0.505000 0.134667 0.456667
158 5.275000 0.496667 0.180667 0.540000
504 5.432000 0.496667 0.146667 0.420000
955 5.519667 0.506667 0.043333 0.326667
689 5.580667 0.488333 0.094667 0.470000
971 5.639000 0.508333 0.040667 0.296667
907 5.699000 0.498333 0.092667 0.310000
285 5.790333 0.510000 0.106000 0.353333
30 5.907333 0.498333 0.144000 0.416667
293 6.008000 0.498333 0.077333 0.296667
784 6.071333 0.490000 0.062667 0.540000
1012 6.116667 0.506667 0.046667 0.360000
902 6.210667 0.510000 0.161333 0.806667
297 6.315333 0.488333 0.064000 0.336667
381 6.403000 0.501667 0.124667 0.376667
640 6.493000 0.505000 0.074000 0.383333
759 6.591667 0.490000 0.138000 0.466667
427 6.707333 0.490000 0.112000 0.520000
685 6.798333 0.496667 0.088667 0.353333
15 6.882667 0.505000 0.096000 0.336667
700 6.996333 0.488333 0.148667 0.596667
513 7.123333 0.510000 0.122667 0.406667
371 7.233667 0.510000 0.116667 0.346667
117 7.345333 0.495000 0.125333 0.403333
83 7.434000 0.503333 0.072000 0.340000
897 7.517667 0.493333 0.112667 0.306667
770 7.632333 0.495000 0.131333 0.390000
137 7.729000 0.495000 0.080667 0.390000
618 7.803667 0.498333 0.084667 0.483333
704 7.887667 0.500000 0.102000 0.313333
905 8.001333 0.508333 0.142667 0.450000
856 8.143667 0.500000 0.162000 0.406667
211 8.272333 0.495000 0.114000 0.470000
364 8.409000 0.491667 0.178000 0.396667
174 8.544667 0.493333 0.106667 0.400000
325 8.656000 0.495000 0.133333 0.470000
189 8.770333 0.495000 0.111333 0.443333
537 8.917000 0.491667 0.200667 1.003333
507 9.047333 0.490000 0.073333 0.380000
97 9.185333 0.490000 0.216000 1.080000
883 9.383000 0.505000 0.196667 0.983333
928 9.494333 0.488333 0.043333 0.336667
748 9.554667 0.505000 0.096000 0.330000
803 9.659000 0.491667 0.126000 0.363333
653 9.774333 0.493333 0.124667 0.406667
522 9.896667 0.501667 0.133333 0.450000
973 9.978333 0.505000 0.048667 0.350000
839 10.042000 0.491667 0.096000 0.443333
690 10.121000 0.495000 0.080667 0.396667
5 10.195333 0.501667 0.081333 0.390000
181 10.297333 0.506667 0.140000 0.513333
231 10.404667 0.503333 0.094667 0.426667
1019 10.461333 0.510000 0.033333 0.266667
909 10.524667 0.493333 0.108000 0.473333
548 10.645667 0.508333 0.154000 0.536667
777 10.777000 0.490000 0.126000 0.526667
814 10.905333 0.503333 0.145333 0.473333
440 11.010667 0.500000 0.082667 0.420000
150 11.098667 0.491667 0.110667 0.456667
937 11.163000 0.510000 0.036667 0.306667
601 11.240000 0.496667 0.134667 0.400000
835 11.357333 0.496667 0.113333 0.473333
52 11.454000 0.496667 0.093333 0.313333
593 11.555000 0.496667 0.124667 0.393333
309 11.636000 0.505000 0.057333 0.323333
646 11.695000 0.501667 0.074000 0.323333
258 11.783000 0.495000 0.122000 0.423333
121 11.844000 0.490000 0.017333 0.326667
760 11.910667 0.506667 0.132000 0.420000
1018 11.990667 0.500000 0.044000 0.313333
53 12.064000 0.496667 0.118667 0.400000
393 12.190667 0.508333 0.153333 0.436667
405 12.308667 0.488333 0.101333 0.390000
872 12.408333 0.491667 0.112667 0.323333
949 12.479667 0.508333 0.044667 0.336667
802 12.592333 0.501667 0.199333 0.423333
716 12.771667 0.510000 0.174000 0.500000
819 12.908333 0.496667 0.116667 0.313333
557 13.005333 0.498333 0.094667 0.623333
307 13.075333 0.491667 0.058667 0.330000
127 13.171667 0.495000 0.154000 0.510000
313 13.301000 0.503333 0.124667 0.446667
823 13.412000 0.488333 0.112000 0.503333
402 13.520667 0.503333 0.120000 0.340000
111 13.609333 0.488333 0.077333 0.363333
2 13.681667 0.503333 0.083333 0.420000
975 13.733667 0.490000 0.036667 0.273333
754 13.807000 0.506667 0.127333 0.620000
832 13.910333 0.491667 0.096667 0.450000
635 13.987333 0.491667 0.073333 0.303333
33 14.073333 0.493333 0.114667 0.420000
291 14.171000 0.506667 0.100667 0.380000
452 14.241667 0.501667 0.054000 0.323333
1011 14.280333 0.501667 0.039333 0.316667
521 14.393333 0.496667 0.204000 1.020000
500 14.524000 0.498333 0.074667 0.330000
824 14.601333 0.495000 0.093333 0.463333
887 14.698667 0.493333 0.116000 0.400000
709 14.796333 0.495000 0.099333 0.430000
146 14.873333 0.505000 0.074667 0.370000
855 14.944333 0.510000 0.083333 0.206667
881 15.028000 0.500000 0.104000 0.346667
89 15.169333 0.498333 0.194667 0.410000
247 15.315000 0.500000 0.114000 0.426667
670 15.425333 0.491667 0.124000 0.403333
828 15.533000 0.508333 0.104667 0.430000
167 15.641333 0.506667 0.126667 0.460000
912 15.736000 0.491667 0.076000 0.316667
473 15.811000 0.505000 0.090000 0.456667
961 15.869667 0.493333 0.043333 0.333333
831 15.942000 0.493333 0.117333 0.520000
157 16.092667 0.500000 0.198667 0.993333
222 16.242000 0.495000 0.120000 0.490000
44 16.346667 0.496667 0.104000 0.413333
377 16.462000 0.500000 0.140000 0.420000
246 16.616333 0.501667 0.183333 0.643333
110 16.767333 0.496667 0.133333 0.466667
986 16.844333 0.490000 0.039333 0.326667
649 16.905000 0.508333 0.102000 0.530000
677 17.002000 0.506667 0.108000 0.386667
18 17.103000 0.498333 0.110000 0.383333
250 17.221667 0.510000 0.144667 0.693333
526 17.367333 0.501667 0.161333 0.410000
523 17.492000 0.488333 0.102667 0.336667
761 17.599000 0.491667 0.130000 0.376667
530 17.705000 0.498333 0.099333 0.470000
763 17.774333 0.501667 0.058000 0.443333
50 17.874667 0.490000 0.157333 0.486667
208 17.996333 0.503333 0.102000 0.440000
468 18.070333 0.500000 0.062000 0.373333
87 18.177000 0.490000 0.171333 0.373333
853 18.293000 0.490000 0.078000 0.346667
854 18.406000 0.501667 0.164000 0.530000
448 18.514000 0.498333 0.072000 0.430000
998 18.568667 0.510000 0.052000 0.380000
884 18.663000 0.495000 0.154000 0.570000
841 18.786000 0.488333 0.109333 0.450000
122 18.879000 0.493333 0.095333 0.333333
477 18.952000 0.503333 0.066667 0.360000
147 19.022667 0.508333 0.088000 0.416667
227 19.105333 0.510000 0.097333 0.386667
706 19.181000 0.503333 0.074000 0.373333
39 19.267667 0.488333 0.116667 0.376667
321 19.379333 0.505000 0.121333 0.490000
148 19.493667 0.510000 0.122000 0.346667
280 19.600333 0.500000 0.106000 0.353333
396 19.700333 0.495000 0.114000 0.303333
502 19.790000 0.496667 0.078667 0.353333
11 19.883333 0.501667 0.121333 0.416667
579 20.032000 0.500000 0.190667 0.500000
725 20.175667 0.506667 0.111333 0.473333
752 20.267000 0.505000 0.086000 0.230000
264 20.409000 0.488333 0.215333 1.076667
532 20.565667 0.503333 0.112667 0.573333
815 20.686000 0.496667 0.142667 0.486667
626 20.819333 0.493333 0.141333 0.480000
747 20.939333 0.501667 0.114667 0.496667
166 21.035667 0.488333 0.092667 0.350000
272 21.156000 0.496667 0.161333 0.453333
536 21.316000 0.506667 0.176000 0.880000
702 21.500667 0.496667 0.213333 1.066667
289 21.711333 0.496667 0.221333 1.106667
590 21.875333 0.488333 0.124000 0.416667
528 22.000333 0.491667 0.140667 0.483333
564 22.127333 0.496667 0.128000 0.300000
906 22.236667 0.493333 0.110667 0.346667
722 22.341333 0.501667 0.113333 0.330000
470 22.421667 0.501667 0.062000 0.323333
55 22.512667 0.506667 0.137333 0.380000
475 22.619000 0.500000 0.088667 0.453333
995 22.674333 0.500000 0.040667 0.300000
584 22.750000 0.501667 0.128000 0.363333
362 22.881000 0.506667 0.148667 0.433333
945 22.964333 0.495000 0.038000 0.290000
21 23.029000 0.501667 0.106000 0.350000
344 23.168333 0.488333 0.191333 0.956667
278 23.315333 0.508333 0.122667 0.376667
914 23.421333 0.510000 0.109333 0.340000
625 23.554000 0.510000 0.169333 0.846667
1009 23.648667 0.506667 0.034667 0.266667
742 23.718000 0.495000 0.124000 0.490000
306 23.806333 0.493333 0.068667 0.386667
952 23.855333 0.501667 0.049333 0.383333
926 23.887667 0.490000 0.032667 0.253333
962 23.917000 0.510000 0.042000 0.306667
990 23.950667 0.493333 0.042667 0.353333
484 24.006667 0.510000 0.084000 0.293333
418 24.080667 0.488333 0.078667 0.383333
3 24.163667 0.510000 0.104667 0.486667
573 24.248333 0.496667 0.080667 0.360000
86 24.333000 0.496667 0.106000 0.493333
680 24.427667 0.496667 0.102000 0.366667
816 24.523333 0.505000 0.105333 0.316667
27 24.637000 0.491667 0.136667 0.463333
384 24.754000 0.495000 0.116000 0.330000
744 24.916000 0.500000 0.222667 1.113333
479 25.052000 0.503333 0.064000 0.340000
95 25.188000 0.496667 0.225333 1.126667
800 25.336333 0.505000 0.090000 0.330000
966 25.397333 0.496667 0.050667 0.373333
9 25.465000 0.510000 0.104667 0.460000
826 25.563333 0.493333 0.112000 0.513333
201 25.663667 0.488333 0.102000 0.483333
531 25.808333 0.498333 0.204667 1.023333
509 25.970333 0.498333 0.138000 0.436667
349 26.086000 0.495000 0.113333 0.343333
592 26.197000 0.508333 0.128667 0.410000
315 26.304000 0.496667 0.102667 0.393333
42 26.383000 0.496667 0.070000 0.400000
46 26.443667 0.495000 0.066000 0.570000
612 26.539667 0.510000 0.146000 0.366667
582 26.658000 0.501667 0.106667 0.403333
844 26.766000 0.493333 0.122667 0.506667
843 26.872333 0.495000 0.110000 0.450000
591 26.989333 0.498333 0.137333 0.403333
981 27.069667 0.498333 0.038000 0.283333
495 27.120667 0.491667 0.078667 0.383333
451 27.182333 0.506667 0.062000 0.326667
199 27.270667 0.508333 0.134667 0.550000
179 27.390000 0.498333 0.121333 0.450000
960 27.457667 0.488333 0.028667 0.236667
0 27.489000 0.501667 0.048667 0.383333
1008 27.524667 0.506667 0.038667 0.313333
29 27.605000 0.503333 0.135333 0.380000
101 27.775667 0.496667 0.224667 0.480000
764 27.919000 0.501667 0.079333 0.363333
891 27.974667 0.490000 0.052000 0.273333
911 28.051000 0.495000 0.116667 0.463333
964 28.119667 0.498333 0.039333 0.323333
869 28.158667 0.510000 0.058667 0.373333
498 28.202333 0.493333 0.048667 0.280000
43 28.280000 0.495000 0.122667 0.476667
813 28.399000 0.506667 0.130000 0.386667
842 28.520000 0.493333 0.130667 0.533333
438 28.689333 0.490000 0.222667 1.113333
141 28.830667 0.508333 0.077333 0.323333
406 28.921000 0.500000 0.118000 0.460000
115 29.003333 0.495000 0.064000 0.303333
78 29.109000 0.490000 0.163333 0.413333
379 29.260000 0.500000 0.154667 0.773333
100 29.421333 0.506667 0.181333 0.393333
149 29.591000 0.495000 0.171333 0.443333
14 29.727333 0.491667 0.118667 0.410000
360 29.836667 0.490000 0.118667 0.333333
708 29.935667 0.500000 0.096667 0.400000
717 30.071667 0.508333 0.190000 0.516667
259 30.214333 0.488333 0.112667 0.563333
627 30.332667 0.496667 0.138667 0.466667
628 30.481667 0.495000 0.172667 0.863333
919 30.595667 0.506667 0.072667 0.306667
607 30.680667 0.493333 0.112000 0.340000
1007 30.749333 0.506667 0.038667 0.306667
655 30.805333 0.491667 0.093333 0.376667
801 30.895333 0.488333 0.102667 0.383333
348 30.996333 0.506667 0.118000 0.340000
595 31.106000 0.490000 0.117333 0.360000
510 31.222000 0.503333 0.130667 0.426667
354 31.345000 0.490000 0.134000 0.380000
329 31.503000 0.491667 0.196667 0.983333
213 31.650333 0.498333 0.116667 0.523333
566 31.761667 0.490000 0.124667 0.526667
164 31.871000 0.496667 0.114000 0.400000
363 31.994333 0.501667 0.146000 0.463333
546 32.096000 0.506667 0.077333 0.280000
209 32.234667 0.496667 0.213333 1.066667
420 32.373667 0.490000 0.084667 0.326667
206 32.455333 0.490000 0.097333 0.493333
135 32.551333 0.510000 0.112000 0.353333
692 32.639000 0.508333 0.080667 0.396667
462 32.704333 0.505000 0.068667 0.363333
538 32.837667 0.488333 0.218000 1.090000
336 32.985000 0.503333 0.096667 0.460000
873 33.072000 0.493333 0.093333 0.413333
494 33.142667 0.506667 0.061333 0.313333
756 33.238333 0.493333 0.146000 0.420000
99 33.414000 0.490000 0.221333 1.106667
455 33.555667 0.500000 0.079333 0.406667
94 33.664000 0.503333 0.156000 0.780000
996 33.756000 0.501667 0.045333 0.336667
634 33.815000 0.500000 0.087333 0.380000
552 33.870667 0.506667 0.044000 0.280000
968 33.901000 0.506667 0.032667 0.280000
225 33.962000 0.498333 0.102667 0.423333
123 34.062333 0.491667 0.114000 0.683333
669 34.162000 0.506667 0.100000 0.353333
969 34.224000 0.506667 0.041333 0.300000
343 34.308667 0.500000 0.145333 0.426667
168 34.438333 0.506667 0.132667 0.486667
310 34.534333 0.505000 0.075333 0.423333
84 34.631000 0.498333 0.138000 0.396667
1021 34.717000 0.503333 0.048667 0.373333
375 34.791667 0.490000 0.114000 0.306667
648 34.875333 0.493333 0.073333 0.313333
687 34.942333 0.496667 0.078000 0.380000
658 35.010333 0.495000 0.072667 0.403333
454 35.070333 0.490000 0.064667 0.366667
82 35.127667 0.488333 0.070000 0.543333
836 35.191667 0.505000 0.078000 0.383333
837 35.275000 0.503333 0.108667 0.453333
609 35.363000 0.501667 0.080667 0.330000
991 35.415667 0.493333 0.044667 0.333333
245 35.462000 0.495000 0.068000 0.336667
481 35.531667 0.503333 0.091333 0.466667
608 35.630667 0.496667 0.122667 0.420000
712 35.780667 0.510000 0.193333 0.966667
16 35.911333 0.508333 0.086667 0.316667
314 35.997333 0.510000 0.098667 0.360000
882 36.083667 0.501667 0.092667 0.370000
75 36.195333 0.505000 0.148000 0.456667
290 36.323000 0.495000 0.120667 0.370000
878 36.421667 0.490000 0.091333 0.466667
616 36.537667 0.500000 0.160667 0.406667
366 36.671000 0.500000 0.119333 0.340000
596 36.781667 0.491667 0.118000 0.356667
103 36.923000 0.490000 0.184667 0.400000
505 37.044000 0.490000 0.074667 0.313333
268 37.158333 0.495000 0.174000 0.870000
239 37.297667 0.506667 0.118000 0.713333
464 37.379333 0.500000 0.061333 0.333333
4 37.443000 0.493333 0.083333 0.360000
542 37.556000 0.503333 0.158667 0.793333
822 37.674667 0.510000 0.093333 0.286667
216 37.775667 0.508333 0.126000 0.510000
543 37.915000 0.493333 0.168667 0.520000
762 38.029333 0.501667 0.076000 0.336667
953 38.083333 0.510000 0.049333 0.360000
558 38.143667 0.496667 0.086000 0.420000
797 38.232667 0.488333 0.110667 0.416667
924 38.301000 0.508333 0.040667 0.303333
425 38.369000 0.488333 0.108667 0.603333
197 38.470333 0.490000 0.111333 0.446667
950 38.536667 0.506667 0.040000 0.320000
108 38.659667 0.495000 0.220667 0.470000
534 38.808667 0.495000 0.097333 0.383333
428 38.894333 0.500000 0.091333 0.620000
76 39.013667 0.491667 0.160667 0.503333
719 39.184000 0.500000 0.196000 0.980000
453 39.307000 0.505000 0.064667 0.336667
758 39.409667 0.495000 0.159333 0.456667
812 39.534333 0.508333 0.106000 0.310000
318 39.624333 0.505000 0.092667 0.456667
603 39.763000 0.501667 0.199333 0.996667
460 39.882000 0.505000 0.058667 0.303333
993 39.921000 0.508333 0.036667 0.283333
660 39.980000 0.498333 0.100000 0.330000
629 40.096667 0.501667 0.148000 0.503333
304 40.197667 0.495000 0.070000 0.396667
710 40.333333 0.503333 0.220000 1.100000
271 40.523000 0.498333 0.178000 0.536667
713 40.702667 0.505000 0.198667 0.503333
787 40.822333 0.496667 0.056667 0.340000
576 40.899000 0.505000 0.112667 0.443333
506 40.967333 0.491667 0.040000 0.416667
1023 40.997333 0.493333 0.036000 0.266667
70 41.086667 0.505000 0.160000 0.536667
180 41.215667 0.488333 0.116667 0.416667
880 41.322000 0.491667 0.109333 0.383333
28 41.428333 0.498333 0.122000 0.463333
426 41.514667 0.498333 0.064000 0.383333
738 41.579667 0.508333 0.083333 0.410000
808 41.668333 0.506667 0.107333 0.393333
711 41.822000 0.496667 0.216000 0.593333
134 41.975667 0.496667 0.107333 0.333333
751 42.082667 0.510000 0.120000 0.480000
205 42.186000 0.506667 0.104000 0.420000
34 42.295000 0.493333 0.128667 0.420000
274 42.411000 0.503333 0.116667 0.546667
413 42.512333 0.500000 0.102000 0.433333
785 42.595333 0.503333 0.082667 0.340000
171 42.689333 0.505000 0.122667 0.423333
467 42.784000 0.503333 0.082667 0.420000
1004 42.836667 0.488333 0.036000 0.296667
64 42.881333 0.495000 0.069333 0.383333
783 42.960333 0.495000 0.107333 0.596667
445 43.039000 0.493333 0.068667 0.380000
697 43.098333 0.506667 0.063333 0.320000
192 43.171667 0.505000 0.100667 0.410000
316 43.278000 0.495000 0.126667 0.450000
151 43.370000 0.503333 0.070667 0.360000
630 43.485000 0.501667 0.172667 0.863333
200 43.623333 0.491667 0.118667 0.503333
248 43.724333 0.488333 0.098000 0.536667
581 43.814667 0.491667 0.096000 0.410000
188 43.899667 0.491667 0.087333 0.410000
1020 43.955333 0.508333 0.041333 0.350000
116 44.046000 0.508333 0.153333 0.470000
422 44.155333 0.500000 0.085333 0.353333
1013 44.207000 0.488333 0.035333 0.270000
773 44.307333 0.510000 0.181333 0.906667
508 44.433333 0.506667 0.089333 0.453333
901 44.525333 0.490000 0.113333 0.306667
187 44.629000 0.495000 0.114000 0.570000
81 44.731333 0.505000 0.109333 0.436667
732 44.809667 0.506667 0.063333 0.306667
821 44.870333 0.505000 0.071333 0.510000
390 44.956000 0.491667 0.116000 0.310000
387 45.078333 0.495000 0.146000 0.436667
982 45.163667 0.493333 0.043333 0.326667
223 45.218333 0.496667 0.084667 0.400000
489 45.289000 0.495000 0.071333 0.410000
323 45.412333 0.496667 0.188667 0.400000
519 45.586667 0.503333 0.176000 0.880000
978 45.679333 0.495000 0.029333 0.243333
864 45.741333 0.506667 0.113333 0.440000
169 45.841667 0.490000 0.107333 0.406667
361 45.964667 0.500000 0.156000 0.780000
36 46.080333 0.505000 0.094000 0.316667
600 46.187000 0.495000 0.139333 0.423333
613 46.336000 0.498333 0.173333 0.463333
367 46.486000 0.500000 0.142667 0.373333
221 46.606667 0.506667 0.118667 0.473333
421 46.720333 0.501667 0.127333 0.390000
359 46.832667 0.496667 0.116000 0.320000
809 46.928000 0.490000 0.090667 0.480000
757 47.025667 0.491667 0.118000 0.350000
299 47.118333 0.506667 0.080667 0.306667
951 47.170667 0.498333 0.042667 0.350000
73 47.263667 0.501667 0.159333 0.530000
533 47.382667 0.488333 0.096000 0.330000
954 47.445000 0.488333 0.048667 0.363333
894 47.536000 0.488333 0.149333 0.396667
74 47.660333 0.488333 0.116667 0.363333
463 47.743333 0.506667 0.062667 0.320000
308 47.802667 0.498333 0.076000 0.430000
524 47.903000 0.491667 0.139333 0.470000
726 47.995000 0.490000 0.064667 0.340000
417 48.065333 0.505000 0.093333 0.450000
282 48.174333 0.488333 0.138000 0.490000
972 48.261000 0.493333 0.050000 0.366667
183 48.325333 0.508333 0.094667 0.396667
681 48.389333 0.508333 0.048000 0.450000
388 48.480667 0.495000 0.153333 0.430000
255 48.613333 0.505000 0.126667 0.490000
631 48.747000 0.510000 0.159333 0.540000
637 48.847333 0.490000 0.057333 0.293333
466 48.914000 0.490000 0.090667 0.460000
693 48.993667 0.501667 0.084667 0.410000
114 49.071667 0.495000 0.088667 0.436667
465 49.140000 0.500000 0.061333 0.313333
775 49.194667 0.490000 0.065333 0.320000
977 49.245000 0.505000 0.048667 0.370000
1016 49.280000 0.506667 0.041333 0.306667
642 49.339333 0.508333 0.094667 0.370000
490 49.418667 0.505000 0.077333 0.396667
664 49.511000 0.500000 0.120667 0.413333
96 49.642667 0.503333 0.157333 0.786667
49 49.817333 0.493333 0.209333 1.046667
300 49.941667 0.493333 0.058000 0.186667
555 49.981000 0.498333 0.034000 0.350000
668 50.047000 0.510000 0.118000 0.413333
572 50.149000 0.503333 0.104667 0.426667
423 50.276667 0.490000 0.168000 0.840000
334 50.417333 0.500000 0.130667 0.426667
488 50.514333 0.491667 0.082000 0.410000
830 50.609000 0.490000 0.122000 0.520000
795 50.693667 0.496667 0.060667 0.366667
984 50.732333 0.500000 0.030000 0.246667
623 50.824000 0.510000 0.166667 0.833333
337 50.978333 0.508333 0.160667 0.803333
927 51.074333 0.505000 0.047333 0.363333
999 51.108333 0.510000 0.040667 0.300000
976 51.137667 0.503333 0.036667 0.286667
395 51.205333 0.508333 0.117333 0.350000
204 51.300000 0.496667 0.088000 0.386667
416 51.386000 0.510000 0.100000 0.486667
483 51.465333 0.490000 0.073333 0.393333
251 51.516667 0.490000 0.049333 0.280000
226 51.578333 0.488333 0.091333 0.403333
324 51.683333 0.498333 0.137333 0.676667
184 51.795667 0.488333 0.107333 0.490000
376 51.941667 0.491667 0.198000 0.990000
449 52.071333 0.496667 0.074667 0.386667
234 52.163667 0.498333 0.126000 0.530000
727 52.250000 0.510000 0.065333 0.320000
10 52.314333 0.490000 0.080667 0.286667
369 52.444667 0.500000 0.200000 1.000000
721 52.619667 0.510000 0.164667 0.446667
1017 52.717333 0.506667 0.045333 0.353333
565 52.820667 0.488333 0.178667 0.403333
935 52.921667 0.501667 0.038000 0.276667
729 52.943333 0.488333 0.025333 0.370000
333 53.011667 0.496667 0.128667 0.280000
191 53.128333 0.498333 0.123333 0.503333
659 53.220333 0.495000 0.080667 0.323333
798 53.299667 0.488333 0.092667 0.363333
328 53.428667 0.505000 0.180000 0.436667
492 53.548667 0.510000 0.077333 0.346667
829 53.634333 0.508333 0.110000 0.456667
959 53.697333 0.501667 0.036000 0.296667
598 53.766667 0.496667 0.121333 0.380000
355 53.883667 0.490000 0.131333 0.393333
345 54.022333 0.501667 0.159333 0.450000
350 54.167667 0.491667 0.147333 0.450000
501 54.272000 0.490000 0.074667 0.333333
545 54.344667 0.493333 0.086667 0.313333
580 54.455333 0.503333 0.149333 0.373333
525 54.575000 0.496667 0.110000 0.360000
203 54.687333 0.501667 0.128000 0.516667
561 54.838333 0.503333 0.194000 0.413333
671 54.978333 0.506667 0.100667 0.326667
679 55.066000 0.508333 0.093333 0.576667
850 55.155333 0.506667 0.100000 0.413333
38 55.245333 0.500000 0.094667 0.360000
933 55.298000 0.505000 0.030667 0.256667
71 55.338000 0.493333 0.069333 0.360000
124 55.403000 0.498333 0.079333 0.296667
1000 55.455667 0.488333 0.039333 0.330000
559 55.504667 0.500000 0.072000 0.353333
563 55.615000 0.501667 0.164667 0.336667
165 55.751000 0.506667 0.124667 0.473333
675 55.850333 0.496667 0.091333 0.313333
322 55.941333 0.491667 0.109333 0.143333
276 56.014333 0.488333 0.055333 0.330000
827 56.081000 0.506667 0.092667 0.433333
920 56.170667 0.503333 0.106667 0.386667
228 56.275667 0.500000 0.119333 0.486667
890 56.383333 0.490000 0.116000 0.593333
886 56.502000 0.495000 0.141333 0.470000
617 56.619667 0.500000 0.114000 0.453333
741 56.721000 0.510000 0.106000 0.366667
587 56.829667 0.500000 0.130000 0.406667
176 56.939667 0.505000 0.107333 0.396667
652 57.045667 0.506667 0.123333 0.420000
849 57.142000 0.510000 0.082667 0.340000
550 57.214333 0.498333 0.079333 0.396667
916 57.342667 0.510000 0.196000 0.460000
868 57.475000 0.495000 0.084667 0.483333
739 57.539000 0.491667 0.060667 0.476667
6 57.620000 0.500000 0.116000 0.433333
790 57.706333 0.500000 0.074000 0.446667
636 57.785667 0.508333 0.098000 0.216667
48 57.920000 0.500000 0.185333 0.926667
766 58.056667 0.503333 0.102667 0.300000
347 58.176333 0.493333 0.156667 0.473333
8 58.298333 0.503333 0.104667 0.400000
23 58.421333 0.510000 0.160000 0.460000
958 58.507000 0.503333 0.028667 0.240000
61 58.556333 0.495000 0.083333 0.423333
59 58.684333 0.500000 0.186000 0.493333
1022 58.786667 0.496667 0.034667 0.266667
688 58.842000 0.493333 0.093333 0.453333
19 58.935667 0.491667 0.114000 0.403333
12 59.040000 0.501667 0.114667 0.396667
132 59.122667 0.498333 0.070667 0.296667
485 59.174333 0.490000 0.052667 0.300000
860 59.308000 0.501667 0.232000 0.583333
13 59.479667 0.493333 0.126000 0.413333
922 59.562000 0.505000 0.052000 0.383333
862 59.619000 0.488333 0.075333 0.370000
701 59.739000 0.491667 0.183333 0.570000
408 59.875667 0.500000 0.106000 0.413333
432 59.979000 0.496667 0.115333 0.240000
676 60.079333 0.491667 0.104000 0.363333
863 60.164667 0.488333 0.080000 0.383333
93 60.311667 0.506667 0.230000 0.486667
791 60.447333 0.495000 0.061333 0.356667
931 60.487000 0.500000 0.038000 0.280000
401 60.542667 0.501667 0.086667 0.443333
910 60.630667 0.491667 0.106667 0.343333
574 60.712333 0.496667 0.076667 0.306667
876 60.828000 0.506667 0.170667 0.426667
154 60.953000 0.491667 0.094000 0.470000
666 61.038333 0.510000 0.096667 0.360000
279 61.133000 0.501667 0.111333 0.630000
456 61.208000 0.495000 0.056000 0.316667
398 61.271000 0.491667 0.086000 0.443333
493 61.351333 0.495000 0.089333 0.396667
242 61.444667 0.503333 0.116000 0.446667
382 61.551000 0.493333 0.112667 0.326667
750 61.654667 0.496667 0.112000 0.420000
703 61.749000 0.508333 0.095333 0.350000
177 61.886667 0.500000 0.200000 1.000000
817 62.042000 0.496667 0.130667 0.353333
540 62.195333 0.491667 0.194667 0.723333
1001 62.303000 0.510000 0.039333 0.326667
447 62.347667 0.500000 0.070000 0.366667
374 62.449667 0.510000 0.148667 0.433333
529 62.567000 0.498333 0.103333 0.476667
788 62.688000 0.500000 0.154667 0.413333
888 62.854000 0.500000 0.192000 0.960000
243 63.025333 0.506667 0.165333 0.540000
109 63.180667 0.488333 0.162667 0.343333
947 63.269667 0.498333 0.030000 0.250000
112 63.342000 0.490000 0.133333 0.446667
319 63.439333 0.500000 0.077333 0.286667
782 63.521667 0.506667 0.100667 0.480000
765 63.609333 0.510000 0.089333 0.446667
889 63.712000 0.508333 0.133333 0.410000
430 63.817667 0.495000 0.098000 0.423333
404 63.913667 0.491667 0.107333 0.530000
1 63.995667 0.493333 0.076667 0.386667
970 64.049333 0.493333 0.048000 0.346667
527 64.131000 0.501667 0.131333 0.383333
650 64.251333 0.488333 0.129333 0.416667
471 64.339000 0.488333 0.066000 0.336667
767 64.429667 0.505000 0.132667 0.390000
25 64.541667 0.491667 0.106000 0.376667
728 64.615333 0.488333 0.054667 0.483333
391 64.692000 0.498333 0.114667 0.310000
458 64.785000 0.510000 0.084667 0.433333
983 64.839000 0.496667 0.038000 0.280000
899 64.920667 0.496667 0.145333 0.406667
224 65.030333 0.495000 0.091333 0.363333
57 65.098000 0.488333 0.061333 0.256667
871 65.151333 0.510000 0.060000 0.326667
178 65.235667 0.488333 0.124667 0.443333
1015 65.305667 0.498333 0.035333 0.256667
436 65.377333 0.501667 0.125333 0.316667
539 65.470333 0.505000 0.079333 0.370000
275 65.533667 0.503333 0.066000 0.420000
105 65.655333 0.496667 0.192000 0.960000
287 65.790667 0.503333 0.097333 0.366667
614 65.930333 0.508333 0.202000 1.010000
736 66.050667 0.493333 0.058667 0.360000
429 66.122333 0.501667 0.102000 0.343333
270 66.270000 0.490000 0.208000 1.040000
867 66.412000 0.495000 0.090667 0.290000
967 66.467333 0.508333 0.036000 0.296667
686 66.515667 0.488333 0.076667 0.376667
796 66.611333 0.488333 0.128000 0.476667
235 66.718000 0.496667 0.101333 0.493333
678 66.814000 0.495000 0.105333 0.356667
745 66.909667 0.505000 0.104667 0.390000
771 66.996333 0.495000 0.082000 0.430000
840 67.091333 0.503333 0.126667 0.526667
68 67.200000 0.490000 0.109333 0.313333
705 67.301000 0.488333 0.108667 0.323333
312 67.403000 0.510000 0.111333 0.420000
400 67.473667 0.503333 0.047333 0.413333
974 67.513667 0.505000 0.051333 0.370000
65 67.581667 0.510000 0.103333 0.266667
743 67.670333 0.498333 0.094000 0.396667
249 67.742333 0.500000 0.066000 0.466667
351 67.829000 0.506667 0.123333 0.353333
472 67.909667 0.496667 0.054000 0.293333
496 67.983667 0.501667 0.114000 0.476667
131 68.079667 0.496667 0.096667 0.380000
339 68.167000 0.505000 0.092667 0.490000
956 68.222000 0.505000 0.033333 0.270000
753 68.291333 0.495000 0.120000 0.410000
645 68.383333 0.501667 0.082667 0.376667
699 68.480333 0.493333 0.130000 0.360000
661 68.593000 0.506667 0.110000 0.406667
380 68.695333 0.493333 0.112000 0.313333
459 68.785000 0.500000 0.080667 0.406667
544 68.870000 0.490000 0.102667 0.420000
277 68.948333 0.498333 0.067333 0.310000
40 69.028000 0.501667 0.105333 0.336667
215 69.131000 0.496667 0.119333 0.486667
520 69.229667 0.493333 0.096667 0.320000
794 69.305000 0.500000 0.067333 0.400000
301 69.365667 0.493333 0.068667 0.386667
212 69.441333 0.503333 0.102667 0.520000
217 69.530333 0.500000 0.092667 0.473333
948 69.588000 0.501667 0.037333 0.270000
236 69.652333 0.496667 0.110000 0.533333
778 69.744667 0.500000 0.088000 0.600000
733 69.825667 0.510000 0.094000 0.560000
281 69.927333 0.498333 0.122667 0.423333
170 70.040000 0.491667 0.120000 0.423333
562 70.170000 0.488333 0.157333 0.336667
929 70.258000 0.498333 0.033333 0.250000
357 70.328000 0.510000 0.125333 0.373333
768 70.413000 0.490000 0.059333 0.153333
411 70.539000 0.506667 0.211333 0.406667
588 70.674667 0.491667 0.080000 0.356667
633 70.813667 0.500000 0.212667 0.606667
47 70.968667 0.506667 0.110667 0.526667
497 71.074000 0.500000 0.117333 0.300000
303 71.163333 0.501667 0.077333 0.436667
516 71.260000 0.506667 0.133333 0.453333
857 71.408000 0.500000 0.177333 0.886667
556 71.545333 0.500000 0.110667 0.446667
694 71.635000 0.501667 0.088667 0.436667
327 71.726333 0.498333 0.108667 0.330000
298 71.816333 0.493333 0.086000 0.440000
58 71.883000 0.508333 0.064667 0.276667
599 71.973000 0.488333 0.128667 0.390000
85 72.091000 0.495000 0.120667 0.483333
963 72.162667 0.491667 0.038667 0.316667
394 72.245000 0.488333 0.143333 0.390000
320 72.374333 0.510000 0.128667 0.373333
644 72.469667 0.488333 0.076667 0.343333
714 72.573000 0.496667 0.143333 0.466667
930 72.663333 0.508333 0.050667 0.376667
252 72.737000 0.493333 0.110000 0.433333
615 72.835000 0.498333 0.103333 0.456667
409 72.936667 0.501667 0.114667 0.576667
820 73.031000 0.491667 0.087333 0.370000
925 73.086333 0.495000 0.043333 0.323333
774 73.134667 0.493333 0.073333 0.373333
570 73.213333 0.510000 0.104000 0.446667
723 73.307333 0.493333 0.097333 0.333333
163 73.418000 0.500000 0.138667 0.520000
870 73.504333 0.495000 0.052667 0.263333
847 73.571000 0.490000 0.099333 0.333333
152 73.647000 0.501667 0.070000 0.343333
446 73.706333 0.498333 0.068667 0.363333
338 73.796000 0.501667 0.125333 0.650000
292 73.899000 0.500000 0.099333 0.380000
895 74.003000 0.498333 0.124667 0.363333
944 74.077000 0.508333 0.040667 0.336667
877 74.139333 0.503333 0.104000 0.500000
253 74.216000 0.510000 0.064000 0.553333
610 74.312000 0.488333 0.144000 0.443333
129 74.430667 0.500000 0.112000 0.413333
294 74.594333 0.501667 0.228667 1.143333
724 74.740667 0.488333 0.080000 0.310000
789 74.803333 0.510000 0.065333 0.393333
859 74.890000 0.501667 0.122667 0.370000
674 74.995000 0.505000 0.100667 0.343333
56 75.077000 0.505000 0.078000 0.110000
749 75.164667 0.496667 0.110667 0.446667
162 75.271000 0.506667 0.116667 0.413333
1006 75.346667 0.501667 0.048000 0.376667
159 75.382000 0.505000 0.037333 0.310000
133 75.438667 0.493333 0.092000 0.366667
63 75.526333 0.490000 0.102000 0.366667
932 75.590000 0.488333 0.045333 0.356667
119 75.652000 0.496667 0.097333 0.586667
852 75.754000 0.493333 0.124000 0.506667
403 75.875333 0.491667 0.132000 0.403333
923 75.954333 0.493333 0.046000 0.346667
987 75.990333 0.501667 0.042000 0.310000
156 76.086667 0.488333 0.170667 0.476667
567 76.221333 0.505000 0.116000 0.483333
352 76.349000 0.491667 0.158000 0.470000
230 76.465667 0.506667 0.091333 0.353333
238 76.615667 0.508333 0.227333 1.136667
1005 76.738000 0.500000 0.033333 0.273333
918 76.795667 0.510000 0.098000 0.313333
939 76.856667 0.491667 0.038667 0.310000
92 76.950333 0.508333 0.168667 0.350000
589 77.075333 0.506667 0.096000 0.433333
957 77.135667 0.496667 0.043333 0.326667
583 77.177333 0.488333 0.057333 0.336667
478 77.234000 0.498333 0.076000 0.416667
651 77.324667 0.495000 0.118667 0.383333
383 77.453667 0.498333 0.156667 0.783333
256 77.569667 0.505000 0.091333 0.343333
218 77.658667 0.488333 0.101333 0.416667
461 77.734000 0.500000 0.065333 0.333333
896 77.823667 0.501667 0.134000 0.363333
265 77.945667 0.503333 0.128667 0.493333
62 78.032000 0.493333 0.064000 0.293333
90 78.167000 0.508333 0.223333 1.116667
662 78.333667 0.490000 0.124667 0.446667
331 78.473667 0.488333 0.168667 0.843333
45 78.591000 0.508333 0.079333 0.396667
480 78.653000 0.488333 0.058000 0.310000
811 78.724667 0.500000 0.101333 0.360000
476 78.807333 0.508333 0.084000 0.430000
578 78.898333 0.495000 0.111333 0.436667
779 78.965667 0.496667 0.042000 0.420000
140 79.044000 0.493333 0.133333 0.720000
569 79.141000 0.498333 0.076667 0.316667
186 79.231667 0.495000 0.120667 0.530000
410 79.342333 0.503333 0.119333 0.520000
469 79.429000 0.490000 0.074000 0.373333
934 79.479667 0.496667 0.046000 0.346667
143 79.533667 0.510000 0.082000 0.373333
118 79.618000 0.495000 0.104000 0.416667
244 79.736667 0.493333 0.148000 0.406667
619 79.854667 0.498333 0.108000 0.563333
193 79.961000 0.495000 0.124667 0.536667
330 80.065667 0.510000 0.099333 0.380000
296 80.158000 0.493333 0.098667 0.373333
735 80.252000 0.505000 0.105333 0.436667
772 80.403667 0.491667 0.212667 1.063333
486 80.528000 0.506667 0.053333 0.313333
317 80.595333 0.493333 0.100000 0.373333
917 80.658000 0.495000 0.042667 0.323333
989 80.690333 0.500000 0.035333 0.300000
846 80.747333 0.510000 0.094667 0.393333
341 80.821333 0.490000 0.068000 0.293333
1002 80.870000 0.496667 0.042667 0.333333
755 80.965667 0.500000 0.164667 0.493333
128 81.130000 0.491667 0.182667 0.530000
695 81.306000 0.510000 0.185333 0.926667
80 81.442333 0.491667 0.102000 0.510000
994 81.500667 0.500000 0.034667 0.273333
172 81.566000 0.506667 0.112000 0.393333
196 81.674000 0.496667 0.118667 0.480000
769 81.797333 0.505000 0.145333 0.410000
326 81.907333 0.508333 0.093333 0.423333
833 81.990333 0.491667 0.088667 0.376667
120 82.116667 0.491667 0.182667 0.456667
261 82.306667 0.500000 0.210667 1.053333
904 82.436333 0.508333 0.066000 0.350000
611 82.511333 0.506667 0.102667 0.400000
673 82.598667 0.503333 0.089333 0.300000
98 82.718333 0.510000 0.164667 0.353333
487 82.832000 0.506667 0.081333 0.426667
288 82.921000 0.500000 0.116667 0.433333
267 83.056333 0.500000 0.171333 0.526667
511 83.186000 0.495000 0.102667 0.323333
997 83.247667 0.491667 0.034000 0.290000
198 83.302000 0.503333 0.092000 0.380000
818 83.412667 0.498333 0.146667 0.490000
879 83.534000 0.503333 0.114667 0.360000
515 83.630000 0.493333 0.097333 0.326667
707 83.726000 0.508333 0.109333 0.503333
130 83.843667 0.491667 0.146000 0.303333
26 83.971667 0.510000 0.127333 0.433333
431 84.092000 0.488333 0.129333 0.430000
792 84.209333 0.506667 0.122667 0.500000
102 84.345667 0.488333 0.163333 0.816667
606 84.471667 0.505000 0.106000 0.323333
577 84.566333 0.490000 0.103333 0.406667
412 84.661333 0.506667 0.105333 0.526667
938 84.728333 0.496667 0.042000 0.340000
900 84.805333 0.510000 0.129333 0.360000
639 84.905667 0.490000 0.084667 0.426667
517 84.995333 0.501667 0.113333 0.370000
202 85.101000 0.510000 0.115333 0.440000
915 85.193333 0.496667 0.085333 0.686667
442 85.271333 0.510000 0.084000 0.426667
807 85.394000 0.495000 0.174667 0.430000
32 85.518333 0.490000 0.091333 0.346667
691 85.595333 0.488333 0.080000 0.390000
31 85.696667 0.506667 0.137333 0.413333
547 85.793000 0.503333 0.068667 0.406667
941 85.837667 0.491667 0.036667 0.283333
415 85.919000 0.508333 0.142000 0.496667
283 86.053667 0.500000 0.146000 0.506667
441 86.163333 0.495000 0.088000 0.450000
491 86.242667 0.500000 0.090667 0.440000
553 86.343667 0.490000 0.128667 0.440000
858 86.452667 0.501667 0.108000 0.383333
434 86.557333 0.490000 0.118667 0.406667
684 86.654667 0.503333 0.092000 0.320000
17 86.743667 0.510000 0.104667 0.366667
142 86.829667 0.495000 0.082000 0.416667
806 86.946333 0.505000 0.164667 0.823333
549 87.061333 0.506667 0.085333 0.293333
353 87.204000 0.496667 0.214667 1.073333
378 87.360667 0.496667 0.118667 0.333333
457 87.446667 0.503333 0.073333 0.373333
647 87.508667 0.493333 0.068000 0.340000
311 87.582667 0.500000 0.094667 0.413333
641 87.669667 0.510000 0.094000 0.433333
435 87.733000 0.491667 0.050000 0.250000
594 87.820667 0.506667 0.144000 0.433333
720 87.980667 0.510000 0.193333 0.526667
696 88.136667 0.500000 0.134667 0.306667
656 88.285000 0.495000 0.180667 0.476667
514 88.421333 0.493333 0.112000 0.380000
799 88.520667 0.488333 0.102667 0.390000
35 88.607667 0.498333 0.091333 0.290000
254 88.714000 0.501667 0.141333 0.536667
161 88.826333 0.508333 0.100667 0.370000
332 88.999333 0.501667 0.260000 0.590000
269 89.234667 0.506667 0.230667 1.153333
560 89.435333 0.503333 0.184000 0.560000
286 89.564667 0.495000 0.088000 0.330000
305 89.634667 0.493333 0.069333 0.393333
474 89.688667 0.503333 0.056000 0.320000
207 89.757333 0.498333 0.101333 0.503333
512 89.845667 0.495000 0.094000 0.290000
893 89.967333 0.496667 0.165333 0.486667
437 90.078000 0.496667 0.076000 0.373333
385 90.188333 0.488333 0.162000 0.810000
746 90.318333 0.508333 0.112667 0.323333
866 90.441333 0.506667 0.146667 0.413333
273 90.532000 0.491667 0.052000 0.343333
389 90.626000 0.498333 0.150667 0.403333
554 90.768000 0.501667 0.146667 0.416667
980 90.855667 0.503333 0.043333 0.346667
1003 90.888000 0.500000 0.038667 0.300000
241 90.938000 0.500000 0.080000 0.426667
921 90.997000 0.495000 0.051333 0.303333
621 91.043667 0.508333 0.056667 0.576667
730 91.132333 0.506667 0.134000 0.480000
851 91.242667 0.508333 0.100000 0.450000
41 91.350667 0.488333 0.129333 0.363333
302 91.443000 0.503333 0.075333 0.420000
503 91.537333 0.503333 0.133333 0.340000
54 91.625333 0.505000 0.060000 0.330000
229 91.700333 0.488333 0.104667 0.470000
72 91.856667 0.503333 0.225333 1.126667
731 92.001000 0.496667 0.078000 0.386667
295 92.099333 0.488333 0.132000 0.550000
138 92.193000 0.510000 0.068667 0.373333
672 92.276333 0.505000 0.118000 0.423333
263 92.406000 0.503333 0.160000 0.800000
535 92.558000 0.490000 0.162667 0.386667
936 92.655333 0.500000 0.049333 0.366667
69 92.732667 0.491667 0.121333 0.623333
643 92.835667 0.501667 0.099333 0.350000
356 92.961667 0.501667 0.171333 0.856667
875 93.100667 0.508333 0.122667 0.310000
392 93.269000 0.491667 0.231333 1.156667
173 93.429333 0.510000 0.109333 0.493333
604 93.546333 0.508333 0.142000 0.423333
107 93.692000 0.510000 0.168000 0.360000
1010 93.786000 0.500000 0.037333 0.306667
185 93.897667 0.498333 0.199333 0.996667
698 94.018667 0.493333 0.058667 0.306667
373 94.119667 0.508333 0.156667 0.450000
7 94.251000 0.496667 0.124667 0.426667
232 94.369667 0.488333 0.132667 0.543333
979 94.445000 0.500000 0.038000 0.280000
992 94.474000 0.505000 0.040000 0.290000
144 94.529667 0.495000 0.090000 0.376667
737 94.591333 0.501667 0.052000 0.370000
182 94.723000 0.498333 0.226000 1.130000
913 94.893667 0.495000 0.131333 0.396667
622 95.035333 0.500000 0.166667 0.573333
20 95.161000 0.496667 0.099333 0.353333
424 95.258000 0.488333 0.110667 0.356667
885 95.354000 0.488333 0.094667 0.450000
104 95.498000 0.495000 0.208000 0.443333
220 95.651667 0.488333 0.118000 0.490000
585 95.758667 0.508333 0.114667 0.336667
892 95.897000 0.495000 0.175333 0.503333
482 96.022333 0.498333 0.090000 0.463333
874 96.105333 0.490000 0.094667 0.466667
386 96.211667 0.495000 0.131333 0.350000
848 96.334333 0.508333 0.128667 0.430000
153 96.437333 0.488333 0.093333 0.423333
663 96.539000 0.495000 0.124667 0.403333
586 96.655333 0.503333 0.128000 0.413333
776 96.774000 0.490000 0.122667 0.273333
988 96.844667 0.491667 0.032000 0.263333
358 96.920667 0.493333 0.137333 0.366667
194 97.093333 0.490000 0.228000 1.140000
638 97.251667 0.493333 0.103333 0.406667
88 97.395333 0.510000 0.201333 0.420000
834 97.540667 0.500000 0.106667 0.466667
340 97.643000 0.498333 0.111333 0.316667
946 97.711333 0.510000 0.042667 0.346667
804 97.835667 0.495000 0.220667 1.103333
682 97.988000 0.505000 0.097333 0.383333
407 98.069333 0.493333 0.078667 0.300000
734 98.182333 0.490000 0.162000 0.440000
624 98.350667 0.510000 0.190667 0.953333
740 98.507000 0.490000 0.138000 0.313333
715 98.663667 0.488333 0.195333 0.490000
443 98.787667 0.505000 0.072667 0.436667
665 98.871000 0.501667 0.111333 0.410000
654 99.047667 0.505000 0.255333 0.570000
718 99.242000 0.495000 0.153333 0.470000
214 99.376667 0.508333 0.130667 0.530000
419 99.474667 0.508333 0.085333 0.416667
965 99.524333 0.508333 0.034000 0.283333
780 99.589000 0.488333 0.112667 0.323333
845 99.681667 0.495000 0.086000 0.396667
262 99.778000 0.488333 0.124000 0.636667
571 99.888667 0.510000 0.113333 0.466667
372 99.987667 0.490000 0.104667 0.306667
683 100.084000 0.505000 0.106667 0.343333
439 100.181667 0.493333 0.106000 0.420000
541 100.309667 0.505000 0.164667 0.456667
240 100.418667 0.493333 0.072000 0.360000
24 100.515667 0.501667 0.139333 0.476667
175 100.670000 0.496667 0.184000 0.920000
113 100.789667 0.503333 0.074000 0.400000
399 100.864000 0.496667 0.094667 0.346667
136 100.953333 0.490000 0.100000 0.366667
943 101.016333 0.508333 0.042000 0.310000
838 101.089667 0.508333 0.118000 0.496667
810 101.185333 0.508333 0.090667 0.416667
233 101.276000 0.498333 0.109333 0.550000
805 101.417667 0.488333 0.192667 0.963333
335 101.567000 0.498333 0.124667 0.416667
575 101.680333 0.488333 0.118000 0.383333
51 101.782000 0.498333 0.102667 0.343333
210 101.889333 0.491667 0.132000 0.523333
940 101.967000 0.508333 0.042000 0.343333
145 102.031000 0.495000 0.102000 0.450000
77 102.137667 0.496667 0.124667 0.313333
284 102.243333 0.510000 0.106667 0.386667
346 102.348667 0.506667 0.117333 0.313333
433 102.479333 0.495000 0.162667 0.423333
257 102.617667 0.505000 0.134000 0.423333
