995 0.022667 0.505000 0.038667 0.303333
430 0.100000 0.498333 0.130667 0.563333
149 0.230667 0.490000 0.145333 0.360000
498 0.321333 0.488333 0.056000 0.330000
512 0.391667 0.501667 0.103333 0.343333
875 0.521333 0.495000 0.173333 0.470000
290 0.658000 0.495000 0.113333 0.296667
828 0.758667 0.503333 0.104000 0.426667
304 0.840667 0.488333 0.074667 0.416667
707 0.917000 0.493333 0.098000 0.433333
713 1.057667 0.506667 0.203333 0.513333
205 1.206333 0.506667 0.111333 0.453333
102 1.337333 0.491667 0.170667 0.370000
792 1.473000 0.496667 0.118000 0.486667
469 1.559000 0.498333 0.074000 0.450000
383 1.651000 0.505000 0.128667 0.396667
165 1.766333 0.498333 0.122000 0.463333
22 1.889000 0.508333 0.136667 0.456667
330 1.996333 0.495000 0.092667 0.356667
306 2.060667 0.501667 0.056000 0.316667
373 2.144667 0.506667 0.125333 0.360000
806 2.291333 0.493333 0.184000 0.920000
184 2.435333 0.496667 0.121333 0.500000
977 2.504000 0.510000 0.033333 0.266667
676 2.569000 0.505000 0.112667 0.376667
18 2.673000 0.488333 0.108667 0.356667
129 2.780333 0.506667 0.126000 0.500000
917 2.862333 0.500000 0.051333 0.373333
266 2.988667 0.503333 0.217333 1.086667
750 3.137000 0.505000 0.098000 0.363333
554 3.239000 0.493333 0.124667 0.360000
365 3.348000 0.496667 0.110667 0.333333
127 3.478667 0.510000 0.170667 0.853333
790 3.588333 0.501667 0.064667 0.396667
305 3.648667 0.491667 0.076000 0.430000
31 3.749333 0.501667 0.144000 0.423333
868 3.853000 0.500000 0.082000 0.466667
986 3.906333 0.490000 0.039333 0.286667
616 4.010667 0.490000 0.184000 0.920000
296 4.137667 0.506667 0.083333 0.306667
617 4.214000 0.496667 0.084000 0.333333
137 4.275333 0.493333 0.053333 0.266667
960 4.314333 0.498333 0.040667 0.323333
201 4.371000 0.505000 0.088667 0.436667
100 4.517333 0.508333 0.221333 0.470000
298 4.656000 0.505000 0.076000 0.376667
73 4.744333 0.501667 0.116667 0.370000
656 4.869333 0.493333 0.153333 0.386667
60 4.972667 0.495000 0.068000 0.276667
847 5.049667 0.505000 0.102000 0.310000
951 5.113000 0.496667 0.043333 0.326667
406 5.181667 0.506667 0.108667 0.420000
143 5.275667 0.490000 0.094000 0.406667
724 5.344667 0.496667 0.061333 0.373333
931 5.383667 0.498333 0.031333 0.270000
123 5.457667 0.510000 0.130000 0.773333
153 5.556333 0.488333 0.087333 0.396667
987 5.609000 0.498333 0.035333 0.290000
388 5.692667 0.496667 0.152000 0.460000
781 5.804667 0.488333 0.085333 0.443333
976 5.857667 0.493333 0.040667 0.320000
182 5.921333 0.496667 0.106667 0.380000
711 6.059000 0.495000 0.183333 0.916667
456 6.171667 0.505000 0.058000 0.310000
1005 6.216000 0.503333 0.048000 0.373333
7 6.292667 0.503333 0.124000 0.433333
916 6.447667 0.498333 0.206000 0.443333
98 6.657333 0.496667 0.228000 0.486667
863 6.805667 0.495000 0.088667 0.423333
999 6.863000 0.498333 0.043333 0.330000
839 6.932667 0.501667 0.110667 0.583333
342 7.026000 0.501667 0.089333 0.416667
450 7.099333 0.506667 0.076000 0.433333
584 7.190667 0.488333 0.121333 0.336667
598 7.314000 0.491667 0.145333 0.443333
786 7.408667 0.498333 0.062667 0.383333
38 7.488333 0.500000 0.110000 0.353333
810 7.591333 0.496667 0.113333 0.466667
171 7.697667 0.498333 0.115333 0.436667
24 7.816000 0.500000 0.137333 0.473333
763 7.901667 0.510000 0.051333 0.353333
615 7.976667 0.495000 0.114667 0.516667
942 8.049000 0.491667 0.044667 0.343333
736 8.096333 0.500000 0.068667 0.440000
800 8.171333 0.488333 0.096000 0.363333
285 8.262667 0.490000 0.105333 0.373333
920 8.365333 0.493333 0.120000 0.453333
375 8.469667 0.496667 0.107333 0.333333
860 8.596667 0.506667 0.160000 0.800000
543 8.781667 0.491667 0.230000 1.150000
877 8.928667 0.503333 0.078667 0.413333
217 9.020667 0.500000 0.118667 0.493333
382 9.149333 0.505000 0.153333 0.443333
439 9.272667 0.495000 0.112000 0.436667
377 9.396000 0.493333 0.149333 0.420000
924 9.478667 0.496667 0.033333 0.253333
452 9.523667 0.505000 0.076667 0.396667
797 9.601667 0.493333 0.099333 0.366667
913 9.708000 0.488333 0.130667 0.390000
241 9.801333 0.501667 0.074667 0.416667
2 9.868000 0.505000 0.072000 0.356667
565 9.977000 0.490000 0.160667 0.340000
468 10.080333 0.510000 0.066000 0.346667
967 10.124333 0.491667 0.040667 0.356667
622 10.238000 0.500000 0.204000 1.020000
546 10.385667 0.493333 0.106000 0.393333
333 10.520000 0.490000 0.178667 0.433333
300 10.640667 0.510000 0.082667 0.260000
35 10.726667 0.490000 0.105333 0.346667
782 10.831000 0.498333 0.122000 0.570000
117 10.940667 0.490000 0.114667 0.353333
833 11.046000 0.506667 0.112000 0.486667
53 11.153000 0.495000 0.118000 0.410000
141 11.238333 0.510000 0.071333 0.306667
224 11.318000 0.498333 0.108000 0.436667
728 11.392333 0.506667 0.060667 0.533333
119 11.463000 0.498333 0.098000 0.570000
994 11.524667 0.491667 0.045333 0.356667
799 11.580667 0.493333 0.082667 0.300000
896 11.675667 0.498333 0.122000 0.316667
821 11.765000 0.490000 0.075333 0.520000
114 11.844667 0.506667 0.102667 0.506667
578 11.945333 0.500000 0.114667 0.453333
295 12.042333 0.496667 0.098000 0.420000
335 12.146333 0.505000 0.128667 0.430000
321 12.252667 0.501667 0.104000 0.423333
573 12.350333 0.500000 0.108667 0.453333
136 12.441333 0.508333 0.093333 0.363333
280 12.539667 0.496667 0.119333 0.426667
63 12.649667 0.488333 0.116667 0.416667
607 12.767333 0.493333 0.138667 0.413333
145 12.875000 0.491667 0.096667 0.503333
380 12.983333 0.510000 0.133333 0.400000
765 13.077667 0.506667 0.068667 0.333333
701 13.189667 0.498333 0.171333 0.516667
337 13.353333 0.493333 0.174667 0.873333
45 13.474667 0.493333 0.082667 0.413333
580 13.578333 0.501667 0.142000 0.336667
956 13.658000 0.505000 0.033333 0.276667
85 13.722000 0.490000 0.112000 0.480000
633 13.883667 0.488333 0.227333 1.136667
179 14.051667 0.505000 0.124667 0.476667
566 14.155667 0.500000 0.100667 0.420000
483 14.234333 0.503333 0.076667 0.433333
789 14.307333 0.510000 0.085333 0.520000
1009 14.360667 0.493333 0.040000 0.300000
5 14.417000 0.510000 0.091333 0.440000
681 14.471333 0.488333 0.037333 0.330000
838 14.530333 0.508333 0.095333 0.383333
111 14.624667 0.503333 0.106667 0.466667
830 14.725667 0.491667 0.108667 0.450000
407 14.814333 0.490000 0.083333 0.333333
549 14.905333 0.500000 0.112000 0.386667
1002 14.979667 0.500000 0.050000 0.360000
0 15.021667 0.493333 0.052667 0.420000
457 15.067333 0.490000 0.058667 0.313333
336 15.151667 0.496667 0.123333 0.586667
88 15.300333 0.508333 0.192667 0.963333
611 15.424000 0.510000 0.074667 0.286667
892 15.548667 0.488333 0.190667 0.556667
421 15.716667 0.501667 0.161333 0.530000
232 15.847333 0.495000 0.116000 0.570000
545 15.938333 0.506667 0.082000 0.293333
324 16.051333 0.488333 0.160000 0.783333
556 16.166667 0.503333 0.086667 0.360000
706 16.240667 0.495000 0.080000 0.403333
666 16.330000 0.488333 0.112000 0.403333
487 16.403667 0.493333 0.055333 0.326667
623 16.494000 0.506667 0.138667 0.453333
379 16.618667 0.496667 0.126667 0.340000
12 16.719333 0.491667 0.094667 0.330000
59 16.847000 0.503333 0.174000 0.453333
244 17.012333 0.508333 0.172667 0.463333
697 17.131667 0.491667 0.079333 0.396667
36 17.229000 0.508333 0.128667 0.430000
934 17.304333 0.488333 0.039333 0.330000
708 17.359333 0.495000 0.086667 0.390000
947 17.414333 0.501667 0.040667 0.296667
759 17.496333 0.490000 0.142000 0.466667
886 17.672667 0.503333 0.224000 1.120000
274 17.827667 0.498333 0.099333 0.463333
998 17.890000 0.498333 0.042667 0.323333
889 18.013000 0.488333 0.222000 1.110000
808 18.168667 0.510000 0.105333 0.386667
429 18.257000 0.490000 0.088667 0.306667
734 18.374333 0.488333 0.164667 0.430000
11 18.497333 0.501667 0.094667 0.330000
395 18.594667 0.500000 0.113333 0.306667
727 18.683667 0.505000 0.084667 0.410000
238 18.770333 0.491667 0.108667 0.423333
126 18.923000 0.495000 0.212667 1.063333
293 19.059667 0.493333 0.076667 0.293333
206 19.136000 0.500000 0.096000 0.486667
154 19.221000 0.495000 0.094000 0.430000
777 19.306000 0.508333 0.090667 0.390000
47 19.384667 0.488333 0.082667 0.396667
974 19.433333 0.495000 0.030667 0.256667
74 19.507000 0.488333 0.132667 0.410000
638 19.623333 0.503333 0.113333 0.446667
358 19.741000 0.491667 0.142000 0.416667
292 19.872667 0.493333 0.134667 0.540000
693 19.979000 0.493333 0.094000 0.460000
327 20.078667 0.493333 0.125333 0.386667
906 20.210000 0.495000 0.150667 0.410000
164 20.330000 0.496667 0.109333 0.400000
472 20.403667 0.510000 0.054000 0.286667
420 20.462667 0.508333 0.084000 0.303333
968 20.514667 0.496667 0.034667 0.286667
444 20.561333 0.505000 0.072000 0.383333
631 20.678333 0.495000 0.176667 0.883333
672 20.815333 0.501667 0.110667 0.383333
235 20.917667 0.505000 0.107333 0.503333
212 21.019333 0.506667 0.110667 0.560000
570 21.120333 0.510000 0.106000 0.446667
334 21.243667 0.508333 0.158000 0.536667
438 21.381333 0.500000 0.132000 0.393333
150 21.497333 0.500000 0.116000 0.460000
937 21.572333 0.493333 0.048667 0.360000
3 21.623000 0.490000 0.072667 0.333333
621 21.681667 0.498333 0.060667 0.643333
168 21.768333 0.493333 0.131333 0.493333
158 21.924333 0.508333 0.198000 0.990000
567 22.066333 0.501667 0.104667 0.430000
798 22.170333 0.496667 0.120667 0.453333
775 22.256667 0.508333 0.072000 0.330000
657 22.338333 0.506667 0.104667 0.420000
945 22.399667 0.495000 0.036667 0.270000
15 22.459667 0.505000 0.099333 0.323333
236 22.555000 0.510000 0.111333 0.460000
192 22.651667 0.493333 0.096667 0.386667
6 22.736667 0.495000 0.090667 0.343333
528 22.833000 0.503333 0.115333 0.406667
86 22.934333 0.490000 0.100667 0.426667
862 23.018333 0.505000 0.087333 0.456667
596 23.116000 0.510000 0.126667 0.386667
812 23.230667 0.488333 0.118667 0.296667
588 23.328000 0.506667 0.090667 0.406667
424 23.436667 0.508333 0.140000 0.450000
479 23.531333 0.493333 0.066667 0.366667
529 23.619333 0.488333 0.128000 0.483333
752 23.713667 0.491667 0.080667 0.216667
795 23.779667 0.495000 0.070000 0.436667
159 23.826667 0.496667 0.041333 0.300000
455 23.872667 0.496667 0.069333 0.400000
628 23.982667 0.491667 0.169333 0.563333
442 24.097333 0.506667 0.074667 0.393333
252 24.194667 0.501667 0.134667 0.530000
256 24.312667 0.503333 0.121333 0.460000
78 24.469333 0.510000 0.209333 1.046667
518 24.625667 0.498333 0.123333 0.410000
867 24.730000 0.498333 0.101333 0.350000
319 24.811000 0.490000 0.074000 0.280000
82 24.883333 0.505000 0.090667 0.656667
506 24.941000 0.493333 0.038000 0.460000
625 25.038000 0.491667 0.172000 0.570000
173 25.165667 0.495000 0.102000 0.456667
384 25.260667 0.493333 0.108000 0.300000
674 25.355667 0.490000 0.096667 0.320000
499 25.427000 0.506667 0.062000 0.373333
910 25.505667 0.503333 0.108667 0.380000
422 25.602667 0.495000 0.105333 0.390000
816 25.722000 0.491667 0.150667 0.376667
408 25.835000 0.495000 0.091333 0.356667
331 25.973000 0.495000 0.203333 1.016667
198 26.161000 0.505000 0.186000 0.930000
609 26.284667 0.498333 0.076000 0.310000
733 26.362333 0.490000 0.092667 0.560000
27 26.467667 0.501667 0.134000 0.450000
1003 26.546000 0.495000 0.042667 0.310000
515 26.622333 0.491667 0.130000 0.423333
894 26.742667 0.501667 0.130667 0.363333
350 26.873000 0.506667 0.146000 0.420000
249 26.972000 0.501667 0.072000 0.516667
912 27.054667 0.506667 0.109333 0.426667
927 27.117667 0.498333 0.034000 0.276667
793 27.173667 0.488333 0.091333 0.376667
25 27.262333 0.508333 0.103333 0.383333
508 27.341000 0.510000 0.072667 0.380000
758 27.445667 0.506667 0.150000 0.453333
982 27.532667 0.496667 0.037333 0.266667
9 27.599333 0.506667 0.112000 0.493333
360 27.712667 0.503333 0.128000 0.360000
688 27.820000 0.488333 0.100000 0.490000
470 27.898667 0.488333 0.074667 0.396667
720 28.021000 0.508333 0.186000 0.470000
155 28.153667 0.508333 0.095333 0.550000
882 28.239000 0.505000 0.092667 0.363333
876 28.389333 0.500000 0.226667 1.133333
299 28.538667 0.500000 0.086667 0.333333
704 28.629333 0.491667 0.113333 0.350000
971 28.700667 0.505000 0.042667 0.336667
245 28.740000 0.508333 0.050667 0.283333
392 28.824667 0.508333 0.136000 0.383333
826 28.941333 0.488333 0.113333 0.476667
859 29.047000 0.501667 0.114000 0.363333
315 29.153333 0.498333 0.112000 0.423333
651 29.262333 0.496667 0.126000 0.413333
749 29.368667 0.503333 0.102667 0.440000
714 29.489333 0.500000 0.158667 0.493333
630 29.636000 0.503333 0.152000 0.500000
317 29.752333 0.510000 0.100667 0.373333
21 29.844333 0.508333 0.096667 0.350000
522 29.942000 0.495000 0.113333 0.376667
739 30.022000 0.498333 0.066667 0.543333
181 30.108000 0.493333 0.122667 0.426667
966 30.178667 0.490000 0.037333 0.273333
665 30.251667 0.510000 0.126000 0.473333
482 30.349000 0.498333 0.087333 0.450000
162 30.491000 0.495000 0.211333 1.056667
381 30.665667 0.510000 0.158000 0.466667
8 30.777333 0.510000 0.085333 0.300000
748 30.869667 0.498333 0.112667 0.383333
883 31.029333 0.493333 0.225333 0.480000
715 31.219333 0.496667 0.169333 0.846667
118 31.335667 0.490000 0.078000 0.313333
852 31.409333 0.506667 0.085333 0.373333
709 31.504667 0.500000 0.118667 0.486667
500 31.603000 0.508333 0.091333 0.436667
614 31.719333 0.510000 0.156000 0.400000
761 31.851667 0.498333 0.126000 0.363333
204 31.959000 0.498333 0.104667 0.450000
229 32.061000 0.498333 0.118000 0.603333
519 32.179667 0.493333 0.138000 0.440000
801 32.285667 0.496667 0.092667 0.346667
370 32.396333 0.506667 0.142000 0.380000
935 32.475000 0.506667 0.035333 0.273333
108 32.576667 0.493333 0.188000 0.940000
814 32.726000 0.495000 0.129333 0.450000
75 32.844667 0.503333 0.126667 0.393333
551 32.957333 0.493333 0.117333 0.373333
234 33.056667 0.503333 0.097333 0.400000
23 33.184667 0.496667 0.174667 0.873333
909 33.309000 0.496667 0.092667 0.446667
311 33.384333 0.498333 0.072667 0.310000
58 33.436667 0.508333 0.050667 0.276667
804 33.568000 0.496667 0.229333 1.146667
41 33.734333 0.508333 0.120667 0.336667
731 33.825333 0.500000 0.078667 0.393333
954 33.876667 0.496667 0.042667 0.320000
484 33.939000 0.506667 0.100667 0.373333
196 34.037000 0.496667 0.108667 0.540000
870 34.112000 0.506667 0.054667 0.293333
818 34.184333 0.505000 0.104667 0.350000
412 34.270333 0.501667 0.083333 0.416667
993 34.326667 0.500000 0.045333 0.353333
589 34.400667 0.503333 0.121333 0.500000
540 34.536000 0.503333 0.169333 0.846667
26 34.671333 0.506667 0.114667 0.386667
848 34.775667 0.508333 0.114000 0.343333
884 34.881667 0.493333 0.116667 0.433333
343 34.990000 0.491667 0.118667 0.376667
531 35.139000 0.491667 0.196667 0.983333
1022 35.245333 0.496667 0.036000 0.286667
19 35.320333 0.488333 0.128667 0.416667
900 35.429000 0.510000 0.108667 0.346667
680 35.541667 0.488333 0.135333 0.476667
997 35.620000 0.488333 0.036000 0.290000
764 35.665000 0.500000 0.070000 0.326667
363 35.753667 0.493333 0.120667 0.353333
1007 35.829000 0.488333 0.050000 0.370000
606 35.901000 0.490000 0.114000 0.346667
548 36.021333 0.503333 0.146667 0.493333
613 36.177333 0.505000 0.185333 0.476667
640 36.295667 0.491667 0.070000 0.350000
211 36.373000 0.501667 0.099333 0.503333
699 36.494000 0.510000 0.162667 0.813333
989 36.589333 0.488333 0.041333 0.296667
497 36.675333 0.490000 0.145333 0.366667
391 36.821333 0.503333 0.161333 0.806667
474 36.923667 0.495000 0.063333 0.383333
138 36.977667 0.503333 0.062000 0.360000
310 37.032000 0.510000 0.066667 0.373333
348 37.149000 0.498333 0.184667 0.923333
646 37.272000 0.493333 0.074667 0.353333
755 37.380667 0.508333 0.160000 0.476667
654 37.541000 0.503333 0.180667 0.340000
367 37.685000 0.500000 0.123333 0.333333
624 37.834667 0.496667 0.193333 0.966667
163 38.033333 0.510000 0.222667 1.113333
390 38.193333 0.488333 0.112000 0.310000
208 38.294000 0.503333 0.105333 0.520000
682 38.393333 0.495000 0.109333 0.416667
647 38.474333 0.500000 0.067333 0.333333
576 38.555000 0.505000 0.110000 0.430000
738 38.639333 0.508333 0.074667 0.343333
216 38.721000 0.491667 0.104667 0.416667
620 38.874000 0.493333 0.220000 1.100000
278 39.043667 0.490000 0.139333 0.426667
730 39.189000 0.506667 0.167333 0.593333
359 39.343333 0.508333 0.157333 0.456667
975 39.433333 0.498333 0.040000 0.290000
807 39.546333 0.500000 0.202000 0.506667
56 39.683000 0.505000 0.084667 0.116667
65 39.757667 0.488333 0.079333 0.203333
652 39.847000 0.500000 0.118000 0.386667
619 39.937667 0.500000 0.080667 0.433333
857 40.057667 0.505000 0.178000 0.416667
834 40.181667 0.510000 0.088667 0.400000
131 40.276333 0.488333 0.114000 0.443333
854 40.411333 0.501667 0.176000 0.516667
943 40.514333 0.493333 0.043333 0.353333
465 40.566333 0.503333 0.076667 0.453333
248 40.632333 0.490000 0.074000 0.366667
626 40.751000 0.501667 0.176667 0.596667
815 40.888000 0.501667 0.112000 0.290000
725 40.987000 0.505000 0.104667 0.443333
541 41.101000 0.505000 0.138000 0.350000
272 41.244667 0.508333 0.169333 0.496667
160 41.359000 0.490000 0.076667 0.400000
719 41.484333 0.495000 0.190000 0.563333
660 41.630667 0.500000 0.118667 0.413333
29 41.755667 0.496667 0.146000 0.420000
251 41.849000 0.493333 0.056667 0.333333
378 41.935667 0.505000 0.130000 0.350000
101 42.074333 0.496667 0.163333 0.346667
1014 42.173667 0.500000 0.051333 0.386667
471 42.223000 0.500000 0.064667 0.393333
283 42.313333 0.491667 0.130667 0.443333
922 42.393667 0.506667 0.044667 0.320000
323 42.494333 0.488333 0.170000 0.390000
957 42.591333 0.501667 0.040000 0.310000
76 42.668667 0.491667 0.133333 0.410000
664 42.785000 0.493333 0.116667 0.373333
242 42.902000 0.506667 0.132000 0.513333
963 42.978333 0.498333 0.036667 0.290000
316 43.040667 0.508333 0.106667 0.416667
207 43.165000 0.501667 0.158000 0.790000
751 43.275000 0.506667 0.079333 0.346667
794 43.345667 0.488333 0.076667 0.476667
526 43.461333 0.491667 0.170667 0.443333
929 43.553667 0.490000 0.032667 0.266667
762 43.605000 0.510000 0.090000 0.386667
899 43.713333 0.508333 0.144000 0.410000
220 43.826333 0.493333 0.098000 0.480000
722 43.941000 0.488333 0.144667 0.423333
591 44.064333 0.498333 0.120667 0.376667
771 44.216000 0.496667 0.201333 1.006667
979 44.325667 0.501667 0.032667 0.263333
226 44.398667 0.501667 0.133333 0.536667
836 44.500333 0.508333 0.086000 0.356667
677 44.594000 0.501667 0.116000 0.403333
908 44.700000 0.496667 0.109333 0.413333
560 44.847667 0.488333 0.206000 1.030000
96 45.027333 0.503333 0.172000 0.860000
349 45.200667 0.506667 0.188000 0.940000
563 45.380000 0.495000 0.184000 0.403333
106 45.563000 0.508333 0.200667 1.003333
68 45.721000 0.506667 0.132667 0.386667
820 45.823000 0.500000 0.086000 0.360000
461 45.893667 0.503333 0.072667 0.393333
177 45.971667 0.501667 0.098000 0.343333
825 46.056667 0.491667 0.090667 0.376667
586 46.170000 0.505000 0.156000 0.450000
448 46.273333 0.498333 0.068000 0.356667
255 46.380667 0.503333 0.161333 0.613333
4 46.494333 0.503333 0.086000 0.353333
83 46.565333 0.491667 0.073333 0.356667
663 46.659667 0.490000 0.128667 0.440000
938 46.736667 0.490000 0.041333 0.320000
368 46.849333 0.496667 0.201333 1.006667
988 46.964000 0.498333 0.044000 0.316667
577 47.018333 0.510000 0.080667 0.320000
14 47.103667 0.496667 0.110000 0.360000
670 47.212667 0.493333 0.125333 0.413333
1006 47.286333 0.503333 0.036667 0.286667
679 47.326333 0.508333 0.062000 0.383333
341 47.384667 0.501667 0.073333 0.323333
453 47.445000 0.510000 0.066000 0.360000
276 47.498667 0.503333 0.054667 0.353333
33 47.565333 0.506667 0.092000 0.326667
449 47.633000 0.493333 0.063333 0.333333
831 47.700333 0.496667 0.088667 0.380000
891 47.769333 0.493333 0.062667 0.253333
146 47.834333 0.510000 0.084667 0.433333
1019 47.890000 0.491667 0.040000 0.323333
355 47.962000 0.495000 0.122667 0.336667
130 48.112000 0.493333 0.193333 0.433333
309 48.228333 0.510000 0.058000 0.326667
230 48.299667 0.495000 0.099333 0.383333
973 48.359667 0.495000 0.039333 0.303333
629 48.461000 0.501667 0.179333 0.596667
936 48.563333 0.490000 0.038667 0.306667
403 48.679000 0.488333 0.208667 1.043333
362 48.857000 0.501667 0.160667 0.463333
694 48.964333 0.496667 0.074000 0.360000
187 49.043000 0.505000 0.100667 0.403333
426 49.116333 0.503333 0.059333 0.406667
39 49.190667 0.505000 0.104000 0.370000
55 49.299667 0.495000 0.128667 0.330000
491 49.418000 0.506667 0.125333 0.613333
783 49.520333 0.496667 0.096667 0.506667
716 49.660000 0.501667 0.197333 0.516667
69 49.805667 0.496667 0.111333 0.593333
618 49.888333 0.510000 0.071333 0.406667
125 49.972333 0.498333 0.111333 0.470000
805 50.087333 0.498333 0.137333 0.396667
689 50.191000 0.500000 0.086000 0.426667
1021 50.243333 0.498333 0.038667 0.290000
219 50.306667 0.488333 0.105333 0.483333
462 50.391000 0.490000 0.082000 0.426667
307 50.452667 0.500000 0.057333 0.320000
962 50.494667 0.488333 0.044000 0.343333
322 50.557333 0.510000 0.097333 0.133333
644 50.642667 0.498333 0.092000 0.456667
949 50.700000 0.508333 0.040000 0.323333
225 50.763000 0.501667 0.106000 0.530000
939 50.828333 0.506667 0.038000 0.273333
115 50.868000 0.505000 0.058667 0.290000
413 50.946667 0.500000 0.114667 0.486667
257 51.047333 0.495000 0.104000 0.330000
489 51.117333 0.498333 0.054667 0.303333
547 51.169667 0.505000 0.064667 0.363333
555 51.214333 0.488333 0.040667 0.403333
67 51.334000 0.496667 0.214667 0.480000
194 51.515333 0.493333 0.168000 0.840000
104 51.706667 0.510000 0.229333 1.146667
835 51.861333 0.488333 0.096000 0.376667
768 51.936000 0.500000 0.068000 0.200000
597 52.022333 0.490000 0.118000 0.353333
532 52.130000 0.503333 0.117333 0.600000
175 52.236000 0.490000 0.112000 0.433333
433 52.364333 0.496667 0.158000 0.313333
260 52.515333 0.495000 0.158667 0.416667
423 52.652667 0.495000 0.130667 0.410000
473 52.748000 0.503333 0.077333 0.406667
410 52.830333 0.510000 0.100667 0.473333
901 52.952333 0.493333 0.159333 0.440000
840 53.068000 0.498333 0.092000 0.463333
371 53.162000 0.488333 0.114667 0.323333
950 53.234333 0.490000 0.046000 0.360000
1016 53.277667 0.496667 0.054000 0.386667
344 53.409667 0.498333 0.226000 1.130000
639 53.545667 0.488333 0.059333 0.296667
79 53.656000 0.510000 0.174667 0.873333
844 53.796667 0.501667 0.122667 0.510000
419 53.898333 0.495000 0.098000 0.476667
969 53.961333 0.510000 0.041333 0.340000
166 54.029667 0.495000 0.110000 0.410000
887 54.151333 0.498333 0.148000 0.450000
743 54.264000 0.508333 0.094667 0.396667
417 54.342667 0.495000 0.078667 0.383333
428 54.417667 0.490000 0.087333 0.586667
415 54.566000 0.503333 0.225333 1.126667
116 54.736667 0.496667 0.133333 0.393333
71 54.825000 0.508333 0.059333 0.316667
51 54.911000 0.506667 0.128667 0.413333
233 55.015000 0.503333 0.096667 0.466667
851 55.106333 0.490000 0.106000 0.500000
481 55.191333 0.508333 0.078667 0.403333
170 55.285000 0.503333 0.123333 0.473333
823 55.388000 0.495000 0.097333 0.463333
855 55.472000 0.498333 0.089333 0.236667
520 55.576667 0.505000 0.133333 0.416667
928 55.656000 0.498333 0.042667 0.330000
527 55.749333 0.506667 0.157333 0.480000
787 55.855667 0.508333 0.071333 0.430000
30 55.957667 0.498333 0.148667 0.423333
340 56.095000 0.496667 0.140667 0.420000
843 56.208667 0.510000 0.101333 0.413333
246 56.324000 0.510000 0.145333 0.520000
747 56.432000 0.510000 0.090667 0.373333
183 56.525667 0.510000 0.115333 0.526667
710 56.686333 0.488333 0.224667 1.123333
464 56.817333 0.493333 0.056000 0.293333
873 56.871000 0.496667 0.070000 0.313333
559 56.932333 0.496667 0.072667 0.353333
480 56.996000 0.488333 0.073333 0.376667
385 57.080000 0.488333 0.110667 0.336667
595 57.197667 0.496667 0.139333 0.420000
352 57.312333 0.508333 0.108667 0.336667
93 57.443000 0.505000 0.166000 0.830000
536 57.574333 0.496667 0.116667 0.433333
476 57.657667 0.490000 0.064667 0.333333
10 57.721667 0.500000 0.083333 0.306667
148 57.812000 0.495000 0.114667 0.316667
504 57.947000 0.500000 0.171333 0.493333
582 58.110000 0.493333 0.174667 0.873333
961 58.213000 0.491667 0.046000 0.356667
169 58.274667 0.495000 0.094667 0.356667
221 58.398000 0.490000 0.168000 0.840000
944 58.490333 0.510000 0.030000 0.253333
784 58.532000 0.498333 0.069333 0.550000
530 58.611333 0.501667 0.102667 0.503333
282 58.714333 0.495000 0.120667 0.416667
110 58.837000 0.500000 0.143333 0.506667
113 58.977000 0.508333 0.156667 0.783333
732 59.091667 0.503333 0.087333 0.440000
829 59.172667 0.508333 0.089333 0.443333
44 59.271667 0.510000 0.122000 0.480000
89 59.420667 0.500000 0.194667 0.420000
445 59.536000 0.495000 0.052000 0.310000
691 59.597667 0.491667 0.086000 0.423333
440 59.666333 0.495000 0.071333 0.416667
1000 59.713000 0.510000 0.035333 0.286667
291 59.788667 0.498333 0.134667 0.523333
776 59.927333 0.500000 0.157333 0.360000
318 60.046000 0.491667 0.096000 0.483333
443 60.125333 0.498333 0.078667 0.403333
984 60.175333 0.488333 0.038667 0.303333
1011 60.204000 0.491667 0.037333 0.290000
478 60.252667 0.501667 0.078667 0.410000
965 60.308000 0.510000 0.045333 0.326667
513 60.389000 0.500000 0.135333 0.453333
729 60.460333 0.503333 0.027333 0.353333
874 60.499333 0.498333 0.066667 0.323333
955 60.545667 0.505000 0.044667 0.323333
791 60.594000 0.496667 0.072000 0.426667
972 60.645667 0.496667 0.048667 0.353333
602 60.722333 0.506667 0.119333 0.360000
357 60.882667 0.490000 0.214667 1.073333
842 61.028667 0.500000 0.094667 0.473333
475 61.109333 0.500000 0.080000 0.406667
1001 61.165333 0.508333 0.049333 0.356667
188 61.225667 0.490000 0.086000 0.433333
544 61.306000 0.506667 0.089333 0.333333
533 61.409000 0.501667 0.132667 0.456667
550 61.499333 0.510000 0.068000 0.340000
399 61.573667 0.495000 0.095333 0.356667
157 61.696000 0.501667 0.164000 0.656667
302 61.801333 0.488333 0.062667 0.356667
486 61.852000 0.491667 0.053333 0.303333
562 61.952667 0.505000 0.166667 0.343333
574 62.060667 0.490000 0.069333 0.280000
919 62.121000 0.498333 0.071333 0.343333
564 62.228667 0.510000 0.162667 0.333333
20 62.351667 0.490000 0.096667 0.340000
579 62.488000 0.496667 0.190667 0.520000
128 62.660667 0.493333 0.172000 0.860000
604 62.808333 0.505000 0.143333 0.456667
396 62.935000 0.508333 0.130000 0.403333
702 63.063333 0.488333 0.141333 0.443333
308 63.162333 0.510000 0.076667 0.426667
503 63.307000 0.491667 0.231333 1.156667
690 63.457667 0.491667 0.090000 0.450000
459 63.531333 0.508333 0.072000 0.383333
753 63.617000 0.493333 0.114000 0.366667
517 63.712333 0.493333 0.095333 0.320000
534 63.790667 0.500000 0.081333 0.346667
940 63.848000 0.508333 0.046667 0.370000
46 63.887667 0.495000 0.047333 0.396667
601 63.957333 0.496667 0.112000 0.340000
632 64.104000 0.496667 0.200000 0.640000
853 64.247667 0.498333 0.100667 0.463333
737 64.318000 0.488333 0.054667 0.336667
37 64.386000 0.488333 0.100000 0.356667
366 64.504333 0.503333 0.156667 0.413333
885 64.618333 0.493333 0.091333 0.393333
493 64.694333 0.496667 0.074000 0.333333
109 64.827667 0.488333 0.210000 0.443333
537 65.013667 0.501667 0.180667 0.903333
803 65.174667 0.495000 0.160000 0.463333
809 65.293333 0.505000 0.093333 0.510000
167 65.380000 0.495000 0.097333 0.356667
542 65.474667 0.506667 0.108000 0.426667
156 65.592667 0.488333 0.148000 0.423333
356 65.714000 0.490000 0.114667 0.353333
990 65.781000 0.500000 0.035333 0.286667
992 65.813000 0.490000 0.043333 0.313333
345 65.921667 0.505000 0.188667 0.943333
287 66.062000 0.490000 0.110667 0.406667
191 66.151667 0.491667 0.084667 0.430000
454 66.229667 0.495000 0.084667 0.430000
263 66.345333 0.496667 0.161333 0.806667
432 66.486333 0.508333 0.138000 0.263333
437 66.602000 0.490000 0.106667 0.480000
659 66.682333 0.510000 0.074000 0.313333
477 66.743667 0.510000 0.066000 0.360000
662 66.814333 0.491667 0.088667 0.330000
107 66.965333 0.488333 0.228000 0.490000
152 67.113000 0.500000 0.087333 0.400000
1020 67.164000 0.493333 0.032000 0.260000
903 67.248667 0.491667 0.154667 0.436667
402 67.385667 0.508333 0.139333 0.356667
686 67.494333 0.493333 0.092667 0.460000
147 67.578667 0.495000 0.090667 0.483333
649 67.663333 0.491667 0.094667 0.510000
637 67.735333 0.500000 0.068000 0.346667
91 67.865000 0.501667 0.208667 1.043333
641 68.002333 0.500000 0.083333 0.393333
431 68.085000 0.500000 0.098000 0.333333
770 68.221667 0.498333 0.188667 0.943333
645 68.342000 0.510000 0.066667 0.300000
269 68.474667 0.506667 0.214667 1.073333
698 68.607333 0.510000 0.066667 0.346667
313 68.680667 0.498333 0.096000 0.330000
723 68.767333 0.488333 0.092000 0.316667
190 68.855667 0.495000 0.103333 0.410000
254 68.979000 0.508333 0.156667 0.603333
683 69.146000 0.503333 0.190667 0.953333
488 69.269667 0.508333 0.072667 0.383333
926 69.320000 0.491667 0.045333 0.330000
237 69.370667 0.506667 0.070667 0.506667
978 69.417333 0.498333 0.036000 0.283333
610 69.494667 0.490000 0.134667 0.413333
1018 69.570000 0.500000 0.036000 0.260000
510 69.629333 0.506667 0.101333 0.340000
105 69.758000 0.503333 0.172000 0.860000
612 69.908667 0.491667 0.142667 0.396667
151 70.009667 0.501667 0.079333 0.396667
273 70.074333 0.493333 0.063333 0.406667
819 70.157667 0.495000 0.122000 0.336667
122 70.254667 0.488333 0.092000 0.376667
463 70.337000 0.493333 0.086000 0.440000
627 70.451000 0.503333 0.158000 0.533333
87 70.617667 0.495000 0.190000 0.950000
458 70.735667 0.506667 0.066000 0.340000
289 70.845000 0.508333 0.167333 0.836667
914 70.987333 0.496667 0.134667 0.400000
418 71.100333 0.506667 0.104667 0.506667
1 71.178000 0.508333 0.069333 0.363333
703 71.275667 0.491667 0.143333 0.496667
605 71.395000 0.503333 0.111333 0.286667
398 71.479000 0.505000 0.074000 0.383333
77 71.570667 0.491667 0.124000 0.310000
62 71.673667 0.493333 0.095333 0.446667
133 71.755667 0.501667 0.088667 0.316667
878 71.841000 0.508333 0.099333 0.510000
788 71.950000 0.495000 0.136000 0.410000
48 72.115000 0.501667 0.207333 1.036667
326 72.241000 0.496667 0.064667 0.293333
905 72.344000 0.506667 0.157333 0.506667
904 72.451333 0.510000 0.072000 0.386667
262 72.536333 0.506667 0.115333 0.573333
239 72.629333 0.505000 0.089333 0.536667
948 72.688333 0.493333 0.048667 0.366667
347 72.773333 0.506667 0.140000 0.400000
655 72.891333 0.495000 0.109333 0.463333
849 72.986000 0.493333 0.096000 0.393333
28 73.083000 0.501667 0.116667 0.423333
16 73.180000 0.498333 0.093333 0.316667
261 73.319000 0.491667 0.202000 1.010000
215 73.456000 0.495000 0.092000 0.403333
1008 73.509667 0.505000 0.034000 0.263333
718 73.616667 0.510000 0.198667 0.586667
881 73.774333 0.503333 0.130000 0.440000
209 73.887667 0.510000 0.114000 0.453333
416 73.974667 0.495000 0.076000 0.370000
745 74.051333 0.506667 0.092000 0.346667
675 74.148000 0.490000 0.114667 0.366667
785 74.227667 0.496667 0.059333 0.253333
332 74.353000 0.501667 0.211333 1.056667
218 74.496667 0.501667 0.093333 0.376667
661 74.586333 0.503333 0.103333 0.393333
1015 74.652667 0.501667 0.044000 0.323333
466 74.707000 0.491667 0.082000 0.423333
144 74.780667 0.493333 0.082667 0.373333
923 74.835333 0.508333 0.046667 0.336667
773 74.922333 0.495000 0.140667 0.383333
983 75.008667 0.493333 0.052000 0.386667
64 75.061333 0.491667 0.069333 0.383333
288 75.151667 0.500000 0.128667 0.493333
778 75.253000 0.491667 0.092667 0.590000
279 75.336333 0.495000 0.092667 0.510000
850 75.417333 0.501667 0.082667 0.356667
460 75.492333 0.491667 0.080667 0.410000
523 75.586000 0.505000 0.125333 0.396667
436 75.700667 0.493333 0.120000 0.300000
911 75.806667 0.490000 0.110667 0.400000
864 75.895667 0.505000 0.086000 0.343333
726 75.971667 0.496667 0.084667 0.446667
692 76.048333 0.491667 0.082000 0.403333
890 76.122333 0.495000 0.086000 0.370000
259 76.204333 0.491667 0.092667 0.456667
389 76.300000 0.501667 0.116000 0.363333
796 76.420667 0.490000 0.138667 0.493333
941 76.501000 0.510000 0.036667 0.286667
202 76.567667 0.488333 0.110000 0.423333
635 76.655000 0.496667 0.079333 0.326667
496 76.733000 0.500000 0.092667 0.373333
865 76.822667 0.488333 0.100000 0.330000
447 76.903333 0.488333 0.076000 0.436667
779 76.957000 0.510000 0.046000 0.420000
673 77.036667 0.498333 0.129333 0.423333
898 77.171333 0.508333 0.156000 0.436667
325 77.324333 0.501667 0.167333 0.836667
721 77.507667 0.508333 0.214000 1.070000
705 77.690000 0.493333 0.165333 0.826667
427 77.823333 0.493333 0.121333 0.566667
594 77.926333 0.506667 0.104667 0.320000
197 78.017000 0.503333 0.092667 0.386667
643 78.107000 0.490000 0.100667 0.360000
214 78.215333 0.490000 0.129333 0.526667
297 78.308333 0.495000 0.076667 0.396667
509 78.394667 0.496667 0.112000 0.373333
54 78.474667 0.498333 0.064000 0.376667
757 78.555000 0.496667 0.115333 0.360000
553 78.648000 0.506667 0.089333 0.313333
837 78.743667 0.503333 0.122000 0.506667
387 78.865667 0.508333 0.135333 0.363333
696 78.993667 0.496667 0.135333 0.306667
434 79.121000 0.488333 0.134000 0.456667
572 79.226000 0.508333 0.090667 0.363333
401 79.305333 0.493333 0.088000 0.493333
314 79.399667 0.503333 0.120667 0.426667
985 79.466667 0.500000 0.030667 0.246667
264 79.538000 0.510000 0.126667 0.486667
514 79.661667 0.496667 0.135333 0.460000
525 79.770000 0.496667 0.101333 0.333333
539 79.845000 0.503333 0.066000 0.306667
669 79.920667 0.501667 0.104000 0.336667
95 80.070333 0.491667 0.211333 1.056667
636 80.230333 0.503333 0.126000 0.300000
17 80.332333 0.506667 0.091333 0.300000
866 80.428667 0.488333 0.121333 0.370000
581 80.531333 0.493333 0.104000 0.493333
213 80.629000 0.496667 0.111333 0.453333
933 80.698667 0.491667 0.044000 0.323333
247 80.762000 0.490000 0.100000 0.440000
667 80.857667 0.490000 0.104667 0.380000
81 80.949000 0.491667 0.098000 0.396667
902 81.067000 0.496667 0.152667 0.406667
695 81.221667 0.490000 0.170000 0.513333
43 81.347667 0.510000 0.102000 0.400000
524 81.441667 0.500000 0.106000 0.333333
879 81.552000 0.503333 0.133333 0.373333
658 81.641000 0.496667 0.058000 0.326667
193 81.724000 0.503333 0.126667 0.513333
505 81.805667 0.508333 0.056667 0.236667
1017 81.844667 0.496667 0.034667 0.260000
740 81.914667 0.500000 0.120000 0.273333
397 82.013667 0.506667 0.095333 0.393333
275 82.082667 0.500000 0.056000 0.353333
284 82.168333 0.503333 0.131333 0.466667
435 82.252000 0.488333 0.053333 0.256667
172 82.330000 0.501667 0.122667 0.456667
980 82.404000 0.500000 0.044000 0.346667
34 82.474000 0.505000 0.116000 0.396667
90 82.616000 0.501667 0.186667 0.396667
174 82.768667 0.503333 0.136000 0.506667
243 82.915333 0.495000 0.173333 0.590000
180 83.051000 0.501667 0.112667 0.396667
608 83.145333 0.506667 0.089333 0.293333
228 83.242333 0.510000 0.119333 0.546667
593 83.373333 0.490000 0.160000 0.800000
339 83.499000 0.506667 0.106000 0.586667
451 83.580333 0.508333 0.071333 0.376667
735 83.671333 0.493333 0.130667 0.520000
277 83.768000 0.488333 0.077333 0.376667
312 83.857333 0.506667 0.120000 0.433333
70 83.967667 0.496667 0.118000 0.393333
140 84.120667 0.503333 0.201333 1.006667
717 84.309333 0.495000 0.189333 0.570000
328 84.484667 0.505000 0.181333 0.450000
811 84.632000 0.505000 0.133333 0.350000
240 84.718000 0.498333 0.057333 0.296667
915 84.778000 0.498333 0.081333 0.663333
1013 84.829333 0.491667 0.034667 0.290000
361 84.909000 0.501667 0.140667 0.443333
827 85.019333 0.495000 0.096000 0.423333
813 85.115667 0.496667 0.111333 0.393333
893 85.247333 0.495000 0.165333 0.516667
80 85.370333 0.495000 0.096667 0.470000
142 85.459333 0.495000 0.097333 0.416667
599 85.552333 0.495000 0.102000 0.316667
964 85.622000 0.510000 0.053333 0.386667
303 85.671333 0.493333 0.058667 0.333333
485 85.724667 0.508333 0.061333 0.350000
185 85.805333 0.496667 0.116000 0.486667
1010 85.873000 0.503333 0.039333 0.286667
869 85.923000 0.496667 0.076667 0.480000
42 85.983333 0.503333 0.064000 0.360000
653 86.087333 0.493333 0.164000 0.526667
822 86.208000 0.495000 0.093333 0.296667
394 86.300333 0.498333 0.104667 0.323333
921 86.381000 0.500000 0.074000 0.433333
49 86.510333 0.491667 0.204667 1.023333
583 86.645667 0.495000 0.079333 0.450000
286 86.720333 0.501667 0.088667 0.330000
1004 86.773333 0.500000 0.037333 0.286667
767 86.844333 0.500000 0.120667 0.346667
176 86.955000 0.506667 0.119333 0.426667
270 87.083667 0.498333 0.156667 0.783333
845 87.194333 0.498333 0.083333 0.416667
687 87.278333 0.500000 0.100667 0.493333
888 87.381000 0.510000 0.118000 0.406667
897 87.511333 0.493333 0.156000 0.460000
568 87.634333 0.496667 0.103333 0.520000
66 87.733667 0.491667 0.115333 0.663333
861 87.803667 0.505000 0.042000 0.323333
642 87.857333 0.508333 0.082667 0.336667
590 87.964333 0.510000 0.147333 0.600000
756 88.094667 0.490000 0.132000 0.380000
376 88.222333 0.503333 0.139333 0.393333
50 88.348667 0.496667 0.132000 0.386667
846 88.462000 0.500000 0.114667 0.573333
441 88.539333 0.496667 0.060000 0.346667
32 88.605667 0.495000 0.092667 0.310000
538 88.748333 0.508333 0.212667 1.063333
824 88.894667 0.491667 0.096000 0.470000
991 88.949333 0.501667 0.030667 0.263333
895 89.031667 0.491667 0.148667 0.430000
320 89.148667 0.510000 0.101333 0.300000
405 89.235667 0.495000 0.087333 0.336667
178 89.333000 0.495000 0.123333 0.450000
1023 89.406667 0.493333 0.044000 0.333333
561 89.502333 0.500000 0.164667 0.360000
494 89.618000 0.496667 0.086667 0.453333
952 89.677000 0.506667 0.050000 0.366667
970 89.714333 0.501667 0.039333 0.283333
120 89.821000 0.503333 0.194000 0.560000
712 89.999667 0.501667 0.178000 0.890000
587 90.183333 0.496667 0.205333 1.026667
592 90.357667 0.503333 0.159333 0.453333
364 90.515333 0.503333 0.170667 0.426667
600 90.640333 0.490000 0.099333 0.300000
634 90.730333 0.498333 0.100667 0.416667
374 90.845667 0.498333 0.143333 0.403333
766 90.962333 0.501667 0.110000 0.323333
72 91.062667 0.506667 0.110667 0.526667
112 91.203000 0.488333 0.183333 0.916667
103 91.393000 0.493333 0.210000 0.446667
872 91.549000 0.501667 0.120667 0.336667
959 91.617000 0.491667 0.034000 0.263333
521 91.710000 0.488333 0.168000 0.483333
516 91.856333 0.490000 0.139333 0.460000
650 92.002667 0.503333 0.170667 0.560000
124 92.138333 0.503333 0.115333 0.406667
925 92.207667 0.508333 0.042000 0.350000
203 92.268667 0.501667 0.093333 0.443333
467 92.344000 0.505000 0.076000 0.430000
135 92.431000 0.501667 0.111333 0.430000
569 92.529333 0.491667 0.102667 0.443333
132 92.612333 0.508333 0.078000 0.336667
557 92.685667 0.491667 0.087333 0.583333
265 92.779333 0.493333 0.116000 0.446667
84 92.899333 0.493333 0.137333 0.393333
386 93.047000 0.491667 0.176667 0.883333
222 93.183000 0.493333 0.108667 0.453333
139 93.266333 0.508333 0.078000 0.416667
603 93.382000 0.491667 0.170667 0.403333
186 93.499000 0.508333 0.082000 0.356667
227 93.595000 0.498333 0.123333 0.503333
996 93.666667 0.490000 0.040000 0.300000
425 93.719000 0.490000 0.080667 0.440000
301 93.782667 0.503333 0.061333 0.346667
267 93.876000 0.493333 0.140000 0.433333
958 93.956667 0.500000 0.037333 0.313333
329 94.068000 0.498333 0.198667 0.703333
294 94.266000 0.488333 0.216000 0.383333
1012 94.386333 0.496667 0.040667 0.300000
223 94.445667 0.490000 0.091333 0.460000
507 94.521667 0.496667 0.075333 0.446667
841 94.608667 0.488333 0.118667 0.583333
501 94.705667 0.501667 0.094000 0.410000
446 94.788000 0.506667 0.088000 0.453333
918 94.870333 0.488333 0.096667 0.336667
684 94.970667 0.498333 0.117333 0.423333
907 95.086000 0.498333 0.126667 0.423333
40 95.198000 0.505000 0.110667 0.350000
258 95.299000 0.503333 0.108667 0.373333
195 95.404000 0.505000 0.117333 0.563333
817 95.508667 0.490000 0.106667 0.253333
856 95.621000 0.493333 0.134000 0.333333
871 95.705000 0.506667 0.050000 0.260000
535 95.816667 0.495000 0.193333 0.410000
880 95.964000 0.510000 0.114667 0.386667
742 96.081000 0.493333 0.134000 0.553333
552 96.169000 0.500000 0.056667 0.380000
94 96.278667 0.491667 0.178667 0.383333
99 96.447667 0.491667 0.172667 0.863333
930 96.542333 0.510000 0.035333 0.273333
268 96.658667 0.493333 0.213333 1.066667
57 96.783000 0.506667 0.052667 0.260000
558 96.840667 0.501667 0.076000 0.370000
411 96.978000 0.493333 0.216000 0.420000
346 97.146667 0.508333 0.137333 0.370000
200 97.287000 0.488333 0.156667 0.783333
981 97.374333 0.490000 0.034000 0.260000
400 97.409000 0.491667 0.050000 0.436667
121 97.436333 0.491667 0.023333 0.416667
393 97.498333 0.493333 0.116667 0.353333
404 97.593667 0.493333 0.092667 0.466667
189 97.681667 0.496667 0.103333 0.513333
744 97.790000 0.501667 0.133333 0.550000
754 97.926667 0.500000 0.156000 0.760000
52 98.052667 0.498333 0.109333 0.370000
492 98.133000 0.506667 0.067333 0.340000
648 98.199667 0.493333 0.084667 0.380000
571 98.274667 0.505000 0.081333 0.350000
369 98.375000 0.503333 0.138000 0.433333
678 98.499333 0.496667 0.125333 0.433333
338 98.609667 0.508333 0.111333 0.576667
61 98.707000 0.495000 0.099333 0.496667
495 98.792667 0.505000 0.086667 0.463333
858 98.871667 0.488333 0.091333 0.303333
585 98.966333 0.498333 0.118000 0.363333
351 99.126000 0.506667 0.220000 1.100000
780 99.283333 0.491667 0.113333 0.323333
92 99.446667 0.503333 0.228000 1.140000
199 99.613000 0.505000 0.122000 0.496667
134 99.711667 0.501667 0.088667 0.403333
97 99.842000 0.496667 0.190667 0.953333
953 99.945333 0.493333 0.032000 0.260000
760 100.054667 0.510000 0.206667 1.033333
271 100.255000 0.488333 0.207333 1.036667
231 100.397000 0.496667 0.090000 0.373333
13 100.488333 0.498333 0.110000 0.356667
685 100.576000 0.496667 0.082667 0.320000
281 100.667333 0.505000 0.116000 0.403333
668 100.769667 0.488333 0.106000 0.343333
746 100.889000 0.506667 0.150000 0.446667
210 101.005000 0.496667 0.098000 0.493333
575 101.110000 0.505000 0.126667 0.430000
932 101.179333 0.491667 0.029333 0.243333
511 101.254000 0.496667 0.134667 0.426667
671 101.364000 0.501667 0.102667 0.390000
414 101.472333 0.501667 0.131333 0.650000
946 101.544333 0.493333 0.031333 0.260000
832 101.596000 0.490000 0.089333 0.366667
774 101.663000 0.498333 0.059333 0.356667
409 101.792667 0.496667 0.216000 1.080000
372 101.955000 0.508333 0.127333 0.403333
353 102.092333 0.501667 0.162000 0.810000
700 102.218000 0.495000 0.108000 0.423333
490 102.302000 0.496667 0.077333 0.406667
772 102.430333 0.498333 0.195333 0.976667
161 102.590000 0.496667 0.140000 0.493333
741 102.693000 0.505000 0.084667 0.290000
802 102.801333 0.506667 0.152000 0.326667
253 102.889667 0.498333 0.044667 0.430000
250 103.016667 0.496667 0.225333 1.126667
354 103.196667 0.493333 0.152000 0.473333
769 103.325333 0.493333 0.124000 0.360000
502 103.414333 0.501667 0.074000 0.330000
