849 0.055667 0.505000 0.104667 0.490000
607 0.166667 0.508333 0.134667 0.403333
634 0.270000 0.488333 0.089333 0.370000
829 0.363333 0.503333 0.114667 0.520000
25 0.462333 0.503333 0.099333 0.340000
522 0.553000 0.496667 0.096667 0.326667
377 0.703000 0.501667 0.223333 1.116667
302 0.845000 0.491667 0.078000 0.443333
172 0.943000 0.506667 0.135333 0.493333
373 1.075667 0.500000 0.147333 0.386667
884 1.192000 0.493333 0.101333 0.366667
51 1.297000 0.491667 0.124667 0.416667
1015 1.376000 0.490000 0.053333 0.386667
136 1.451000 0.503333 0.112667 0.400000
514 1.547333 0.505000 0.096000 0.323333
793 1.631667 0.488333 0.090000 0.370000
792 1.726667 0.491667 0.116000 0.470000
392 1.835667 0.501667 0.116667 0.336667
1017 1.904667 0.495000 0.034667 0.270000
680 1.959333 0.503333 0.092000 0.313333
442 2.024000 0.501667 0.053333 0.316667
359 2.135667 0.508333 0.186000 0.930000
856 2.284667 0.505000 0.126667 0.316667
802 2.416667 0.496667 0.154667 0.320000
410 2.540667 0.506667 0.113333 0.493333
547 2.632333 0.491667 0.084667 0.496667
479 2.705333 0.490000 0.078667 0.400000
259 2.819333 0.496667 0.169333 0.846667
227 2.937667 0.491667 0.080667 0.403333
78 3.062667 0.491667 0.186667 0.436667
768 3.185000 0.490000 0.076667 0.180000
535 3.303667 0.493333 0.178000 0.426667
635 3.429333 0.510000 0.086667 0.353333
41 3.544333 0.488333 0.163333 0.470000
953 3.633667 0.510000 0.034000 0.273333
714 3.743000 0.488333 0.204667 1.023333
557 3.875000 0.490000 0.078000 0.513333
694 3.957333 0.505000 0.101333 0.503333
349 4.078333 0.490000 0.159333 0.440000
761 4.214667 0.490000 0.129333 0.440000
754 4.325667 0.506667 0.110000 0.533333
387 4.438667 0.496667 0.132000 0.366667
476 4.528000 0.510000 0.060000 0.306667
252 4.606333 0.491667 0.111333 0.450000
966 4.681333 0.493333 0.053333 0.386667
256 4.753000 0.501667 0.104667 0.390000
84 4.845333 0.508333 0.094667 0.263333
771 4.925000 0.506667 0.082000 0.420000
564 5.034333 0.503333 0.151333 0.313333
330 5.150000 0.491667 0.094667 0.363333
758 5.243333 0.501667 0.110667 0.323333
682 5.339000 0.498333 0.095333 0.390000
286 5.426000 0.506667 0.096000 0.360000
539 5.495333 0.496667 0.058667 0.280000
262 5.570667 0.498333 0.110667 0.563333
21 5.668333 0.505000 0.098000 0.350000
731 5.747667 0.500000 0.075333 0.366667
723 5.828667 0.503333 0.101333 0.346667
153 5.914667 0.496667 0.086667 0.386667
626 6.065333 0.500000 0.230667 1.153333
710 6.254667 0.491667 0.168000 0.476667
116 6.390333 0.498333 0.123333 0.363333
384 6.535000 0.498333 0.183333 0.916667
386 6.681333 0.490000 0.128000 0.400000
484 6.797000 0.505000 0.123333 0.430000
395 6.923000 0.495000 0.146000 0.390000
87 7.099000 0.501667 0.223333 0.483333
900 7.265667 0.508333 0.126000 0.336667
250 7.422333 0.505000 0.200667 1.003333
14 7.554333 0.508333 0.082000 0.296667
561 7.673667 0.488333 0.175333 0.363333
954 7.773667 0.491667 0.043333 0.323333
501 7.832000 0.488333 0.090667 0.403333
562 7.951000 0.501667 0.162000 0.330000
453 8.057000 0.506667 0.063333 0.380000
566 8.141667 0.500000 0.123333 0.513333
30 8.255667 0.506667 0.124667 0.366667
515 8.378000 0.500000 0.133333 0.426667
149 8.509333 0.500000 0.146667 0.373333
212 8.618667 0.501667 0.092000 0.470000
857 8.753333 0.496667 0.192000 0.413333
432 8.904667 0.506667 0.125333 0.246667
261 9.021333 0.500000 0.128000 0.613333
4 9.115667 0.491667 0.075333 0.310000
202 9.193333 0.501667 0.100000 0.443333
931 9.256667 0.495000 0.046667 0.356667
340 9.323000 0.506667 0.102000 0.293333
713 9.480000 0.490000 0.229333 1.146667
760 9.649000 0.491667 0.123333 0.410000
911 9.750000 0.508333 0.096000 0.370000
572 9.843667 0.503333 0.104667 0.433333
298 9.926667 0.506667 0.080000 0.406667
517 10.020333 0.498333 0.120667 0.403333
668 10.123333 0.506667 0.100000 0.366667
735 10.220000 0.503333 0.110667 0.440000
267 10.349333 0.495000 0.166667 0.543333
651 10.491667 0.508333 0.135333 0.436667
525 10.600333 0.488333 0.099333 0.330000
575 10.707000 0.491667 0.128667 0.436667
433 10.824333 0.510000 0.126000 0.280000
726 10.916333 0.498333 0.071333 0.376667
775 10.984000 0.491667 0.081333 0.403333
294 11.106667 0.503333 0.180000 0.900000
71 11.218667 0.493333 0.064000 0.340000
815 11.320667 0.500000 0.156000 0.380000
748 11.450333 0.510000 0.118000 0.406667
532 11.550667 0.503333 0.096000 0.493333
365 11.643000 0.503333 0.106000 0.300000
63 11.732333 0.505000 0.091333 0.323333
358 11.839333 0.510000 0.142667 0.406667
380 11.963333 0.503333 0.124000 0.346667
744 12.087333 0.498333 0.137333 0.563333
975 12.167000 0.491667 0.039333 0.303333
327 12.241000 0.500000 0.123333 0.333333
947 12.314667 0.500000 0.038667 0.300000
874 12.374000 0.508333 0.100000 0.456667
912 12.468333 0.496667 0.102000 0.406667
666 12.565333 0.508333 0.106667 0.370000
662 12.678000 0.508333 0.134667 0.450000
134 12.789667 0.503333 0.102000 0.406667
732 12.870333 0.493333 0.076667 0.373333
585 12.960667 0.498333 0.120000 0.383333
391 13.074333 0.498333 0.124667 0.336667
959 13.152667 0.503333 0.052000 0.380000
213 13.230000 0.508333 0.118667 0.596667
1016 13.300333 0.488333 0.040667 0.310000
183 13.364667 0.508333 0.108000 0.490000
210 13.471667 0.498333 0.126000 0.503333
310 13.557000 0.508333 0.062000 0.343333
741 13.624000 0.493333 0.092000 0.326667
640 13.700333 0.510000 0.074000 0.373333
788 13.813667 0.501667 0.172667 0.863333
528 13.951667 0.490000 0.118000 0.386667
922 14.026667 0.493333 0.046667 0.366667
789 14.078000 0.506667 0.072000 0.433333
1004 14.126333 0.500000 0.038000 0.306667
231 14.222000 0.490000 0.173333 0.866667
818 14.359667 0.488333 0.116667 0.396667
331 14.520333 0.505000 0.218000 1.090000
436 14.680333 0.488333 0.118000 0.303333
455 14.768333 0.506667 0.071333 0.386667
919 14.835333 0.496667 0.081333 0.400000
486 14.895000 0.508333 0.052667 0.290000
12 14.956000 0.508333 0.082667 0.303333
990 15.013333 0.508333 0.046667 0.363333
725 15.092000 0.505000 0.124000 0.530000
163 15.193000 0.491667 0.098000 0.376667
520 15.281000 0.508333 0.098000 0.330000
301 15.363000 0.506667 0.082000 0.460000
738 15.429667 0.495000 0.070000 0.323333
932 15.473000 0.495000 0.034000 0.283333
438 15.557000 0.510000 0.150000 0.453333
199 15.680000 0.490000 0.112000 0.473333
264 15.798667 0.501667 0.145333 0.556667
335 15.933000 0.503333 0.143333 0.506667
656 16.083333 0.493333 0.176000 0.880000
32 16.214000 0.488333 0.104000 0.330000
347 16.326333 0.510000 0.140667 0.400000
138 16.423333 0.503333 0.066667 0.366667
119 16.492000 0.510000 0.085333 0.500000
759 16.591667 0.490000 0.128667 0.400000
641 16.690333 0.501667 0.082000 0.376667
409 16.773000 0.498333 0.096667 0.483333
1008 16.831000 0.491667 0.039333 0.316667
798 16.892667 0.508333 0.098667 0.363333
672 16.981333 0.488333 0.096000 0.330000
915 17.053333 0.505000 0.066667 0.530000
167 17.136667 0.503333 0.120000 0.460000
353 17.266000 0.493333 0.158667 0.473333
632 17.428667 0.498333 0.186667 0.610000
375 17.578000 0.496667 0.130667 0.360000
355 17.711000 0.506667 0.155333 0.453333
135 17.830667 0.505000 0.102667 0.296667
944 17.891333 0.496667 0.038667 0.293333
873 17.954667 0.503333 0.106667 0.466667
1001 18.020667 0.501667 0.041333 0.323333
853 18.092333 0.493333 0.118000 0.486667
570 18.197333 0.505000 0.109333 0.476667
300 18.285667 0.493333 0.082000 0.273333
46 18.350000 0.501667 0.066667 0.576667
441 18.407000 0.495000 0.064667 0.336667
247 18.471333 0.501667 0.082667 0.403333
491 18.549667 0.500000 0.092667 0.453333
951 18.606000 0.490000 0.038667 0.326667
97 18.713333 0.495000 0.196000 0.423333
963 18.824667 0.493333 0.044000 0.346667
402 18.926000 0.501667 0.176000 0.443333
510 19.058333 0.491667 0.104667 0.323333
750 19.154000 0.501667 0.105333 0.396667
855 19.239000 0.503333 0.079333 0.206667
721 19.366333 0.495000 0.191333 0.563333
909 19.494333 0.505000 0.082000 0.363333
622 19.617333 0.493333 0.182667 0.626667
908 19.745000 0.493333 0.092667 0.340000
38 19.833667 0.503333 0.104667 0.333333
546 19.915667 0.491667 0.079333 0.303333
890 19.994000 0.508333 0.094667 0.390000
765 20.072000 0.506667 0.074667 0.393333
128 20.179333 0.501667 0.157333 0.476667
77 20.305333 0.508333 0.113333 0.283333
836 20.410667 0.510000 0.110667 0.540000
74 20.518333 0.506667 0.123333 0.380000
715 20.646667 0.488333 0.152000 0.403333
894 20.787667 0.508333 0.147333 0.456667
317 20.909000 0.488333 0.111333 0.403333
218 21.009333 0.510000 0.109333 0.546667
424 21.126667 0.508333 0.142667 0.456667
214 21.239000 0.510000 0.095333 0.386667
860 21.393333 0.495000 0.230667 0.610000
99 21.614333 0.491667 0.224667 0.483333
591 21.787000 0.488333 0.138000 0.396667
576 21.899667 0.496667 0.104667 0.406667
332 22.056000 0.498333 0.221333 0.523333
31 22.211000 0.491667 0.107333 0.323333
320 22.313667 0.496667 0.115333 0.360000
886 22.414000 0.491667 0.104000 0.370000
596 22.509333 0.501667 0.100000 0.296667
543 22.649000 0.505000 0.195333 0.976667
182 22.795000 0.506667 0.110000 0.393333
121 22.853667 0.498333 0.022000 0.396667
647 22.893667 0.491667 0.078000 0.410000
56 22.964333 0.496667 0.079333 0.106667
973 23.016333 0.501667 0.039333 0.303333
86 23.082667 0.505000 0.109333 0.503333
209 23.212667 0.493333 0.165333 0.826667
696 23.361000 0.510000 0.147333 0.340000
203 23.490333 0.510000 0.127333 0.513333
406 23.597667 0.506667 0.106000 0.413333
942 23.661000 0.503333 0.040667 0.326667
772 23.767333 0.510000 0.190667 0.953333
235 23.906333 0.501667 0.102000 0.503333
446 23.975000 0.503333 0.054000 0.320000
774 24.024333 0.508333 0.063333 0.330000
426 24.079667 0.501667 0.060667 0.410000
193 24.167333 0.505000 0.130667 0.530000
194 24.284667 0.488333 0.122667 0.496667
952 24.361000 0.495000 0.044667 0.343333
15 24.433667 0.488333 0.116667 0.403333
906 24.556000 0.488333 0.148000 0.410000
633 24.705333 0.493333 0.169333 0.466667
229 24.833333 0.498333 0.105333 0.430000
605 24.946333 0.506667 0.135333 0.353333
240 25.035667 0.498333 0.063333 0.310000
935 25.081667 0.495000 0.046000 0.363333
460 25.134333 0.491667 0.075333 0.376667
221 25.223000 0.496667 0.116667 0.473333
398 25.315333 0.500000 0.081333 0.433333
109 25.466333 0.503333 0.238000 0.506667
177 25.670667 0.506667 0.185333 0.926667
544 25.802000 0.496667 0.090667 0.333333
646 25.883667 0.496667 0.087333 0.413333
549 25.975333 0.490000 0.116000 0.400000
807 26.116000 0.493333 0.180000 0.900000
863 26.251333 0.503333 0.105333 0.506667
452 26.333333 0.498333 0.073333 0.436667
48 26.456667 0.496667 0.186667 0.933333
629 26.633333 0.493333 0.180000 0.900000
420 26.761000 0.501667 0.091333 0.330000
33 26.864000 0.510000 0.132000 0.440000
862 26.964333 0.496667 0.086000 0.433333
837 27.044667 0.495000 0.090667 0.410000
323 27.180667 0.500000 0.201333 1.006667
864 27.320000 0.508333 0.094667 0.363333
835 27.424667 0.506667 0.129333 0.506667
747 27.529667 0.508333 0.095333 0.416667
54 27.603000 0.506667 0.064667 0.373333
691 27.665333 0.496667 0.077333 0.380000
545 27.749333 0.501667 0.106667 0.430000
763 27.819000 0.500000 0.051333 0.413333
197 27.899333 0.505000 0.129333 0.523333
724 27.996333 0.490000 0.082000 0.426667
811 28.085000 0.508333 0.114000 0.263333
893 28.239333 0.500000 0.213333 1.066667
272 28.446333 0.488333 0.216667 1.083333
196 28.599000 0.506667 0.103333 0.426667
75 28.704333 0.503333 0.123333 0.380000
663 28.819000 0.508333 0.119333 0.390000
393 28.944333 0.495000 0.151333 0.423333
296 29.060333 0.503333 0.096667 0.366667
706 29.139667 0.491667 0.076667 0.410000
895 29.228000 0.508333 0.118667 0.323333
477 29.306667 0.501667 0.056000 0.310000
736 29.360333 0.508333 0.070000 0.383333
599 29.439667 0.491667 0.107333 0.330000
675 29.541667 0.490000 0.114000 0.386667
777 29.633333 0.508333 0.084000 0.363333
399 29.714333 0.493333 0.092667 0.306667
101 29.869000 0.505000 0.230000 0.496667
896 30.034000 0.506667 0.116000 0.326667
712 30.188000 0.508333 0.205333 0.543333
861 30.307000 0.506667 0.050000 0.380000
842 30.386333 0.493333 0.124667 0.513333
362 30.553333 0.490000 0.222667 1.113333
753 30.737667 0.495000 0.162000 0.810000
69 30.866000 0.508333 0.114667 0.603333
703 30.983000 0.491667 0.138000 0.470000
677 31.089333 0.493333 0.090667 0.340000
68 31.187667 0.495000 0.126000 0.363333
244 31.333000 0.501667 0.184667 0.503333
551 31.471000 0.498333 0.108667 0.343333
967 31.541000 0.506667 0.044667 0.326667
757 31.630333 0.493333 0.154000 0.506667
1011 31.716000 0.500000 0.032000 0.246667
614 31.802667 0.506667 0.158667 0.400000
749 31.922333 0.500000 0.095333 0.386667
828 32.007333 0.510000 0.089333 0.446667
985 32.064000 0.501667 0.044000 0.330000
781 32.108667 0.488333 0.062667 0.323333
179 32.183667 0.495000 0.100667 0.376667
295 32.269000 0.500000 0.084667 0.360000
538 32.405667 0.493333 0.202000 0.513333
1020 32.521333 0.500000 0.045333 0.360000
187 32.591000 0.490000 0.110000 0.446667
417 32.682667 0.488333 0.086667 0.416667
26 32.775333 0.493333 0.117333 0.393333
423 32.894667 0.500000 0.137333 0.440000
88 33.059000 0.491667 0.208667 0.443333
225 33.204000 0.491667 0.098667 0.416667
394 33.310667 0.495000 0.134667 0.383333
695 33.459667 0.495000 0.183333 0.916667
92 33.660333 0.501667 0.231333 0.483333
43 33.826333 0.500000 0.120667 0.480000
350 33.934000 0.488333 0.109333 0.303333
804 34.048333 0.510000 0.134000 0.420000
803 34.190333 0.498333 0.166000 0.503333
465 34.292333 0.505000 0.056667 0.296667
249 34.339000 0.495000 0.054000 0.436667
200 34.407333 0.491667 0.102667 0.410000
95 34.535667 0.491667 0.168667 0.843333
619 34.655667 0.493333 0.091333 0.493333
321 34.735667 0.500000 0.086000 0.426667
799 34.817000 0.488333 0.094000 0.343333
516 34.915333 0.506667 0.116000 0.380000
872 35.033000 0.506667 0.132667 0.366667
939 35.110333 0.498333 0.035333 0.296667
257 35.184333 0.508333 0.127333 0.423333
826 35.289333 0.493333 0.101333 0.500000
820 35.376333 0.510000 0.088667 0.366667
928 35.429000 0.505000 0.032667 0.270000
689 35.480000 0.501667 0.085333 0.416667
16 35.558667 0.510000 0.088000 0.306667
868 35.632333 0.501667 0.076667 0.430000
284 35.713000 0.508333 0.103333 0.370000
17 35.816333 0.488333 0.123333 0.423333
242 35.927000 0.510000 0.112667 0.433333
604 36.037333 0.491667 0.124000 0.363333
475 36.128667 0.490000 0.076000 0.400000
472 36.189667 0.498333 0.060667 0.316667
883 36.291667 0.501667 0.159333 0.796667
343 36.438333 0.500000 0.150000 0.413333
745 36.561667 0.493333 0.115333 0.433333
819 36.689667 0.503333 0.154000 0.400000
493 36.800333 0.500000 0.084667 0.466667
876 36.916000 0.503333 0.160000 0.800000
983 37.010667 0.488333 0.046667 0.363333
950 37.041333 0.510000 0.034667 0.293333
630 37.121000 0.493333 0.139333 0.473333
437 37.231333 0.503333 0.096000 0.473333
800 37.314000 0.498333 0.085333 0.310000
2 37.383333 0.490000 0.068000 0.340000
671 37.471667 0.500000 0.128667 0.446667
260 37.614667 0.493333 0.170667 0.453333
786 37.724667 0.498333 0.066667 0.416667
207 37.796000 0.493333 0.096000 0.486667
263 37.922000 0.496667 0.170667 0.853333
929 38.024333 0.505000 0.050000 0.363333
565 38.123000 0.508333 0.164667 0.336667
529 38.239667 0.495000 0.088667 0.350000
870 38.301000 0.508333 0.054000 0.290000
537 38.417667 0.505000 0.194000 0.970000
108 38.590333 0.505000 0.170000 0.850000
127 38.778667 0.510000 0.220000 1.100000
554 38.964000 0.496667 0.168000 0.840000
125 39.097333 0.495000 0.112000 0.536667
611 39.184333 0.488333 0.075333 0.290000
237 39.261333 0.491667 0.097333 0.603333
413 39.363667 0.503333 0.126000 0.506667
39 39.482333 0.496667 0.124667 0.413333
940 39.560000 0.498333 0.045333 0.343333
102 39.679667 0.503333 0.207333 0.440000
113 39.817333 0.510000 0.085333 0.386667
307 39.880000 0.491667 0.056000 0.316667
728 39.932667 0.510000 0.064000 0.580000
589 40.003000 0.510000 0.090000 0.360000
190 40.100667 0.510000 0.118667 0.500000
19 40.204667 0.505000 0.108000 0.363333
986 40.269000 0.495000 0.035333 0.290000
885 40.314000 0.510000 0.073333 0.333333
773 40.418000 0.505000 0.150667 0.396667
831 40.526000 0.503333 0.084000 0.366667
27 40.628333 0.508333 0.140667 0.476667
146 40.734667 0.493333 0.089333 0.446667
155 40.815333 0.491667 0.086667 0.463333
419 40.892333 0.506667 0.083333 0.406667
898 41.002667 0.510000 0.156000 0.446667
292 41.140667 0.498333 0.140000 0.550000
439 41.261667 0.498333 0.120667 0.496667
678 41.359667 0.501667 0.095333 0.310000
293 41.449667 0.498333 0.100667 0.383333
559 41.536667 0.488333 0.092000 0.456667
61 41.625333 0.500000 0.098667 0.500000
403 41.731333 0.498333 0.129333 0.370000
100 41.902667 0.501667 0.228000 0.496667
707 42.052333 0.495000 0.090000 0.383333
621 42.112000 0.506667 0.046667 0.473333
1013 42.149333 0.503333 0.046667 0.346667
329 42.242000 0.495000 0.154667 0.550000
638 42.358000 0.500000 0.093333 0.366667
201 42.462000 0.496667 0.133333 0.546667
756 42.597667 0.496667 0.151333 0.433333
833 42.726333 0.495000 0.126000 0.523333
485 42.810667 0.490000 0.060000 0.313333
184 42.888667 0.500000 0.109333 0.553333
411 43.012667 0.493333 0.157333 0.786667
467 43.115000 0.491667 0.066000 0.370000
882 43.198000 0.506667 0.114667 0.460000
444 43.275333 0.490000 0.058667 0.346667
587 43.397333 0.493333 0.202667 1.013333
1018 43.514667 0.488333 0.048000 0.350000
556 43.580333 0.510000 0.102000 0.433333
1006 43.644667 0.501667 0.040000 0.310000
299 43.699333 0.496667 0.085333 0.333333
228 43.795000 0.506667 0.126000 0.513333
42 43.880667 0.491667 0.062667 0.350000
934 43.920667 0.498333 0.032000 0.270000
644 43.976333 0.490000 0.094000 0.453333
962 44.037667 0.496667 0.046000 0.353333
234 44.107000 0.490000 0.108667 0.440000
372 44.229000 0.505000 0.152667 0.410000
185 44.345000 0.496667 0.098000 0.400000
90 44.486333 0.495000 0.202000 1.010000
174 44.626333 0.493333 0.096667 0.360000
383 44.734667 0.496667 0.134667 0.393333
276 44.821667 0.491667 0.058000 0.336667
925 44.859333 0.490000 0.032000 0.260000
370 44.930667 0.501667 0.130667 0.350000
67 45.088667 0.488333 0.200000 0.510000
170 45.247667 0.498333 0.131333 0.463333
892 45.392333 0.495000 0.175333 0.876667
679 45.517333 0.501667 0.089333 0.556667
536 45.656667 0.500000 0.206667 1.033333
368 45.814667 0.498333 0.126667 0.396667
469 45.899333 0.490000 0.062667 0.340000
171 45.978667 0.508333 0.116000 0.416667
233 46.079000 0.501667 0.098000 0.390000
512 46.174667 0.493333 0.106667 0.353333
540 46.301333 0.493333 0.165333 0.593333
154 46.414000 0.510000 0.080000 0.373333
312 46.507667 0.501667 0.120667 0.443333
443 46.586000 0.505000 0.056000 0.290000
568 46.651667 0.498333 0.092667 0.463333
660 46.740333 0.491667 0.100667 0.370000
705 46.836667 0.506667 0.106667 0.333333
569 46.923000 0.506667 0.080667 0.346667
206 47.002333 0.495000 0.095333 0.396667
232 47.097333 0.503333 0.113333 0.526667
159 47.166000 0.496667 0.037333 0.300000
9 47.222667 0.501667 0.094667 0.410000
917 47.288667 0.496667 0.050667 0.373333
189 47.357667 0.501667 0.100667 0.403333
24 47.465000 0.491667 0.134000 0.456667
542 47.602667 0.496667 0.157333 0.546667
7 47.739000 0.510000 0.134000 0.433333
175 47.881667 0.488333 0.167333 0.836667
709 48.008333 0.506667 0.106000 0.453333
13 48.104667 0.488333 0.102667 0.336667
115 48.177667 0.498333 0.059333 0.350000
236 48.254667 0.510000 0.114667 0.573333
683 48.381333 0.506667 0.157333 0.786667
305 48.488000 0.506667 0.076000 0.426667
238 48.566333 0.510000 0.096667 0.373333
808 48.662333 0.501667 0.108667 0.403333
891 48.740000 0.491667 0.065333 0.323333
586 48.875333 0.490000 0.224000 1.120000
429 49.027333 0.498333 0.098667 0.330000
552 49.098667 0.508333 0.060000 0.410000
905 49.193000 0.501667 0.142000 0.450000
994 49.273000 0.498333 0.036667 0.270000
208 49.331667 0.503333 0.095333 0.453333
839 49.418667 0.501667 0.092000 0.410000
627 49.530667 0.495000 0.152000 0.503333
487 49.630000 0.488333 0.066667 0.343333
147 49.704333 0.501667 0.096667 0.403333
28 49.791667 0.501667 0.098000 0.330000
205 49.885000 0.495000 0.106000 0.430000
902 50.000333 0.501667 0.142000 0.396667
8 50.106667 0.496667 0.089333 0.333333
145 50.187667 0.493333 0.087333 0.446667
992 50.247000 0.495000 0.044667 0.336667
482 50.289000 0.488333 0.052667 0.316667
654 50.394000 0.493333 0.174667 0.873333
608 50.533667 0.501667 0.124667 0.430000
921 50.625000 0.506667 0.078000 0.446667
727 50.691333 0.488333 0.070667 0.450000
1019 50.737333 0.506667 0.037333 0.280000
422 50.800333 0.495000 0.104667 0.430000
1012 50.865000 0.493333 0.039333 0.320000
673 50.944000 0.508333 0.132000 0.463333
161 51.071000 0.503333 0.135333 0.480000
466 51.164667 0.488333 0.065333 0.390000
984 51.210333 0.501667 0.042000 0.336667
308 51.261333 0.501667 0.080000 0.450000
733 51.330333 0.508333 0.071333 0.436667
215 51.411000 0.496667 0.110000 0.446667
222 51.516333 0.510000 0.120667 0.540000
769 51.640000 0.496667 0.142667 0.406667
751 51.751333 0.510000 0.098667 0.400000
440 51.828667 0.493333 0.069333 0.406667
129 51.909667 0.510000 0.107333 0.413333
887 52.022000 0.505000 0.132000 0.430000
867 52.140000 0.510000 0.120000 0.413333
319 52.235333 0.495000 0.088000 0.310000
11 52.321667 0.503333 0.099333 0.326667
574 52.407333 0.495000 0.090667 0.370000
918 52.500000 0.495000 0.109333 0.356667
708 52.611667 0.500000 0.127333 0.526667
865 52.726667 0.496667 0.121333 0.413333
639 52.817333 0.491667 0.078667 0.396667
381 52.917667 0.496667 0.140667 0.433333
612 53.068667 0.498333 0.178667 0.483333
848 53.215333 0.510000 0.132000 0.400000
601 53.330000 0.501667 0.113333 0.336667
665 53.425667 0.496667 0.095333 0.313333
993 53.479667 0.498333 0.031333 0.270000
685 53.535667 0.508333 0.096667 0.363333
325 53.648000 0.500000 0.141333 0.520000
785 53.750000 0.496667 0.076000 0.326667
278 53.853333 0.505000 0.146667 0.436667
631 54.008333 0.508333 0.180667 0.903333
407 54.148333 0.510000 0.118000 0.453333
70 54.266667 0.505000 0.133333 0.476667
290 54.392000 0.510000 0.134667 0.353333
858 54.496000 0.488333 0.086667 0.283333
158 54.604000 0.495000 0.145333 0.523333
40 54.724000 0.506667 0.109333 0.346667
354 54.869333 0.500000 0.196000 0.980000
866 55.050000 0.493333 0.181333 0.906667
670 55.185000 0.505000 0.107333 0.356667
412 55.269000 0.503333 0.076667 0.386667
120 55.412000 0.503333 0.228000 1.140000
743 55.570333 0.491667 0.103333 0.430000
361 55.711333 0.493333 0.194667 0.973333
920 55.840667 0.493333 0.081333 0.300000
379 55.935333 0.495000 0.124000 0.350000
938 56.005333 0.506667 0.032000 0.246667
686 56.049333 0.505000 0.073333 0.363333
766 56.134000 0.500000 0.110667 0.320000
253 56.205000 0.488333 0.051333 0.470000
767 56.281667 0.510000 0.115333 0.326667
499 56.358333 0.510000 0.054000 0.320000
351 56.441333 0.508333 0.132000 0.383333
265 56.558000 0.496667 0.117333 0.453333
20 56.651000 0.501667 0.082000 0.290000
382 56.761333 0.491667 0.156000 0.450000
57 56.863333 0.503333 0.061333 0.293333
978 56.904333 0.491667 0.038000 0.290000
388 56.976000 0.495000 0.118667 0.370000
764 57.073333 0.498333 0.092000 0.430000
374 57.189333 0.493333 0.157333 0.473333
291 57.333667 0.493333 0.144667 0.546667
518 57.449667 0.498333 0.102000 0.336667
36 57.538000 0.501667 0.093333 0.343333
658 57.611667 0.510000 0.070000 0.406667
941 57.659667 0.501667 0.039333 0.283333
378 57.738667 0.488333 0.133333 0.376667
239 57.841333 0.505000 0.092000 0.563333
1003 57.902667 0.496667 0.050667 0.380000
280 57.986333 0.493333 0.132667 0.440000
823 58.101000 0.506667 0.114000 0.493333
946 58.169333 0.505000 0.041333 0.316667
132 58.216000 0.493333 0.069333 0.300000
717 58.331000 0.503333 0.179333 0.500000
965 58.434667 0.488333 0.044000 0.343333
66 58.512333 0.501667 0.126000 0.630000
995 58.584667 0.491667 0.032000 0.270000
160 58.628667 0.510000 0.073333 0.420000
972 58.675000 0.496667 0.035333 0.253333
459 58.713000 0.491667 0.058000 0.303333
681 58.759333 0.496667 0.048000 0.393333
588 58.832000 0.498333 0.110667 0.503333
22 58.948000 0.493333 0.141333 0.473333
643 59.062333 0.501667 0.106000 0.390000
217 59.190333 0.501667 0.167333 0.836667
812 59.330000 0.505000 0.128000 0.383333
401 59.421000 0.501667 0.074000 0.396667
500 59.483000 0.506667 0.068667 0.306667
613 59.581000 0.500000 0.140667 0.393333
969 59.665667 0.505000 0.042000 0.310000
840 59.727333 0.508333 0.096000 0.463333
114 59.817333 0.493333 0.104000 0.506667
80 59.923000 0.505000 0.123333 0.576667
924 60.000000 0.510000 0.049333 0.360000
1021 60.035333 0.506667 0.038667 0.306667
148 60.118333 0.503333 0.146000 0.413333
462 60.213000 0.500000 0.059333 0.313333
555 60.252000 0.498333 0.037333 0.370000
178 60.326667 0.491667 0.126667 0.490000
790 60.413000 0.496667 0.066000 0.406667
878 60.488333 0.500000 0.103333 0.526667
137 60.556667 0.510000 0.053333 0.300000
357 60.637667 0.498333 0.122000 0.336667
669 60.749333 0.500000 0.114667 0.393333
901 60.861333 0.496667 0.126667 0.386667
968 60.941000 0.498333 0.048667 0.370000
55 61.020333 0.495000 0.123333 0.303333
230 61.124667 0.488333 0.102667 0.416667
18 61.227667 0.491667 0.116667 0.396667
980 61.297333 0.488333 0.042667 0.323333
550 61.342000 0.503333 0.061333 0.306667
702 61.448000 0.503333 0.168000 0.840000
794 61.567333 0.503333 0.084000 0.506667
478 61.632333 0.501667 0.064667 0.383333
169 61.721333 0.506667 0.126667 0.446667
844 61.820333 0.488333 0.091333 0.423333
204 61.901000 0.495000 0.088667 0.450000
524 61.989667 0.510000 0.107333 0.373333
1007 62.060333 0.508333 0.050000 0.363333
810 62.118667 0.490000 0.084000 0.386667
269 62.260000 0.490000 0.217333 1.086667
316 62.408333 0.506667 0.096667 0.340000
1022 62.467333 0.505000 0.038667 0.290000
400 62.506000 0.503333 0.056000 0.500000
847 62.584333 0.493333 0.119333 0.360000
322 62.681333 0.501667 0.093333 0.130000
1005 62.741667 0.498333 0.040667 0.303333
45 62.791000 0.501667 0.076667 0.383333
142 62.903000 0.501667 0.160667 0.803333
590 63.033333 0.501667 0.120000 0.456667
173 63.129667 0.488333 0.088667 0.403333
454 63.203667 0.498333 0.079333 0.403333
503 63.319000 0.495000 0.171333 0.496667
923 63.414333 0.505000 0.039333 0.316667
871 63.460333 0.506667 0.067333 0.306667
50 63.554000 0.503333 0.138667 0.453333
408 63.670000 0.500000 0.112000 0.446667
930 63.736000 0.508333 0.036000 0.290000
463 63.779667 0.501667 0.067333 0.403333
415 63.869667 0.506667 0.131333 0.460000
251 63.959000 0.505000 0.063333 0.363333
948 64.001000 0.488333 0.035333 0.296667
304 64.051333 0.503333 0.080000 0.453333
143 64.121333 0.506667 0.078667 0.406667
434 64.219000 0.488333 0.130000 0.443333
617 64.331000 0.500000 0.112667 0.433333
851 64.432333 0.493333 0.107333 0.440000
313 64.530000 0.498333 0.102667 0.376667
734 64.672333 0.508333 0.195333 0.523333
106 64.871667 0.488333 0.218000 1.090000
282 65.030000 0.505000 0.113333 0.396667
428 65.128667 0.488333 0.100000 0.650000
578 65.218333 0.496667 0.092667 0.366667
997 65.274000 0.491667 0.032000 0.263333
979 65.301000 0.493333 0.040667 0.320000
497 65.386000 0.506667 0.142667 0.366667
897 65.536667 0.500000 0.174667 0.873333
111 65.663000 0.510000 0.098000 0.446667
314 65.753667 0.490000 0.096667 0.326667
527 65.870333 0.495000 0.155333 0.450000
996 65.958000 0.493333 0.036000 0.273333
854 66.051333 0.508333 0.168000 0.523333
584 66.206333 0.488333 0.159333 0.796667
636 66.335333 0.506667 0.114667 0.286667
371 66.451333 0.491667 0.136000 0.356667
637 66.537333 0.488333 0.053333 0.283333
1009 66.578667 0.498333 0.045333 0.363333
945 66.614000 0.500000 0.042667 0.340000
285 66.699333 0.510000 0.142667 0.520000
1010 66.787000 0.508333 0.046000 0.363333
1014 66.823333 0.495000 0.041333 0.323333
881 66.898333 0.510000 0.126000 0.426667
180 67.005333 0.495000 0.101333 0.390000
488 67.081667 0.508333 0.071333 0.370000
447 67.154667 0.500000 0.088000 0.453333
845 67.252000 0.496667 0.126667 0.520000
982 67.325667 0.501667 0.040667 0.330000
122 67.393667 0.496667 0.108667 0.380000
824 67.480333 0.505000 0.083333 0.416667
504 67.587667 0.510000 0.148667 0.426667
47 67.714667 0.496667 0.118667 0.566667
716 67.846000 0.506667 0.157333 0.786667
609 67.952667 0.490000 0.072000 0.293333
506 67.997667 0.496667 0.035333 0.380000
271 68.093000 0.491667 0.168667 0.843333
211 68.220333 0.508333 0.100667 0.430000
746 68.322333 0.493333 0.116667 0.340000
956 68.393333 0.495000 0.041333 0.303333
223 68.450667 0.493333 0.092000 0.393333
974 68.509667 0.495000 0.039333 0.316667
816 68.583000 0.493333 0.126000 0.293333
600 68.705000 0.493333 0.132667 0.400000
821 68.806333 0.496667 0.086000 0.553333
324 68.904000 0.508333 0.125333 0.616667
652 69.050333 0.495000 0.183333 0.916667
328 69.206000 0.496667 0.142667 0.313333
610 69.344667 0.510000 0.149333 0.460000
124 69.465333 0.495000 0.108000 0.383333
813 69.582000 0.506667 0.141333 0.466667
700 69.717333 0.501667 0.148000 0.596667
79 69.861667 0.498333 0.156667 0.783333
684 69.981333 0.488333 0.102667 0.396667
303 70.053333 0.490000 0.057333 0.320000
168 70.128000 0.510000 0.112000 0.420000
279 70.232333 0.506667 0.110000 0.613333
270 70.369000 0.498333 0.183333 0.916667
191 70.506667 0.491667 0.110667 0.550000
737 70.575333 0.493333 0.045333 0.320000
970 70.613333 0.495000 0.046667 0.350000
425 70.681000 0.500000 0.102000 0.560000
981 70.747667 0.501667 0.050000 0.370000
59 70.859000 0.508333 0.188667 0.943333
597 71.004000 0.506667 0.118667 0.353333
659 71.097667 0.496667 0.087333 0.346667
998 71.154667 0.500000 0.040000 0.333333
577 71.206333 0.493333 0.079333 0.313333
297 71.267333 0.495000 0.061333 0.310000
988 71.312667 0.493333 0.042667 0.326667
456 71.351667 0.506667 0.055333 0.333333
573 71.409667 0.495000 0.076667 0.310000
806 71.535333 0.498333 0.193333 0.483333
571 71.678667 0.491667 0.106667 0.443333
62 71.770333 0.496667 0.091333 0.433333
44 71.858000 0.505000 0.098667 0.383333
281 71.970333 0.496667 0.140667 0.480000
690 72.078667 0.505000 0.090667 0.443333
779 72.137667 0.508333 0.047333 0.403333
755 72.212667 0.491667 0.117333 0.336667
687 72.305667 0.493333 0.088667 0.440000
722 72.411667 0.496667 0.138000 0.400000
580 72.537667 0.493333 0.127333 0.333333
188 72.651667 0.510000 0.118000 0.493333
104 72.798667 0.510000 0.194667 0.973333
624 72.969667 0.498333 0.162000 0.543333
581 73.085667 0.490000 0.090000 0.400000
29 73.199000 0.506667 0.152667 0.413333
582 73.373667 0.491667 0.215333 1.076667
91 73.560333 0.490000 0.171333 0.366667
492 73.669667 0.500000 0.060667 0.333333
139 73.730667 0.495000 0.080000 0.450000
337 73.856333 0.508333 0.187333 0.936667
83 73.984333 0.495000 0.083333 0.403333
843 74.065333 0.491667 0.097333 0.450000
841 74.167000 0.508333 0.119333 0.496667
916 74.307333 0.493333 0.176000 0.880000
628 74.477000 0.505000 0.183333 0.916667
457 74.589333 0.493333 0.056000 0.326667
186 74.658000 0.491667 0.096000 0.450000
880 74.744333 0.493333 0.096667 0.313333
960 74.807667 0.500000 0.043333 0.313333
567 74.882333 0.510000 0.124667 0.526667
903 75.006000 0.506667 0.140000 0.373333
495 75.107000 0.500000 0.075333 0.406667
889 75.206333 0.500000 0.136667 0.420000
692 75.315333 0.508333 0.098667 0.483333
266 75.423667 0.501667 0.134000 0.403333
704 75.531667 0.493333 0.098000 0.346667
490 75.610333 0.508333 0.079333 0.416667
877 75.689667 0.493333 0.094000 0.446667
248 75.775333 0.508333 0.097333 0.516667
977 75.832333 0.493333 0.034000 0.273333
474 75.880667 0.500000 0.077333 0.393333
421 76.006000 0.490000 0.189333 0.946667
5 76.139000 0.493333 0.095333 0.440000
72 76.230333 0.503333 0.102000 0.486667
991 76.293667 0.498333 0.040667 0.316667
326 76.345667 0.508333 0.083333 0.376667
711 76.469000 0.505000 0.176667 0.883333
65 76.603667 0.488333 0.112667 0.283333
720 76.732667 0.505000 0.161333 0.476667
762 76.846333 0.503333 0.083333 0.346667
961 76.903000 0.491667 0.046000 0.336667
346 76.991333 0.490000 0.146667 0.453333
825 77.108667 0.510000 0.104000 0.453333
531 77.234333 0.505000 0.166000 0.830000
958 77.330667 0.495000 0.046667 0.356667
274 77.405667 0.491667 0.116667 0.556667
494 77.496667 0.510000 0.085333 0.460000
667 77.593333 0.501667 0.121333 0.423333
817 77.712667 0.508333 0.130667 0.476667
664 77.819000 0.505000 0.099333 0.323333
509 77.906000 0.496667 0.094667 0.293333
505 77.974667 0.500000 0.058667 0.240000
176 78.047000 0.501667 0.104667 0.363333
513 78.140333 0.490000 0.102000 0.346667
195 78.234333 0.491667 0.100667 0.510000
255 78.341667 0.500000 0.127333 0.493333
541 78.481000 0.490000 0.170000 0.373333
523 78.626000 0.505000 0.134667 0.423333
366 78.781667 0.508333 0.195333 0.976667
971 78.891333 0.505000 0.044000 0.323333
23 78.981333 0.490000 0.152000 0.433333
653 79.133000 0.501667 0.164667 0.536667
150 79.270333 0.493333 0.123333 0.500000
226 79.385000 0.496667 0.119333 0.520000
224 79.487000 0.503333 0.104667 0.420000
35 79.577667 0.488333 0.095333 0.363333
650 79.680667 0.505000 0.124000 0.410000
583 79.757333 0.493333 0.046667 0.320000
461 79.815667 0.488333 0.083333 0.423333
718 79.920333 0.506667 0.144667 0.380000
606 80.036667 0.503333 0.108000 0.326667
730 80.153667 0.503333 0.146000 0.533333
782 80.266667 0.506667 0.094667 0.453333
795 80.342667 0.491667 0.073333 0.450000
620 80.436000 0.496667 0.129333 0.553333
661 80.536667 0.493333 0.090667 0.306667
999 80.599000 0.498333 0.047333 0.350000
676 80.660000 0.491667 0.089333 0.336667
82 80.732333 0.491667 0.074000 0.516667
933 80.785000 0.503333 0.048667 0.353333
85 80.847000 0.510000 0.094000 0.393333
165 80.930333 0.495000 0.091333 0.343333
58 81.000000 0.505000 0.068000 0.270000
801 81.086000 0.488333 0.117333 0.470000
615 81.194333 0.496667 0.118000 0.520000
471 81.275667 0.508333 0.064667 0.356667
739 81.323333 0.500000 0.049333 0.413333
814 81.403333 0.490000 0.125333 0.380000
809 81.512000 0.488333 0.108000 0.570000
448 81.584333 0.488333 0.052667 0.316667
107 81.688667 0.488333 0.169333 0.370000
105 81.869667 0.508333 0.207333 0.436667
483 81.996333 0.501667 0.064667 0.350000
342 82.053333 0.491667 0.062667 0.290000
1023 82.095333 0.490000 0.040000 0.320000
241 82.151333 0.493333 0.085333 0.480000
3 82.227000 0.493333 0.082000 0.346667
964 82.277667 0.488333 0.039333 0.310000
352 82.345333 0.510000 0.109333 0.333333
339 82.444000 0.501667 0.106667 0.536667
776 82.553000 0.498333 0.124667 0.336667
89 82.712667 0.505000 0.213333 0.463333
822 82.864000 0.501667 0.102667 0.310000
288 82.978667 0.493333 0.141333 0.540000
341 83.083333 0.488333 0.081333 0.336667
258 83.168000 0.501667 0.108000 0.383333
949 83.238000 0.506667 0.045333 0.353333
451 83.285667 0.493333 0.067333 0.386667
364 83.421000 0.498333 0.222000 1.110000
698 83.556667 0.506667 0.064000 0.340000
151 83.612667 0.490000 0.068000 0.333333
140 83.700000 0.490000 0.122667 0.653333
937 83.777000 0.496667 0.048667 0.366667
94 83.878333 0.505000 0.170000 0.850000
783 83.993333 0.488333 0.078667 0.423333
832 84.069000 0.510000 0.087333 0.366667
445 84.131333 0.501667 0.054667 0.290000
220 84.208667 0.490000 0.116000 0.513333
216 84.313667 0.490000 0.110000 0.533333
385 84.413667 0.503333 0.108667 0.333333
530 84.497000 0.510000 0.078000 0.360000
797 84.570333 0.508333 0.083333 0.316667
367 84.672667 0.495000 0.141333 0.390000
458 84.771000 0.495000 0.075333 0.403333
719 84.906333 0.498333 0.214000 1.070000
910 85.060667 0.506667 0.110667 0.340000
334 85.162333 0.493333 0.111333 0.353333
521 85.289667 0.500000 0.163333 0.460000
96 85.449333 0.510000 0.172000 0.366667
976 85.545667 0.508333 0.040667 0.316667
418 85.596333 0.501667 0.080667 0.390000
356 85.682667 0.490000 0.105333 0.306667
914 85.784667 0.493333 0.113333 0.353333
533 85.895000 0.493333 0.124667 0.426667
306 85.984333 0.488333 0.071333 0.403333
553 86.056667 0.498333 0.093333 0.336667
416 86.146000 0.503333 0.105333 0.513333
431 86.240333 0.493333 0.103333 0.353333
49 86.362333 0.508333 0.156667 0.783333
740 86.503000 0.506667 0.139333 0.320000
780 86.621333 0.495000 0.113333 0.323333
93 86.775333 0.490000 0.208000 0.433333
363 86.943333 0.490000 0.141333 0.380000
473 87.036000 0.491667 0.060000 0.350000
254 87.123333 0.491667 0.134667 0.503333
752 87.220333 0.510000 0.072667 0.193333
697 87.284333 0.508333 0.074000 0.370000
34 87.363333 0.498333 0.100000 0.383333
81 87.450667 0.506667 0.094667 0.386667
166 87.555000 0.493333 0.130000 0.486667
470 87.640667 0.488333 0.054667 0.323333
913 87.728333 0.490000 0.136667 0.420000
164 87.838667 0.491667 0.101333 0.383333
623 87.961000 0.500000 0.162000 0.526667
338 88.092333 0.495000 0.114000 0.590000
37 88.202667 0.496667 0.121333 0.400000
879 88.315667 0.500000 0.120667 0.353333
309 88.400333 0.501667 0.066000 0.376667
333 88.504000 0.500000 0.154667 0.333333
126 88.648667 0.495000 0.153333 0.523333
289 88.848000 0.498333 0.258667 0.496667
655 89.009333 0.498333 0.084000 0.336667
907 89.106667 0.508333 0.124000 0.443333
859 89.208667 0.488333 0.097333 0.296667
594 89.313667 0.495000 0.130000 0.403333
396 89.438000 0.500000 0.137333 0.406667
701 89.577667 0.501667 0.160667 0.803333
592 89.717667 0.488333 0.138000 0.423333
273 89.814333 0.498333 0.074000 0.423333
846 89.892333 0.505000 0.099333 0.436667
464 89.966000 0.491667 0.066667 0.350000
987 90.008667 0.496667 0.032000 0.246667
534 90.068333 0.506667 0.107333 0.460000
404 90.225000 0.491667 0.220667 1.103333
315 90.392000 0.490000 0.130667 0.453333
838 90.491000 0.510000 0.087333 0.360000
904 90.561333 0.510000 0.072000 0.340000
805 90.664000 0.503333 0.146667 0.426667
245 90.751667 0.506667 0.047333 0.300000
98 90.845333 0.490000 0.158667 0.793333
480 90.944333 0.506667 0.056667 0.293333
360 91.050000 0.506667 0.170667 0.853333
10 91.188667 0.491667 0.124000 0.410000
625 91.314333 0.500000 0.140667 0.480000
192 91.423000 0.488333 0.094000 0.390000
110 91.534667 0.495000 0.146667 0.536667
595 91.658667 0.500000 0.121333 0.360000
397 91.762000 0.501667 0.101333 0.416667
144 91.847333 0.506667 0.082667 0.380000
481 91.908000 0.488333 0.053333 0.310000
369 92.002667 0.496667 0.154667 0.773333
850 92.127667 0.495000 0.112667 0.463333
563 92.268333 0.510000 0.186000 0.420000
955 92.370333 0.506667 0.038000 0.286667
76 92.446333 0.508333 0.127333 0.403333
674 92.556667 0.500000 0.109333 0.373333
989 92.626667 0.510000 0.044000 0.340000
198 92.680667 0.503333 0.081333 0.413333
507 92.753333 0.490000 0.081333 0.413333
1002 92.807333 0.491667 0.045333 0.336667
1 92.860333 0.503333 0.079333 0.386667
156 92.959000 0.500000 0.138000 0.360000
936 93.042333 0.488333 0.046000 0.363333
123 93.099667 0.505000 0.088667 0.576667
778 93.184000 0.490000 0.096000 0.600000
926 93.248667 0.488333 0.048000 0.343333
869 93.307000 0.498333 0.083333 0.496667
345 93.415333 0.506667 0.149333 0.420000
430 93.534667 0.498333 0.104000 0.443333
603 93.656667 0.505000 0.156000 0.350000
579 93.791667 0.501667 0.134000 0.316667
519 93.907333 0.491667 0.116000 0.370000
52 94.012667 0.488333 0.112000 0.376667
405 94.114000 0.505000 0.108000 0.416667
103 94.246000 0.510000 0.176000 0.880000
875 94.403000 0.495000 0.158000 0.423333
243 94.568000 0.500000 0.188000 0.940000
1000 94.670333 0.490000 0.032667 0.253333
344 94.738000 0.505000 0.120000 0.356667
275 94.814667 0.505000 0.049333 0.290000
131 94.897667 0.491667 0.136667 0.530000
73 95.015667 0.501667 0.115333 0.350000
616 95.155667 0.495000 0.183333 0.916667
390 95.318333 0.491667 0.156667 0.443333
162 95.451333 0.508333 0.124000 0.430000
791 95.535000 0.490000 0.062000 0.373333
770 95.629667 0.488333 0.143333 0.470000
598 95.765333 0.498333 0.145333 0.456667
450 95.862000 0.500000 0.061333 0.346667
787 95.923667 0.510000 0.082000 0.513333
268 96.054000 0.498333 0.197333 0.636667
511 96.197000 0.490000 0.106000 0.353333
548 96.301333 0.498333 0.116000 0.410000
157 96.438000 0.490000 0.176000 0.720000
141 96.564333 0.505000 0.092667 0.450000
427 96.662333 0.505000 0.116667 0.583333
827 96.772667 0.496667 0.121333 0.526667
888 96.883667 0.506667 0.120667 0.366667
283 97.005333 0.495000 0.136000 0.476667
648 97.107000 0.506667 0.087333 0.386667
118 97.196000 0.488333 0.106667 0.403333
389 97.340667 0.493333 0.201333 1.006667
449 97.467667 0.500000 0.070000 0.360000
6 97.550000 0.488333 0.114667 0.456667
899 97.663000 0.498333 0.126000 0.343333
117 97.782000 0.510000 0.126667 0.373333
834 97.885000 0.501667 0.092667 0.443333
688 97.962333 0.506667 0.079333 0.386667
0 98.018667 0.501667 0.048000 0.376667
602 98.090667 0.510000 0.114667 0.346667
112 98.200333 0.505000 0.124667 0.416667
348 98.329333 0.505000 0.152000 0.416667
693 98.436667 0.510000 0.078667 0.386667
852 98.519000 0.498333 0.104667 0.430000
414 98.619667 0.500000 0.114000 0.586667
657 98.712667 0.488333 0.092000 0.370000
558 98.791333 0.503333 0.085333 0.420000
435 98.855667 0.500000 0.059333 0.293333
246 98.961000 0.495000 0.170000 0.590000
784 99.058667 0.510000 0.044000 0.380000
957 99.088667 0.498333 0.034667 0.263333
130 99.181333 0.495000 0.166667 0.343333
502 99.301667 0.493333 0.087333 0.406667
642 99.383333 0.491667 0.094667 0.376667
560 99.508333 0.510000 0.170000 0.520000
133 99.634000 0.503333 0.098667 0.386667
508 99.705000 0.506667 0.063333 0.326667
318 99.768000 0.498333 0.078667 0.370000
927 99.817333 0.491667 0.038667 0.316667
943 99.847333 0.496667 0.040000 0.293333
699 99.930000 0.510000 0.141333 0.393333
60 100.038667 0.505000 0.092000 0.376667
277 100.116667 0.498333 0.078667 0.376667
219 100.196333 0.500000 0.098000 0.446667
618 100.273333 0.501667 0.076000 0.503333
496 100.366333 0.506667 0.123333 0.473333
489 100.451667 0.506667 0.060667 0.320000
796 100.528000 0.493333 0.109333 0.420000
287 100.634333 0.501667 0.122000 0.456667
53 100.739000 0.501667 0.100667 0.350000
152 100.830000 0.490000 0.096000 0.480000
376 100.932000 0.498333 0.121333 0.336667
336 101.034667 0.501667 0.097333 0.470000
593 101.160667 0.500000 0.170667 0.500000
498 101.264667 0.491667 0.052000 0.316667
649 101.339333 0.495000 0.110667 0.590000
64 101.421667 0.506667 0.067333 0.340000
468 101.486333 0.491667 0.075333 0.456667
311 101.558000 0.500000 0.088000 0.386667
181 101.655667 0.506667 0.126000 0.420000
526 101.769000 0.498333 0.120667 0.323333
830 101.876000 0.501667 0.112000 0.483333
645 101.958000 0.505000 0.065333 0.296667
729 101.997333 0.508333 0.026667 0.343333
742 102.068333 0.488333 0.128667 0.503333
