92 0.115667 0.505000 0.224667 1.123333
498 0.255667 0.503333 0.068667 0.426667
432 0.350333 0.495000 0.139333 0.290000
604 0.477000 0.508333 0.128667 0.390000
756 0.594667 0.488333 0.125333 0.363333
965 0.664333 0.500000 0.034000 0.260000
59 0.763667 0.495000 0.180667 0.456667
530 0.887667 0.491667 0.086000 0.410000
994 0.939333 0.506667 0.032000 0.266667
478 0.985667 0.505000 0.080667 0.416667
917 1.040333 0.506667 0.043333 0.313333
313 1.107333 0.501667 0.104000 0.370000
215 1.205667 0.503333 0.107333 0.453333
553 1.308667 0.501667 0.113333 0.416667
556 1.405000 0.505000 0.098000 0.390000
121 1.454667 0.500000 0.018667 0.353333
460 1.489667 0.506667 0.071333 0.360000
273 1.545667 0.491667 0.059333 0.390000
998 1.590000 0.498333 0.045333 0.343333
12 1.656333 0.490000 0.103333 0.333333
399 1.755333 0.490000 0.110667 0.373333
183 1.853667 0.505000 0.104667 0.436667
200 1.960667 0.503333 0.129333 0.526667
290 2.097000 0.495000 0.162000 0.436667
693 2.213667 0.496667 0.084667 0.413333
938 2.269333 0.488333 0.046667 0.350000
161 2.346667 0.498333 0.122667 0.450000
971 2.420000 0.495000 0.037333 0.283333
268 2.514000 0.506667 0.170667 0.853333
253 2.618333 0.490000 0.056667 0.533333
25 2.701333 0.493333 0.125333 0.446667
638 2.803333 0.490000 0.092000 0.366667
281 2.911333 0.505000 0.140000 0.496667
401 3.020333 0.493333 0.091333 0.486667
911 3.100667 0.506667 0.088000 0.313333
321 3.176333 0.503333 0.079333 0.393333
81 3.255667 0.500000 0.094000 0.380000
29 3.363667 0.493333 0.136667 0.393333
303 3.462000 0.501667 0.076000 0.430000
264 3.567000 0.505000 0.147333 0.563333
496 3.694667 0.500000 0.126667 0.513333
919 3.789333 0.500000 0.080000 0.393333
821 3.929667 0.508333 0.216667 1.083333
897 4.121000 0.488333 0.183333 0.916667
709 4.298667 0.493333 0.189333 0.946667
589 4.442667 0.490000 0.114667 0.473333
433 4.549333 0.491667 0.117333 0.303333
53 4.642000 0.495000 0.088000 0.303333
1014 4.696333 0.508333 0.039333 0.290000
65 4.750333 0.498333 0.088667 0.223333
1001 4.813000 0.498333 0.051333 0.376667
295 4.888000 0.488333 0.112000 0.470000
104 5.014667 0.510000 0.154667 0.773333
606 5.156667 0.495000 0.145333 0.456667
43 5.274667 0.503333 0.104000 0.406667
890 5.368333 0.488333 0.098000 0.463333
249 5.445000 0.510000 0.074000 0.506667
1019 5.494667 0.490000 0.038667 0.280000
524 5.566000 0.505000 0.122667 0.383333
247 5.669333 0.495000 0.100000 0.416667
931 5.730000 0.488333 0.034667 0.276667
38 5.785667 0.500000 0.091333 0.286667
733 5.866333 0.500000 0.088667 0.533333
39 5.957667 0.508333 0.110000 0.423333
254 6.071000 0.498333 0.131333 0.496667
647 6.158333 0.496667 0.060667 0.300000
364 6.291000 0.508333 0.219333 1.096667
980 6.411667 0.498333 0.042000 0.323333
849 6.470000 0.506667 0.093333 0.440000
344 6.571000 0.510000 0.124667 0.346667
809 6.685667 0.508333 0.118000 0.616667
953 6.761333 0.496667 0.046667 0.353333
271 6.849333 0.505000 0.148000 0.443333
26 6.969333 0.506667 0.108000 0.360000
685 7.054667 0.493333 0.081333 0.333333
225 7.135000 0.510000 0.092667 0.473333
921 7.200000 0.500000 0.056000 0.326667
838 7.263000 0.505000 0.090000 0.396667
84 7.360333 0.495000 0.120667 0.350000
494 7.446000 0.501667 0.068000 0.363333
727 7.504000 0.488333 0.064000 0.290000
811 7.585000 0.506667 0.115333 0.273333
749 7.680333 0.500000 0.091333 0.393333
15 7.775667 0.505000 0.119333 0.423333
746 7.906000 0.495000 0.154667 0.450000
18 8.025000 0.500000 0.103333 0.360000
60 8.107667 0.508333 0.078000 0.343333
580 8.211000 0.505000 0.143333 0.356667
779 8.291667 0.498333 0.035333 0.310000
799 8.342000 0.508333 0.080000 0.290000
557 8.414333 0.510000 0.084667 0.593333
826 8.493667 0.498333 0.087333 0.430000
770 8.581667 0.501667 0.108667 0.350000
99 8.725667 0.490000 0.195333 0.420000
617 8.857000 0.506667 0.080667 0.340000
320 8.955000 0.488333 0.135333 0.463333
297 9.043333 0.503333 0.058667 0.326667
347 9.122667 0.493333 0.116000 0.360000
922 9.185333 0.496667 0.029333 0.240000
49 9.282667 0.496667 0.178667 0.893333
203 9.407333 0.510000 0.085333 0.360000
134 9.487000 0.506667 0.092667 0.286667
641 9.561667 0.496667 0.076667 0.360000
376 9.668000 0.488333 0.150667 0.416667
722 9.804333 0.505000 0.142000 0.403333
603 9.963667 0.491667 0.195333 0.976667
207 10.107667 0.496667 0.111333 0.526667
301 10.183333 0.495000 0.056000 0.316667
916 10.308000 0.490000 0.206667 0.500000
947 10.426667 0.501667 0.045333 0.336667
939 10.461667 0.501667 0.039333 0.303333
182 10.531333 0.491667 0.118667 0.403333
707 10.638667 0.500000 0.109333 0.506667
525 10.753333 0.503333 0.137333 0.453333
772 10.892667 0.491667 0.160000 0.463333
368 11.032333 0.508333 0.135333 0.390000
961 11.112667 0.490000 0.045333 0.346667
13 11.171000 0.510000 0.090000 0.306667
470 11.235333 0.495000 0.054667 0.323333
566 11.301333 0.493333 0.090667 0.380000
149 11.444667 0.503333 0.209333 1.046667
542 11.611000 0.500000 0.140667 0.500000
317 11.731667 0.510000 0.116667 0.426667
990 11.801000 0.495000 0.038000 0.310000
278 11.872333 0.505000 0.122000 0.376667
133 11.978000 0.498333 0.105333 0.363333
689 12.072000 0.493333 0.098667 0.486667
175 12.166667 0.501667 0.108000 0.410000
936 12.230333 0.503333 0.034000 0.260000
940 12.257333 0.501667 0.037333 0.283333
354 12.336333 0.505000 0.135333 0.410000
9 12.454000 0.491667 0.120000 0.496667
481 12.534333 0.500000 0.056667 0.300000
547 12.584333 0.505000 0.060667 0.356667
178 12.659333 0.490000 0.109333 0.380000
102 12.800333 0.508333 0.192667 0.410000
148 12.957333 0.490000 0.141333 0.400000
600 13.087333 0.508333 0.138667 0.416667
201 13.205333 0.495000 0.110667 0.563333
150 13.320000 0.496667 0.134667 0.553333
385 13.457333 0.495000 0.154667 0.483333
833 13.579000 0.500000 0.104667 0.520000
761 13.683667 0.510000 0.123333 0.393333
47 13.787667 0.501667 0.104667 0.503333
35 13.883000 0.495000 0.102000 0.330000
787 13.962667 0.488333 0.076000 0.476667
468 14.025333 0.500000 0.069333 0.353333
507 14.085000 0.488333 0.067333 0.370000
429 14.159000 0.496667 0.095333 0.326667
986 14.217667 0.508333 0.042000 0.316667
869 14.259333 0.490000 0.058667 0.373333
275 14.306667 0.508333 0.053333 0.343333
375 14.398667 0.495000 0.145333 0.396667
422 14.510333 0.506667 0.098000 0.406667
762 14.596333 0.500000 0.091333 0.400000
222 14.676333 0.506667 0.084667 0.413333
78 14.789667 0.510000 0.155333 0.413333
459 14.896000 0.488333 0.076000 0.396667
960 14.944333 0.493333 0.035333 0.253333
210 15.017333 0.493333 0.124000 0.506667
970 15.094000 0.490000 0.049333 0.366667
83 15.148333 0.503333 0.076667 0.380000
212 15.232000 0.493333 0.110667 0.513333
190 15.343000 0.495000 0.128667 0.523333
106 15.516333 0.510000 0.238000 0.506667
1011 15.643667 0.506667 0.036667 0.266667
415 15.730333 0.506667 0.150000 0.493333
616 15.905333 0.506667 0.218667 1.093333
680 16.051000 0.503333 0.088667 0.313333
418 16.130000 0.505000 0.088000 0.430000
648 16.204000 0.498333 0.077333 0.350000
395 16.287000 0.493333 0.107333 0.333333
73 16.395000 0.510000 0.123333 0.380000
206 16.508333 0.510000 0.118000 0.486667
858 16.602667 0.508333 0.089333 0.283333
721 16.715667 0.510000 0.154000 0.413333
857 16.872667 0.493333 0.178667 0.380000
612 17.056000 0.490000 0.202667 1.013333
256 17.212333 0.496667 0.126000 0.433333
918 17.331667 0.496667 0.127333 0.473333
475 17.424667 0.503333 0.077333 0.400000
262 17.563000 0.508333 0.214000 1.070000
835 17.706667 0.510000 0.090667 0.346667
20 17.801000 0.491667 0.118000 0.410000
878 17.901000 0.503333 0.102000 0.520000
490 17.982667 0.505000 0.074667 0.443333
488 18.046000 0.498333 0.065333 0.323333
86 18.112667 0.505000 0.081333 0.363333
568 18.198333 0.488333 0.107333 0.536667
942 18.261333 0.490000 0.038667 0.320000
755 18.349667 0.491667 0.151333 0.436667
283 18.483000 0.495000 0.131333 0.450000
442 18.573333 0.496667 0.068000 0.406667
796 18.715667 0.505000 0.231333 1.156667
119 18.857000 0.508333 0.071333 0.423333
332 18.993667 0.498333 0.215333 1.076667
984 19.112333 0.505000 0.040667 0.303333
670 19.182667 0.495000 0.120000 0.423333
62 19.280333 0.505000 0.092667 0.430000
419 19.370333 0.493333 0.102000 0.500000
455 19.452333 0.498333 0.075333 0.383333
346 19.559000 0.488333 0.158000 0.790000
112 19.713000 0.510000 0.170000 0.566667
336 19.847333 0.493333 0.118667 0.566667
593 19.965333 0.503333 0.134667 0.413333
964 20.042000 0.488333 0.038667 0.283333
406 20.097667 0.488333 0.091333 0.350000
548 20.204000 0.493333 0.140000 0.433333
993 20.286333 0.498333 0.042000 0.350000
305 20.328667 0.500000 0.057333 0.326667
5 20.388333 0.505000 0.079333 0.363333
608 20.480667 0.496667 0.121333 0.440000
649 20.587667 0.510000 0.110000 0.566667
307 20.672000 0.500000 0.076000 0.426667
763 20.724333 0.500000 0.043333 0.353333
296 20.787667 0.501667 0.098000 0.356667
946 20.851000 0.506667 0.046000 0.366667
766 20.921000 0.500000 0.110000 0.320000
516 21.029333 0.496667 0.121333 0.393333
269 21.147667 0.498333 0.135333 0.410000
137 21.235333 0.505000 0.053333 0.316667
458 21.292000 0.490000 0.077333 0.413333
855 21.364333 0.505000 0.084667 0.216667
372 21.453333 0.508333 0.113333 0.356667
184 21.562333 0.496667 0.123333 0.533333
400 21.638667 0.500000 0.046667 0.360000
0 21.678333 0.490000 0.048667 0.386667
783 21.741667 0.503333 0.091333 0.480000
4 21.817333 0.505000 0.080000 0.303333
108 21.940667 0.503333 0.186667 0.933333
142 22.065667 0.488333 0.078000 0.330000
876 22.180333 0.508333 0.168667 0.456667
1003 22.278333 0.510000 0.044667 0.340000
55 22.362333 0.496667 0.143333 0.380000
276 22.449333 0.488333 0.050667 0.316667
218 22.517667 0.496667 0.103333 0.520000
7 22.611000 0.508333 0.098000 0.296667
845 22.705667 0.493333 0.108667 0.500000
315 22.807333 0.495000 0.110667 0.390000
255 22.921333 0.500000 0.136000 0.513333
737 23.008000 0.496667 0.056000 0.413333
688 23.065000 0.491667 0.071333 0.350000
759 23.166000 0.505000 0.149333 0.423333
595 23.302333 0.495000 0.140667 0.430000
287 23.428000 0.501667 0.124000 0.450000
769 23.536333 0.506667 0.111333 0.360000
771 23.620000 0.505000 0.073333 0.383333
229 23.710333 0.495000 0.120667 0.490000
573 23.804667 0.496667 0.082667 0.320000
192 23.895000 0.491667 0.116667 0.523333
378 24.025000 0.500000 0.160667 0.426667
605 24.166333 0.505000 0.140667 0.370000
424 24.301667 0.510000 0.144667 0.460000
289 24.479000 0.495000 0.224667 1.123333
431 24.632333 0.508333 0.100667 0.343333
976 24.696667 0.510000 0.041333 0.320000
436 24.765000 0.490000 0.108667 0.313333
227 24.874333 0.505000 0.126000 0.530000
682 24.983000 0.506667 0.107333 0.393333
421 25.089667 0.503333 0.119333 0.360000
515 25.196333 0.491667 0.110000 0.343333
266 25.330000 0.503333 0.174667 0.526667
185 25.469000 0.498333 0.118000 0.596667
129 25.589333 0.498333 0.137333 0.503333
635 25.691000 0.490000 0.079333 0.360000
904 25.766333 0.493333 0.086000 0.413333
441 25.840333 0.491667 0.078000 0.463333
832 25.927000 0.500000 0.112667 0.486667
126 26.041333 0.503333 0.134667 0.446667
565 26.185000 0.495000 0.167333 0.343333
773 26.325667 0.488333 0.132667 0.350000
570 26.438667 0.500000 0.108000 0.466667
884 26.558333 0.508333 0.147333 0.536667
333 26.701333 0.493333 0.157333 0.366667
231 26.819333 0.488333 0.093333 0.476667
614 26.941000 0.505000 0.163333 0.416667
753 27.120000 0.506667 0.213333 1.066667
996 27.239333 0.508333 0.040000 0.290000
810 27.296667 0.496667 0.090667 0.373333
910 27.400667 0.505000 0.133333 0.483333
111 27.503667 0.493333 0.086000 0.366667
626 27.631667 0.488333 0.183333 0.916667
954 27.737000 0.505000 0.046000 0.330000
758 27.832333 0.491667 0.158000 0.463333
198 27.990000 0.500000 0.176000 0.880000
780 28.132333 0.508333 0.123333 0.356667
948 28.205333 0.508333 0.041333 0.310000
242 28.268667 0.505000 0.104000 0.403333
631 28.394000 0.503333 0.166667 0.566667
729 28.482333 0.500000 0.028667 0.346667
462 28.526000 0.491667 0.073333 0.390000
696 28.610000 0.506667 0.110667 0.253333
213 28.713000 0.501667 0.114000 0.456667
791 28.792667 0.488333 0.061333 0.363333
535 28.889000 0.488333 0.150000 0.376667
730 29.015333 0.506667 0.118667 0.426667
724 29.100333 0.508333 0.068667 0.403333
843 29.176000 0.505000 0.101333 0.416667
109 29.322667 0.500000 0.212000 0.460000
388 29.478333 0.506667 0.118000 0.340000
265 29.594667 0.500000 0.134667 0.513333
853 29.707333 0.491667 0.104000 0.490000
620 29.820000 0.491667 0.136000 0.583333
125 29.925000 0.495000 0.094000 0.403333
959 29.984667 0.503333 0.041333 0.313333
306 30.030667 0.503333 0.064000 0.353333
115 30.085000 0.490000 0.064667 0.333333
412 30.148000 0.503333 0.081333 0.420000
309 30.221000 0.493333 0.080667 0.460000
632 30.341333 0.506667 0.178667 0.893333
118 30.481667 0.496667 0.119333 0.486667
351 30.584667 0.498333 0.106667 0.336667
191 30.677333 0.500000 0.092000 0.420000
818 30.772000 0.491667 0.113333 0.330000
341 30.859333 0.488333 0.081333 0.350000
270 30.978667 0.493333 0.170667 0.853333
767 31.103667 0.493333 0.099333 0.286667
651 31.235667 0.508333 0.180667 0.903333
251 31.341667 0.488333 0.051333 0.296667
860 31.465667 0.505000 0.210000 1.050000
76 31.642000 0.496667 0.157333 0.486667
944 31.736333 0.496667 0.047333 0.360000
672 31.804333 0.501667 0.102000 0.376667
619 31.900667 0.500000 0.108000 0.560000
871 31.975667 0.490000 0.060667 0.293333
139 32.032333 0.503333 0.072667 0.426667
260 32.148000 0.506667 0.178667 0.893333
579 32.297333 0.500000 0.140000 0.400000
31 32.437333 0.508333 0.153333 0.450000
480 32.540333 0.490000 0.072667 0.373333
232 32.608667 0.488333 0.082667 0.356667
390 32.718667 0.496667 0.153333 0.406667
969 32.808000 0.510000 0.042667 0.346667
245 32.851333 0.488333 0.057333 0.363333
110 32.939667 0.491667 0.132667 0.470000
862 33.036667 0.501667 0.074667 0.410000
103 33.166333 0.503333 0.198000 0.433333
50 33.323667 0.498333 0.131333 0.423333
610 33.439333 0.493333 0.118667 0.366667
874 33.532667 0.490000 0.085333 0.420000
107 33.667000 0.495000 0.199333 0.996667
274 33.801667 0.500000 0.088667 0.420000
667 33.896333 0.508333 0.116667 0.376667
958 33.962667 0.510000 0.036000 0.300000
382 34.039667 0.500000 0.131333 0.380000
929 34.114667 0.498333 0.037333 0.283333
512 34.171000 0.498333 0.094000 0.296667
244 34.289667 0.493333 0.162000 0.440000
520 34.426667 0.506667 0.125333 0.393333
928 34.500667 0.488333 0.040000 0.303333
234 34.566000 0.491667 0.110667 0.456667
920 34.655000 0.493333 0.086000 0.313333
248 34.735667 0.506667 0.088667 0.473333
885 34.817000 0.498333 0.094000 0.416667
482 34.887667 0.503333 0.064667 0.340000
677 34.977000 0.490000 0.128667 0.426667
449 35.062333 0.500000 0.059333 0.306667
863 35.128333 0.496667 0.091333 0.440000
555 35.181333 0.501667 0.032000 0.316667
898 35.249667 0.510000 0.122000 0.373333
304 35.331333 0.495000 0.060000 0.336667
1008 35.369667 0.505000 0.034000 0.263333
199 35.439000 0.506667 0.118000 0.546667
717 35.595000 0.498333 0.210000 1.050000
179 35.754000 0.506667 0.126667 0.440000
250 35.905333 0.506667 0.196000 0.980000
630 36.073000 0.496667 0.155333 0.520000
703 36.199667 0.500000 0.111333 0.380000
611 36.284000 0.491667 0.072000 0.290000
356 36.368000 0.493333 0.112000 0.326667
754 36.480333 0.505000 0.126000 0.610000
240 36.563333 0.493333 0.057333 0.300000
381 36.638333 0.498333 0.110000 0.336667
284 36.751000 0.503333 0.130000 0.466667
141 36.843333 0.490000 0.070667 0.333333
89 36.979333 0.503333 0.221333 1.106667
152 37.117667 0.503333 0.074000 0.366667
140 37.220333 0.491667 0.151333 0.690000
788 37.393000 0.498333 0.208667 1.043333
34 37.550667 0.496667 0.122667 0.466667
687 37.651667 0.508333 0.099333 0.490000
353 37.790000 0.506667 0.194667 0.973333
246 37.960333 0.488333 0.166000 0.583333
943 38.051333 0.488333 0.034667 0.256667
426 38.092000 0.508333 0.061333 0.363333
398 38.150000 0.506667 0.068000 0.366667
646 38.210333 0.490000 0.071333 0.320000
903 38.312333 0.508333 0.150000 0.443333
440 38.414333 0.498333 0.070000 0.356667
220 38.498000 0.501667 0.117333 0.490000
131 38.614000 0.496667 0.130667 0.506667
537 38.767000 0.491667 0.188667 0.943333
238 38.902000 0.503333 0.100000 0.386667
30 39.006667 0.498333 0.125333 0.363333
484 39.110333 0.495000 0.098000 0.403333
906 39.222000 0.498333 0.141333 0.383333
314 39.338667 0.501667 0.106667 0.363333
322 39.428000 0.503333 0.088000 0.146667
584 39.579667 0.495000 0.230000 1.150000
957 39.707333 0.505000 0.038667 0.310000
454 39.754667 0.503333 0.076000 0.386667
204 39.839000 0.493333 0.108667 0.446667
45 39.920667 0.508333 0.070667 0.350000
174 40.047333 0.496667 0.200000 1.000000
79 40.244667 0.510000 0.214667 1.073333
300 40.373000 0.491667 0.062000 0.196667
397 40.450000 0.506667 0.110667 0.500000
829 40.547000 0.490000 0.096667 0.460000
528 40.655333 0.501667 0.136000 0.436667
444 40.757667 0.510000 0.088667 0.446667
340 40.852000 0.503333 0.113333 0.326667
171 41.005000 0.495000 0.208667 1.043333
452 41.138667 0.506667 0.078667 0.413333
742 41.268333 0.491667 0.199333 0.996667
282 41.420667 0.510000 0.121333 0.420000
469 41.518000 0.505000 0.090667 0.456667
684 41.601333 0.493333 0.089333 0.313333
329 41.736000 0.506667 0.200000 1.000000
901 41.885000 0.491667 0.111333 0.303333
67 42.021333 0.506667 0.176000 0.880000
873 42.139667 0.498333 0.080667 0.356667
782 42.218000 0.488333 0.094667 0.436667
883 42.336333 0.491667 0.160667 0.350000
166 42.465333 0.500000 0.116000 0.440000
394 42.594000 0.493333 0.158667 0.466667
699 42.746000 0.498333 0.160000 0.436667
852 42.865000 0.503333 0.095333 0.393333
889 43.003667 0.505000 0.198000 0.990000
195 43.151667 0.506667 0.111333 0.480000
1016 43.219667 0.506667 0.039333 0.286667
16 43.272667 0.488333 0.081333 0.283333
3 43.347333 0.508333 0.084000 0.356667
886 43.484000 0.510000 0.205333 1.026667
239 43.631000 0.496667 0.108667 0.653333
544 43.721667 0.495000 0.092667 0.336667
374 43.850667 0.493333 0.180000 0.900000
510 43.984000 0.503333 0.100000 0.326667
122 44.076000 0.488333 0.098667 0.356667
692 44.161667 0.501667 0.087333 0.430000
132 44.249667 0.510000 0.106000 0.433333
981 44.314333 0.498333 0.039333 0.290000
414 44.380333 0.506667 0.111333 0.566667
393 44.502333 0.496667 0.148667 0.426667
196 44.622000 0.491667 0.106667 0.436667
728 44.691333 0.501667 0.049333 0.423333
22 44.779333 0.503333 0.145333 0.493333
379 44.912333 0.506667 0.138000 0.386667
820 45.020333 0.510000 0.092667 0.380000
147 45.091667 0.505000 0.070000 0.350000
830 45.161333 0.505000 0.086667 0.396667
366 45.250000 0.496667 0.105333 0.313333
193 45.343667 0.506667 0.100667 0.460000
285 45.448667 0.501667 0.124000 0.403333
675 45.562333 0.496667 0.120667 0.400000
120 45.704333 0.488333 0.182000 0.910000
500 45.830333 0.500000 0.083333 0.380000
24 45.922000 0.506667 0.120000 0.406667
694 46.010333 0.506667 0.076667 0.373333
716 46.124000 0.510000 0.168000 0.840000
877 46.242000 0.508333 0.084000 0.436667
497 46.341000 0.505000 0.128667 0.330000
506 46.415667 0.493333 0.040667 0.480000
1022 46.449000 0.491667 0.039333 0.303333
708 46.547333 0.496667 0.174667 0.873333
841 46.671000 0.508333 0.091333 0.450000
163 46.764000 0.498333 0.114667 0.403333
927 46.832000 0.506667 0.041333 0.320000
272 46.927000 0.501667 0.163333 0.816667
479 47.034667 0.490000 0.072000 0.386667
451 47.091000 0.490000 0.058000 0.313333
985 47.131667 0.500000 0.036667 0.300000
625 47.226000 0.496667 0.170667 0.573333
501 47.346333 0.490000 0.088667 0.426667
487 47.423000 0.500000 0.079333 0.426667
474 47.486667 0.490000 0.064000 0.333333
664 47.572333 0.506667 0.126000 0.413333
383 47.690333 0.491667 0.128667 0.370000
628 47.823333 0.503333 0.157333 0.533333
339 47.939333 0.506667 0.089333 0.480000
740 48.042667 0.510000 0.132000 0.300000
804 48.199667 0.508333 0.200667 1.003333
44 48.351667 0.498333 0.123333 0.496667
85 48.449667 0.501667 0.090000 0.356667
592 48.571000 0.495000 0.168667 0.503333
569 48.689000 0.498333 0.082000 0.343333
1012 48.742000 0.510000 0.038667 0.293333
216 48.810333 0.500000 0.111333 0.466667
654 48.950000 0.501667 0.184000 0.403333
775 49.071000 0.496667 0.078000 0.386667
217 49.144000 0.503333 0.086667 0.366667
160 49.220000 0.498333 0.080000 0.450000
578 49.309333 0.490000 0.118667 0.460000
214 49.423000 0.508333 0.122000 0.536667
851 49.537667 0.495000 0.126000 0.523333
463 49.620000 0.505000 0.056000 0.310000
292 49.699333 0.510000 0.118667 0.473333
230 49.812000 0.488333 0.121333 0.543333
492 49.897333 0.506667 0.069333 0.340000
827 49.980333 0.490000 0.110000 0.453333
489 50.062000 0.506667 0.070667 0.373333
288 50.158333 0.500000 0.135333 0.513333
334 50.283333 0.493333 0.130667 0.393333
291 50.390000 0.500000 0.096000 0.380000
817 50.500000 0.505000 0.142667 0.470000
865 50.626667 0.498333 0.125333 0.443333
781 50.716333 0.488333 0.071333 0.363333
100 50.845000 0.501667 0.200667 0.423333
554 51.035667 0.501667 0.200667 1.003333
536 51.228000 0.490000 0.198667 0.993333
624 51.419667 0.495000 0.198000 0.990000
143 51.556667 0.506667 0.094667 0.500000
2 51.632000 0.488333 0.072000 0.363333
82 51.694667 0.498333 0.072000 0.516667
517 51.770667 0.510000 0.100000 0.340000
32 51.870667 0.500000 0.118667 0.373333
476 51.953667 0.490000 0.063333 0.326667
949 51.997333 0.505000 0.044000 0.336667
541 52.109667 0.500000 0.199333 0.420000
261 52.289667 0.491667 0.174000 0.870000
905 52.443333 0.500000 0.152000 0.486667
447 52.546000 0.510000 0.068000 0.406667
710 52.642000 0.490000 0.140000 0.353333
681 52.726667 0.500000 0.048000 0.440000
1015 52.763667 0.495000 0.042000 0.323333
669 52.836667 0.493333 0.124000 0.420000
814 52.942000 0.503333 0.106667 0.340000
324 53.056667 0.498333 0.137333 0.670000
391 53.191000 0.501667 0.147333 0.410000
277 53.296333 0.506667 0.082000 0.373333
396 53.401333 0.493333 0.141333 0.373333
798 53.517000 0.491667 0.108667 0.396667
933 53.580333 0.493333 0.036667 0.266667
995 53.607333 0.490000 0.037333 0.280000
258 53.665000 0.500000 0.095333 0.320000
892 53.804000 0.503333 0.197333 0.986667
1000 53.916667 0.501667 0.046667 0.363333
824 53.979333 0.491667 0.098667 0.430000
657 54.064333 0.496667 0.090000 0.373333
438 54.185333 0.498333 0.168000 0.510000
848 54.326333 0.495000 0.134000 0.443333
311 54.431667 0.493333 0.096667 0.413333
495 54.516667 0.510000 0.086667 0.466667
561 54.625333 0.500000 0.150667 0.320000
700 54.780667 0.510000 0.180000 0.900000
363 54.942667 0.508333 0.158667 0.430000
461 55.049667 0.510000 0.072667 0.386667
74 55.142667 0.503333 0.128000 0.406667
739 55.228000 0.495000 0.061333 0.523333
720 55.347667 0.491667 0.191333 0.490000
392 55.495667 0.493333 0.119333 0.346667
676 55.613667 0.493333 0.134000 0.453333
850 55.728333 0.505000 0.111333 0.456667
1010 55.796000 0.498333 0.038667 0.290000
586 55.868667 0.500000 0.124000 0.393333
325 55.994000 0.508333 0.141333 0.610000
389 56.158667 0.490000 0.204000 1.020000
741 56.297667 0.510000 0.088667 0.306667
228 56.379000 0.490000 0.092667 0.460000
705 56.476667 0.501667 0.121333 0.376667
813 56.587667 0.488333 0.114000 0.390000
420 56.673000 0.491667 0.074000 0.296667
327 56.773000 0.493333 0.140667 0.400000
319 56.873667 0.503333 0.078000 0.280000
116 56.974333 0.501667 0.142000 0.443333
679 57.073667 0.490000 0.076667 0.433333
28 57.150667 0.493333 0.090667 0.293333
698 57.219667 0.500000 0.060667 0.326667
640 57.280333 0.490000 0.080667 0.413333
1017 57.335000 0.505000 0.043333 0.336667
652 57.438333 0.501667 0.178000 0.603333
221 57.582333 0.505000 0.128667 0.510000
1013 57.654000 0.508333 0.033333 0.283333
279 57.707333 0.493333 0.088000 0.500000
211 57.791000 0.498333 0.092667 0.383333
177 57.896000 0.496667 0.133333 0.480000
80 57.994667 0.493333 0.082667 0.420000
607 58.093000 0.493333 0.134000 0.400000
567 58.209333 0.490000 0.112000 0.453333
519 58.307000 0.510000 0.098000 0.313333
866 58.435000 0.505000 0.172667 0.863333
864 58.574667 0.495000 0.120000 0.476667
75 58.702667 0.500000 0.152000 0.473333
263 58.851667 0.500000 0.166000 0.526667
54 58.957333 0.488333 0.060000 0.303333
69 59.036333 0.498333 0.115333 0.576667
357 59.154000 0.490000 0.137333 0.440000
37 59.275000 0.496667 0.124667 0.400000
527 59.385333 0.505000 0.114667 0.330000
594 59.502333 0.495000 0.132667 0.403333
352 59.621667 0.496667 0.124667 0.360000
57 59.704667 0.498333 0.054667 0.256667
776 59.804000 0.505000 0.160000 0.450000
882 59.919667 0.508333 0.090000 0.356667
893 60.037000 0.488333 0.159333 0.796667
966 60.129667 0.500000 0.044667 0.346667
572 60.186667 0.493333 0.085333 0.340000
588 60.271667 0.495000 0.104667 0.476667
655 60.355667 0.490000 0.076667 0.340000
457 60.424000 0.498333 0.078667 0.403333
95 60.539667 0.501667 0.168667 0.843333
539 60.659000 0.500000 0.083333 0.366667
560 60.797333 0.495000 0.206667 0.630000
683 60.958000 0.498333 0.130667 0.403333
188 61.059667 0.498333 0.092667 0.456667
154 61.139000 0.491667 0.079333 0.403333
130 61.271667 0.491667 0.202000 1.010000
934 61.381667 0.495000 0.035333 0.283333
360 61.454333 0.500000 0.123333 0.326667
745 61.546000 0.496667 0.077333 0.286667
14 61.638000 0.510000 0.120000 0.413333
899 61.770333 0.495000 0.162000 0.450000
42 61.883667 0.493333 0.082000 0.460000
795 61.954000 0.493333 0.074667 0.460000
52 62.037667 0.505000 0.108667 0.396667
367 62.148000 0.490000 0.130667 0.373333
747 62.263333 0.505000 0.113333 0.490000
123 62.355667 0.488333 0.088667 0.570000
423 62.446667 0.490000 0.109333 0.340000
859 62.550333 0.505000 0.114000 0.330000
962 62.623000 0.495000 0.044667 0.343333
559 62.670667 0.503333 0.069333 0.340000
237 62.735000 0.498333 0.079333 0.570000
715 62.871000 0.503333 0.211333 0.560000
1006 62.987000 0.501667 0.038000 0.316667
786 63.027000 0.491667 0.059333 0.370000
508 63.085667 0.506667 0.071333 0.366667
691 63.162333 0.490000 0.095333 0.473333
219 63.245667 0.510000 0.087333 0.413333
77 63.346333 0.490000 0.128667 0.320000
369 63.467667 0.500000 0.128667 0.366667
371 63.579667 0.495000 0.111333 0.336667
46 63.661333 0.498333 0.065333 0.536667
663 63.745333 0.501667 0.117333 0.396667
549 63.847333 0.506667 0.104000 0.346667
601 63.940000 0.506667 0.098667 0.300000
585 64.041333 0.493333 0.117333 0.333333
765 64.128667 0.488333 0.072000 0.330000
881 64.220000 0.490000 0.125333 0.420000
169 64.362333 0.488333 0.178000 0.890000
673 64.504000 0.496667 0.125333 0.426667
252 64.633000 0.495000 0.152667 0.590000
343 64.767000 0.488333 0.131333 0.350000
725 64.897667 0.508333 0.147333 0.623333
823 65.004333 0.496667 0.080667 0.413333
658 65.068000 0.496667 0.065333 0.386667
299 65.146333 0.496667 0.107333 0.420000
806 65.296000 0.500000 0.208000 0.513333
503 65.466667 0.500000 0.148000 0.380000
348 65.588000 0.495000 0.112000 0.316667
502 65.680333 0.503333 0.091333 0.426667
697 65.750000 0.510000 0.066667 0.333333
1005 65.799333 0.505000 0.048000 0.363333
404 65.926000 0.500000 0.224000 1.120000
546 66.068333 0.501667 0.079333 0.323333
870 66.123000 0.491667 0.047333 0.250000
205 66.192000 0.493333 0.104000 0.506667
135 66.291667 0.496667 0.112667 0.386667
532 66.398667 0.508333 0.120000 0.610000
233 66.500000 0.496667 0.101333 0.426667
803 66.610667 0.510000 0.137333 0.393333
963 66.687000 0.493333 0.035333 0.260000
764 66.735333 0.491667 0.080000 0.396667
872 66.842333 0.493333 0.151333 0.440000
713 66.978667 0.503333 0.141333 0.446667
623 67.127333 0.493333 0.172000 0.860000
91 67.299667 0.503333 0.186000 0.400000
831 67.427000 0.488333 0.086000 0.423333
701 67.531000 0.510000 0.140667 0.460000
403 67.665667 0.501667 0.146000 0.416667
407 67.780000 0.506667 0.101333 0.380000
1018 67.838667 0.505000 0.033333 0.256667
387 67.917333 0.506667 0.144000 0.453333
896 68.035000 0.496667 0.110000 0.306667
1023 68.099333 0.500000 0.038667 0.300000
734 68.188667 0.510000 0.156000 0.420000
912 68.306000 0.490000 0.092000 0.393333
97 68.441667 0.496667 0.195333 0.413333
704 68.587667 0.490000 0.111333 0.373333
243 68.707000 0.495000 0.140667 0.490000
471 68.802667 0.501667 0.069333 0.410000
257 68.889333 0.496667 0.122667 0.413333
223 68.989667 0.506667 0.098000 0.413333
87 69.120333 0.495000 0.176667 0.883333
518 69.259667 0.495000 0.122000 0.403333
599 69.370667 0.501667 0.113333 0.343333
752 69.463000 0.496667 0.087333 0.246667
738 69.536000 0.503333 0.073333 0.360000
521 69.647333 0.508333 0.166667 0.443333
181 69.822333 0.498333 0.199333 0.996667
61 69.957000 0.488333 0.087333 0.436667
642 70.040000 0.488333 0.094667 0.363333
286 70.125000 0.498333 0.095333 0.350000
427 70.220333 0.505000 0.115333 0.563333
785 70.298000 0.505000 0.060000 0.256667
930 70.342667 0.500000 0.042667 0.306667
345 70.459333 0.500000 0.209333 1.046667
294 70.662000 0.506667 0.209333 1.046667
846 70.818000 0.506667 0.118667 0.486667
702 70.968000 0.510000 0.194667 0.973333
637 71.087333 0.491667 0.062667 0.316667
856 71.180333 0.498333 0.139333 0.343333
828 71.292333 0.493333 0.102000 0.420000
411 71.423000 0.501667 0.172667 0.370000
887 71.567333 0.508333 0.129333 0.403333
622 71.703333 0.510000 0.161333 0.806667
945 71.795333 0.505000 0.042667 0.350000
735 71.858000 0.500000 0.102667 0.406667
574 71.940667 0.498333 0.076000 0.303333
1009 71.988000 0.488333 0.033333 0.270000
951 72.017333 0.510000 0.041333 0.320000
711 72.120667 0.510000 0.182667 0.913333
975 72.222667 0.506667 0.040000 0.306667
448 72.270333 0.493333 0.074000 0.386667
932 72.313000 0.510000 0.031333 0.266667
982 72.343333 0.496667 0.042667 0.340000
968 72.380667 0.491667 0.048000 0.356667
318 72.462333 0.495000 0.128667 0.523333
443 72.566333 0.491667 0.092667 0.470000
695 72.699667 0.508333 0.194000 0.970000
310 72.826000 0.501667 0.077333 0.430000
582 72.928000 0.495000 0.140000 0.536667
370 73.066667 0.503333 0.157333 0.460000
113 73.233333 0.510000 0.190667 0.953333
543 73.423667 0.505000 0.203333 1.016667
202 73.584667 0.490000 0.133333 0.546667
316 73.693000 0.506667 0.103333 0.360000
844 73.794000 0.505000 0.116000 0.476667
36 73.899000 0.493333 0.107333 0.386667
891 73.973000 0.503333 0.056667 0.360000
435 74.027000 0.491667 0.064667 0.310000
540 74.148333 0.503333 0.191333 0.760000
477 74.274333 0.500000 0.079333 0.413333
991 74.323667 0.495000 0.036667 0.283333
197 74.393667 0.498333 0.116667 0.483333
983 74.460000 0.495000 0.036000 0.276667
186 74.512667 0.500000 0.086667 0.380000
551 74.613333 0.500000 0.133333 0.420000
629 74.766000 0.505000 0.189333 0.630000
410 74.907667 0.503333 0.112667 0.453333
793 75.015333 0.500000 0.116000 0.473333
732 75.111333 0.498333 0.092000 0.443333
915 75.195000 0.496667 0.092667 0.746667
235 75.285333 0.498333 0.108000 0.543333
902 75.402000 0.505000 0.140000 0.436667
644 75.497667 0.505000 0.064667 0.303333
323 75.600667 0.503333 0.157333 0.786667
880 75.715333 0.506667 0.086667 0.320000
167 75.802667 0.500000 0.104000 0.393333
736 75.887000 0.496667 0.084667 0.453333
768 75.955000 0.490000 0.064667 0.173333
719 76.079333 0.500000 0.202667 0.533333
417 76.211667 0.503333 0.082000 0.393333
40 76.309333 0.501667 0.128000 0.436667
967 76.391333 0.508333 0.049333 0.376667
731 76.452333 0.506667 0.090000 0.460000
1020 76.507667 0.493333 0.036667 0.293333
33 76.570333 0.506667 0.106000 0.353333
950 76.635667 0.495000 0.043333 0.356667
591 76.708000 0.506667 0.118667 0.373333
308 76.788667 0.490000 0.061333 0.346667
937 76.829333 0.510000 0.037333 0.280000
361 76.911000 0.498333 0.140667 0.430000
63 77.033333 0.506667 0.120000 0.426667
522 77.153000 0.493333 0.136667 0.426667
365 77.278333 0.491667 0.134000 0.350000
718 77.407333 0.500000 0.141333 0.446667
349 77.546000 0.493333 0.153333 0.413333
70 77.684000 0.488333 0.136000 0.450000
48 77.843333 0.506667 0.198667 0.993333
690 77.970333 0.495000 0.075333 0.376667
576 78.048333 0.493333 0.095333 0.373333
686 78.136000 0.490000 0.094667 0.460000
913 78.245333 0.508333 0.137333 0.410000
8 78.357333 0.491667 0.101333 0.383333
331 78.485333 0.493333 0.170667 0.853333
467 78.591333 0.506667 0.060000 0.300000
726 78.663333 0.488333 0.097333 0.510000
384 78.781333 0.496667 0.156000 0.433333
117 78.911333 0.501667 0.120000 0.363333
155 79.014333 0.496667 0.102000 0.580000
802 79.127667 0.488333 0.142000 0.303333
861 79.210333 0.510000 0.043333 0.333333
760 79.296333 0.490000 0.148667 0.433333
355 79.438667 0.493333 0.150667 0.386667
879 79.585000 0.500000 0.158000 0.513333
909 79.707333 0.496667 0.100000 0.453333
653 79.831333 0.498333 0.164000 0.530000
157 79.997000 0.505000 0.186000 0.736667
907 80.144667 0.501667 0.122667 0.390000
794 80.240000 0.496667 0.082667 0.506667
533 80.336667 0.501667 0.126667 0.443333
162 80.443000 0.491667 0.103333 0.370000
23 80.556000 0.506667 0.142667 0.406667
176 80.664333 0.501667 0.094000 0.350000
486 80.735667 0.506667 0.062000 0.340000
11 80.817000 0.500000 0.115333 0.393333
656 80.960333 0.501667 0.186000 0.930000
514 81.101000 0.503333 0.108667 0.360000
342 81.189667 0.496667 0.083333 0.386667
127 81.314333 0.508333 0.183333 0.916667
800 81.442000 0.493333 0.089333 0.360000
526 81.535333 0.500000 0.114667 0.300000
790 81.612333 0.496667 0.059333 0.366667
312 81.693000 0.505000 0.118000 0.436667
523 81.807667 0.495000 0.126000 0.423333
868 81.905000 0.505000 0.084667 0.476667
581 81.992000 0.496667 0.108000 0.453333
485 82.078667 0.505000 0.082667 0.430000
935 82.131333 0.500000 0.037333 0.273333
170 82.196667 0.495000 0.106667 0.370000
815 82.299333 0.496667 0.114667 0.320000
373 82.405667 0.501667 0.112667 0.330000
377 82.515000 0.498333 0.122000 0.336667
923 82.586000 0.496667 0.038667 0.280000
836 82.662000 0.488333 0.130667 0.543333
784 82.747333 0.488333 0.060000 0.496667
428 82.814333 0.491667 0.088667 0.576667
380 82.917333 0.510000 0.134667 0.360000
602 83.039333 0.510000 0.128000 0.386667
615 83.152667 0.495000 0.116000 0.530000
164 83.249667 0.503333 0.095333 0.353333
21 83.330333 0.491667 0.084667 0.296667
924 83.387667 0.501667 0.047333 0.376667
298 83.440000 0.505000 0.077333 0.396667
445 83.503333 0.495000 0.062667 0.376667
71 83.564667 0.508333 0.076000 0.403333
807 83.710667 0.510000 0.229333 1.146667
146 83.866667 0.501667 0.096000 0.503333
792 83.964000 0.491667 0.116000 0.476667
643 84.059667 0.495000 0.091333 0.343333
531 84.209333 0.506667 0.222667 1.113333
797 84.360000 0.493333 0.096000 0.386667
743 84.443667 0.490000 0.084667 0.353333
875 84.559333 0.506667 0.160000 0.800000
159 84.651000 0.500000 0.039333 0.300000
165 84.727667 0.508333 0.131333 0.483333
302 84.821000 0.488333 0.068667 0.383333
144 84.892000 0.506667 0.086667 0.400000
621 84.950000 0.501667 0.042667 0.450000
434 85.027333 0.496667 0.126667 0.433333
837 85.133333 0.508333 0.098667 0.463333
465 85.217667 0.490000 0.088667 0.453333
493 85.292000 0.506667 0.074667 0.366667
430 85.375667 0.505000 0.106000 0.456667
723 85.477000 0.496667 0.114000 0.386667
926 85.549000 0.490000 0.043333 0.333333
678 85.613333 0.505000 0.101333 0.336667
674 85.704333 0.508333 0.094000 0.316667
499 85.778000 0.490000 0.069333 0.426667
90 85.907667 0.505000 0.204667 0.436667
908 86.044000 0.506667 0.086667 0.306667
105 86.197667 0.500000 0.236667 0.513333
613 86.402667 0.510000 0.186667 0.480000
978 86.508667 0.495000 0.044000 0.336667
819 86.588667 0.505000 0.130667 0.290000
437 86.700000 0.498333 0.108000 0.550000
337 86.857000 0.505000 0.226000 1.130000
854 87.052333 0.495000 0.180667 0.603333
450 87.168000 0.488333 0.064000 0.336667
941 87.214000 0.491667 0.044000 0.336667
27 87.287333 0.491667 0.120000 0.410000
330 87.376000 0.498333 0.077333 0.296667
529 87.459000 0.491667 0.103333 0.390000
124 87.558000 0.491667 0.109333 0.443333
774 87.638333 0.506667 0.064667 0.326667
335 87.733667 0.505000 0.142000 0.450000
665 87.858667 0.495000 0.121333 0.416667
151 87.953000 0.493333 0.086000 0.386667
805 88.076667 0.500000 0.176000 0.880000
650 88.233000 0.496667 0.152667 0.493333
662 88.349333 0.506667 0.097333 0.333333
405 88.443000 0.508333 0.110000 0.423333
128 88.561667 0.495000 0.147333 0.470000
483 88.660667 0.493333 0.065333 0.333333
58 88.721333 0.493333 0.070667 0.300000
136 88.813333 0.505000 0.130667 0.556667
413 88.968667 0.503333 0.193333 0.966667
992 89.077000 0.501667 0.036667 0.270000
409 89.148333 0.500000 0.122000 0.613333
558 89.238667 0.490000 0.072000 0.353333
634 89.314667 0.495000 0.096000 0.403333
956 89.375000 0.500000 0.039333 0.286667
1021 89.403000 0.510000 0.036667 0.286667
416 89.450333 0.491667 0.072667 0.356667
1002 89.496333 0.498333 0.036667 0.283333
757 89.579000 0.498333 0.146000 0.430000
825 89.695000 0.490000 0.099333 0.446667
789 89.767000 0.488333 0.059333 0.356667
636 89.843333 0.506667 0.113333 0.280000
194 89.949000 0.493333 0.118000 0.560000
51 90.063667 0.505000 0.127333 0.450000
847 90.168000 0.500000 0.094667 0.286667
473 90.247000 0.498333 0.079333 0.410000
587 90.390333 0.491667 0.226000 1.130000
511 90.552667 0.488333 0.116000 0.390000
666 90.652000 0.500000 0.101333 0.333333
545 90.740000 0.496667 0.088000 0.320000
350 90.836000 0.506667 0.118667 0.360000
659 90.938000 0.501667 0.105333 0.423333
509 91.050333 0.510000 0.138000 0.440000
224 91.175667 0.500000 0.126000 0.526667
590 91.288667 0.500000 0.120000 0.420000
748 91.387333 0.493333 0.092000 0.340000
280 91.492667 0.491667 0.138667 0.470000
867 91.602333 0.495000 0.096667 0.310000
562 91.711667 0.510000 0.140667 0.293333
973 91.789667 0.498333 0.035333 0.270000
439 91.849333 0.496667 0.104000 0.406667
491 91.945667 0.491667 0.103333 0.503333
609 92.028667 0.493333 0.082667 0.340000
504 92.139667 0.506667 0.159333 0.460000
41 92.287333 0.508333 0.152000 0.443333
914 92.413000 0.501667 0.116667 0.356667
661 92.521000 0.500000 0.112667 0.380000
997 92.591333 0.508333 0.041333 0.316667
358 92.675000 0.505000 0.140667 0.383333
834 92.791000 0.491667 0.106000 0.450000
180 92.894000 0.501667 0.113333 0.410000
209 93.055333 0.500000 0.228000 1.140000
801 93.202667 0.505000 0.081333 0.310000
96 93.330667 0.506667 0.188000 0.940000
513 93.478000 0.501667 0.121333 0.396667
1007 93.554667 0.503333 0.045333 0.333333
974 93.592333 0.510000 0.047333 0.353333
1004 93.628333 0.503333 0.038000 0.286667
88 93.750333 0.498333 0.226000 1.130000
72 93.954000 0.500000 0.196000 0.980000
597 94.097333 0.496667 0.106667 0.320000
173 94.187333 0.508333 0.089333 0.403333
577 94.271333 0.501667 0.092000 0.363333
236 94.366667 0.508333 0.113333 0.470000
778 94.456667 0.490000 0.082667 0.526667
671 94.536000 0.508333 0.093333 0.310000
583 94.605667 0.505000 0.064667 0.376667
187 94.682333 0.503333 0.108667 0.440000
153 94.776667 0.506667 0.094667 0.420000
328 94.902000 0.498333 0.172000 0.390000
293 95.017333 0.498333 0.076000 0.290000
241 95.089333 0.495000 0.088000 0.490000
952 95.147667 0.496667 0.047333 0.366667
895 95.227333 0.508333 0.125333 0.356667
714 95.378333 0.506667 0.196667 0.626667
456 95.513667 0.498333 0.087333 0.436667
808 95.602667 0.488333 0.108000 0.496667
226 95.702667 0.505000 0.112000 0.523333
538 95.832333 0.495000 0.167333 0.836667
842 95.961667 0.505000 0.106000 0.443333
894 96.117333 0.510000 0.224000 1.120000
6 96.275333 0.506667 0.108000 0.426667
598 96.392667 0.488333 0.140000 0.423333
596 96.507333 0.508333 0.102667 0.310000
900 96.651667 0.495000 0.202000 1.010000
464 96.780000 0.496667 0.072000 0.433333
550 96.840333 0.488333 0.063333 0.316667
64 96.902000 0.493333 0.073333 0.360000
168 96.984000 0.506667 0.105333 0.386667
68 97.096333 0.506667 0.134000 0.380000
989 97.174333 0.491667 0.035333 0.290000
552 97.212667 0.496667 0.057333 0.386667
639 97.263000 0.496667 0.060667 0.306667
362 97.358333 0.500000 0.146000 0.453333
668 97.485000 0.491667 0.124667 0.443333
563 97.601667 0.498333 0.126000 0.263333
839 97.701000 0.510000 0.092667 0.446667
466 97.777000 0.498333 0.075333 0.416667
56 97.836000 0.495000 0.057333 0.076667
114 97.897333 0.503333 0.082667 0.406667
402 98.011333 0.508333 0.164000 0.423333
955 98.102667 0.495000 0.038667 0.330000
706 98.150333 0.506667 0.075333 0.380000
10 98.238000 0.506667 0.117333 0.386667
660 98.341000 0.500000 0.103333 0.340000
925 98.401000 0.490000 0.035333 0.286667
618 98.447000 0.508333 0.071333 0.450000
145 98.518667 0.506667 0.085333 0.386667
712 98.634000 0.493333 0.161333 0.440000
751 98.750667 0.498333 0.090667 0.383333
979 98.812000 0.488333 0.048000 0.350000
564 98.901333 0.505000 0.145333 0.310000
987 98.984333 0.498333 0.036667 0.276667
472 99.036667 0.501667 0.084000 0.436667
93 99.183000 0.495000 0.223333 0.476667
633 99.368333 0.490000 0.160667 0.446667
98 99.544000 0.506667 0.209333 0.453333
888 99.708333 0.505000 0.138000 0.416667
259 99.886333 0.505000 0.231333 1.156667
812 100.047000 0.500000 0.106000 0.266667
627 100.161333 0.510000 0.136000 0.460000
988 100.248000 0.506667 0.050667 0.373333
446 100.303000 0.491667 0.072667 0.403333
172 100.391667 0.510000 0.118000 0.446667
453 100.474667 0.505000 0.062667 0.323333
1 100.535333 0.508333 0.073333 0.356667
750 100.610000 0.500000 0.094667 0.353333
534 100.702333 0.506667 0.106000 0.420000
645 100.789000 0.503333 0.082000 0.373333
359 100.923000 0.488333 0.199333 0.996667
19 101.071333 0.495000 0.116000 0.396667
999 101.137333 0.488333 0.032000 0.250000
267 101.252333 0.495000 0.212667 1.063333
326 101.386000 0.500000 0.072000 0.326667
208 101.464667 0.500000 0.102667 0.520000
156 101.575000 0.503333 0.134000 0.333333
822 101.691667 0.506667 0.112667 0.333333
816 101.794000 0.491667 0.106667 0.370000
386 101.954333 0.495000 0.230000 1.150000
189 102.105333 0.488333 0.092000 0.370000
94 102.258333 0.496667 0.230000 0.493333
158 102.434000 0.505000 0.136000 0.423333
777 102.546667 0.496667 0.106667 0.460000
972 102.607333 0.510000 0.030667 0.260000
571 102.670667 0.505000 0.114667 0.476667
505 102.751000 0.490000 0.066000 0.273333
977 102.795333 0.498333 0.040000 0.330000
138 102.846333 0.503333 0.078000 0.420000
744 102.990000 0.510000 0.225333 1.126667
425 103.142000 0.495000 0.098667 0.570000
575 103.241667 0.501667 0.115333 0.376667
101 103.374000 0.488333 0.165333 0.356667
840 103.498667 0.505000 0.100000 0.423333
408 103.581667 0.491667 0.083333 0.316667
17 103.667667 0.496667 0.107333 0.380000
338 103.769333 0.500000 0.116000 0.600000
66 103.875333 0.493333 0.112000 0.533333
