136 0.104000 0.510000 0.201333 1.006667
127 0.282667 0.503333 0.176000 0.880000
66 0.416333 0.490000 0.111333 0.573333
148 0.521000 0.495000 0.115333 0.316667
95 0.649333 0.510000 0.157333 0.786667
959 0.740333 0.490000 0.039333 0.286667
865 0.812333 0.505000 0.122000 0.423333
189 0.923667 0.508333 0.114000 0.490000
972 0.993000 0.506667 0.043333 0.346667
820 1.042000 0.495000 0.074667 0.303333
186 1.128667 0.508333 0.118667 0.596667
317 1.242333 0.496667 0.127333 0.460000
442 1.329667 0.505000 0.060667 0.323333
306 1.392333 0.500000 0.082000 0.460000
576 1.482000 0.498333 0.110667 0.436667
321 1.579000 0.495000 0.102000 0.463333
882 1.664667 0.488333 0.085333 0.343333
428 1.735667 0.500000 0.074000 0.486667
746 1.828333 0.501667 0.130000 0.370000
541 1.991000 0.491667 0.208667 1.043333
826 2.136667 0.506667 0.097333 0.486667
913 2.234333 0.510000 0.115333 0.353333
736 2.319667 0.490000 0.072667 0.473333
653 2.413333 0.506667 0.134667 0.433333
739 2.497333 0.490000 0.050667 0.433333
1018 2.535333 0.488333 0.042667 0.350000
93 2.638000 0.503333 0.181333 0.906667
32 2.770333 0.495000 0.098000 0.376667
821 2.852333 0.503333 0.080667 0.566667
635 2.932000 0.510000 0.097333 0.400000
346 3.055333 0.491667 0.165333 0.476667
279 3.178333 0.488333 0.094000 0.523333
869 3.261333 0.506667 0.085333 0.486667
552 3.326333 0.505000 0.060667 0.376667
1002 3.371333 0.498333 0.046667 0.356667
338 3.455667 0.498333 0.140667 0.723333
138 3.552667 0.488333 0.070667 0.410000
408 3.625000 0.500000 0.094000 0.353333
490 3.702667 0.505000 0.081333 0.430000
935 3.751667 0.490000 0.035333 0.260000
298 3.805667 0.496667 0.091333 0.466667
917 3.865333 0.490000 0.041333 0.306667
827 3.936333 0.510000 0.115333 0.533333
833 4.035333 0.495000 0.098667 0.416667
639 4.111000 0.490000 0.072667 0.360000
133 4.197667 0.495000 0.118000 0.503333
902 4.325000 0.490000 0.151333 0.426667
240 4.427667 0.491667 0.067333 0.343333
857 4.541667 0.496667 0.179333 0.386667
1014 4.645333 0.490000 0.046667 0.360000
471 4.691333 0.510000 0.064000 0.333333
847 4.767000 0.493333 0.104667 0.340000
936 4.826667 0.510000 0.030667 0.253333
361 4.912333 0.506667 0.155333 0.413333
457 5.009667 0.493333 0.058000 0.340000
143 5.068667 0.488333 0.077333 0.410000
540 5.177667 0.501667 0.158000 0.636667
814 5.312000 0.493333 0.126667 0.360000
758 5.434000 0.498333 0.130667 0.376667
116 5.559333 0.501667 0.137333 0.410000
790 5.650333 0.496667 0.064667 0.386667
771 5.721000 0.493333 0.091333 0.473333
245 5.794333 0.493333 0.070000 0.293333
700 5.875333 0.501667 0.109333 0.430000
836 5.972000 0.493333 0.102667 0.426667
565 6.097333 0.495000 0.166667 0.363333
810 6.227333 0.491667 0.110667 0.463333
693 6.314000 0.501667 0.082667 0.403333
999 6.372000 0.498333 0.048000 0.356667
1013 6.414333 0.495000 0.050000 0.376667
651 6.545667 0.495000 0.230000 1.150000
622 6.748000 0.500000 0.189333 0.946667
290 6.908333 0.498333 0.150000 0.396667
702 7.046000 0.488333 0.144000 0.456667
850 7.158333 0.493333 0.094000 0.440000
659 7.245333 0.490000 0.100000 0.413333
46 7.307667 0.493333 0.044667 0.406667
248 7.370333 0.488333 0.098000 0.530000
324 7.473667 0.488333 0.126000 0.616667
4 7.583000 0.505000 0.106000 0.423333
629 7.693333 0.500000 0.133333 0.446667
431 7.805000 0.506667 0.108667 0.373333
538 7.937000 0.508333 0.170000 0.850000
812 8.078333 0.508333 0.126000 0.330000
596 8.204333 0.491667 0.140667 0.423333
85 8.307667 0.501667 0.083333 0.316667
607 8.400667 0.498333 0.121333 0.383333
588 8.504000 0.493333 0.104000 0.446667
166 8.602333 0.498333 0.111333 0.396667
678 8.705667 0.496667 0.110000 0.360000
452 8.792000 0.493333 0.076000 0.453333
386 8.928667 0.510000 0.214667 1.073333
926 9.048333 0.505000 0.044667 0.350000
621 9.087000 0.498333 0.050000 0.490000
961 9.119000 0.503333 0.034000 0.266667
970 9.151000 0.510000 0.050000 0.373333
134 9.211333 0.491667 0.085333 0.390000
834 9.289667 0.503333 0.088667 0.380000
264 9.387000 0.493333 0.120667 0.460000
192 9.547667 0.495000 0.220667 1.103333
76 9.727000 0.498333 0.152667 0.476667
294 9.898333 0.506667 0.208667 0.393333
986 10.014333 0.491667 0.038000 0.290000
692 10.071000 0.500000 0.088667 0.433333
688 10.146667 0.500000 0.077333 0.380000
731 10.210000 0.508333 0.069333 0.363333
409 10.294333 0.508333 0.115333 0.583333
710 10.430667 0.490000 0.174667 0.873333
655 10.550667 0.493333 0.082667 0.333333
263 10.651333 0.488333 0.133333 0.430000
177 10.768667 0.491667 0.114667 0.403333
43 10.874333 0.505000 0.111333 0.443333
489 10.953667 0.491667 0.063333 0.336667
720 11.055333 0.503333 0.158667 0.793333
533 11.178000 0.498333 0.106667 0.383333
732 11.261000 0.505000 0.076667 0.370000
923 11.315000 0.501667 0.046000 0.356667
327 11.393333 0.498333 0.126667 0.343333
105 11.549000 0.491667 0.198000 0.430000
593 11.729667 0.501667 0.182000 0.563333
390 11.891333 0.493333 0.158667 0.466667
142 12.015000 0.501667 0.102000 0.490000
823 12.106667 0.501667 0.094667 0.483333
315 12.204667 0.503333 0.117333 0.413333
748 12.311000 0.500000 0.112667 0.380000
638 12.408333 0.500000 0.099333 0.393333
293 12.498667 0.491667 0.094667 0.370000
198 12.593667 0.496667 0.110000 0.553333
556 12.696667 0.505000 0.114667 0.476667
200 12.793333 0.488333 0.094667 0.396667
977 12.847000 0.493333 0.030000 0.253333
791 12.896667 0.508333 0.085333 0.510000
429 12.973000 0.503333 0.083333 0.293333
786 13.038333 0.501667 0.062000 0.383333
641 13.107000 0.505000 0.090000 0.423333
322 13.188000 0.503333 0.092000 0.180000
246 13.304000 0.490000 0.153333 0.546667
438 13.452667 0.503333 0.161333 0.493333
203 13.581333 0.506667 0.116000 0.566667
581 13.679000 0.506667 0.094000 0.400000
3 13.752333 0.493333 0.068667 0.320000
155 13.821000 0.491667 0.088667 0.436667
395 13.927333 0.491667 0.141333 0.443333
652 14.085000 0.491667 0.192667 0.963333
704 14.236000 0.488333 0.125333 0.443333
743 14.337000 0.498333 0.096667 0.416667
243 14.465000 0.508333 0.178000 0.890000
514 14.606667 0.493333 0.121333 0.380000
995 14.677667 0.501667 0.034000 0.276667
577 14.731667 0.500000 0.090000 0.346667
188 14.820000 0.500000 0.100000 0.413333
585 14.936667 0.505000 0.152000 0.476667
1006 15.027000 0.493333 0.043333 0.353333
707 15.100000 0.510000 0.122667 0.506667
636 15.219333 0.505000 0.130667 0.310000
480 15.313000 0.510000 0.074000 0.440000
788 15.453333 0.506667 0.224000 1.120000
215 15.643667 0.508333 0.174000 0.870000
763 15.753667 0.508333 0.064667 0.490000
904 15.819000 0.491667 0.080667 0.423333
278 15.919667 0.501667 0.134000 0.416667
149 16.070667 0.508333 0.186667 0.476667
372 16.215000 0.506667 0.122000 0.380000
770 16.350667 0.490000 0.166667 0.833333
785 16.461000 0.498333 0.071333 0.310000
535 16.577333 0.505000 0.176000 0.403333
210 16.714667 0.501667 0.117333 0.536667
835 16.814333 0.501667 0.095333 0.396667
957 16.872667 0.505000 0.034667 0.276667
437 16.924667 0.498333 0.082667 0.370000
308 16.997667 0.495000 0.079333 0.443333
829 17.082333 0.508333 0.103333 0.476667
53 17.181000 0.505000 0.108667 0.376667
673 17.269333 0.510000 0.086667 0.320000
159 17.328667 0.505000 0.045333 0.363333
554 17.445333 0.493333 0.205333 1.026667
446 17.569333 0.500000 0.060000 0.340000
575 17.651000 0.501667 0.120667 0.396667
110 17.754000 0.495000 0.104000 0.363333
562 17.886000 0.491667 0.178667 0.370000
501 18.010667 0.496667 0.089333 0.433333
694 18.101667 0.491667 0.106000 0.523333
910 18.215000 0.498333 0.138000 0.496667
316 18.329000 0.495000 0.103333 0.376667
738 18.419333 0.488333 0.093333 0.450000
712 18.549667 0.488333 0.186000 0.930000
512 18.694333 0.503333 0.118000 0.386667
103 18.842000 0.505000 0.193333 0.416667
75 18.996667 0.496667 0.136000 0.433333
423 19.134333 0.498333 0.158000 0.530000
984 19.229667 0.508333 0.046000 0.343333
311 19.286333 0.505000 0.084667 0.363333
9 19.361667 0.490000 0.084667 0.373333
242 19.462667 0.491667 0.134667 0.516667
225 19.563667 0.508333 0.087333 0.416667
384 19.674000 0.490000 0.146667 0.400000
503 19.822333 0.503333 0.166000 0.433333
733 19.943333 0.501667 0.092000 0.536667
380 20.065667 0.508333 0.171333 0.856667
356 20.204667 0.503333 0.120000 0.333333
804 20.357667 0.491667 0.206000 1.030000
798 20.507667 0.488333 0.107333 0.390000
187 20.600000 0.500000 0.096000 0.393333
18 20.682333 0.506667 0.082000 0.300000
349 20.791667 0.508333 0.150000 0.430000
382 20.915667 0.500000 0.116667 0.313333
896 21.026667 0.503333 0.118667 0.340000
383 21.143333 0.505000 0.134667 0.363333
23 21.263667 0.495000 0.124667 0.356667
546 21.368333 0.488333 0.103333 0.376667
202 21.471000 0.496667 0.119333 0.480000
681 21.538333 0.496667 0.035333 0.320000
125 21.611333 0.510000 0.125333 0.533333
121 21.676000 0.500000 0.022667 0.340000
867 21.726667 0.498333 0.093333 0.336667
845 21.805667 0.491667 0.078000 0.376667
962 21.854667 0.508333 0.036000 0.263333
589 21.914000 0.501667 0.101333 0.436667
548 22.027667 0.493333 0.144667 0.466667
283 22.145333 0.496667 0.104000 0.360000
214 22.231000 0.488333 0.083333 0.410000
973 22.278667 0.491667 0.029333 0.243333
344 22.363000 0.510000 0.156667 0.433333
721 22.522667 0.496667 0.177333 0.886667
1010 22.623333 0.490000 0.040000 0.326667
219 22.689000 0.493333 0.106000 0.433333
929 22.752000 0.500000 0.037333 0.300000
648 22.812333 0.495000 0.099333 0.436667
971 22.869333 0.496667 0.032000 0.273333
642 22.929000 0.505000 0.100667 0.396667
392 23.035000 0.496667 0.124667 0.340000
353 23.167000 0.505000 0.155333 0.423333
484 23.283000 0.503333 0.094000 0.333333
111 23.374333 0.493333 0.104667 0.446667
981 23.437000 0.506667 0.034000 0.273333
181 23.510000 0.488333 0.128000 0.443333
307 23.599333 0.500000 0.065333 0.360000
893 23.699000 0.510000 0.150000 0.426667
532 23.815667 0.490000 0.102000 0.520000
88 23.947333 0.500000 0.180000 0.900000
849 24.081667 0.503333 0.102000 0.440000
919 24.155667 0.491667 0.062000 0.276667
288 24.236000 0.498333 0.116000 0.436667
663 24.345000 0.505000 0.120667 0.403333
716 24.501333 0.496667 0.206667 1.033333
368 24.671667 0.508333 0.152667 0.476667
557 24.780000 0.503333 0.081333 0.540000
260 24.892667 0.491667 0.160000 0.430000
983 24.986333 0.498333 0.040667 0.303333
757 25.057000 0.493333 0.115333 0.386667
217 25.168000 0.503333 0.121333 0.520000
237 25.251000 0.501667 0.062000 0.443333
458 25.310000 0.495000 0.072000 0.363333
487 25.369667 0.501667 0.063333 0.343333
334 25.463333 0.493333 0.138667 0.466667
528 25.594333 0.491667 0.140667 0.483333
201 25.715667 0.493333 0.119333 0.520000
980 25.788333 0.500000 0.042000 0.340000
478 25.833667 0.503333 0.066000 0.340000
952 25.876000 0.490000 0.038667 0.286667
898 25.946667 0.510000 0.117333 0.353333
950 26.014333 0.510000 0.035333 0.286667
1012 26.044333 0.493333 0.044667 0.353333
878 26.095333 0.495000 0.077333 0.390000
440 26.163667 0.495000 0.076667 0.403333
5 26.233667 0.488333 0.079333 0.350000
627 26.337000 0.490000 0.147333 0.500000
412 26.446333 0.501667 0.084667 0.423333
679 26.513333 0.505000 0.064000 0.396667
881 26.604667 0.496667 0.137333 0.460000
352 26.733667 0.506667 0.139333 0.400000
269 26.889000 0.491667 0.188667 0.603333
914 27.031000 0.496667 0.108667 0.320000
194 27.162000 0.500000 0.168000 0.840000
173 27.283667 0.493333 0.092667 0.420000
900 27.401333 0.490000 0.160000 0.433333
609 27.512000 0.493333 0.078667 0.326667
174 27.603333 0.505000 0.120000 0.423333
885 27.702000 0.493333 0.097333 0.453333
942 27.766333 0.495000 0.044667 0.330000
482 27.815000 0.505000 0.070000 0.363333
79 27.933333 0.496667 0.180000 0.900000
819 28.069333 0.495000 0.106667 0.350000
342 28.145667 0.498333 0.064667 0.303333
120 28.279667 0.491667 0.220667 1.103333
26 28.450667 0.505000 0.137333 0.470000
35 28.557000 0.503333 0.094000 0.306667
131 28.665333 0.501667 0.141333 0.543333
617 28.787667 0.490000 0.119333 0.486667
567 28.907333 0.503333 0.137333 0.566667
123 29.076333 0.501667 0.216667 1.083333
312 29.224333 0.501667 0.096667 0.350000
755 29.322333 0.500000 0.119333 0.360000
270 29.452000 0.493333 0.154667 0.773333
320 29.593000 0.508333 0.146000 0.443333
525 29.711000 0.493333 0.106000 0.333333
6 29.803333 0.506667 0.096000 0.400000
453 29.881333 0.495000 0.073333 0.436667
744 29.983000 0.500000 0.146000 0.606667
128 30.149000 0.505000 0.200667 1.003333
677 30.296000 0.505000 0.112000 0.410000
61 30.391667 0.491667 0.096667 0.490000
253 30.461667 0.496667 0.058000 0.520000
391 30.584000 0.506667 0.206667 1.033333
122 30.720000 0.498333 0.084000 0.290000
164 30.814333 0.493333 0.118000 0.420000
515 30.926667 0.491667 0.120000 0.410000
274 31.022333 0.505000 0.090000 0.423333
229 31.169333 0.510000 0.224000 1.120000
699 31.355333 0.491667 0.165333 0.456667
941 31.449333 0.500000 0.037333 0.293333
542 31.519333 0.508333 0.120000 0.450000
39 31.629667 0.510000 0.119333 0.453333
526 31.754667 0.495000 0.146667 0.390000
17 31.872333 0.491667 0.102000 0.343333
705 31.989000 0.506667 0.147333 0.480000
266 32.157000 0.495000 0.206000 1.030000
96 32.363333 0.503333 0.221333 1.106667
969 32.484000 0.506667 0.034667 0.273333
670 32.555333 0.503333 0.124000 0.473333
668 32.676000 0.495000 0.132000 0.450000
481 32.772667 0.506667 0.080000 0.413333
872 32.865333 0.488333 0.120000 0.330000
129 33.015333 0.493333 0.198667 0.993333
767 33.166667 0.506667 0.121333 0.346667
948 33.234667 0.488333 0.030667 0.250000
106 33.349333 0.508333 0.218667 0.463333
326 33.494333 0.510000 0.088667 0.406667
432 33.602667 0.498333 0.144000 0.283333
454 33.700667 0.495000 0.066667 0.396667
698 33.752667 0.500000 0.056000 0.293333
924 33.792667 0.493333 0.037333 0.286667
336 33.863667 0.505000 0.120667 0.570000
706 33.952333 0.496667 0.076667 0.386667
749 34.030667 0.498333 0.093333 0.396667
547 34.106667 0.505000 0.076000 0.423333
687 34.174333 0.488333 0.079333 0.390000
817 34.266333 0.505000 0.122000 0.416667
251 34.354333 0.500000 0.072667 0.413333
48 34.494000 0.503333 0.222667 1.113333
601 34.663000 0.493333 0.131333 0.400000
978 34.743333 0.490000 0.042667 0.320000
109 34.863667 0.490000 0.215333 0.473333
646 35.003667 0.490000 0.084667 0.386667
419 35.085000 0.491667 0.092667 0.450000
572 35.168000 0.493333 0.093333 0.386667
150 35.257667 0.501667 0.099333 0.390000
333 35.379667 0.498333 0.163333 0.356667
62 35.490000 0.503333 0.077333 0.373333
994 35.539333 0.498333 0.034667 0.263333
701 35.630667 0.490000 0.162667 0.486667
330 35.749333 0.496667 0.094667 0.360000
531 35.897000 0.498333 0.216667 1.083333
411 36.089667 0.491667 0.186000 0.370000
553 36.226667 0.500000 0.104000 0.360000
50 36.339000 0.490000 0.135333 0.433333
853 36.461667 0.503333 0.127333 0.526667
77 36.570333 0.506667 0.107333 0.266667
813 36.692000 0.495000 0.152000 0.436667
58 36.791000 0.505000 0.060667 0.270000
434 36.859000 0.503333 0.091333 0.313333
30 36.955000 0.493333 0.116667 0.346667
387 37.062667 0.501667 0.113333 0.336667
1017 37.131333 0.506667 0.040000 0.293333
162 37.198667 0.508333 0.108000 0.390000
276 37.267333 0.490000 0.048000 0.286667
300 37.317667 0.505000 0.068667 0.216667
230 37.393667 0.498333 0.100667 0.390000
220 37.482667 0.501667 0.097333 0.396667
756 37.594667 0.498333 0.140000 0.410000
292 37.715333 0.495000 0.114667 0.456667
809 37.818000 0.505000 0.104000 0.536667
870 37.888333 0.505000 0.051333 0.263333
968 37.924333 0.495000 0.039333 0.290000
925 37.955667 0.495000 0.043333 0.310000
592 38.041333 0.500000 0.146667 0.426667
906 38.165333 0.510000 0.121333 0.366667
426 38.241333 0.496667 0.044000 0.293333
591 38.319333 0.506667 0.128000 0.366667
954 38.395667 0.501667 0.043333 0.330000
901 38.469000 0.498333 0.119333 0.330000
784 38.547667 0.491667 0.055333 0.443333
367 38.648000 0.510000 0.165333 0.826667
883 38.805333 0.503333 0.164000 0.820000
226 38.938000 0.501667 0.116000 0.483333
859 39.042333 0.496667 0.110000 0.333333
208 39.139667 0.498333 0.104667 0.430000
439 39.231333 0.501667 0.093333 0.383333
862 39.309000 0.510000 0.079333 0.373333
963 39.359667 0.500000 0.035333 0.280000
590 39.440333 0.490000 0.144667 0.486667
945 39.521667 0.500000 0.034000 0.280000
863 39.578000 0.500000 0.094667 0.453333
996 39.639333 0.495000 0.041333 0.316667
56 39.689000 0.500000 0.074000 0.106667
223 39.771000 0.498333 0.107333 0.476667
752 39.860000 0.493333 0.085333 0.233333
618 39.929000 0.498333 0.072667 0.470000
505 39.995667 0.500000 0.075333 0.313333
545 40.083000 0.508333 0.114000 0.410000
855 40.165333 0.493333 0.068000 0.173333
568 40.246333 0.493333 0.114000 0.573333
486 40.337000 0.491667 0.083333 0.430000
277 40.408000 0.508333 0.073333 0.350000
1015 40.456333 0.505000 0.038000 0.290000
443 40.501000 0.500000 0.071333 0.366667
1021 40.553000 0.508333 0.046000 0.350000
918 40.622667 0.500000 0.108000 0.346667
664 40.715667 0.506667 0.096667 0.326667
262 40.803000 0.496667 0.098000 0.486667
275 40.872000 0.491667 0.056000 0.310000
376 40.948333 0.508333 0.114000 0.303333
222 41.045667 0.490000 0.098000 0.406667
563 41.172667 0.498333 0.173333 0.356667
399 41.316667 0.500000 0.130667 0.446667
171 41.487667 0.491667 0.227333 1.136667
154 41.634000 0.496667 0.084000 0.433333
418 41.710000 0.506667 0.086667 0.420000
115 41.778000 0.503333 0.066667 0.333333
477 41.832333 0.503333 0.058000 0.300000
524 41.921667 0.506667 0.138000 0.440000
888 42.058000 0.496667 0.150667 0.466667
805 42.212667 0.495000 0.177333 0.516667
573 42.332000 0.501667 0.074667 0.296667
807 42.445000 0.508333 0.167333 0.836667
236 42.577667 0.488333 0.114000 0.563333
335 42.681000 0.506667 0.108667 0.386667
393 42.800000 0.505000 0.146667 0.403333
830 42.927000 0.508333 0.120667 0.496667
92 43.087667 0.500000 0.216667 0.460000
252 43.260000 0.496667 0.145333 0.586667
420 43.373000 0.491667 0.100667 0.376667
737 43.442000 0.488333 0.056000 0.356667
840 43.501667 0.495000 0.083333 0.403333
272 43.612333 0.488333 0.155333 0.450000
1001 43.705000 0.488333 0.047333 0.343333
212 43.832333 0.488333 0.227333 1.136667
689 43.977667 0.488333 0.083333 0.410000
114 44.054667 0.510000 0.088000 0.440000
776 44.168667 0.503333 0.157333 0.413333
401 44.284333 0.488333 0.088667 0.490000
806 44.410667 0.503333 0.177333 0.886667
884 44.551000 0.508333 0.116667 0.410000
511 44.661667 0.508333 0.120667 0.376667
519 44.767667 0.506667 0.107333 0.353333
124 44.866333 0.496667 0.104667 0.373333
373 44.989667 0.498333 0.158000 0.436667
261 45.153667 0.491667 0.190000 0.950000
745 45.277667 0.500000 0.076667 0.306667
615 45.372000 0.506667 0.130667 0.580000
371 45.490000 0.495000 0.120000 0.363333
921 45.576333 0.493333 0.067333 0.393333
197 45.646667 0.510000 0.093333 0.473333
697 45.713667 0.491667 0.056667 0.283333
989 45.756667 0.505000 0.049333 0.363333
729 45.787000 0.493333 0.024667 0.360000
221 45.856333 0.498333 0.131333 0.530000
966 45.936333 0.501667 0.046000 0.350000
284 46.018667 0.498333 0.134667 0.490000
351 46.154000 0.505000 0.153333 0.423333
741 46.274000 0.501667 0.102667 0.363333
965 46.332333 0.508333 0.034000 0.270000
684 46.403667 0.490000 0.127333 0.453333
750 46.504667 0.500000 0.092000 0.346667
289 46.641000 0.491667 0.195333 0.376667
905 46.794000 0.495000 0.124000 0.396667
536 46.956333 0.488333 0.216667 1.083333
897 47.135667 0.505000 0.155333 0.443333
63 47.262333 0.495000 0.112667 0.396667
728 47.344667 0.505000 0.072000 0.623333
873 47.413000 0.500000 0.079333 0.353333
347 47.519000 0.491667 0.150000 0.463333
886 47.642333 0.491667 0.112667 0.390000
132 47.735667 0.495000 0.091333 0.376667
939 47.789667 0.503333 0.035333 0.273333
476 47.838667 0.498333 0.077333 0.430000
946 47.890000 0.510000 0.042667 0.333333
543 47.975000 0.490000 0.142000 0.473333
179 48.082000 0.501667 0.089333 0.343333
566 48.184667 0.496667 0.129333 0.533333
216 48.295000 0.510000 0.111333 0.540000
156 48.403333 0.508333 0.120000 0.350000
586 48.539333 0.510000 0.172000 0.860000
422 48.676000 0.488333 0.118667 0.436667
87 48.811333 0.496667 0.172000 0.366667
309 48.921667 0.500000 0.063333 0.360000
71 48.982000 0.496667 0.077333 0.413333
1004 49.033000 0.493333 0.038000 0.286667
303 49.083000 0.500000 0.075333 0.420000
907 49.176667 0.503333 0.125333 0.413333
302 49.259333 0.493333 0.057333 0.320000
244 49.359000 0.493333 0.156667 0.420000
997 49.446000 0.506667 0.034667 0.266667
113 49.493667 0.503333 0.079333 0.400000
228 49.565000 0.493333 0.080667 0.380000
808 49.649000 0.493333 0.106000 0.386667
860 49.800333 0.501667 0.216667 0.523333
594 49.962667 0.508333 0.125333 0.376667
140 50.099000 0.491667 0.162000 0.810000
858 50.227333 0.505000 0.109333 0.350000
927 50.300667 0.510000 0.053333 0.380000
661 50.368333 0.506667 0.095333 0.326667
818 50.474000 0.495000 0.129333 0.443333
474 50.574333 0.493333 0.086000 0.433333
938 50.632667 0.488333 0.044000 0.343333
656 50.716333 0.498333 0.140667 0.370000
582 50.871667 0.505000 0.183333 0.916667
848 51.020333 0.495000 0.132667 0.396667
825 51.128667 0.491667 0.098667 0.476667
760 51.226333 0.498333 0.115333 0.383333
708 51.318667 0.488333 0.086667 0.350000
686 51.408333 0.496667 0.107333 0.526667
690 51.490667 0.503333 0.074667 0.366667
13 51.581667 0.496667 0.120667 0.386667
647 51.677667 0.491667 0.086000 0.443333
176 51.761333 0.503333 0.098667 0.360000
1005 51.818333 0.506667 0.032667 0.253333
83 51.870667 0.490000 0.086667 0.400000
449 51.944333 0.508333 0.079333 0.416667
691 52.020333 0.490000 0.092667 0.453333
69 52.100000 0.501667 0.086667 0.436667
549 52.181000 0.496667 0.091333 0.306667
354 52.275667 0.498333 0.118000 0.343333
81 52.380000 0.490000 0.109333 0.446667
441 52.455333 0.501667 0.057333 0.343333
70 52.551333 0.506667 0.150667 0.513333
47 52.670333 0.490000 0.103333 0.493333
599 52.772333 0.503333 0.116667 0.353333
828 52.866667 0.488333 0.086667 0.390000
195 52.952667 0.510000 0.104000 0.460000
789 53.024000 0.498333 0.058667 0.363333
675 53.093000 0.508333 0.099333 0.323333
510 53.193667 0.510000 0.116667 0.440000
891 53.265333 0.491667 0.044000 0.243333
296 53.322333 0.493333 0.090000 0.340000
34 53.425333 0.503333 0.134667 0.433333
916 53.593000 0.501667 0.215333 1.076667
1 53.729000 0.495000 0.070000 0.363333
98 53.875333 0.491667 0.236000 0.510000
735 54.038333 0.506667 0.108667 0.426667
1009 54.107667 0.506667 0.046000 0.360000
740 54.187000 0.491667 0.126000 0.290000
912 54.294000 0.505000 0.102667 0.436667
803 54.399667 0.490000 0.122000 0.353333
385 54.557667 0.488333 0.211333 1.056667
908 54.707667 0.505000 0.103333 0.390000
117 54.825333 0.488333 0.152000 0.450000
421 54.975000 0.510000 0.167333 0.533333
357 55.128000 0.496667 0.156000 0.413333
144 55.255333 0.503333 0.113333 0.520000
676 55.355000 0.498333 0.102000 0.330000
304 55.437667 0.498333 0.082000 0.463333
27 55.541333 0.493333 0.141333 0.480000
91 55.717000 0.510000 0.226000 0.480000
944 55.843667 0.495000 0.047333 0.356667
982 55.881667 0.491667 0.044667 0.350000
258 55.943000 0.500000 0.096667 0.360000
268 56.058667 0.495000 0.154667 0.476667
151 56.170000 0.488333 0.084000 0.403333
168 56.252000 0.488333 0.096000 0.343333
584 56.364667 0.496667 0.145333 0.426667
473 56.469000 0.488333 0.076667 0.456667
329 56.612667 0.500000 0.225333 1.126667
265 56.776667 0.503333 0.121333 0.466667
974 56.850667 0.491667 0.040000 0.330000
86 56.907667 0.510000 0.092667 0.393333
7 57.002667 0.506667 0.113333 0.380000
516 57.106667 0.510000 0.110667 0.366667
67 57.263667 0.506667 0.216667 0.480000
802 57.442333 0.501667 0.155333 0.323333
332 57.624000 0.496667 0.221333 0.506667
551 57.792333 0.506667 0.130000 0.393333
464 57.894667 0.508333 0.088000 0.450000
964 57.951000 0.498333 0.042000 0.350000
753 58.025000 0.503333 0.124667 0.460000
459 58.111333 0.496667 0.064000 0.333333
19 58.193667 0.510000 0.119333 0.420000
611 58.298000 0.493333 0.105333 0.420000
147 58.390333 0.495000 0.092667 0.410000
287 58.490000 0.508333 0.122667 0.463333
1008 58.565667 0.501667 0.043333 0.336667
207 58.624000 0.495000 0.092000 0.383333
580 58.730000 0.491667 0.133333 0.323333
469 58.820333 0.508333 0.066000 0.363333
413 58.951667 0.491667 0.211333 1.056667
259 59.105667 0.506667 0.110000 0.546667
36 59.198000 0.488333 0.090667 0.316667
695 59.318333 0.503333 0.166000 0.480000
130 59.488667 0.488333 0.194667 0.396667
42 59.610000 0.488333 0.068000 0.390000
435 59.664333 0.488333 0.059333 0.310000
190 59.730667 0.503333 0.089333 0.360000
175 59.823000 0.505000 0.110000 0.410000
620 59.980333 0.501667 0.220667 1.103333
751 60.135333 0.488333 0.108000 0.436667
466 60.225667 0.490000 0.088667 0.453333
160 60.304333 0.488333 0.084667 0.450000
761 60.415333 0.493333 0.157333 0.460000
846 60.542667 0.505000 0.110667 0.450000
494 60.622333 0.510000 0.067333 0.326667
100 60.732000 0.496667 0.166667 0.833333
879 60.879333 0.490000 0.145333 0.466667
369 61.056667 0.506667 0.226667 1.133333
424 61.222667 0.490000 0.125333 0.400000
669 61.336333 0.510000 0.122000 0.380000
874 61.429333 0.510000 0.082667 0.400000
509 61.532667 0.506667 0.140000 0.440000
709 61.655333 0.493333 0.120000 0.500000
152 61.749667 0.505000 0.086000 0.430000
507 61.810000 0.496667 0.054667 0.306667
11 61.872667 0.510000 0.088000 0.320000
517 61.955000 0.498333 0.094000 0.296667
718 62.095333 0.500000 0.204000 1.020000
947 62.209667 0.510000 0.043333 0.366667
448 62.255000 0.501667 0.066000 0.390000
513 62.344000 0.493333 0.126667 0.413333
725 62.450000 0.503333 0.100000 0.426667
10 62.555000 0.500000 0.123333 0.453333
218 62.672667 0.493333 0.128000 0.520000
662 62.771000 0.488333 0.087333 0.330000
44 62.872333 0.508333 0.130000 0.516667
614 63.005333 0.505000 0.153333 0.390000
462 63.113000 0.506667 0.075333 0.380000
456 63.170667 0.510000 0.060000 0.340000
381 63.248667 0.493333 0.116000 0.333333
483 63.329333 0.495000 0.058667 0.323333
323 63.455333 0.503333 0.213333 1.066667
657 63.595000 0.508333 0.083333 0.356667
82 63.670000 0.500000 0.086667 0.600000
633 63.822000 0.505000 0.234667 0.650000
436 63.988333 0.496667 0.118000 0.293333
374 64.116000 0.506667 0.154667 0.773333
341 64.231000 0.506667 0.095333 0.433333
569 64.311000 0.505000 0.080667 0.330000
658 64.376667 0.503333 0.069333 0.413333
887 64.463333 0.490000 0.122667 0.420000
254 64.578333 0.503333 0.120667 0.453333
366 64.692667 0.498333 0.124000 0.370000
903 64.826667 0.496667 0.162667 0.460000
754 64.959333 0.490000 0.122667 0.600000
932 65.032667 0.505000 0.042667 0.336667
40 65.099000 0.503333 0.108667 0.360000
759 65.215000 0.510000 0.143333 0.413333
38 65.327000 0.498333 0.094000 0.336667
172 65.413000 0.490000 0.095333 0.353333
325 65.513667 0.503333 0.120667 0.420000
161 65.634667 0.503333 0.134667 0.480000
937 65.712333 0.491667 0.039333 0.296667
747 65.782000 0.488333 0.120000 0.523333
574 65.881000 0.503333 0.094000 0.380000
414 66.027333 0.510000 0.218667 1.093333
520 66.181000 0.508333 0.106000 0.356667
603 66.318000 0.493333 0.181333 0.906667
64 66.441333 0.500000 0.078667 0.433333
328 66.573667 0.491667 0.203333 0.450000
608 66.709000 0.508333 0.086000 0.296667
769 66.814667 0.506667 0.140000 0.413333
680 66.929667 0.493333 0.108667 0.373333
955 66.994000 0.495000 0.037333 0.290000
1022 67.026000 0.501667 0.041333 0.303333
667 67.093667 0.508333 0.114000 0.376667
285 67.203667 0.506667 0.123333 0.400000
97 67.348000 0.490000 0.184000 0.393333
854 67.526000 0.508333 0.192000 0.636667
145 67.673000 0.506667 0.115333 0.500000
378 67.800667 0.505000 0.158667 0.470000
1000 67.887667 0.496667 0.035333 0.260000
60 67.944667 0.508333 0.093333 0.383333
206 68.079000 0.491667 0.191333 0.956667
255 68.236000 0.496667 0.140000 0.540000
205 68.360000 0.488333 0.121333 0.496667
631 68.487333 0.490000 0.146667 0.480000
0 68.577667 0.488333 0.052667 0.403333
762 68.641000 0.500000 0.091333 0.400000
291 68.751000 0.491667 0.144667 0.556667
856 68.882333 0.491667 0.134000 0.330000
196 68.980000 0.501667 0.081333 0.410000
350 69.086667 0.505000 0.149333 0.430000
139 69.187333 0.498333 0.069333 0.403333
792 69.274333 0.505000 0.118000 0.483333
167 69.428667 0.510000 0.209333 1.046667
595 69.578000 0.508333 0.106667 0.323333
51 69.671333 0.496667 0.093333 0.333333
811 69.779333 0.508333 0.142667 0.323333
726 69.883000 0.493333 0.083333 0.433333
340 69.971000 0.491667 0.106000 0.330000
430 70.074667 0.493333 0.114667 0.486667
518 70.172333 0.500000 0.099333 0.326667
640 70.245333 0.506667 0.062667 0.313333
602 70.332333 0.490000 0.126000 0.386667
527 70.457667 0.496667 0.139333 0.440000
14 70.576333 0.508333 0.112667 0.356667
822 70.676667 0.496667 0.104000 0.313333
388 70.799000 0.510000 0.158000 0.433333
843 70.977000 0.491667 0.212667 1.063333
286 71.131000 0.498333 0.115333 0.423333
880 71.225667 0.491667 0.094000 0.343333
24 71.314000 0.510000 0.101333 0.346667
727 71.393667 0.500000 0.071333 0.373333
78 71.513000 0.491667 0.184667 0.923333
247 71.653333 0.488333 0.112000 0.430000
404 71.751333 0.501667 0.102667 0.516667
191 71.839000 0.510000 0.090000 0.453333
781 71.909667 0.491667 0.067333 0.343333
232 71.990667 0.496667 0.113333 0.453333
445 72.075667 0.508333 0.071333 0.370000
234 72.157333 0.508333 0.105333 0.456667
555 72.220000 0.495000 0.034667 0.350000
1011 72.252000 0.496667 0.042667 0.306667
29 72.329000 0.496667 0.128667 0.353333
539 72.425333 0.510000 0.080000 0.380000
80 72.513667 0.488333 0.110000 0.556667
282 72.629667 0.503333 0.135333 0.486667
447 72.725000 0.495000 0.074000 0.410000
178 72.813667 0.493333 0.123333 0.433333
405 72.924667 0.498333 0.113333 0.436667
460 73.010667 0.505000 0.074667 0.416667
169 73.088667 0.488333 0.097333 0.376667
463 73.166667 0.500000 0.077333 0.393333
931 73.216333 0.510000 0.039333 0.306667
793 73.270000 0.503333 0.086667 0.353333
775 73.341667 0.501667 0.075333 0.370000
65 73.416000 0.490000 0.086667 0.220000
170 73.505000 0.490000 0.107333 0.386667
634 73.593667 0.490000 0.087333 0.366667
496 73.685333 0.505000 0.116000 0.476667
348 73.801000 0.495000 0.135333 0.363333
112 73.959333 0.506667 0.201333 1.006667
630 74.142667 0.496667 0.180000 0.900000
852 74.263000 0.490000 0.080667 0.333333
724 74.333333 0.490000 0.078667 0.340000
185 74.421000 0.495000 0.115333 0.563333
985 74.492667 0.506667 0.041333 0.333333
600 74.554000 0.505000 0.100000 0.303333
911 74.647667 0.505000 0.107333 0.436667
485 74.727333 0.500000 0.069333 0.360000
975 74.771333 0.508333 0.036000 0.270000
73 74.851667 0.500000 0.144667 0.440000
337 74.996667 0.500000 0.161333 0.806667
250 75.132667 0.510000 0.130667 0.620000
559 75.230667 0.491667 0.080000 0.390000
394 75.368000 0.493333 0.213333 1.066667
400 75.490000 0.505000 0.050667 0.383333
31 75.578667 0.496667 0.142667 0.426667
837 75.703333 0.490000 0.121333 0.520000
1023 75.776000 0.510000 0.044000 0.340000
616 75.880333 0.506667 0.178000 0.486667
967 75.978667 0.490000 0.037333 0.273333
450 76.023667 0.495000 0.071333 0.383333
157 76.126333 0.496667 0.151333 0.613333
280 76.257667 0.503333 0.126000 0.406667
889 76.387667 0.488333 0.152667 0.470000
273 76.479333 0.510000 0.045333 0.300000
137 76.525333 0.506667 0.060000 0.293333
987 76.568000 0.490000 0.038667 0.306667
84 76.624333 0.503333 0.092667 0.260000
281 76.727000 0.506667 0.132667 0.453333
619 76.844667 0.506667 0.118667 0.606667
305 76.931333 0.490000 0.073333 0.413333
319 77.000333 0.508333 0.084667 0.303333
550 77.073000 0.498333 0.075333 0.376667
920 77.157667 0.498333 0.110000 0.396667
343 77.263000 0.500000 0.119333 0.320000
21 77.362000 0.508333 0.098667 0.316667
998 77.421333 0.510000 0.037333 0.306667
561 77.504000 0.503333 0.144000 0.300000
824 77.613000 0.503333 0.087333 0.426667
271 77.721667 0.506667 0.148667 0.473333
33 77.835667 0.508333 0.098000 0.316667
508 77.921000 0.490000 0.087333 0.440000
364 78.055000 0.498333 0.196667 0.496667
465 78.171333 0.491667 0.056000 0.296667
451 78.226333 0.510000 0.068667 0.346667
768 78.285000 0.495000 0.063333 0.150000
949 78.327333 0.491667 0.040000 0.310000
444 78.376000 0.493333 0.072000 0.420000
571 78.449333 0.496667 0.094667 0.413333
267 78.564333 0.490000 0.151333 0.480000
165 78.692000 0.496667 0.124000 0.466667
1020 78.772000 0.496667 0.050667 0.366667
1016 78.811000 0.493333 0.042000 0.313333
313 78.875667 0.503333 0.100667 0.340000
297 78.955667 0.495000 0.079333 0.410000
895 79.067000 0.491667 0.162000 0.810000
184 79.186000 0.490000 0.093333 0.473333
899 79.305667 0.501667 0.160667 0.423333
583 79.411000 0.503333 0.063333 0.433333
943 79.450667 0.503333 0.034667 0.273333
118 79.503333 0.508333 0.084000 0.343333
682 79.582667 0.501667 0.094667 0.350000
797 79.665000 0.493333 0.088667 0.320000
398 79.746333 0.501667 0.091333 0.490000
665 79.830667 0.501667 0.094667 0.310000
637 79.904000 0.498333 0.070667 0.356667
224 79.975000 0.496667 0.091333 0.386667
578 80.061333 0.501667 0.100000 0.383333
871 80.132000 0.500000 0.060000 0.280000
107 80.270000 0.505000 0.233333 0.510000
370 80.460000 0.501667 0.160000 0.496667
794 80.569667 0.505000 0.072667 0.443333
632 80.692333 0.493333 0.187333 0.613333
238 80.843667 0.488333 0.134000 0.516667
934 80.923000 0.508333 0.038000 0.283333
831 80.990000 0.498333 0.114667 0.563333
841 81.087000 0.510000 0.094000 0.453333
988 81.143667 0.510000 0.035333 0.293333
314 81.206000 0.495000 0.108000 0.370000
104 81.349333 0.490000 0.194667 0.420000
722 81.501667 0.503333 0.130000 0.380000
772 81.639667 0.498333 0.159333 0.796667
815 81.766667 0.510000 0.109333 0.393333
492 81.854333 0.501667 0.084667 0.383333
844 81.948333 0.490000 0.123333 0.506667
213 82.059000 0.503333 0.116667 0.473333
407 82.171000 0.490000 0.120667 0.473333
579 82.296333 0.491667 0.147333 0.443333
209 82.419667 0.490000 0.116667 0.473333
355 82.541333 0.495000 0.145333 0.430000
135 82.676333 0.508333 0.142000 0.416667
158 82.834667 0.500000 0.190667 0.953333
522 82.973667 0.505000 0.107333 0.363333
199 83.070333 0.491667 0.103333 0.416667
461 83.154333 0.505000 0.083333 0.456667
866 83.298667 0.490000 0.218667 1.093333
875 83.483333 0.491667 0.169333 0.423333
765 83.603333 0.491667 0.090667 0.423333
625 83.732333 0.490000 0.180667 0.606667
491 83.859000 0.510000 0.088667 0.426667
990 83.911333 0.490000 0.034667 0.260000
45 83.958000 0.510000 0.073333 0.366667
235 84.045000 0.508333 0.118000 0.556667
1007 84.116333 0.503333 0.039333 0.320000
560 84.202333 0.498333 0.151333 0.456667
239 84.318000 0.505000 0.094667 0.576667
529 84.401667 0.493333 0.092667 0.400000
796 84.500000 0.510000 0.117333 0.413333
359 84.617333 0.500000 0.134667 0.413333
119 84.727333 0.490000 0.100000 0.593333
654 84.849000 0.491667 0.156667 0.783333
406 84.972333 0.488333 0.106000 0.410000
890 85.067667 0.501667 0.102000 0.496667
99 85.195333 0.496667 0.172000 0.860000
764 85.309000 0.501667 0.070000 0.376667
8 85.385333 0.488333 0.097333 0.336667
389 85.512667 0.503333 0.173333 0.866667
777 85.635333 0.498333 0.086667 0.370000
339 85.706667 0.508333 0.074667 0.396667
241 85.786333 0.488333 0.099333 0.543333
506 85.847333 0.496667 0.037333 0.420000
587 85.961333 0.500000 0.208000 1.040000
800 86.095667 0.500000 0.079333 0.320000
544 86.167667 0.493333 0.083333 0.300000
623 86.289667 0.491667 0.175333 0.876667
397 86.409333 0.491667 0.080000 0.323333
417 86.490333 0.496667 0.100667 0.486667
472 86.570000 0.495000 0.076000 0.450000
365 86.677333 0.495000 0.156000 0.456667
660 86.793333 0.500000 0.094667 0.346667
605 86.913000 0.506667 0.163333 0.426667
598 87.054667 0.498333 0.133333 0.403333
497 87.186000 0.490000 0.148000 0.380000
233 87.364000 0.493333 0.226667 1.133333
54 87.498667 0.496667 0.060000 0.340000
782 87.581000 0.493333 0.118000 0.573333
671 87.694667 0.498333 0.128000 0.443333
894 87.812000 0.503333 0.121333 0.366667
604 87.933333 0.491667 0.137333 0.423333
211 88.049000 0.503333 0.114000 0.513333
991 88.114333 0.488333 0.035333 0.290000
842 88.168000 0.506667 0.088000 0.360000
295 88.255000 0.508333 0.103333 0.443333
331 88.401667 0.498333 0.206000 1.030000
922 88.513667 0.501667 0.038000 0.283333
16 88.587000 0.508333 0.123333 0.396667
396 88.729667 0.491667 0.176667 0.883333
940 88.829667 0.498333 0.036667 0.283333
256 88.901667 0.506667 0.123333 0.426667
626 89.030000 0.498333 0.146667 0.496667
534 89.149000 0.501667 0.108667 0.430000
101 89.307000 0.506667 0.226000 0.493333
993 89.430333 0.496667 0.036667 0.273333
696 89.510000 0.505000 0.141333 0.323333
832 89.636333 0.500000 0.126000 0.506667
703 89.805333 0.506667 0.225333 1.126667
779 89.927667 0.490000 0.039333 0.386667
613 90.023667 0.501667 0.170000 0.423333
15 90.153667 0.503333 0.107333 0.346667
958 90.221000 0.493333 0.046000 0.353333
345 90.314000 0.506667 0.158667 0.440000
410 90.434667 0.498333 0.100000 0.443333
25 90.544667 0.490000 0.133333 0.480000
402 90.682667 0.490000 0.157333 0.413333
666 90.798333 0.490000 0.088667 0.340000
787 90.865333 0.491667 0.064000 0.390000
839 90.941667 0.498333 0.106000 0.456667
310 91.017667 0.488333 0.064667 0.363333
301 91.074000 0.508333 0.068000 0.376667
606 91.167000 0.496667 0.134000 0.406667
193 91.286333 0.501667 0.120667 0.496667
861 91.360000 0.490000 0.046667 0.360000
479 91.413667 0.501667 0.080667 0.410000
801 91.492333 0.498333 0.096667 0.390000
180 91.593333 0.506667 0.121333 0.460000
838 91.696667 0.488333 0.100000 0.410000
425 91.792000 0.490000 0.109333 0.633333
427 91.901667 0.498333 0.127333 0.603333
358 92.021000 0.508333 0.124667 0.323333
249 92.101333 0.508333 0.052000 0.410000
68 92.189000 0.510000 0.136667 0.386667
183 92.293333 0.498333 0.085333 0.423333
783 92.379667 0.508333 0.103333 0.570000
28 92.467000 0.508333 0.087333 0.323333
530 92.557000 0.491667 0.110000 0.503333
72 92.653333 0.490000 0.097333 0.473333
379 92.809333 0.503333 0.228000 1.140000
953 92.929333 0.506667 0.032000 0.253333
956 92.957333 0.506667 0.038667 0.293333
299 93.014000 0.493333 0.093333 0.366667
730 93.107667 0.493333 0.114000 0.460000
909 93.209333 0.503333 0.109333 0.473333
685 93.302000 0.506667 0.092000 0.373333
182 93.438000 0.496667 0.196000 0.980000
455 93.563000 0.508333 0.067333 0.403333
711 93.687667 0.491667 0.196667 0.536667
20 93.841667 0.493333 0.127333 0.420000
146 93.930667 0.508333 0.069333 0.363333
864 94.009000 0.498333 0.104667 0.416667
778 94.088000 0.491667 0.072000 0.476667
992 94.140333 0.493333 0.047333 0.346667
713 94.250000 0.506667 0.189333 0.493333
495 94.378333 0.501667 0.080667 0.423333
22 94.463667 0.508333 0.110000 0.370000
612 94.588667 0.496667 0.154667 0.773333
57 94.689667 0.491667 0.062000 0.316667
498 94.743333 0.491667 0.061333 0.390000
766 94.836333 0.503333 0.144667 0.426667
717 95.012667 0.510000 0.225333 1.126667
723 95.172000 0.506667 0.106667 0.366667
773 95.303333 0.493333 0.176000 0.880000
499 95.411000 0.501667 0.056667 0.343333
851 95.481000 0.500000 0.102000 0.420000
89 95.615000 0.498333 0.183333 0.916667
59 95.787667 0.501667 0.178000 0.890000
403 95.938333 0.505000 0.138000 0.390000
227 96.048000 0.506667 0.096000 0.400000
719 96.199333 0.503333 0.221333 1.106667
360 96.378333 0.488333 0.156667 0.430000
628 96.539000 0.490000 0.182000 0.606667
12 96.671333 0.503333 0.102667 0.360000
597 96.774000 0.503333 0.122667 0.373333
415 96.903333 0.500000 0.156000 0.780000
163 97.020667 0.490000 0.098667 0.360000
362 97.121000 0.495000 0.119333 0.343333
570 97.211333 0.493333 0.077333 0.333333
55 97.303333 0.495000 0.125333 0.330000
537 97.437000 0.495000 0.160667 0.803333
649 97.550667 0.488333 0.081333 0.456667
643 97.634000 0.508333 0.105333 0.383333
816 97.747333 0.496667 0.138667 0.506667
37 97.874333 0.501667 0.134000 0.423333
564 98.022333 0.491667 0.178000 0.383333
928 98.125667 0.506667 0.043333 0.340000
742 98.253667 0.501667 0.226000 1.130000
470 98.390333 0.501667 0.064667 0.350000
108 98.507333 0.506667 0.185333 0.926667
49 98.695333 0.510000 0.206667 1.033333
1003 98.804667 0.505000 0.032000 0.250000
644 98.852333 0.501667 0.079333 0.350000
74 98.940667 0.498333 0.116000 0.363333
780 99.053667 0.508333 0.123333 0.356667
979 99.130333 0.506667 0.043333 0.353333
876 99.212333 0.498333 0.136667 0.363333
714 99.344333 0.508333 0.144667 0.463333
892 99.492667 0.510000 0.168000 0.480000
558 99.608000 0.500000 0.082667 0.406667
930 99.660333 0.495000 0.042000 0.310000
1019 99.693667 0.506667 0.038000 0.300000
877 99.750667 0.496667 0.093333 0.460000
375 99.844000 0.501667 0.109333 0.316667
467 99.923000 0.491667 0.062000 0.310000
951 99.967667 0.505000 0.042000 0.323333
153 100.017667 0.506667 0.075333 0.340000
868 100.093000 0.496667 0.088667 0.500000
204 100.182333 0.498333 0.108667 0.496667
521 100.309333 0.506667 0.158667 0.420000
500 100.422000 0.500000 0.080000 0.373333
41 100.531333 0.503333 0.158667 0.453333
488 100.647000 0.508333 0.092667 0.463333
683 100.744000 0.503333 0.120000 0.366667
363 100.875667 0.495000 0.158000 0.423333
610 101.002000 0.505000 0.109333 0.336667
624 101.133667 0.495000 0.171333 0.583333
90 101.288000 0.493333 0.154667 0.773333
734 101.457333 0.505000 0.204000 0.530000
231 101.596000 0.496667 0.093333 0.386667
416 101.671000 0.491667 0.075333 0.363333
523 101.754667 0.490000 0.112000 0.360000
715 101.896667 0.506667 0.185333 0.926667
52 102.045000 0.488333 0.127333 0.450000
672 102.145333 0.505000 0.089333 0.330000
915 102.219000 0.495000 0.078000 0.630000
504 102.307000 0.488333 0.118000 0.336667
257 102.417000 0.490000 0.118000 0.360000
141 102.504667 0.505000 0.077333 0.323333
475 102.564000 0.490000 0.058667 0.306667
674 102.633333 0.506667 0.096000 0.333333
650 102.744000 0.490000 0.140000 0.460000
502 102.851000 0.498333 0.094000 0.423333
976 102.910667 0.495000 0.040000 0.290000
933 102.940000 0.501667 0.037333 0.296667
377 103.016667 0.503333 0.132000 0.360000
960 103.096667 0.500000 0.045333 0.353333
102 103.222667 0.510000 0.221333 0.473333
318 103.377667 0.488333 0.104667 0.476667
774 103.451667 0.490000 0.062000 0.326667
2 103.512333 0.488333 0.078000 0.363333
126 103.597000 0.493333 0.107333 0.360000
645 103.680000 0.496667 0.074667 0.346667
493 103.752333 0.493333 0.088667 0.460000
433 103.860000 0.493333 0.142667 0.313333
468 103.963000 0.506667 0.076667 0.393333
94 104.092667 0.506667 0.200000 0.426667
799 104.239000 0.500000 0.111333 0.406667
795 104.324000 0.498333 0.072000 0.430000
