1 0.040000 0.496667 0.073333 0.380000
992 0.085333 0.501667 0.037333 0.270000
139 0.127333 0.510000 0.065333 0.380000
213 0.215333 0.505000 0.125333 0.516667
256 0.323333 0.503333 0.108000 0.406667
797 0.427333 0.510000 0.116000 0.466667
309 0.509000 0.503333 0.063333 0.360000
366 0.594333 0.510000 0.126000 0.373333
224 0.709000 0.488333 0.118000 0.476667
602 0.826333 0.496667 0.136667 0.420000
711 0.986667 0.500000 0.198667 0.993333
927 1.101667 0.490000 0.046000 0.346667
395 1.186333 0.500000 0.136667 0.366667
42 1.277333 0.498333 0.060000 0.336667
60 1.343333 0.508333 0.086667 0.363333
794 1.419000 0.505000 0.084667 0.516667
889 1.512000 0.495000 0.116000 0.443333
745 1.604667 0.508333 0.084000 0.316667
117 1.692667 0.488333 0.112000 0.330000
484 1.800333 0.488333 0.120667 0.450000
804 1.921333 0.498333 0.136000 0.430000
740 2.055667 0.505000 0.152667 0.350000
17 2.186333 0.510000 0.123333 0.400000
463 2.283667 0.500000 0.088667 0.453333
517 2.381667 0.491667 0.120667 0.396667
516 2.483667 0.495000 0.096667 0.316667
185 2.572667 0.498333 0.096000 0.456667
923 2.634333 0.508333 0.040667 0.310000
2 2.683333 0.496667 0.076000 0.366667
659 2.755667 0.501667 0.084667 0.343333
29 2.844667 0.506667 0.112000 0.320000
141 2.937333 0.508333 0.092000 0.443333
331 3.081333 0.490000 0.214667 0.500000
528 3.230667 0.496667 0.102667 0.346667
944 3.289000 0.506667 0.032667 0.273333
821 3.343333 0.490000 0.096000 0.686667
149 3.491667 0.508333 0.218000 1.090000
784 3.622333 0.488333 0.060667 0.476667
428 3.689333 0.503333 0.088000 0.573333
25 3.793000 0.491667 0.132667 0.470000
904 3.882000 0.496667 0.060000 0.293333
974 3.926667 0.493333 0.042667 0.306667
770 4.009667 0.505000 0.138000 0.416667
339 4.106333 0.503333 0.074000 0.386667
730 4.194333 0.503333 0.122000 0.433333
102 4.336667 0.490000 0.182667 0.913333
357 4.482333 0.493333 0.128667 0.360000
152 4.575000 0.508333 0.074000 0.336667
359 4.667000 0.496667 0.127333 0.360000
993 4.743333 0.506667 0.041333 0.300000
164 4.804333 0.495000 0.096667 0.336667
971 4.860333 0.506667 0.035333 0.266667
387 4.944333 0.490000 0.146000 0.406667
471 5.040333 0.500000 0.059333 0.353333
959 5.083333 0.491667 0.042667 0.330000
953 5.114000 0.501667 0.034667 0.290000
400 5.153000 0.500000 0.058000 0.533333
716 5.263333 0.490000 0.178667 0.893333
307 5.376333 0.491667 0.060667 0.336667
791 5.438000 0.501667 0.076000 0.450000
703 5.524333 0.491667 0.115333 0.390000
580 5.660667 0.510000 0.172000 0.406667
629 5.822333 0.488333 0.166000 0.830000
540 5.993667 0.493333 0.195333 0.766667
150 6.147000 0.500000 0.130000 0.513333
677 6.254000 0.498333 0.098667 0.316667
210 6.344333 0.503333 0.099333 0.473333
907 6.440000 0.500000 0.112000 0.406667
932 6.502667 0.498333 0.033333 0.270000
873 6.564333 0.506667 0.107333 0.473333
188 6.655333 0.493333 0.092000 0.366667
548 6.755667 0.510000 0.123333 0.453333
945 6.827333 0.493333 0.033333 0.266667
346 6.916667 0.490000 0.158667 0.793333
107 7.072000 0.498333 0.172000 0.363333
417 7.189333 0.488333 0.078667 0.383333
248 7.260000 0.510000 0.080000 0.426667
156 7.378000 0.491667 0.170667 0.536667
559 7.495333 0.501667 0.082667 0.403333
949 7.549000 0.496667 0.042000 0.340000
857 7.655333 0.506667 0.190667 0.433333
186 7.803333 0.496667 0.118667 0.600000
909 7.891667 0.508333 0.076667 0.336667
169 7.971333 0.501667 0.100000 0.376667
53 8.063000 0.491667 0.098000 0.343333
353 8.162000 0.508333 0.120000 0.330000
264 8.285000 0.501667 0.140667 0.543333
776 8.422000 0.491667 0.148000 0.356667
613 8.597667 0.501667 0.223333 1.116667
1015 8.723667 0.501667 0.047333 0.356667
646 8.785000 0.501667 0.094000 0.423333
214 8.868000 0.510000 0.086667 0.360000
288 8.952000 0.495000 0.098667 0.376667
976 9.010333 0.491667 0.035333 0.270000
963 9.041000 0.501667 0.039333 0.323333
372 9.114667 0.495000 0.124000 0.370000
871 9.204667 0.490000 0.072000 0.333333
54 9.259333 0.498333 0.052000 0.303333
830 9.322333 0.505000 0.088667 0.443333
232 9.408000 0.505000 0.101333 0.430000
994 9.474333 0.495000 0.047333 0.350000
492 9.529333 0.495000 0.076000 0.410000
815 9.631000 0.501667 0.140667 0.463333
846 9.752333 0.503333 0.118000 0.486667
77 9.864667 0.501667 0.121333 0.303333
356 9.983333 0.510000 0.136000 0.413333
863 10.093667 0.500000 0.102000 0.486667
897 10.202333 0.503333 0.135333 0.373333
447 10.293667 0.501667 0.067333 0.363333
337 10.449333 0.503333 0.261333 0.526667
881 10.624000 0.495000 0.102667 0.343333
663 10.715000 0.500000 0.099333 0.326667
631 10.842000 0.501667 0.174667 0.576667
601 10.984667 0.508333 0.130667 0.390000
515 11.108667 0.493333 0.136000 0.440000
847 11.218667 0.488333 0.101333 0.303333
710 11.340333 0.495000 0.162000 0.810000
334 11.489667 0.491667 0.151333 0.496667
18 11.600667 0.500000 0.088000 0.313333
913 11.685000 0.488333 0.098000 0.296667
15 11.779000 0.493333 0.104667 0.360000
483 11.862333 0.490000 0.078000 0.413333
113 11.994667 0.490000 0.206667 1.033333
85 12.140333 0.488333 0.102000 0.436667
576 12.229667 0.505000 0.090000 0.356667
853 12.317667 0.506667 0.100667 0.480000
272 12.444333 0.490000 0.166000 0.486667
641 12.560000 0.506667 0.081333 0.380000
280 12.651333 0.495000 0.116000 0.423333
371 12.766000 0.491667 0.130667 0.356667
742 12.893000 0.496667 0.138000 0.566667
419 12.994000 0.496667 0.078667 0.380000
162 13.073000 0.495000 0.098000 0.363333
855 13.149333 0.498333 0.074667 0.196667
431 13.234667 0.500000 0.110667 0.373333
504 13.339000 0.500000 0.114000 0.333333
735 13.450667 0.508333 0.129333 0.510000
119 13.548333 0.500000 0.079333 0.460000
187 13.629667 0.488333 0.098000 0.396667
808 13.717333 0.501667 0.090667 0.330000
116 13.822667 0.505000 0.134667 0.423333
773 13.962667 0.505000 0.165333 0.510000
376 14.110000 0.501667 0.145333 0.430000
282 14.221667 0.488333 0.098000 0.336667
437 14.309667 0.488333 0.096667 0.483333
712 14.438333 0.488333 0.178000 0.890000
235 14.580667 0.488333 0.125333 0.510000
207 14.691000 0.493333 0.110000 0.486667
179 14.788333 0.498333 0.099333 0.363333
820 14.866667 0.505000 0.076000 0.310000
384 14.949667 0.510000 0.108667 0.293333
423 15.064000 0.505000 0.134667 0.416667
255 15.181333 0.508333 0.113333 0.436667
1000 15.253000 0.488333 0.047333 0.350000
436 15.329000 0.500000 0.124667 0.333333
448 15.429000 0.498333 0.088667 0.456667
40 15.523000 0.503333 0.118000 0.446667
230 15.635000 0.498333 0.123333 0.483333
159 15.706667 0.508333 0.040000 0.323333
55 15.778667 0.490000 0.122667 0.293333
284 15.882333 0.495000 0.104667 0.376667
840 15.968000 0.510000 0.080000 0.393333
393 16.055667 0.510000 0.114000 0.326667
358 16.213333 0.506667 0.214667 1.073333
292 16.366000 0.505000 0.104000 0.396667
63 16.465333 0.505000 0.114667 0.410000
34 16.573333 0.493333 0.116000 0.380000
671 16.684667 0.498333 0.120000 0.416667
858 16.803000 0.503333 0.131333 0.406667
81 16.920000 0.500000 0.122667 0.500000
606 17.024000 0.498333 0.105333 0.316667
674 17.125000 0.503333 0.114000 0.380000
252 17.245000 0.491667 0.142000 0.576667
24 17.377333 0.498333 0.141333 0.476667
440 17.479000 0.500000 0.078000 0.400000
49 17.595667 0.493333 0.170000 0.846667
917 17.690000 0.510000 0.036000 0.253333
71 17.728667 0.496667 0.056000 0.313333
831 17.792667 0.495000 0.085333 0.396667
609 17.859333 0.491667 0.068000 0.283333
203 17.953667 0.508333 0.135333 0.550000
104 18.110333 0.498333 0.195333 0.976667
333 18.293000 0.505000 0.186000 0.416667
211 18.445333 0.488333 0.137333 0.550000
983 18.529000 0.505000 0.047333 0.343333
841 18.594333 0.508333 0.096667 0.456667
877 18.680667 0.488333 0.094667 0.470000
645 18.756333 0.501667 0.076667 0.350000
1011 18.809667 0.510000 0.043333 0.320000
64 18.850333 0.506667 0.051333 0.286667
781 18.898667 0.506667 0.060000 0.306667
942 18.937667 0.501667 0.031333 0.263333
526 19.030667 0.501667 0.169333 0.470000
796 19.163333 0.496667 0.112000 0.380000
990 19.228667 0.505000 0.036000 0.270000
533 19.305333 0.501667 0.136000 0.463333
951 19.384667 0.498333 0.040000 0.310000
70 19.475000 0.490000 0.159333 0.600000
414 19.645333 0.503333 0.197333 0.986667
769 19.805333 0.491667 0.137333 0.403333
955 19.887000 0.496667 0.042000 0.320000
402 19.986667 0.510000 0.176000 0.453333
579 20.150000 0.495000 0.170667 0.503333
544 20.281333 0.493333 0.108000 0.406667
512 20.378667 0.493333 0.102667 0.333333
451 20.468000 0.500000 0.089333 0.453333
972 20.526667 0.500000 0.046667 0.353333
322 20.594000 0.496667 0.104000 0.213333
673 20.705667 0.501667 0.132667 0.423333
647 20.797667 0.506667 0.066000 0.326667
861 20.849000 0.501667 0.052667 0.410000
813 20.926000 0.488333 0.118667 0.416667
163 21.038000 0.493333 0.120000 0.433333
99 21.176000 0.505000 0.174667 0.376667
715 21.357667 0.495000 0.204667 1.023333
619 21.497333 0.505000 0.090667 0.456667
23 21.598667 0.505000 0.125333 0.356667
373 21.711000 0.496667 0.115333 0.346667
836 21.816000 0.490000 0.110667 0.520000
552 21.893333 0.495000 0.058667 0.410000
542 21.971000 0.506667 0.116667 0.453333
470 22.057333 0.510000 0.076000 0.446667
538 22.183333 0.501667 0.190667 0.443333
103 22.371333 0.503333 0.205333 1.026667
592 22.552000 0.510000 0.173333 0.553333
1001 22.649333 0.491667 0.041333 0.323333
474 22.688000 0.501667 0.054667 0.330000
860 22.806333 0.491667 0.202000 0.563333
807 22.979333 0.503333 0.162667 0.813333
430 23.117333 0.495000 0.126667 0.536667
39 23.239667 0.488333 0.131333 0.443333
324 23.366333 0.496667 0.140667 0.693333
244 23.498667 0.491667 0.142667 0.376667
391 23.649333 0.503333 0.177333 0.886667
622 23.820333 0.500000 0.184667 0.613333
1019 23.921667 0.500000 0.035333 0.266667
803 24.000000 0.495000 0.136000 0.396667
323 24.140667 0.503333 0.160000 0.800000
374 24.268333 0.491667 0.112667 0.330000
154 24.352000 0.505000 0.074667 0.343333
88 24.483333 0.503333 0.206667 0.440000
617 24.622000 0.496667 0.084000 0.353333
556 24.703000 0.496667 0.091333 0.366667
263 24.812667 0.493333 0.145333 0.466667
342 24.925000 0.495000 0.096667 0.423333
240 24.998333 0.500000 0.063333 0.320000
597 25.090667 0.493333 0.137333 0.413333
106 25.239667 0.488333 0.180667 0.903333
762 25.357000 0.501667 0.068667 0.303333
782 25.436000 0.500000 0.108000 0.513333
100 25.575667 0.505000 0.188667 0.943333
27 25.726667 0.505000 0.128000 0.430000
320 25.842333 0.495000 0.123333 0.376667
491 25.948000 0.508333 0.104000 0.510000
958 26.012667 0.491667 0.044000 0.323333
721 26.108667 0.503333 0.166667 0.500000
321 26.240667 0.495000 0.112000 0.463333
147 26.328000 0.505000 0.076000 0.343333
157 26.426667 0.493333 0.134667 0.546667
956 26.505667 0.503333 0.038000 0.293333
670 26.573333 0.510000 0.116000 0.393333
639 26.655333 0.488333 0.065333 0.323333
351 26.734000 0.496667 0.109333 0.333333
936 26.797667 0.493333 0.036667 0.280000
338 26.862667 0.495000 0.113333 0.583333
259 27.006333 0.498333 0.187333 0.936667
984 27.111667 0.488333 0.042000 0.330000
511 27.184000 0.503333 0.120000 0.393333
569 27.291000 0.501667 0.110000 0.456667
455 27.375000 0.488333 0.076667 0.450000
302 27.446667 0.510000 0.081333 0.453333
123 27.526667 0.506667 0.097333 0.573333
175 27.628333 0.490000 0.123333 0.453333
441 27.724000 0.498333 0.084000 0.436667
687 27.799333 0.505000 0.081333 0.396667
444 27.865333 0.506667 0.065333 0.386667
885 27.936667 0.493333 0.093333 0.393333
643 28.017000 0.505000 0.084667 0.310000
624 28.140333 0.498333 0.182000 0.910000
957 28.244333 0.505000 0.039333 0.303333
883 28.338333 0.508333 0.162000 0.810000
22 28.463000 0.493333 0.107333 0.360000
6 28.567000 0.506667 0.115333 0.413333
275 28.645667 0.508333 0.055333 0.356667
83 28.713333 0.493333 0.093333 0.460000
297 28.782667 0.495000 0.064000 0.343333
124 28.863333 0.508333 0.110667 0.410000
427 28.960333 0.491667 0.099333 0.463333
422 29.050667 0.496667 0.097333 0.353333
554 29.159667 0.495000 0.139333 0.383333
732 29.262333 0.496667 0.082000 0.393333
604 29.355667 0.505000 0.118000 0.356667
289 29.507000 0.490000 0.198000 0.380000
161 29.665667 0.503333 0.132667 0.500000
74 29.801000 0.488333 0.154000 0.483333
143 29.908000 0.498333 0.073333 0.356667
627 30.028333 0.498333 0.183333 0.916667
965 30.132000 0.493333 0.044000 0.360000
1007 30.164000 0.490000 0.034667 0.293333
1009 30.190333 0.505000 0.038000 0.296667
291 30.261000 0.508333 0.123333 0.483333
131 30.364667 0.503333 0.097333 0.386667
924 30.425667 0.496667 0.040667 0.326667
939 30.457667 0.498333 0.042000 0.336667
662 30.518000 0.493333 0.092000 0.346667
868 30.591000 0.508333 0.070000 0.396667
717 30.693000 0.503333 0.150000 0.393333
318 30.796333 0.500000 0.076667 0.380000
999 30.847667 0.495000 0.046000 0.343333
168 30.926000 0.503333 0.128000 0.446667
783 31.033667 0.490000 0.103333 0.546667
729 31.093333 0.493333 0.036000 0.413333
1023 31.126333 0.491667 0.043333 0.343333
38 31.195000 0.508333 0.110000 0.343333
488 31.276000 0.496667 0.068000 0.340000
94 31.411000 0.500000 0.218000 0.473333
505 31.544000 0.503333 0.066667 0.280000
293 31.607000 0.498333 0.074000 0.283333
365 31.711333 0.493333 0.148000 0.466667
973 31.797000 0.496667 0.043333 0.340000
941 31.833667 0.491667 0.047333 0.356667
684 31.908333 0.508333 0.122000 0.410000
361 32.043000 0.508333 0.163333 0.483333
205 32.167000 0.508333 0.100667 0.510000
566 32.263667 0.501667 0.110000 0.463333
705 32.366667 0.488333 0.110667 0.370000
194 32.466667 0.503333 0.108000 0.546667
838 32.559333 0.496667 0.097333 0.400000
578 32.642333 0.496667 0.084667 0.353333
563 32.766333 0.500000 0.180667 0.373333
522 32.896333 0.500000 0.096667 0.306667
623 33.011000 0.495000 0.150000 0.496667
870 33.104333 0.500000 0.052667 0.273333
679 33.162333 0.503333 0.083333 0.500000
675 33.255333 0.488333 0.118667 0.383333
382 33.404333 0.498333 0.194000 0.970000
970 33.518667 0.498333 0.048000 0.363333
33 33.586667 0.508333 0.108000 0.356667
894 33.710000 0.498333 0.158667 0.423333
925 33.798333 0.510000 0.034000 0.266667
413 33.858333 0.505000 0.103333 0.436667
109 33.980000 0.496667 0.158667 0.793333
494 34.094000 0.505000 0.084000 0.383333
603 34.236000 0.506667 0.218667 1.093333
640 34.376333 0.505000 0.082000 0.410000
267 34.483000 0.503333 0.151333 0.493333
120 34.627333 0.493333 0.154667 0.773333
45 34.727667 0.495000 0.063333 0.316667
785 34.795000 0.508333 0.086000 0.363333
899 34.908000 0.503333 0.157333 0.440000
668 35.023000 0.503333 0.091333 0.326667
768 35.102000 0.496667 0.082667 0.180000
44 35.195000 0.510000 0.116667 0.473333
480 35.283000 0.505000 0.078000 0.423333
952 35.337667 0.490000 0.050000 0.373333
752 35.395333 0.500000 0.080000 0.220000
587 35.494667 0.495000 0.133333 0.410000
151 35.586333 0.500000 0.068667 0.353333
349 35.726333 0.505000 0.230000 1.150000
91 35.932667 0.506667 0.198667 0.993333
308 36.062333 0.508333 0.080667 0.456667
245 36.128000 0.505000 0.066667 0.323333
1021 36.176000 0.498333 0.042667 0.316667
513 36.238000 0.505000 0.100000 0.316667
209 36.317333 0.501667 0.078667 0.396667
890 36.407667 0.498333 0.118000 0.476667
279 36.507667 0.508333 0.096667 0.550000
507 36.579667 0.505000 0.066000 0.383333
567 36.660000 0.495000 0.114667 0.470000
937 36.730333 0.503333 0.044667 0.346667
938 36.762000 0.496667 0.037333 0.320000
900 36.849333 0.493333 0.157333 0.786667
101 37.027333 0.490000 0.212000 1.060000
1006 37.143000 0.495000 0.034000 0.270000
916 37.249333 0.496667 0.198667 0.993333
247 37.376333 0.500000 0.072667 0.353333
982 37.428000 0.510000 0.048000 0.360000
605 37.512667 0.503333 0.137333 0.386667
547 37.605000 0.500000 0.060667 0.326667
901 37.688000 0.500000 0.120000 0.360000
753 37.810333 0.488333 0.143333 0.536667
250 37.953000 0.488333 0.158000 0.776667
599 38.087333 0.508333 0.126667 0.403333
315 38.205000 0.488333 0.126000 0.463333
75 38.330667 0.510000 0.144000 0.440000
570 38.448333 0.500000 0.107333 0.453333
975 38.510667 0.501667 0.034667 0.256667
236 38.576667 0.495000 0.117333 0.590000
799 38.678000 0.508333 0.104000 0.383333
183 38.769667 0.490000 0.095333 0.480000
78 38.912000 0.501667 0.205333 0.470000
197 39.067667 0.493333 0.119333 0.513333
832 39.180333 0.503333 0.122000 0.500000
340 39.284000 0.498333 0.101333 0.303333
817 39.385000 0.505000 0.114000 0.376667
964 39.450333 0.501667 0.035333 0.276667
326 39.505000 0.500000 0.087333 0.400000
713 39.637333 0.496667 0.196000 0.520000
300 39.765333 0.488333 0.076000 0.243333
1012 39.815667 0.508333 0.039333 0.296667
523 39.897333 0.500000 0.140000 0.440000
490 39.993333 0.496667 0.069333 0.413333
644 40.053667 0.495000 0.070000 0.336667
181 40.151000 0.496667 0.144667 0.480000
607 40.282333 0.510000 0.132667 0.406667
518 40.395000 0.500000 0.112667 0.386667
764 40.475333 0.496667 0.061333 0.333333
986 40.516667 0.505000 0.038667 0.276667
59 40.603667 0.496667 0.150000 0.380000
454 40.705333 0.488333 0.073333 0.383333
155 40.769333 0.490000 0.073333 0.386667
514 40.854667 0.501667 0.117333 0.370000
503 40.979667 0.495000 0.151333 0.423333
418 41.086000 0.508333 0.081333 0.396667
461 41.156000 0.500000 0.074667 0.380000
313 41.244333 0.488333 0.116667 0.456667
695 41.388000 0.505000 0.186667 0.490000
824 41.518667 0.490000 0.090667 0.400000
788 41.621333 0.488333 0.134667 0.370000
802 41.770667 0.505000 0.184000 0.390000
128 41.926667 0.488333 0.148000 0.430000
878 42.037667 0.491667 0.091333 0.470000
714 42.150000 0.501667 0.146667 0.403333
834 42.262000 0.495000 0.093333 0.423333
864 42.354333 0.493333 0.110000 0.440000
498 42.424667 0.496667 0.050667 0.313333
653 42.526333 0.508333 0.170000 0.850000
985 42.620000 0.508333 0.033333 0.256667
896 42.702000 0.490000 0.150667 0.400000
195 42.815333 0.503333 0.089333 0.393333
13 42.895667 0.493333 0.090000 0.300000
1022 42.954333 0.508333 0.042000 0.323333
699 43.049667 0.493333 0.164667 0.460000
408 43.176667 0.508333 0.109333 0.410000
969 43.240000 0.488333 0.037333 0.290000
412 43.293333 0.490000 0.086667 0.433333
856 43.422333 0.498333 0.184667 0.450000
722 43.566333 0.488333 0.120667 0.363333
328 43.695667 0.508333 0.154000 0.403333
5 43.804333 0.505000 0.079333 0.350000
774 43.877000 0.491667 0.083333 0.423333
121 43.921667 0.488333 0.023333 0.423333
459 43.959667 0.500000 0.067333 0.400000
1010 44.009000 0.495000 0.044667 0.323333
73 44.087333 0.488333 0.130667 0.430000
720 44.252000 0.503333 0.213333 1.066667
667 44.406333 0.500000 0.112667 0.400000
843 44.506667 0.490000 0.108000 0.473333
368 44.608000 0.501667 0.110667 0.343333
173 44.711333 0.498333 0.110667 0.496667
206 44.810667 0.495000 0.106667 0.443333
865 44.913000 0.490000 0.111333 0.380000
759 45.033333 0.495000 0.145333 0.456667
196 45.145333 0.505000 0.093333 0.443333
633 45.294333 0.501667 0.222000 1.110000
93 45.492333 0.500000 0.188667 0.400000
4 45.624667 0.491667 0.090667 0.390000
741 45.706000 0.503333 0.090667 0.320000
810 45.789667 0.493333 0.090000 0.406667
508 45.859000 0.503333 0.067333 0.406667
568 45.945333 0.495000 0.125333 0.630000
460 46.038000 0.501667 0.077333 0.396667
854 46.155333 0.496667 0.172000 0.513333
683 46.329000 0.505000 0.194000 0.970000
227 46.476667 0.496667 0.120000 0.520000
266 46.604000 0.503333 0.152000 0.473333
92 46.763667 0.508333 0.183333 0.376667
534 46.900000 0.501667 0.105333 0.450000
253 46.962667 0.510000 0.038667 0.393333
66 47.024000 0.510000 0.100000 0.640000
833 47.111333 0.498333 0.088000 0.430000
341 47.178000 0.495000 0.065333 0.263333
672 47.250667 0.508333 0.093333 0.316667
954 47.305000 0.500000 0.035333 0.280000
243 47.414667 0.490000 0.198667 0.993333
608 47.552333 0.495000 0.090000 0.330000
317 47.634333 0.498333 0.090000 0.323333
921 47.698667 0.498333 0.057333 0.336667
545 47.760333 0.488333 0.083333 0.323333
305 47.826000 0.500000 0.066667 0.380000
228 47.892333 0.505000 0.083333 0.396667
682 47.965333 0.510000 0.082667 0.313333
555 48.016000 0.496667 0.032000 0.320000
249 48.057667 0.491667 0.070000 0.556667
112 48.155333 0.495000 0.138667 0.463333
96 48.293333 0.503333 0.156000 0.780000
140 48.413333 0.490000 0.101333 0.486667
294 48.540667 0.496667 0.172000 0.860000
943 48.639667 0.503333 0.043333 0.333333
144 48.706667 0.510000 0.108000 0.486667
165 48.813333 0.490000 0.118667 0.453333
316 48.913667 0.498333 0.096667 0.343333
910 49.014333 0.500000 0.118000 0.400000
87 49.180667 0.490000 0.228000 1.140000
581 49.335000 0.506667 0.099333 0.453333
886 49.454667 0.510000 0.156000 0.780000
638 49.571333 0.505000 0.090667 0.363333
231 49.661667 0.501667 0.106000 0.536667
403 49.795667 0.493333 0.179333 0.493333
530 49.922333 0.495000 0.094000 0.470000
746 50.016667 0.493333 0.113333 0.353333
476 50.094667 0.491667 0.060000 0.323333
922 50.139000 0.505000 0.043333 0.336667
658 50.184000 0.510000 0.060000 0.353333
660 50.260333 0.493333 0.106000 0.366667
536 50.399000 0.491667 0.184667 0.923333
859 50.532333 0.490000 0.096667 0.273333
749 50.621333 0.501667 0.094667 0.390000
201 50.709667 0.493333 0.102000 0.413333
9 50.800667 0.503333 0.096000 0.393333
432 50.909667 0.491667 0.135333 0.270000
478 51.003333 0.496667 0.069333 0.360000
700 51.097333 0.501667 0.132000 0.523333
386 51.218333 0.508333 0.127333 0.363333
219 51.338667 0.495000 0.129333 0.516667
260 51.464667 0.503333 0.142667 0.406667
800 51.582333 0.510000 0.106000 0.393333
960 51.648000 0.491667 0.038667 0.323333
114 51.706333 0.490000 0.096667 0.473333
635 51.787000 0.495000 0.084667 0.350000
1008 51.838667 0.488333 0.036000 0.270000
36 51.915667 0.510000 0.135333 0.453333
823 52.019000 0.501667 0.086000 0.370000
401 52.102667 0.491667 0.098667 0.550000
456 52.177333 0.490000 0.070667 0.360000
19 52.253667 0.488333 0.098000 0.350000
775 52.328000 0.496667 0.070667 0.346667
273 52.387000 0.510000 0.063333 0.366667
380 52.490667 0.498333 0.157333 0.443333
79 52.667667 0.498333 0.215333 1.076667
442 52.801333 0.498333 0.070667 0.363333
709 52.928667 0.500000 0.201333 1.006667
50 53.075333 0.510000 0.112000 0.340000
184 53.230333 0.508333 0.218000 1.090000
987 53.348333 0.496667 0.038000 0.300000
620 53.428333 0.508333 0.136667 0.576667
95 53.589333 0.500000 0.200000 1.000000
946 53.701333 0.491667 0.041333 0.336667
748 53.762667 0.501667 0.098667 0.343333
669 53.870333 0.510000 0.134000 0.460000
329 54.009333 0.510000 0.158667 0.533333
20 54.136000 0.490000 0.108000 0.346667
750 54.231667 0.500000 0.096667 0.360000
166 54.335333 0.498333 0.126667 0.470000
851 54.436333 0.500000 0.094000 0.380000
575 54.520000 0.490000 0.090667 0.293333
304 54.585000 0.500000 0.059333 0.333333
734 54.683667 0.496667 0.158000 0.433333
450 54.779000 0.506667 0.051333 0.293333
590 54.874667 0.495000 0.160000 0.536667
876 55.017000 0.493333 0.143333 0.353333
285 55.131000 0.508333 0.099333 0.323333
457 55.202333 0.505000 0.060667 0.363333
665 55.270000 0.493333 0.093333 0.353333
86 55.356333 0.488333 0.092667 0.410000
766 55.454000 0.500000 0.122667 0.360000
812 55.565000 0.506667 0.114000 0.293333
649 55.665667 0.488333 0.103333 0.556667
420 55.763000 0.498333 0.110000 0.403333
929 55.833000 0.493333 0.048667 0.353333
89 55.935667 0.498333 0.174000 0.870000
281 56.073667 0.506667 0.122000 0.420000
931 56.149000 0.508333 0.044667 0.330000
688 56.210667 0.493333 0.092000 0.453333
610 56.309333 0.495000 0.118667 0.363333
869 56.399333 0.490000 0.074667 0.480000
11 56.474667 0.490000 0.089333 0.293333
31 56.574333 0.500000 0.127333 0.366667
510 56.714333 0.508333 0.168667 0.843333
751 56.841667 0.503333 0.099333 0.433333
330 56.934667 0.491667 0.104000 0.403333
303 57.009333 0.500000 0.065333 0.366667
269 57.133000 0.503333 0.200667 0.606667
686 57.265667 0.490000 0.080667 0.400000
61 57.337000 0.490000 0.076667 0.386667
506 57.383000 0.503333 0.030000 0.333333
988 57.411000 0.491667 0.043333 0.330000
519 57.479667 0.498333 0.110000 0.383333
475 57.555667 0.498333 0.058000 0.310000
51 57.634333 0.510000 0.112667 0.380000
41 57.759000 0.503333 0.155333 0.460000
398 57.866667 0.510000 0.077333 0.413333
981 57.919000 0.501667 0.047333 0.363333
758 58.002333 0.490000 0.132667 0.386667
125 58.106667 0.488333 0.089333 0.430000
979 58.158667 0.510000 0.034667 0.273333
57 58.192667 0.500000 0.050667 0.206667
560 58.314000 0.500000 0.205333 1.026667
495 58.451000 0.498333 0.087333 0.383333
3 58.537333 0.498333 0.098667 0.450000
445 58.607333 0.501667 0.060000 0.310000
666 58.685667 0.503333 0.115333 0.413333
394 58.844333 0.491667 0.219333 1.096667
893 59.056000 0.496667 0.221333 1.106667
158 59.221667 0.491667 0.128667 0.456667
67 59.382000 0.500000 0.209333 0.446667
1016 59.497667 0.498333 0.035333 0.263333
727 59.544667 0.490000 0.073333 0.340000
1004 59.588667 0.496667 0.032000 0.266667
215 59.664333 0.501667 0.132667 0.530000
577 59.774667 0.490000 0.101333 0.400000
591 59.887333 0.503333 0.142667 0.433333
335 60.018667 0.503333 0.140000 0.473333
880 60.137667 0.490000 0.114000 0.380000
862 60.221667 0.488333 0.068667 0.310000
425 60.287667 0.501667 0.078000 0.436667
920 60.375667 0.493333 0.111333 0.433333
48 60.511333 0.500000 0.177333 0.886667
301 60.626667 0.495000 0.072000 0.410000
296 60.694667 0.508333 0.078667 0.303333
546 60.778667 0.503333 0.108000 0.440000
286 60.874000 0.508333 0.101333 0.376667
728 60.952333 0.490000 0.070000 0.606667
787 61.016667 0.503333 0.074667 0.460000
790 61.077333 0.491667 0.062667 0.363333
535 61.182667 0.505000 0.162667 0.403333
995 61.272000 0.508333 0.036000 0.276667
611 61.316333 0.510000 0.071333 0.300000
630 61.429667 0.505000 0.172667 0.863333
262 61.564000 0.491667 0.113333 0.576667
756 61.674667 0.500000 0.125333 0.400000
718 61.803333 0.493333 0.150667 0.453333
352 61.931667 0.505000 0.120667 0.370000
167 62.049333 0.503333 0.128000 0.486667
723 62.169000 0.491667 0.131333 0.456667
737 62.248333 0.488333 0.044667 0.330000
989 62.281000 0.505000 0.039333 0.290000
693 62.343333 0.506667 0.100000 0.493333
225 62.463333 0.490000 0.160000 0.800000
222 62.589333 0.500000 0.112000 0.460000
842 62.693667 0.491667 0.116667 0.576667
246 62.826333 0.490000 0.167333 0.593333
837 62.959667 0.500000 0.116667 0.500000
835 63.055667 0.503333 0.092667 0.400000
115 63.118667 0.490000 0.053333 0.313333
172 63.201000 0.496667 0.126000 0.446667
809 63.318000 0.493333 0.121333 0.626667
233 63.435333 0.488333 0.130667 0.536667
204 63.555667 0.488333 0.126000 0.516667
757 63.669000 0.498333 0.120667 0.376667
615 63.816333 0.488333 0.187333 0.936667
598 63.960667 0.501667 0.116000 0.350000
593 64.073667 0.506667 0.126000 0.366667
827 64.187000 0.491667 0.118000 0.490000
439 64.284667 0.506667 0.097333 0.380000
290 64.400333 0.496667 0.154000 0.406667
789 64.502333 0.495000 0.068667 0.416667
360 64.597667 0.501667 0.136667 0.396667
482 64.697000 0.488333 0.076667 0.390000
685 64.766333 0.510000 0.080667 0.306667
866 64.894667 0.496667 0.192000 0.960000
696 65.060333 0.490000 0.152667 0.346667
171 65.188000 0.495000 0.122667 0.430000
978 65.259333 0.491667 0.037333 0.310000
744 65.327333 0.508333 0.112000 0.456667
1013 65.397000 0.498333 0.043333 0.356667
138 65.443333 0.491667 0.066667 0.376667
524 65.537667 0.495000 0.138000 0.436667
564 65.682333 0.496667 0.168667 0.353333
369 65.871000 0.505000 0.228667 1.143333
190 66.076000 0.493333 0.194667 0.973333
122 66.209000 0.498333 0.084667 0.310000
311 66.281333 0.493333 0.077333 0.333333
701 66.392000 0.491667 0.161333 0.483333
816 66.521667 0.495000 0.112667 0.283333
848 66.637000 0.495000 0.138000 0.416667
462 66.735333 0.500000 0.077333 0.433333
755 66.823667 0.505000 0.115333 0.363333
763 66.900667 0.495000 0.056000 0.376667
464 66.959000 0.500000 0.079333 0.406667
410 67.039333 0.510000 0.098667 0.453333
191 67.130333 0.491667 0.098000 0.403333
426 67.204000 0.505000 0.066667 0.410000
202 67.293667 0.488333 0.131333 0.576667
557 67.386000 0.490000 0.066667 0.453333
350 67.475000 0.498333 0.126000 0.370000
68 67.592333 0.508333 0.127333 0.376667
258 67.705000 0.496667 0.115333 0.393333
697 67.782000 0.500000 0.057333 0.286667
588 67.851667 0.503333 0.099333 0.446667
355 67.951667 0.495000 0.116667 0.336667
584 68.054667 0.498333 0.104000 0.330000
127 68.161333 0.505000 0.129333 0.436667
452 68.249333 0.500000 0.066667 0.400000
404 68.388667 0.500000 0.228000 1.140000
370 68.556000 0.500000 0.120000 0.320000
702 68.719333 0.493333 0.226667 1.133333
217 68.876333 0.501667 0.106000 0.483333
118 68.976000 0.508333 0.110667 0.416667
378 69.104333 0.500000 0.160667 0.446667
135 69.226667 0.510000 0.102667 0.320000
133 69.326667 0.500000 0.117333 0.446667
616 69.463333 0.510000 0.169333 0.846667
433 69.614667 0.508333 0.152000 0.343333
940 69.702333 0.498333 0.036667 0.270000
58 69.738333 0.498333 0.050000 0.230000
765 69.799000 0.506667 0.087333 0.426667
465 69.862333 0.495000 0.058000 0.323333
389 69.943667 0.501667 0.124667 0.336667
1014 70.017000 0.505000 0.040667 0.336667
543 70.134667 0.496667 0.213333 1.066667
771 70.276667 0.490000 0.084000 0.406667
98 70.401000 0.495000 0.183333 0.916667
1005 70.501333 0.508333 0.033333 0.283333
170 70.570000 0.508333 0.122667 0.470000
719 70.734667 0.506667 0.225333 1.126667
772 70.935000 0.505000 0.192667 0.963333
733 71.066667 0.491667 0.088000 0.536667
681 71.128667 0.503333 0.050667 0.460000
628 71.218667 0.510000 0.146667 0.500000
551 71.334000 0.510000 0.102667 0.346667
8 71.432333 0.495000 0.111333 0.436667
918 71.526000 0.503333 0.094667 0.326667
198 71.627000 0.501667 0.120667 0.496667
583 71.710333 0.488333 0.063333 0.410000
193 71.789333 0.496667 0.112000 0.486667
434 71.884667 0.506667 0.093333 0.320000
379 71.985333 0.495000 0.122667 0.356667
594 72.107333 0.495000 0.141333 0.450000
306 72.206000 0.501667 0.074667 0.416667
385 72.334000 0.500000 0.197333 0.986667
572 72.463667 0.495000 0.076667 0.303333
52 72.543667 0.500000 0.096667 0.346667
826 72.644667 0.508333 0.122667 0.510000
793 72.749000 0.493333 0.106000 0.440000
377 72.852000 0.500000 0.114667 0.360000
189 72.943333 0.510000 0.082667 0.380000
651 73.038333 0.498333 0.124667 0.410000
182 73.174667 0.490000 0.162667 0.813333
268 73.335000 0.501667 0.176667 0.570000
911 73.457333 0.510000 0.088000 0.320000
500 73.540667 0.496667 0.097333 0.460000
661 73.628333 0.491667 0.092667 0.310000
28 73.720667 0.490000 0.105333 0.400000
908 73.807000 0.498333 0.082000 0.310000
678 73.897333 0.498333 0.113333 0.383333
731 73.978333 0.491667 0.068667 0.330000
409 74.050000 0.501667 0.089333 0.443333
458 74.120333 0.490000 0.067333 0.400000
692 74.185000 0.503333 0.079333 0.386667
828 74.270000 0.495000 0.108000 0.443333
642 74.354667 0.498333 0.076000 0.303333
780 74.445333 0.503333 0.121333 0.380000
148 74.607333 0.496667 0.220000 1.100000
739 74.742333 0.495000 0.066000 0.530000
146 74.814667 0.510000 0.096000 0.506667
180 74.899000 0.490000 0.092667 0.353333
435 74.968667 0.498333 0.064000 0.316667
466 75.020667 0.505000 0.060000 0.356667
80 75.087333 0.503333 0.089333 0.440000
237 75.152667 0.491667 0.060000 0.443333
879 75.250333 0.505000 0.148667 0.416667
895 75.395333 0.491667 0.156000 0.443333
571 75.523667 0.506667 0.114000 0.466667
226 75.634333 0.490000 0.127333 0.520000
795 75.719333 0.508333 0.057333 0.350000
137 75.776333 0.495000 0.075333 0.363333
283 75.870667 0.490000 0.133333 0.473333
241 75.963333 0.506667 0.072000 0.400000
295 76.048667 0.501667 0.113333 0.483333
12 76.146667 0.503333 0.098667 0.320000
312 76.253333 0.498333 0.132000 0.503333
254 76.386000 0.496667 0.153333 0.593333
636 76.511667 0.493333 0.115333 0.266667
930 76.581000 0.498333 0.038000 0.303333
479 76.622333 0.501667 0.060667 0.363333
299 76.691333 0.501667 0.093333 0.363333
738 76.774000 0.498333 0.086667 0.396667
614 76.896667 0.490000 0.172000 0.860000
694 77.017333 0.493333 0.085333 0.420000
332 77.138667 0.496667 0.176000 0.880000
129 77.299333 0.496667 0.158667 0.793333
950 77.389667 0.493333 0.042000 0.306667
991 77.420667 0.508333 0.040000 0.316667
325 77.495333 0.506667 0.128000 0.486667
396 77.619000 0.490000 0.136667 0.386667
872 77.742333 0.508333 0.130000 0.376667
345 77.881000 0.491667 0.163333 0.816667
397 77.995000 0.498333 0.082000 0.356667
648 78.067000 0.490000 0.080667 0.346667
818 78.157667 0.491667 0.120667 0.276667
618 78.248000 0.493333 0.074667 0.493333
706 78.315333 0.491667 0.078667 0.403333
477 78.388333 0.493333 0.080667 0.420000
875 78.507000 0.495000 0.175333 0.436667
177 78.646667 0.506667 0.122667 0.453333
0 78.722000 0.505000 0.045333 0.356667
278 78.804333 0.488333 0.138000 0.423333
850 78.909667 0.491667 0.087333 0.356667
884 79.020333 0.508333 0.152667 0.556667
501 79.121667 0.510000 0.068667 0.326667
46 79.180333 0.505000 0.062000 0.536667
347 79.259667 0.493333 0.115333 0.326667
565 79.380000 0.491667 0.145333 0.316667
56 79.474667 0.503333 0.060000 0.086667
814 79.553000 0.490000 0.115333 0.426667
761 79.657000 0.506667 0.108667 0.353333
362 79.781333 0.488333 0.157333 0.450000
690 79.891000 0.508333 0.076667 0.370000
520 79.988667 0.506667 0.134667 0.420000
905 80.115000 0.510000 0.132667 0.420000
7 80.222000 0.495000 0.097333 0.303333
596 80.327333 0.491667 0.129333 0.383333
637 80.408667 0.506667 0.048000 0.246667
130 80.505000 0.496667 0.159333 0.340000
529 80.641667 0.501667 0.128667 0.516667
21 80.737333 0.506667 0.081333 0.293333
778 80.810667 0.501667 0.084000 0.530000
966 80.862000 0.510000 0.036000 0.266667
792 80.916333 0.488333 0.088667 0.363333
364 81.031667 0.495000 0.156667 0.783333
531 81.212000 0.503333 0.217333 0.453333
239 81.403667 0.508333 0.183333 0.916667
32 81.552000 0.500000 0.128000 0.406667
176 81.674000 0.491667 0.129333 0.483333
82 81.767000 0.503333 0.072667 0.566667
839 81.850333 0.493333 0.111333 0.520000
265 81.965333 0.500000 0.133333 0.513333
676 82.073667 0.500000 0.103333 0.360000
407 82.158000 0.498333 0.084000 0.316667
502 82.227000 0.496667 0.071333 0.320000
274 82.314333 0.498333 0.116667 0.550000
726 82.396667 0.490000 0.068000 0.353333
10 82.475000 0.491667 0.106000 0.370000
1018 82.536667 0.496667 0.037333 0.300000
298 82.584000 0.505000 0.077333 0.390000
238 82.714333 0.495000 0.200667 1.003333
621 82.832000 0.505000 0.049333 0.463333
928 82.864000 0.490000 0.034667 0.260000
136 82.934000 0.488333 0.124000 0.450000
392 83.053333 0.498333 0.128000 0.343333
736 83.144000 0.493333 0.070667 0.460000
888 83.243667 0.508333 0.144667 0.450000
898 83.380333 0.493333 0.142000 0.386667
35 83.500333 0.490000 0.116667 0.393333
725 83.621667 0.493333 0.140667 0.593333
497 83.756333 0.488333 0.147333 0.376667
200 83.879667 0.506667 0.114000 0.453333
406 83.970667 0.506667 0.086667 0.333333
485 84.037000 0.493333 0.060667 0.333333
935 84.081333 0.498333 0.044000 0.350000
69 84.137333 0.503333 0.081333 0.440000
914 84.220333 0.493333 0.098000 0.293333
786 84.289667 0.506667 0.058000 0.353333
801 84.358333 0.510000 0.099333 0.373333
47 84.454000 0.506667 0.108000 0.520000
446 84.539333 0.501667 0.077333 0.396667
90 84.667333 0.500000 0.192000 0.960000
261 84.865667 0.495000 0.219333 1.096667
223 85.021333 0.491667 0.112000 0.470000
453 85.103000 0.498333 0.071333 0.363333
221 85.190667 0.493333 0.124000 0.513333
336 85.291667 0.508333 0.092667 0.443333
980 85.346333 0.496667 0.034000 0.260000
242 85.409333 0.510000 0.106667 0.426667
314 85.520667 0.503333 0.134667 0.486667
319 85.617000 0.501667 0.076667 0.283333
586 85.711000 0.491667 0.124667 0.403333
967 85.783667 0.510000 0.034000 0.260000
527 85.870000 0.496667 0.157333 0.446667
174 86.007333 0.500000 0.136000 0.480000
145 86.113000 0.500000 0.095333 0.440000
754 86.225000 0.488333 0.142000 0.690000
473 86.330333 0.505000 0.088667 0.450000
415 86.436000 0.501667 0.140000 0.490000
354 86.577333 0.496667 0.162667 0.813333
234 86.704333 0.490000 0.104667 0.426667
509 86.804333 0.491667 0.108667 0.370000
805 86.940667 0.496667 0.180000 0.900000
998 87.038000 0.490000 0.029333 0.240000
327 87.111333 0.500000 0.134667 0.373333
493 87.206333 0.493333 0.074000 0.386667
915 87.278667 0.490000 0.088000 0.713333
724 87.353667 0.508333 0.082000 0.556667
680 87.433667 0.505000 0.096667 0.310000
443 87.511667 0.505000 0.078000 0.403333
664 87.608000 0.510000 0.128000 0.453333
343 87.734000 0.505000 0.142667 0.416667
573 87.852000 0.510000 0.109333 0.446667
811 87.974333 0.493333 0.154000 0.360000
708 88.100000 0.498333 0.110667 0.510000
62 88.196667 0.498333 0.100000 0.463333
867 88.294333 0.510000 0.112667 0.360000
110 88.404000 0.493333 0.122667 0.440000
537 88.596667 0.491667 0.282667 0.443333
486 88.759333 0.495000 0.061333 0.343333
16 88.834000 0.490000 0.106667 0.353333
416 88.924667 0.505000 0.089333 0.430000
363 89.022333 0.503333 0.123333 0.333333
549 89.126667 0.493333 0.101333 0.340000
487 89.206000 0.503333 0.072000 0.380000
367 89.287667 0.488333 0.110000 0.310000
14 89.391333 0.496667 0.113333 0.386667
961 89.456667 0.498333 0.034667 0.290000
595 89.515000 0.491667 0.102000 0.316667
449 89.585000 0.496667 0.054000 0.320000
532 89.656000 0.496667 0.102667 0.526667
270 89.789667 0.505000 0.179333 0.896667
134 89.913333 0.495000 0.082667 0.296667
496 89.990333 0.490000 0.090000 0.366667
97 90.139667 0.490000 0.222000 0.480000
160 90.272000 0.490000 0.057333 0.320000
704 90.348000 0.501667 0.114667 0.396667
220 90.455000 0.490000 0.118000 0.473333
72 90.599333 0.503333 0.190667 0.953333
429 90.729000 0.493333 0.083333 0.293333
1017 90.778333 0.498333 0.030000 0.256667
277 90.821000 0.505000 0.075333 0.356667
381 90.928000 0.488333 0.154667 0.436667
539 91.031000 0.491667 0.066000 0.290000
271 91.127000 0.493333 0.144667 0.440000
656 91.265333 0.498333 0.149333 0.390000
469 91.366333 0.508333 0.067333 0.363333
779 91.409333 0.498333 0.033333 0.323333
84 91.477667 0.493333 0.122000 0.340000
825 91.590667 0.496667 0.121333 0.493333
906 91.721333 0.491667 0.154667 0.416667
650 91.867000 0.491667 0.152667 0.496667
212 91.995667 0.500000 0.119333 0.566667
882 92.103000 0.490000 0.112667 0.440000
550 92.192667 0.490000 0.085333 0.426667
1003 92.246000 0.505000 0.036000 0.283333
829 92.310667 0.508333 0.112000 0.490000
383 92.426667 0.500000 0.134667 0.393333
948 92.508333 0.495000 0.043333 0.356667
585 92.574333 0.505000 0.107333 0.336667
424 92.690000 0.503333 0.138667 0.440000
208 92.798333 0.493333 0.096667 0.420000
467 92.875000 0.490000 0.072667 0.400000
499 92.931667 0.496667 0.054000 0.313333
489 92.985000 0.495000 0.072667 0.416667
251 93.040000 0.505000 0.057333 0.323333
962 93.084333 0.490000 0.050000 0.360000
521 93.188333 0.490000 0.171333 0.460000
218 93.319333 0.506667 0.110667 0.440000
632 93.443667 0.488333 0.158000 0.790000
767 93.587667 0.496667 0.146000 0.420000
76 93.716667 0.503333 0.125333 0.400000
612 93.842667 0.490000 0.145333 0.373333
698 93.931667 0.491667 0.052667 0.276667
65 93.988667 0.508333 0.081333 0.210000
26 94.083333 0.510000 0.124000 0.420000
199 94.183000 0.510000 0.088667 0.360000
582 94.288000 0.503333 0.140000 0.533333
926 94.364333 0.490000 0.032667 0.266667
819 94.443667 0.495000 0.142000 0.370000
257 94.573000 0.496667 0.130000 0.406667
760 94.684000 0.488333 0.112000 0.343333
541 94.804000 0.500000 0.144000 0.340000
43 94.927333 0.506667 0.116000 0.466667
472 95.013667 0.503333 0.074000 0.440000
996 95.064667 0.510000 0.044000 0.353333
634 95.118667 0.500000 0.078667 0.326667
421 95.217000 0.496667 0.135333 0.400000
977 95.297000 0.496667 0.044667 0.333333
747 95.351667 0.501667 0.083333 0.363333
126 95.455333 0.496667 0.137333 0.480000
852 95.564333 0.508333 0.100667 0.470000
344 95.675000 0.503333 0.139333 0.426667
1002 95.761333 0.488333 0.048000 0.370000
468 95.807000 0.503333 0.063333 0.326667
37 95.895000 0.493333 0.126000 0.406667
405 95.992667 0.510000 0.085333 0.333333
153 96.069667 0.498333 0.083333 0.376667
142 96.144333 0.498333 0.080667 0.430000
997 96.192000 0.496667 0.032000 0.260000
887 96.276667 0.490000 0.152000 0.500000
849 96.404667 0.503333 0.120000 0.500000
481 96.492667 0.493333 0.076000 0.393333
777 96.585667 0.500000 0.124667 0.506667
375 96.702000 0.506667 0.122667 0.340000
743 96.797333 0.505000 0.084000 0.350000
132 96.865667 0.510000 0.067333 0.293333
919 96.920333 0.495000 0.060667 0.296667
891 96.967667 0.493333 0.054000 0.260000
388 97.055333 0.488333 0.137333 0.410000
30 97.167000 0.488333 0.106000 0.310000
600 97.271667 0.490000 0.122000 0.360000
562 97.408667 0.508333 0.170667 0.363333
902 97.599667 0.505000 0.230000 1.150000
903 97.771333 0.508333 0.129333 0.363333
558 97.864000 0.495000 0.072000 0.356667
625 97.965333 0.488333 0.149333 0.503333
691 98.072333 0.493333 0.080667 0.400000
654 98.218667 0.493333 0.226667 0.473333
689 98.361667 0.496667 0.076667 0.380000
287 98.448667 0.505000 0.114667 0.430000
525 98.556667 0.498333 0.117333 0.390000
229 98.659000 0.490000 0.104667 0.460000
589 98.754000 0.503333 0.104000 0.420000
438 98.907000 0.508333 0.216667 1.083333
655 99.046333 0.508333 0.080667 0.336667
105 99.176333 0.505000 0.192667 0.963333
947 99.283667 0.488333 0.038000 0.283333
798 99.345667 0.510000 0.100667 0.380000
348 99.442333 0.496667 0.112667 0.333333
822 99.552000 0.491667 0.125333 0.450000
192 99.700000 0.500000 0.190667 0.953333
561 99.888000 0.503333 0.204000 0.466667
399 100.045667 0.498333 0.131333 0.503333
626 100.186667 0.496667 0.164000 0.820000
276 100.287333 0.491667 0.054667 0.310000
657 100.359000 0.490000 0.106000 0.413333
216 100.444333 0.510000 0.083333 0.420000
707 100.535333 0.506667 0.112000 0.466667
553 100.632000 0.506667 0.096000 0.346667
111 100.722000 0.498333 0.098667 0.430000
108 100.863000 0.491667 0.202000 0.436667
390 101.013333 0.490000 0.116000 0.353333
845 101.116333 0.508333 0.110000 0.456667
874 101.208333 0.496667 0.090000 0.440000
968 101.268000 0.495000 0.042667 0.310000
933 101.299333 0.501667 0.038667 0.303333
844 101.373333 0.501667 0.126667 0.523333
652 101.500333 0.490000 0.142000 0.466667
934 101.584000 0.496667 0.038667 0.280000
806 101.686667 0.506667 0.182667 0.913333
912 101.817667 0.490000 0.094000 0.366667
574 101.905000 0.505000 0.095333 0.383333
892 102.045000 0.491667 0.204667 1.023333
411 102.238000 0.488333 0.198667 0.423333
1020 102.351667 0.505000 0.042000 0.330000
310 102.400000 0.505000 0.074667 0.416667
178 102.520667 0.496667 0.184000 0.920000
