880 0.050667 0.488333 0.094667 0.310000
5 0.125333 0.505000 0.074667 0.343333
797 0.198667 0.505000 0.086667 0.350000
1013 0.248000 0.493333 0.030667 0.253333
284 0.321000 0.510000 0.130000 0.466667
870 0.411333 0.498333 0.066667 0.316667
964 0.460667 0.501667 0.048000 0.363333
73 0.556333 0.496667 0.160667 0.526667
129 0.682667 0.501667 0.112000 0.430000
839 0.782667 0.491667 0.104000 0.536667
470 0.856333 0.490000 0.056667 0.306667
825 0.921667 0.506667 0.088667 0.366667
59 1.042000 0.496667 0.165333 0.440000
861 1.136667 0.510000 0.037333 0.293333
539 1.189333 0.506667 0.086667 0.386667
249 1.254333 0.506667 0.062000 0.446667
347 1.343000 0.505000 0.128667 0.383333
960 1.420000 0.493333 0.042667 0.326667
696 1.486667 0.490000 0.109333 0.246667
324 1.593000 0.506667 0.123333 0.606667
775 1.679000 0.500000 0.063333 0.313333
756 1.771667 0.488333 0.136667 0.396667
97 1.911667 0.508333 0.156667 0.783333
495 2.020000 0.496667 0.077333 0.420000
322 2.101000 0.510000 0.099333 0.166667
732 2.181333 0.493333 0.080000 0.400000
176 2.274000 0.501667 0.120000 0.416667
622 2.429667 0.488333 0.210000 1.050000
814 2.577333 0.491667 0.105333 0.263333
1014 2.642333 0.508333 0.040667 0.303333
146 2.700000 0.508333 0.088000 0.443333
504 2.816000 0.495000 0.158667 0.463333
282 2.957000 0.505000 0.138000 0.483333
302 3.058333 0.495000 0.082000 0.456667
266 3.171333 0.493333 0.161333 0.806667
591 3.323333 0.493333 0.157333 0.513333
823 3.447000 0.503333 0.108667 0.566667
863 3.541667 0.505000 0.096667 0.463333
161 3.638000 0.508333 0.112000 0.390000
355 3.751000 0.505000 0.130000 0.356667
627 3.903667 0.501667 0.195333 0.976667
202 4.049333 0.503333 0.114667 0.446667
101 4.203333 0.496667 0.210667 1.053333
383 4.382333 0.488333 0.163333 0.456667
830 4.510667 0.490000 0.110667 0.513333
175 4.620667 0.510000 0.129333 0.453333
50 4.737333 0.500000 0.121333 0.346667
869 4.820667 0.501667 0.065333 0.423333
817 4.899000 0.500000 0.111333 0.353333
217 4.996667 0.508333 0.097333 0.403333
215 5.086000 0.495000 0.097333 0.410000
106 5.211000 0.498333 0.170000 0.370000
274 5.344000 0.488333 0.109333 0.510000
1009 5.409333 0.498333 0.036000 0.296667
1022 5.440667 0.495000 0.042667 0.310000
346 5.519333 0.508333 0.133333 0.390000
221 5.620333 0.505000 0.088667 0.383333
51 5.714333 0.488333 0.112667 0.356667
653 5.831667 0.500000 0.136667 0.446667
366 5.951333 0.498333 0.122667 0.363333
102 6.101000 0.495000 0.195333 0.976667
269 6.292333 0.508333 0.203333 1.016667
386 6.461333 0.496667 0.153333 0.473333
185 6.627000 0.495000 0.194000 0.970000
283 6.785000 0.495000 0.138000 0.470000
250 6.944333 0.505000 0.199333 0.996667
482 7.070667 0.491667 0.073333 0.390000
671 7.149000 0.508333 0.096667 0.316667
484 7.248333 0.510000 0.118000 0.500000
246 7.367000 0.491667 0.138000 0.470000
1007 7.449667 0.503333 0.040667 0.340000
317 7.509667 0.510000 0.095333 0.373333
107 7.656667 0.495000 0.216000 0.456667
852 7.817667 0.495000 0.119333 0.536667
271 7.949333 0.496667 0.157333 0.486667
36 8.073000 0.501667 0.103333 0.356667
87 8.227333 0.508333 0.225333 0.483333
151 8.366000 0.493333 0.065333 0.300000
351 8.466333 0.506667 0.154000 0.413333
779 8.557667 0.501667 0.042000 0.390000
83 8.608333 0.501667 0.076667 0.370000
410 8.693667 0.506667 0.112667 0.486667
419 8.784333 0.508333 0.086000 0.416667
796 8.877667 0.493333 0.114000 0.386667
616 9.010333 0.493333 0.168667 0.466667
291 9.147000 0.500000 0.123333 0.486667
528 9.262667 0.506667 0.125333 0.420000
508 9.354667 0.506667 0.072000 0.426667
259 9.488000 0.506667 0.213333 1.066667
364 9.680667 0.490000 0.185333 0.420000
167 9.823333 0.490000 0.114667 0.420000
639 9.903000 0.491667 0.064667 0.316667
545 9.980333 0.496667 0.103333 0.380000
45 10.059333 0.505000 0.074667 0.370000
503 10.146000 0.506667 0.114667 0.286667
115 10.228000 0.501667 0.065333 0.316667
219 10.293667 0.491667 0.086000 0.436667
684 10.375000 0.490000 0.096667 0.373333
494 10.449333 0.490000 0.066667 0.366667
913 10.541667 0.510000 0.134000 0.406667
563 10.669667 0.490000 0.140667 0.293333
590 10.784333 0.503333 0.108667 0.373333
804 10.900000 0.500000 0.140000 0.406667
138 10.993333 0.488333 0.066667 0.390000
474 11.051667 0.490000 0.067333 0.346667
227 11.130000 0.500000 0.102667 0.420000
791 11.209000 0.496667 0.074000 0.440000
600 11.290667 0.495000 0.106667 0.323333
98 11.422667 0.491667 0.176000 0.370000
820 11.549667 0.488333 0.092667 0.390000
930 11.603000 0.495000 0.031333 0.270000
576 11.667000 0.491667 0.116667 0.463333
432 11.779667 0.498333 0.127333 0.250000
105 11.918667 0.496667 0.168000 0.360000
150 12.063333 0.488333 0.138667 0.570000
96 12.223000 0.501667 0.195333 0.976667
787 12.342000 0.495000 0.062667 0.376667
845 12.410333 0.496667 0.088667 0.433333
584 12.521667 0.501667 0.154000 0.496667
860 12.688000 0.510000 0.196000 0.980000
953 12.795667 0.491667 0.036667 0.276667
520 12.865333 0.501667 0.116000 0.390000
448 12.952667 0.491667 0.076000 0.396667
746 13.041000 0.503333 0.120667 0.346667
367 13.175667 0.501667 0.167333 0.836667
877 13.289667 0.500000 0.079333 0.406667
826 13.365333 0.493333 0.088000 0.393333
607 13.456667 0.508333 0.113333 0.350000
329 13.591667 0.510000 0.171333 0.620000
353 13.737667 0.488333 0.139333 0.376667
554 13.855333 0.506667 0.112000 0.306667
949 13.925333 0.488333 0.044000 0.323333
350 14.036000 0.490000 0.192000 0.960000
240 14.159667 0.506667 0.072667 0.366667
553 14.281333 0.493333 0.188000 0.940000
49 14.463000 0.505000 0.188667 0.943333
549 14.609333 0.503333 0.124000 0.426667
517 14.716667 0.506667 0.110667 0.373333
397 14.807667 0.490000 0.084667 0.346667
908 14.893000 0.491667 0.099333 0.376667
442 14.970667 0.508333 0.070667 0.396667
975 15.021333 0.488333 0.048000 0.370000
198 15.093333 0.488333 0.110667 0.443333
619 15.196333 0.503333 0.112667 0.560000
401 15.287667 0.498333 0.087333 0.470000
55 15.377667 0.510000 0.108667 0.273333
921 15.450333 0.490000 0.052667 0.306667
828 15.529667 0.490000 0.126000 0.520000
581 15.630667 0.491667 0.089333 0.376667
393 15.739333 0.498333 0.141333 0.370000
490 15.835333 0.506667 0.065333 0.353333
194 15.917667 0.501667 0.112667 0.496667
805 16.045333 0.498333 0.158667 0.470000
404 16.181000 0.496667 0.127333 0.620000
742 16.339000 0.488333 0.203333 1.016667
761 16.507333 0.510000 0.149333 0.493333
405 16.619333 0.500000 0.088000 0.333333
615 16.710333 0.508333 0.111333 0.510000
726 16.796667 0.496667 0.080000 0.420000
287 16.878667 0.495000 0.098667 0.363333
816 16.996667 0.495000 0.150667 0.430000
408 17.125000 0.510000 0.119333 0.453333
910 17.245000 0.508333 0.138000 0.416667
206 17.354000 0.506667 0.100000 0.506667
395 17.470667 0.496667 0.146667 0.453333
595 17.590000 0.506667 0.106667 0.320000
813 17.708667 0.490000 0.149333 0.493333
882 17.827667 0.493333 0.102000 0.406667
66 17.909667 0.501667 0.082000 0.470000
773 17.998667 0.498333 0.109333 0.296667
444 18.085667 0.496667 0.084667 0.433333
384 18.185333 0.500000 0.133333 0.393333
234 18.292667 0.510000 0.100000 0.426667
184 18.379000 0.498333 0.087333 0.443333
630 18.482667 0.510000 0.133333 0.453333
71 18.576000 0.490000 0.068000 0.360000
990 18.623000 0.493333 0.042000 0.313333
802 18.728000 0.506667 0.184000 0.453333
841 18.868667 0.493333 0.116000 0.566667
688 18.972333 0.505000 0.106000 0.523333
252 19.132667 0.493333 0.230667 1.153333
903 19.294000 0.488333 0.108000 0.330000
984 19.363000 0.495000 0.047333 0.370000
14 19.428333 0.510000 0.099333 0.320000
955 19.487667 0.491667 0.038000 0.303333
344 19.592333 0.488333 0.186000 0.930000
84 19.737000 0.508333 0.116667 0.336667
1001 19.801000 0.488333 0.030000 0.243333
885 19.842667 0.506667 0.073333 0.340000
109 19.984000 0.495000 0.224000 0.476667
722 20.153000 0.508333 0.132667 0.383333
937 20.230333 0.488333 0.042000 0.356667
1002 20.265000 0.495000 0.043333 0.356667
262 20.363333 0.506667 0.173333 0.866667
593 20.521333 0.500000 0.160000 0.800000
547 20.630667 0.496667 0.072000 0.406667
186 20.705667 0.510000 0.092667 0.466667
313 20.790333 0.488333 0.096667 0.343333
776 20.908333 0.500000 0.152667 0.426667
139 21.012333 0.510000 0.071333 0.386667
713 21.138000 0.500000 0.198667 0.513333
609 21.265667 0.501667 0.074000 0.303333
286 21.339667 0.495000 0.087333 0.323333
985 21.395333 0.488333 0.044000 0.350000
407 21.450667 0.500000 0.080000 0.306667
34 21.545667 0.491667 0.128667 0.416667
587 21.659333 0.491667 0.113333 0.356667
644 21.755000 0.500000 0.091333 0.420000
467 21.830333 0.491667 0.072667 0.370000
21 21.917333 0.501667 0.114667 0.403333
893 22.046667 0.506667 0.164000 0.820000
144 22.171667 0.508333 0.104667 0.443333
530 22.264000 0.508333 0.097333 0.450000
183 22.369000 0.506667 0.127333 0.513333
373 22.493667 0.491667 0.138000 0.436667
676 22.607667 0.500000 0.103333 0.386667
919 22.679000 0.501667 0.059333 0.270000
769 22.763333 0.493333 0.122667 0.346667
678 22.862000 0.493333 0.094667 0.326667
603 23.005000 0.495000 0.211333 1.056667
811 23.163667 0.491667 0.119333 0.436667
231 23.280667 0.490000 0.130667 0.526667
567 23.409333 0.501667 0.141333 0.563333
515 23.539000 0.500000 0.136667 0.440000
685 23.648667 0.503333 0.097333 0.373333
624 23.771333 0.508333 0.165333 0.563333
605 23.912333 0.503333 0.134000 0.360000
738 24.017333 0.498333 0.092000 0.436667
992 24.075667 0.493333 0.043333 0.326667
868 24.131667 0.490000 0.088667 0.500000
888 24.238333 0.501667 0.142000 0.443333
574 24.345667 0.503333 0.086000 0.346667
303 24.416333 0.500000 0.074000 0.420000
41 24.509000 0.508333 0.126000 0.370000
866 24.629667 0.496667 0.130000 0.360000
121 24.693333 0.500000 0.017333 0.306667
533 24.751000 0.505000 0.118000 0.423333
929 24.822333 0.505000 0.043333 0.343333
297 24.877000 0.491667 0.083333 0.430000
501 24.958000 0.510000 0.094667 0.460000
171 25.058333 0.510000 0.124667 0.426667
412 25.159333 0.491667 0.092000 0.476667
925 25.217000 0.510000 0.043333 0.340000
211 25.295000 0.503333 0.131333 0.526667
891 25.381667 0.493333 0.058000 0.300000
91 25.496333 0.488333 0.184667 0.923333
309 25.609000 0.491667 0.056667 0.316667
133 25.679000 0.506667 0.102000 0.313333
942 25.740667 0.490000 0.037333 0.293333
934 25.769333 0.496667 0.034667 0.260000
334 25.846000 0.493333 0.137333 0.446667
437 25.957333 0.491667 0.105333 0.470000
78 26.082667 0.503333 0.164000 0.820000
596 26.214000 0.491667 0.114667 0.343333
715 26.357667 0.493333 0.191333 0.480000
705 26.513000 0.503333 0.138000 0.413333
843 26.625333 0.500000 0.100000 0.493333
947 26.682333 0.501667 0.031333 0.250000
434 26.744667 0.491667 0.106667 0.363333
213 26.850000 0.505000 0.118667 0.483333
536 26.958667 0.496667 0.114667 0.433333
798 27.055667 0.493333 0.098000 0.366667
1018 27.115333 0.490000 0.041333 0.293333
357 27.188333 0.508333 0.122000 0.343333
946 27.261000 0.506667 0.036667 0.280000
786 27.303000 0.495000 0.067333 0.416667
94 27.434667 0.490000 0.213333 1.066667
268 27.612333 0.498333 0.159333 0.483333
435 27.713000 0.505000 0.056667 0.283333
1012 27.755333 0.501667 0.042667 0.336667
506 27.791000 0.495000 0.043333 0.443333
621 27.828000 0.491667 0.049333 0.503333
906 27.903000 0.505000 0.116667 0.323333
645 28.000000 0.510000 0.092000 0.400000
901 28.094667 0.510000 0.112000 0.326667
90 28.221667 0.501667 0.156667 0.783333
599 28.354667 0.493333 0.124000 0.373333
326 28.448333 0.490000 0.083333 0.380000
729 28.495333 0.510000 0.030667 0.373333
965 28.517333 0.498333 0.030667 0.256667
391 28.583667 0.496667 0.116667 0.353333
462 28.671000 0.510000 0.075333 0.440000
32 28.753000 0.490000 0.106000 0.340000
824 28.851333 0.493333 0.110667 0.546667
558 28.934667 0.498333 0.069333 0.336667
526 29.023667 0.510000 0.128667 0.326667
789 29.117333 0.503333 0.077333 0.460000
463 29.186000 0.495000 0.073333 0.436667
938 29.230667 0.493333 0.034667 0.286667
306 29.276667 0.508333 0.074667 0.416667
290 29.375333 0.503333 0.138667 0.366667
718 29.544667 0.493333 0.216000 0.586667
413 29.696667 0.501667 0.101333 0.430000
298 29.770667 0.490000 0.062667 0.326667
1006 29.813000 0.501667 0.042000 0.316667
465 29.855667 0.510000 0.060667 0.313333
680 29.941667 0.500000 0.128667 0.446667
968 30.018333 0.488333 0.039333 0.323333
918 30.082000 0.496667 0.106667 0.393333
799 30.183667 0.500000 0.111333 0.400000
69 30.272000 0.510000 0.084000 0.433333
173 30.352000 0.495000 0.096000 0.436667
100 30.469667 0.498333 0.158000 0.790000
127 30.595333 0.493333 0.113333 0.393333
279 30.694333 0.510000 0.102000 0.580000
244 30.800667 0.505000 0.126667 0.343333
319 30.894667 0.508333 0.077333 0.283333
74 30.983000 0.496667 0.112667 0.353333
99 31.150667 0.493333 0.236000 0.513333
270 31.371333 0.503333 0.220000 1.100000
275 31.504667 0.500000 0.064000 0.386667
475 31.566333 0.500000 0.072667 0.373333
669 31.658000 0.505000 0.124000 0.416667
513 31.774667 0.503333 0.125333 0.400000
675 31.877000 0.495000 0.092667 0.336667
1008 31.938333 0.500000 0.046000 0.340000
237 31.991333 0.503333 0.073333 0.540000
411 32.125333 0.493333 0.208000 0.400000
140 32.282333 0.506667 0.119333 0.640000
788 32.403667 0.500000 0.140667 0.393333
782 32.511667 0.496667 0.090000 0.413333
577 32.600333 0.495000 0.104667 0.410000
210 32.693333 0.503333 0.101333 0.433333
348 32.798000 0.501667 0.121333 0.336667
846 32.906667 0.495000 0.113333 0.516667
658 32.983667 0.510000 0.056667 0.326667
578 33.050333 0.505000 0.090000 0.350000
551 33.161333 0.501667 0.149333 0.456667
496 33.271000 0.491667 0.087333 0.350000
836 33.355333 0.498333 0.096000 0.443333
819 33.458333 0.496667 0.128667 0.446667
912 33.562333 0.490000 0.095333 0.386667
377 33.675333 0.488333 0.146667 0.450000
698 33.772000 0.508333 0.064000 0.330000
1016 33.817333 0.495000 0.041333 0.323333
433 33.894000 0.506667 0.128000 0.260000
575 33.997000 0.488333 0.096667 0.316667
926 34.052000 0.508333 0.033333 0.283333
131 34.166667 0.490000 0.214667 1.073333
770 34.369333 0.496667 0.209333 1.046667
568 34.522000 0.500000 0.109333 0.546667
597 34.633667 0.498333 0.131333 0.383333
225 34.737333 0.493333 0.089333 0.366667
692 34.820000 0.493333 0.094667 0.466667
242 34.921000 0.496667 0.123333 0.473333
674 35.025333 0.495000 0.102667 0.330000
311 35.112333 0.493333 0.087333 0.380000
332 35.234667 0.493333 0.172000 0.860000
514 35.362000 0.495000 0.101333 0.316667
724 35.441333 0.501667 0.070667 0.343333
120 35.584333 0.495000 0.228667 0.576667
922 35.714333 0.501667 0.046000 0.363333
702 35.796333 0.498333 0.131333 0.403333
254 35.927333 0.488333 0.144000 0.550000
980 36.013333 0.500000 0.041333 0.333333
372 36.083333 0.496667 0.117333 0.333333
743 36.181667 0.498333 0.098000 0.416667
655 36.261667 0.506667 0.082000 0.373333
226 36.360000 0.503333 0.133333 0.533333
755 36.489000 0.505000 0.143333 0.490000
611 36.600000 0.505000 0.092000 0.356667
415 36.728000 0.500000 0.177333 0.886667
147 36.849667 0.503333 0.080667 0.420000
118 36.922333 0.488333 0.083333 0.316667
511 37.007333 0.500000 0.105333 0.326667
499 37.082000 0.491667 0.060000 0.363333
858 37.158667 0.488333 0.109333 0.336667
241 37.247333 0.501667 0.081333 0.456667
321 37.333667 0.493333 0.106000 0.526667
172 37.443333 0.490000 0.126667 0.460000
516 37.547667 0.495000 0.102000 0.330000
835 37.652000 0.508333 0.125333 0.496667
524 37.766333 0.510000 0.120667 0.406667
292 37.884333 0.500000 0.128667 0.486667
431 37.995333 0.506667 0.112000 0.386667
981 38.059333 0.490000 0.032000 0.266667
461 38.103333 0.496667 0.074667 0.413333
969 38.149667 0.510000 0.035333 0.260000
730 38.228333 0.488333 0.135333 0.510000
460 38.317333 0.510000 0.056000 0.300000
216 38.397667 0.500000 0.118000 0.480000
951 38.470000 0.496667 0.040000 0.313333
159 38.499000 0.491667 0.035333 0.270000
519 38.567667 0.501667 0.118000 0.383333
33 38.670000 0.506667 0.106667 0.346667
851 38.756000 0.490000 0.081333 0.380000
687 38.829333 0.503333 0.081333 0.400000
163 38.927333 0.508333 0.133333 0.470000
27 39.060333 0.488333 0.150000 0.510000
909 39.171667 0.505000 0.092667 0.403333
236 39.259000 0.500000 0.095333 0.473333
483 39.335333 0.491667 0.077333 0.396667
251 39.403000 0.493333 0.075333 0.426667
264 39.498000 0.488333 0.134667 0.516667
772 39.660667 0.496667 0.209333 1.046667
190 39.816000 0.506667 0.118667 0.480000
672 39.914333 0.495000 0.092667 0.330000
757 40.021000 0.501667 0.140667 0.463333
707 40.138667 0.491667 0.112000 0.483333
905 40.244000 0.488333 0.113333 0.370000
345 40.354333 0.505000 0.124667 0.383333
522 40.456667 0.500000 0.100000 0.313333
1017 40.516000 0.495000 0.032000 0.263333
1015 40.545000 0.508333 0.043333 0.356667
58 40.592000 0.498333 0.069333 0.296667
76 40.676667 0.488333 0.120000 0.383333
928 40.746333 0.488333 0.038000 0.310000
781 40.788333 0.508333 0.064667 0.336667
900 40.876333 0.501667 0.128667 0.350000
162 40.989333 0.506667 0.116000 0.406667
834 41.087667 0.495000 0.094000 0.436667
643 41.175000 0.498333 0.099333 0.350000
803 41.300333 0.508333 0.164667 0.476667
580 41.447000 0.490000 0.142000 0.353333
648 41.549000 0.488333 0.082000 0.363333
368 41.637667 0.491667 0.111333 0.296667
379 41.785333 0.503333 0.202667 1.013333
239 41.994000 0.503333 0.230667 1.153333
248 42.150667 0.490000 0.098667 0.540000
117 42.258000 0.498333 0.130667 0.396667
480 42.344333 0.493333 0.058000 0.300000
785 42.397000 0.510000 0.063333 0.266667
205 42.464667 0.510000 0.092000 0.453333
338 42.572333 0.495000 0.142000 0.736667
1 42.666667 0.506667 0.060000 0.306667
924 42.705000 0.498333 0.035333 0.256667
838 42.770667 0.498333 0.113333 0.476667
768 42.851000 0.491667 0.067333 0.170000
53 42.935667 0.496667 0.115333 0.393333
747 43.043333 0.503333 0.113333 0.460000
970 43.108333 0.501667 0.035333 0.296667
840 43.179000 0.493333 0.119333 0.520000
77 43.295667 0.506667 0.130000 0.320000
278 43.415333 0.490000 0.125333 0.380000
310 43.510667 0.505000 0.081333 0.456667
145 43.596667 0.496667 0.105333 0.466667
832 43.706000 0.508333 0.126667 0.516667
65 43.809667 0.495000 0.100667 0.256667
358 43.917667 0.493333 0.134000 0.386667
212 44.029333 0.505000 0.105333 0.530000
54 44.102000 0.495000 0.058667 0.336667
699 44.179333 0.490000 0.114667 0.320000
712 44.305667 0.508333 0.156667 0.483333
620 44.438000 0.506667 0.122667 0.526667
498 44.524333 0.500000 0.066000 0.386667
706 44.581333 0.490000 0.066667 0.340000
734 44.710667 0.488333 0.205333 0.536667
737 44.834000 0.488333 0.058667 0.436667
750 44.910000 0.498333 0.106667 0.403333
594 45.011000 0.488333 0.115333 0.343333
881 45.133333 0.505000 0.148000 0.496667
17 45.258667 0.493333 0.120000 0.426667
229 45.425667 0.491667 0.228667 1.143333
749 45.577000 0.500000 0.091333 0.380000
741 45.664333 0.490000 0.096667 0.333333
52 45.759333 0.488333 0.109333 0.383333
709 45.917333 0.503333 0.226667 1.133333
670 46.079000 0.498333 0.112667 0.423333
711 46.226000 0.503333 0.197333 0.493333
169 46.402667 0.503333 0.172000 0.860000
492 46.525333 0.503333 0.089333 0.406667
564 46.623333 0.510000 0.126667 0.273333
974 46.694000 0.508333 0.029333 0.243333
598 46.764000 0.490000 0.125333 0.380000
810 46.873000 0.488333 0.108667 0.450000
157 47.001333 0.488333 0.161333 0.676667
318 47.136000 0.493333 0.122667 0.506667
481 47.232667 0.490000 0.089333 0.453333
446 47.300333 0.488333 0.062000 0.370000
330 47.373667 0.501667 0.102000 0.390000
230 47.468333 0.495000 0.104667 0.410000
998 47.534000 0.508333 0.045333 0.343333
245 47.579667 0.503333 0.062000 0.360000
388 47.659000 0.501667 0.112667 0.343333
897 47.761667 0.506667 0.111333 0.340000
997 47.835333 0.495000 0.049333 0.370000
335 47.915333 0.501667 0.126667 0.416667
628 48.066000 0.503333 0.188000 0.640000
728 48.180333 0.506667 0.056667 0.493333
1004 48.220000 0.498333 0.036000 0.296667
540 48.311000 0.505000 0.163333 0.596667
149 48.500667 0.510000 0.230667 1.153333
963 48.632000 0.498333 0.046667 0.350000
780 48.722667 0.506667 0.154667 0.440000
154 48.830333 0.498333 0.074000 0.383333
531 48.949333 0.506667 0.180000 0.900000
414 49.078000 0.508333 0.092000 0.443333
293 49.156000 0.503333 0.078667 0.306667
867 49.243667 0.496667 0.111333 0.346667
400 49.312667 0.506667 0.045333 0.406667
81 49.388667 0.505000 0.124000 0.496667
222 49.489333 0.506667 0.094667 0.466667
57 49.548333 0.488333 0.042000 0.270000
651 49.648333 0.495000 0.178000 0.890000
85 49.784667 0.490000 0.113333 0.480000
601 49.889667 0.490000 0.112667 0.353333
754 50.016667 0.490000 0.154667 0.753333
67 50.180333 0.498333 0.192667 0.963333
422 50.311667 0.491667 0.088667 0.363333
720 50.427333 0.503333 0.161333 0.806667
837 50.547000 0.495000 0.096667 0.396667
450 50.632000 0.508333 0.086667 0.443333
943 50.688000 0.510000 0.038667 0.306667
986 50.717667 0.500000 0.039333 0.293333
304 50.766000 0.506667 0.076000 0.420000
806 50.883000 0.510000 0.172667 0.406667
257 51.020667 0.506667 0.122667 0.400000
957 51.096000 0.488333 0.042667 0.350000
62 51.144667 0.498333 0.068000 0.316667
72 51.260667 0.490000 0.184000 0.920000
253 51.376333 0.493333 0.063333 0.553333
477 51.433333 0.505000 0.069333 0.350000
821 51.508000 0.505000 0.094667 0.643333
447 51.580667 0.491667 0.065333 0.390000
301 51.640000 0.500000 0.068000 0.380000
973 51.686667 0.500000 0.042667 0.320000
193 51.744667 0.501667 0.089333 0.390000
420 51.825000 0.500000 0.090000 0.346667
652 51.946333 0.488333 0.172667 0.590000
927 52.042667 0.503333 0.038667 0.280000
485 52.089667 0.495000 0.074000 0.396667
316 52.184667 0.498333 0.132000 0.456667
961 52.267667 0.498333 0.047333 0.363333
989 52.301333 0.508333 0.033333 0.270000
392 52.415333 0.510000 0.208000 1.040000
15 52.565333 0.491667 0.109333 0.403333
359 52.667333 0.496667 0.114667 0.353333
753 52.794000 0.490000 0.154667 0.506667
441 52.902333 0.490000 0.076667 0.400000
276 52.960000 0.496667 0.054667 0.360000
93 53.072000 0.506667 0.186667 0.393333
771 53.205667 0.490000 0.098000 0.513333
459 53.283000 0.510000 0.070000 0.420000
849 53.361667 0.495000 0.106000 0.443333
668 53.470667 0.496667 0.129333 0.426667
95 53.625000 0.506667 0.196667 0.420000
342 53.744000 0.491667 0.061333 0.290000
809 53.812667 0.495000 0.090667 0.476667
829 53.903667 0.501667 0.111333 0.463333
416 53.989333 0.495000 0.078667 0.383333
89 54.111000 0.508333 0.184667 0.923333
180 54.246000 0.503333 0.100000 0.353333
808 54.343000 0.501667 0.107333 0.396667
22 54.452000 0.498333 0.128000 0.430000
9 54.548000 0.491667 0.080000 0.316667
895 54.677000 0.505000 0.195333 0.976667
19 54.818000 0.490000 0.106667 0.346667
394 54.940333 0.495000 0.151333 0.476667
285 55.068333 0.493333 0.120667 0.406667
299 55.178333 0.510000 0.114000 0.446667
701 55.308667 0.490000 0.161333 0.806667
844 55.426667 0.491667 0.093333 0.390000
525 55.530333 0.501667 0.127333 0.416667
914 55.648667 0.498333 0.125333 0.370000
165 55.761333 0.493333 0.116000 0.440000
579 55.912333 0.506667 0.199333 0.606667
966 56.024000 0.493333 0.041333 0.333333
719 56.143667 0.498333 0.214000 1.070000
555 56.265000 0.495000 0.047333 0.423333
716 56.350333 0.493333 0.142000 0.353333
403 56.491000 0.488333 0.158000 0.790000
178 56.639333 0.503333 0.157333 0.786667
122 56.754333 0.490000 0.092667 0.326667
995 56.808333 0.508333 0.035333 0.290000
418 56.856000 0.508333 0.078667 0.376667
572 56.942667 0.510000 0.108000 0.426667
954 57.006000 0.493333 0.033333 0.273333
916 57.111333 0.493333 0.192000 0.960000
848 57.264667 0.491667 0.130667 0.443333
902 57.409000 0.508333 0.176667 0.883333
585 57.565000 0.495000 0.148667 0.416667
469 57.668333 0.510000 0.076667 0.426667
752 57.738333 0.496667 0.079333 0.226667
633 57.886000 0.491667 0.232000 0.650000
8 58.045000 0.498333 0.103333 0.416667
543 58.193000 0.501667 0.212667 1.063333
199 58.349333 0.490000 0.114667 0.466667
487 58.424333 0.490000 0.055333 0.313333
538 58.531333 0.505000 0.177333 0.436667
777 58.666000 0.498333 0.108000 0.470000
887 58.786667 0.491667 0.146667 0.436667
604 58.911667 0.510000 0.123333 0.366667
430 59.030000 0.495000 0.129333 0.556667
1019 59.106667 0.490000 0.037333 0.306667
277 59.164667 0.501667 0.097333 0.443333
23 59.302000 0.490000 0.193333 0.966667
238 59.452333 0.488333 0.124667 0.490000
491 59.565000 0.490000 0.119333 0.586667
4 59.662333 0.496667 0.090000 0.380000
370 59.787667 0.508333 0.175333 0.876667
673 59.914000 0.503333 0.094667 0.360000
570 59.992333 0.488333 0.080667 0.356667
43 60.069000 0.501667 0.088667 0.356667
314 60.170000 0.498333 0.130667 0.443333
886 60.279333 0.508333 0.106667 0.363333
759 60.379667 0.490000 0.111333 0.373333
657 60.477000 0.488333 0.103333 0.390000
606 60.584667 0.493333 0.130667 0.393333
30 60.712333 0.503333 0.138000 0.393333
646 60.807333 0.488333 0.072000 0.323333
873 60.889000 0.505000 0.107333 0.470000
12 60.985000 0.508333 0.100667 0.343333
369 61.132000 0.506667 0.208000 1.040000
39 61.291000 0.490000 0.124667 0.393333
406 61.398667 0.498333 0.109333 0.430000
733 61.484000 0.488333 0.074667 0.443333
663 61.561000 0.490000 0.094000 0.340000
667 61.650000 0.488333 0.104000 0.330000
451 61.724667 0.488333 0.064000 0.383333
315 61.800667 0.498333 0.102667 0.363333
931 61.862667 0.505000 0.037333 0.270000
340 61.942667 0.501667 0.137333 0.416667
155 62.043000 0.500000 0.078000 0.440000
265 62.144667 0.506667 0.145333 0.553333
952 62.231333 0.506667 0.046667 0.360000
196 62.308333 0.493333 0.122000 0.493333
473 62.390000 0.498333 0.057333 0.303333
855 62.444667 0.488333 0.072000 0.183333
784 62.495333 0.488333 0.048000 0.396667
436 62.558000 0.488333 0.093333 0.236667
10 62.638667 0.488333 0.086667 0.316667
354 62.750667 0.510000 0.157333 0.426667
801 62.872667 0.508333 0.100000 0.370000
0 62.940333 0.495000 0.048667 0.403333
247 63.001333 0.488333 0.090667 0.403333
915 63.086000 0.501667 0.093333 0.750000
295 63.167667 0.505000 0.090000 0.376667
220 63.267000 0.505000 0.122000 0.516667
983 63.335333 0.501667 0.029333 0.243333
904 63.388000 0.503333 0.089333 0.420000
972 63.449333 0.508333 0.048000 0.350000
124 63.516333 0.498333 0.099333 0.396667
296 63.610667 0.500000 0.106667 0.386667
521 63.744333 0.488333 0.175333 0.876667
455 63.853333 0.491667 0.058667 0.310000
466 63.911667 0.508333 0.075333 0.450000
588 63.989333 0.498333 0.093333 0.423333
325 64.120667 0.503333 0.184000 0.920000
767 64.257333 0.498333 0.106667 0.310000
602 64.367000 0.501667 0.126000 0.383333
255 64.477000 0.500000 0.110000 0.420000
507 64.555333 0.510000 0.065333 0.340000
941 64.596333 0.490000 0.036667 0.266667
634 64.639333 0.491667 0.069333 0.290000
853 64.709667 0.498333 0.088667 0.396667
896 64.822333 0.505000 0.150000 0.423333
550 64.928000 0.491667 0.081333 0.396667
333 65.054333 0.508333 0.191333 0.956667
29 65.195333 0.501667 0.105333 0.296667
736 65.275333 0.495000 0.070667 0.436667
614 65.376667 0.493333 0.146667 0.393333
365 65.495667 0.495000 0.107333 0.316667
566 65.608000 0.496667 0.133333 0.540000
200 65.725000 0.500000 0.118000 0.493333
148 65.835667 0.510000 0.118000 0.320000
994 65.911667 0.508333 0.051333 0.376667
656 65.990000 0.498333 0.122667 0.296667
662 66.094000 0.501667 0.098667 0.350000
116 66.214000 0.501667 0.154667 0.456667
224 66.336333 0.488333 0.108667 0.543333
815 66.459667 0.510000 0.152667 0.340000
42 66.566333 0.503333 0.074000 0.413333
546 66.646333 0.505000 0.106000 0.383333
635 66.739333 0.498333 0.097333 0.403333
258 66.829333 0.505000 0.102667 0.336667
471 66.903667 0.488333 0.064667 0.363333
764 66.968000 0.498333 0.080000 0.436667
456 67.037333 0.491667 0.077333 0.410000
207 67.121333 0.490000 0.104000 0.520000
486 67.199667 0.491667 0.071333 0.423333
889 67.306667 0.506667 0.156000 0.540000
583 67.413667 0.506667 0.074000 0.433333
61 67.494667 0.491667 0.101333 0.490000
650 67.602000 0.495000 0.126667 0.416667
203 67.715333 0.503333 0.117333 0.486667
565 67.836667 0.491667 0.144000 0.296667
944 67.921333 0.491667 0.042667 0.316667
343 67.996667 0.505000 0.125333 0.356667
37 68.099333 0.490000 0.098667 0.373333
70 68.226667 0.510000 0.176000 0.880000
592 68.419667 0.488333 0.228667 1.143333
958 68.546000 0.510000 0.037333 0.320000
879 68.622000 0.490000 0.134667 0.433333
636 68.737667 0.496667 0.112667 0.260000
993 68.807333 0.491667 0.040000 0.310000
660 68.881667 0.503333 0.124667 0.413333
827 68.978667 0.493333 0.084000 0.406667
714 69.125000 0.488333 0.223333 1.116667
235 69.286667 0.500000 0.117333 0.480000
179 69.385333 0.496667 0.098667 0.346667
505 69.463000 0.508333 0.074000 0.310000
638 69.546000 0.505000 0.105333 0.416667
142 69.637333 0.491667 0.096000 0.483333
589 69.737667 0.490000 0.120667 0.480000
911 69.849333 0.501667 0.118667 0.443333
626 70.000333 0.505000 0.196667 0.983333
833 70.137000 0.505000 0.092667 0.463333
426 70.213333 0.500000 0.074667 0.433333
423 70.344667 0.510000 0.204000 1.020000
731 70.471000 0.506667 0.067333 0.326667
232 70.543667 0.495000 0.094000 0.396667
457 70.617333 0.505000 0.066667 0.350000
1011 70.663667 0.500000 0.042000 0.313333
396 70.747667 0.500000 0.143333 0.380000
559 70.851333 0.510000 0.077333 0.373333
1023 70.905333 0.496667 0.046667 0.360000
898 70.989000 0.493333 0.136667 0.426667
878 71.099667 0.505000 0.103333 0.523333
778 71.181000 0.498333 0.076667 0.496667
267 71.293000 0.490000 0.163333 0.493333
1000 71.386333 0.493333 0.043333 0.353333
160 71.436000 0.496667 0.072000 0.440000
63 71.507333 0.493333 0.088000 0.313333
894 71.612667 0.500000 0.140000 0.366667
452 71.705000 0.491667 0.064667 0.330000
693 71.778667 0.500000 0.101333 0.493333
883 71.926667 0.503333 0.208000 1.040000
60 72.053333 0.493333 0.065333 0.273333
679 72.112333 0.503333 0.072667 0.453333
272 72.209667 0.506667 0.142000 0.413333
610 72.341000 0.496667 0.140667 0.433333
453 72.444667 0.495000 0.081333 0.416667
380 72.555667 0.508333 0.155333 0.490000
439 72.670333 0.500000 0.087333 0.346667
134 72.762333 0.495000 0.110000 0.476667
971 72.829333 0.506667 0.040000 0.306667
468 72.868000 0.490000 0.052000 0.313333
831 72.926000 0.491667 0.082667 0.403333
323 73.037667 0.498333 0.160667 0.316667
608 73.161333 0.493333 0.105333 0.360000
289 73.296000 0.496667 0.182667 0.913333
556 73.439000 0.490000 0.119333 0.493333
192 73.602333 0.501667 0.222000 1.110000
727 73.739000 0.493333 0.071333 0.386667
683 73.830333 0.501667 0.128667 0.396667
40 73.940333 0.510000 0.107333 0.366667
281 74.041667 0.488333 0.112667 0.383333
795 74.132333 0.496667 0.083333 0.506667
842 74.209667 0.503333 0.090000 0.373333
625 74.350667 0.496667 0.212000 1.060000
978 74.464000 0.488333 0.033333 0.276667
703 74.569000 0.505000 0.195333 0.976667
561 74.757000 0.501667 0.195333 0.443333
790 74.884333 0.495000 0.072667 0.443333
28 74.965333 0.491667 0.108000 0.423333
956 75.029333 0.488333 0.037333 0.290000
256 75.093000 0.501667 0.110000 0.390000
130 75.212000 0.493333 0.141333 0.293333
766 75.339000 0.488333 0.132667 0.390000
529 75.461667 0.508333 0.126000 0.470000
261 75.582000 0.508333 0.130667 0.590000
137 75.665333 0.508333 0.053333 0.263333
532 75.737667 0.496667 0.104667 0.533333
735 75.845333 0.498333 0.126667 0.516667
119 75.950667 0.510000 0.097333 0.586667
659 76.035667 0.490000 0.092667 0.366667
948 76.092667 0.500000 0.041333 0.306667
512 76.156000 0.496667 0.105333 0.333333
665 76.253333 0.491667 0.105333 0.363333
35 76.361333 0.498333 0.130667 0.423333
153 76.456333 0.490000 0.078000 0.353333
135 76.556000 0.498333 0.140000 0.436667
170 76.670333 0.500000 0.103333 0.360000
288 76.780000 0.496667 0.133333 0.506667
18 76.881333 0.498333 0.089333 0.290000
723 76.983667 0.498333 0.128667 0.443333
158 77.153333 0.500000 0.228000 1.140000
305 77.300000 0.495000 0.080000 0.450000
800 77.373000 0.510000 0.080667 0.313333
168 77.459333 0.500000 0.105333 0.373333
493 77.546667 0.490000 0.084000 0.373333
991 77.599333 0.493333 0.037333 0.273333
1020 77.633000 0.488333 0.046000 0.343333
864 77.690667 0.503333 0.088000 0.353333
510 77.824667 0.500000 0.200000 1.000000
385 77.974667 0.505000 0.117333 0.370000
114 78.065667 0.505000 0.080667 0.396667
191 78.146000 0.500000 0.100000 0.420000
783 78.230667 0.493333 0.086667 0.480000
312 78.311667 0.491667 0.088667 0.303333
959 78.371000 0.496667 0.043333 0.313333
1003 78.407333 0.510000 0.045333 0.340000
208 78.485667 0.490000 0.127333 0.526667
201 78.601000 0.491667 0.122000 0.543333
92 78.737000 0.495000 0.170000 0.356667
454 78.846333 0.500000 0.062000 0.320000
260 78.925333 0.493333 0.114667 0.306667
682 79.038333 0.508333 0.126000 0.490000
523 79.140000 0.490000 0.097333 0.326667
542 79.235667 0.498333 0.107333 0.443333
141 79.316333 0.488333 0.074000 0.310000
424 79.414667 0.508333 0.142667 0.456667
748 79.533333 0.501667 0.110667 0.376667
445 79.614333 0.495000 0.070000 0.390000
642 79.696333 0.491667 0.107333 0.423333
694 79.781667 0.501667 0.079333 0.390000
518 79.867333 0.508333 0.108000 0.363333
44 79.966333 0.506667 0.104667 0.413333
478 80.039333 0.500000 0.060000 0.320000
689 80.098000 0.488333 0.076000 0.376667
704 80.183000 0.490000 0.107333 0.380000
932 80.251333 0.501667 0.042667 0.323333
1005 80.284000 0.488333 0.036000 0.310000
300 80.327667 0.498333 0.064667 0.210000
389 80.419000 0.510000 0.135333 0.426667
647 80.518333 0.510000 0.078000 0.406667
740 80.630000 0.500000 0.158667 0.360000
103 80.814333 0.488333 0.227333 1.136667
438 80.995667 0.498333 0.154000 0.463333
243 81.162333 0.491667 0.192667 0.963333
336 81.306000 0.490000 0.112000 0.540000
181 81.416667 0.495000 0.124000 0.470000
762 81.515667 0.503333 0.092667 0.393333
223 81.614667 0.488333 0.125333 0.523333
758 81.741333 0.491667 0.145333 0.416667
760 81.863333 0.505000 0.117333 0.390000
307 81.947333 0.508333 0.066667 0.370000
472 82.009000 0.503333 0.071333 0.373333
464 82.064667 0.508333 0.053333 0.296667
362 82.151000 0.510000 0.139333 0.373333
708 82.266000 0.490000 0.105333 0.433333
637 82.341000 0.493333 0.058000 0.300000
320 82.415000 0.505000 0.107333 0.310000
476 82.496000 0.508333 0.074667 0.383333
24 82.598000 0.503333 0.146667 0.493333
664 82.720333 0.501667 0.116667 0.436667
113 82.848333 0.495000 0.156667 0.783333
82 82.957000 0.505000 0.075333 0.583333
892 83.062333 0.508333 0.155333 0.776667
582 83.201333 0.500000 0.137333 0.560000
874 83.300667 0.493333 0.076000 0.373333
263 83.420667 0.496667 0.181333 0.906667
967 83.523667 0.490000 0.040667 0.320000
569 83.573000 0.510000 0.076667 0.313333
308 83.635667 0.493333 0.063333 0.353333
328 83.733667 0.490000 0.147333 0.333333
793 83.844667 0.500000 0.092000 0.373333
427 83.944667 0.491667 0.122667 0.576667
847 84.061667 0.506667 0.127333 0.400000
390 84.194667 0.500000 0.157333 0.426667
710 84.343667 0.490000 0.160667 0.440000
108 84.497000 0.491667 0.160667 0.803333
982 84.585667 0.501667 0.035333 0.263333
537 84.703667 0.501667 0.219333 1.096667
195 84.847667 0.491667 0.087333 0.370000
164 84.944333 0.503333 0.123333 0.453333
79 85.094667 0.503333 0.190667 0.953333
187 85.231333 0.508333 0.097333 0.470000
331 85.386667 0.500000 0.228000 0.526667
86 85.541000 0.510000 0.098000 0.426667
68 85.654667 0.500000 0.145333 0.413333
156 85.787000 0.508333 0.132667 0.316667
273 85.875667 0.495000 0.064667 0.423333
488 85.938000 0.501667 0.073333 0.390000
500 86.006000 0.488333 0.076000 0.356667
75 86.114333 0.505000 0.156667 0.496667
20 86.239000 0.491667 0.111333 0.376667
629 86.353333 0.505000 0.132000 0.450000
654 86.521667 0.488333 0.218000 1.090000
126 86.678667 0.501667 0.116000 0.396667
479 86.757333 0.490000 0.061333 0.340000
822 86.844333 0.501667 0.128667 0.463333
204 86.952333 0.510000 0.104667 0.426667
327 87.055667 0.503333 0.118000 0.346667
502 87.142333 0.506667 0.074000 0.333333
534 87.207667 0.501667 0.074000 0.290000
361 87.295000 0.505000 0.115333 0.350000
387 87.416333 0.493333 0.144667 0.400000
907 87.537000 0.493333 0.114000 0.386667
745 87.639000 0.510000 0.110000 0.426667
632 87.784000 0.496667 0.197333 0.646667
104 87.974333 0.505000 0.196667 0.983333
857 88.181667 0.490000 0.238000 0.513333
16 88.343667 0.505000 0.104667 0.343333
375 88.443333 0.503333 0.112000 0.346667
649 88.541000 0.488333 0.096667 0.543333
541 88.660333 0.505000 0.160667 0.803333
950 88.759333 0.491667 0.053333 0.383333
987 88.796667 0.495000 0.034667 0.283333
999 88.825000 0.506667 0.038000 0.313333
774 88.861000 0.506667 0.051333 0.306667
38 88.935667 0.498333 0.115333 0.370000
876 89.056333 0.510000 0.142000 0.393333
136 89.179000 0.490000 0.116667 0.500000
398 89.267333 0.493333 0.080000 0.426667
11 89.350333 0.508333 0.103333 0.356667
933 89.411000 0.501667 0.036667 0.270000
440 89.459000 0.501667 0.079333 0.410000
890 89.581667 0.505000 0.186000 0.930000
352 89.747333 0.488333 0.164000 0.476667
1021 89.845000 0.495000 0.050000 0.363333
489 89.894333 0.488333 0.064667 0.343333
449 89.951667 0.506667 0.070000 0.360000
25 90.031000 0.491667 0.103333 0.370000
214 90.127667 0.506667 0.106000 0.433333
280 90.232333 0.506667 0.122000 0.420000
497 90.361000 0.493333 0.155333 0.393333
623 90.503667 0.496667 0.148667 0.493333
996 90.592667 0.503333 0.049333 0.366667
562 90.694667 0.500000 0.174667 0.360000
166 90.823667 0.500000 0.100667 0.373333
3 90.913667 0.506667 0.092667 0.386667
349 91.024000 0.491667 0.141333 0.410000
535 91.173667 0.496667 0.171333 0.426667
700 91.315000 0.490000 0.130000 0.513333
686 91.413000 0.493333 0.084667 0.413333
552 91.468667 0.496667 0.045333 0.306667
812 91.550000 0.490000 0.134667 0.313333
128 91.722000 0.506667 0.226667 1.133333
409 91.907667 0.508333 0.164667 0.823333
586 92.047333 0.495000 0.133333 0.416667
337 92.224667 0.495000 0.240000 0.503333
976 92.354333 0.490000 0.032667 0.273333
977 92.380667 0.508333 0.040000 0.296667
807 92.489667 0.491667 0.196667 0.983333
111 92.625000 0.505000 0.091333 0.390000
13 92.717667 0.505000 0.110000 0.350000
850 92.817000 0.491667 0.106000 0.456667
2 92.900333 0.488333 0.080667 0.376667
695 93.029000 0.491667 0.191333 0.956667
402 93.188000 0.505000 0.140000 0.363333
557 93.295000 0.510000 0.094000 0.620000
661 93.383667 0.488333 0.102000 0.376667
197 93.482667 0.496667 0.109333 0.460000
429 93.584000 0.496667 0.113333 0.386667
666 93.699667 0.498333 0.135333 0.456667
792 93.806000 0.491667 0.093333 0.383333
48 93.958333 0.501667 0.226000 1.130000
739 94.088667 0.510000 0.049333 0.433333
631 94.183333 0.506667 0.154667 0.773333
640 94.295000 0.498333 0.087333 0.443333
939 94.349667 0.508333 0.035333 0.290000
681 94.385667 0.503333 0.054000 0.446667
618 94.431667 0.493333 0.055333 0.353333
125 94.515000 0.508333 0.127333 0.536667
112 94.636667 0.491667 0.134667 0.450000
458 94.740333 0.488333 0.087333 0.450000
417 94.826000 0.503333 0.101333 0.493333
399 94.931333 0.503333 0.125333 0.440000
428 95.022333 0.506667 0.074000 0.513333
360 95.116667 0.496667 0.129333 0.353333
751 95.218667 0.510000 0.090667 0.373333
143 95.295667 0.496667 0.079333 0.420000
697 95.352333 0.488333 0.054000 0.270000
509 95.421333 0.491667 0.097333 0.323333
935 95.476667 0.498333 0.033333 0.276667
725 95.553000 0.510000 0.135333 0.573333
80 95.666667 0.488333 0.112000 0.530000
132 95.762333 0.503333 0.098000 0.426667
641 95.838333 0.506667 0.067333 0.313333
979 95.882333 0.495000 0.039333 0.316667
988 95.917000 0.490000 0.043333 0.353333
923 95.949667 0.488333 0.042000 0.336667
363 96.068000 0.500000 0.213333 1.066667
31 96.221667 0.496667 0.108667 0.313333
152 96.311000 0.496667 0.088667 0.420000
818 96.421000 0.493333 0.151333 0.360000
421 96.585333 0.503333 0.197333 0.986667
443 96.712000 0.501667 0.069333 0.363333
962 96.762667 0.491667 0.048000 0.370000
233 96.837667 0.506667 0.118000 0.500000
573 96.929333 0.501667 0.080000 0.323333
376 97.051667 0.498333 0.183333 0.916667
717 97.231000 0.508333 0.190000 0.950000
356 97.382667 0.490000 0.128000 0.380000
940 97.463667 0.506667 0.048667 0.353333
854 97.544333 0.488333 0.131333 0.416667
7 97.653333 0.505000 0.101333 0.363333
612 97.774333 0.491667 0.155333 0.436667
6 97.899333 0.498333 0.109333 0.430000
26 97.998667 0.493333 0.102667 0.346667
865 98.085333 0.488333 0.089333 0.336667
56 98.158667 0.501667 0.076000 0.103333
721 98.283667 0.495000 0.191333 0.543333
46 98.395000 0.493333 0.050000 0.420000
862 98.454333 0.496667 0.084667 0.386667
371 98.558667 0.490000 0.137333 0.393333
548 98.680333 0.505000 0.119333 0.370000
677 98.791333 0.488333 0.120000 0.383333
765 98.879667 0.503333 0.075333 0.400000
189 98.959333 0.501667 0.100000 0.430000
381 99.072333 0.495000 0.139333 0.396667
341 99.168667 0.493333 0.068000 0.306667
527 99.268333 0.500000 0.146000 0.440000
64 99.366333 0.498333 0.066000 0.370000
378 99.446000 0.491667 0.110667 0.290000
123 99.533333 0.508333 0.081333 0.530000
856 99.653667 0.508333 0.174000 0.423333
884 99.784000 0.503333 0.101333 0.340000
218 99.878667 0.510000 0.102667 0.460000
1010 99.943667 0.493333 0.043333 0.333333
182 100.026333 0.503333 0.138000 0.460000
617 100.128000 0.510000 0.084000 0.346667
560 100.269667 0.498333 0.218000 1.090000
339 100.418000 0.505000 0.092000 0.450000
374 100.570333 0.491667 0.230000 1.150000
920 100.729000 0.503333 0.106000 0.393333
872 100.854000 0.508333 0.164000 0.470000
691 100.970667 0.508333 0.089333 0.436667
794 101.046667 0.491667 0.082667 0.496667
382 101.141333 0.496667 0.120000 0.320000
425 101.233667 0.503333 0.080667 0.486667
174 101.328333 0.500000 0.128667 0.493333
763 101.411667 0.490000 0.055333 0.386667
899 101.500000 0.495000 0.136000 0.396667
88 101.673000 0.488333 0.224667 1.123333
917 101.801000 0.498333 0.046000 0.350000
228 101.861667 0.491667 0.095333 0.390000
875 102.012333 0.501667 0.222000 1.110000
936 102.133000 0.490000 0.039333 0.306667
47 102.198667 0.488333 0.106667 0.510000
188 102.292667 0.491667 0.100000 0.416667
744 102.408000 0.495000 0.145333 0.603333
571 102.517000 0.498333 0.091333 0.370000
177 102.622667 0.491667 0.137333 0.483333
613 102.777333 0.495000 0.186667 0.476667
859 102.933667 0.491667 0.142000 0.396667
690 103.044667 0.506667 0.100000 0.486667
209 103.139667 0.491667 0.103333 0.530000
871 103.215333 0.490000 0.065333 0.320000
945 103.263667 0.501667 0.050000 0.363333
544 103.332333 0.493333 0.104667 0.380000
110 103.448000 0.508333 0.141333 0.530000
294 103.639000 0.496667 0.255333 0.400000
