707 0.052333 0.488333 0.098000 0.403333
983 0.116667 0.503333 0.045333 0.353333
196 0.180333 0.505000 0.098000 0.396667
937 0.240333 0.495000 0.038000 0.290000
90 0.358333 0.501667 0.214000 1.070000
966 0.476667 0.505000 0.042667 0.343333
859 0.542000 0.488333 0.102667 0.310000
818 0.639000 0.500000 0.108667 0.246667
869 0.715667 0.506667 0.062000 0.393333
884 0.805333 0.501667 0.136000 0.503333
274 0.925667 0.500000 0.120667 0.566667
503 1.055000 0.493333 0.152667 0.453333
321 1.166333 0.491667 0.090000 0.370000
102 1.306333 0.495000 0.203333 1.016667
366 1.494667 0.503333 0.188000 0.940000
840 1.635333 0.508333 0.110667 0.456667
930 1.704667 0.488333 0.044000 0.356667
118 1.765000 0.510000 0.092667 0.360000
882 1.851000 0.490000 0.094000 0.366667
260 1.974333 0.495000 0.170000 0.476667
441 2.089667 0.496667 0.076667 0.400000
945 2.138333 0.500000 0.036667 0.286667
264 2.219667 0.493333 0.140667 0.540000
75 2.341333 0.500000 0.117333 0.360000
940 2.409333 0.500000 0.038667 0.306667
642 2.461667 0.508333 0.080667 0.310000
671 2.550000 0.505000 0.114667 0.376667
474 2.627333 0.500000 0.054667 0.313333
266 2.731667 0.500000 0.174000 0.526667
426 2.837333 0.488333 0.053333 0.310000
879 2.928333 0.490000 0.147333 0.433333
887 3.069333 0.500000 0.148000 0.506667
663 3.192667 0.488333 0.116000 0.410000
296 3.292667 0.490000 0.101333 0.380000
341 3.378000 0.508333 0.084000 0.350000
184 3.466333 0.496667 0.111333 0.446667
934 3.534000 0.498333 0.041333 0.310000
467 3.574667 0.500000 0.056000 0.320000
697 3.629667 0.490000 0.072667 0.360000
376 3.737667 0.491667 0.156667 0.476667
399 3.858000 0.491667 0.101333 0.356667
133 3.944667 0.500000 0.088000 0.380000
124 4.026333 0.501667 0.090000 0.323333
826 4.118000 0.500000 0.112000 0.460000
987 4.180667 0.503333 0.033333 0.260000
875 4.262000 0.503333 0.146667 0.380000
62 4.365667 0.503333 0.078000 0.366667
420 4.438333 0.488333 0.083333 0.303333
113 4.512667 0.495000 0.084000 0.416667
181 4.628000 0.510000 0.162667 0.813333
759 4.770000 0.506667 0.141333 0.440000
488 4.875667 0.510000 0.083333 0.420000
540 5.010000 0.510000 0.198667 0.993333
310 5.133000 0.488333 0.060667 0.336667
115 5.184000 0.503333 0.054667 0.286667
81 5.255667 0.498333 0.103333 0.410000
342 5.345000 0.490000 0.090000 0.420000
343 5.438667 0.496667 0.112000 0.326667
272 5.573000 0.505000 0.174000 0.496667
702 5.732667 0.490000 0.160000 0.520000
247 5.851000 0.503333 0.092667 0.380000
300 5.923333 0.496667 0.072000 0.226667
324 6.014000 0.505000 0.125333 0.616667
119 6.107667 0.501667 0.078000 0.463333
908 6.184000 0.503333 0.092000 0.340000
208 6.334667 0.496667 0.226667 1.133333
981 6.458000 0.490000 0.036000 0.260000
19 6.521000 0.491667 0.110000 0.370000
3 6.607667 0.488333 0.079333 0.363333
809 6.688667 0.503333 0.098667 0.506667
659 6.773667 0.490000 0.091333 0.380000
932 6.836000 0.510000 0.049333 0.366667
397 6.899333 0.495000 0.090667 0.370000
717 7.022000 0.493333 0.174667 0.873333
313 7.155667 0.500000 0.111333 0.386667
547 7.241333 0.503333 0.078667 0.446667
957 7.295667 0.490000 0.043333 0.333333
921 7.343667 0.505000 0.066000 0.383333
670 7.419333 0.510000 0.101333 0.360000
989 7.480000 0.498333 0.038667 0.316667
449 7.524000 0.503333 0.066667 0.353333
473 7.585333 0.501667 0.069333 0.363333
385 7.688667 0.495000 0.157333 0.483333
775 7.802333 0.510000 0.084667 0.393333
323 7.925667 0.506667 0.176667 0.366667
103 8.117000 0.505000 0.223333 0.483333
1011 8.236667 0.500000 0.034667 0.266667
36 8.311333 0.505000 0.129333 0.416667
429 8.410667 0.505000 0.089333 0.316667
38 8.498000 0.490000 0.100000 0.333333
425 8.586333 0.493333 0.095333 0.533333
481 8.661667 0.505000 0.070000 0.423333
248 8.727667 0.501667 0.075333 0.410000
440 8.788333 0.500000 0.064667 0.333333
977 8.834000 0.496667 0.045333 0.340000
912 8.898667 0.508333 0.098667 0.403333
673 9.003667 0.493333 0.128667 0.493333
207 9.118333 0.491667 0.116667 0.496667
364 9.272667 0.493333 0.208000 1.040000
498 9.390333 0.498333 0.047333 0.296667
1 9.441333 0.503333 0.074667 0.366667
318 9.511667 0.501667 0.086000 0.410000
30 9.613667 0.490000 0.135333 0.393333
83 9.715667 0.501667 0.087333 0.416667
596 9.798667 0.490000 0.097333 0.293333
431 9.890333 0.500000 0.106000 0.360000
640 9.966000 0.505000 0.062667 0.323333
470 10.017667 0.508333 0.054000 0.290000
363 10.091000 0.501667 0.111333 0.343333
891 10.162333 0.493333 0.047333 0.226667
570 10.222667 0.505000 0.090667 0.390000
656 10.330667 0.496667 0.144000 0.373333
463 10.435000 0.506667 0.082000 0.420000
639 10.507333 0.500000 0.077333 0.386667
729 10.549667 0.498333 0.023333 0.343333
680 10.608000 0.510000 0.112000 0.386667
738 10.694333 0.501667 0.078000 0.383333
975 10.744000 0.493333 0.038667 0.280000
704 10.820000 0.495000 0.130667 0.463333
297 10.914000 0.490000 0.076000 0.413333
435 10.965000 0.506667 0.046000 0.240000
1021 11.001000 0.500000 0.042000 0.313333
660 11.062667 0.496667 0.094667 0.320000
569 11.137333 0.505000 0.074667 0.296667
305 11.193333 0.501667 0.057333 0.323333
854 11.304000 0.490000 0.184000 0.580000
655 11.425667 0.510000 0.075333 0.313333
71 11.490333 0.505000 0.072667 0.383333
444 11.552000 0.505000 0.066667 0.383333
764 11.619667 0.501667 0.083333 0.403333
935 11.676333 0.488333 0.047333 0.356667
797 11.736667 0.510000 0.088000 0.320000
188 11.818667 0.506667 0.090667 0.460000
549 11.911667 0.500000 0.115333 0.393333
883 12.047667 0.488333 0.175333 0.376667
911 12.172667 0.506667 0.090667 0.326667
777 12.269667 0.508333 0.123333 0.530000
602 12.385333 0.491667 0.125333 0.376667
214 12.484333 0.488333 0.086000 0.423333
271 12.618000 0.510000 0.198667 0.993333
121 12.719333 0.495000 0.018667 0.343333
603 12.829333 0.503333 0.217333 1.086667
635 12.976333 0.506667 0.092667 0.380000
86 13.066333 0.506667 0.103333 0.446667
1008 13.127000 0.505000 0.034000 0.256667
517 13.192333 0.495000 0.111333 0.350000
796 13.306667 0.496667 0.136000 0.500000
454 13.402333 0.500000 0.070000 0.393333
200 13.485000 0.495000 0.110000 0.443333
669 13.593333 0.510000 0.121333 0.380000
626 13.732000 0.493333 0.172000 0.860000
80 13.854333 0.498333 0.088667 0.423333
294 14.005000 0.501667 0.230000 1.150000
917 14.133000 0.488333 0.042000 0.303333
842 14.201000 0.500000 0.114000 0.500000
418 14.300000 0.493333 0.104000 0.500000
951 14.363333 0.501667 0.042667 0.350000
410 14.424000 0.495000 0.096000 0.403333
574 14.498000 0.493333 0.072000 0.293333
319 14.576667 0.491667 0.100000 0.350000
84 14.671333 0.493333 0.106667 0.300000
544 14.769000 0.498333 0.108667 0.416667
35 14.871000 0.498333 0.112667 0.430000
437 14.971333 0.508333 0.102667 0.510000
252 15.077000 0.505000 0.122000 0.476667
365 15.201333 0.510000 0.146667 0.426667
236 15.310333 0.500000 0.086000 0.406667
778 15.394667 0.508333 0.101333 0.683333
888 15.506667 0.508333 0.138667 0.423333
730 15.639000 0.495000 0.144667 0.530000
666 15.754000 0.493333 0.101333 0.326667
535 15.895333 0.496667 0.201333 0.500000
443 16.016333 0.505000 0.058000 0.303333
881 16.105000 0.493333 0.136667 0.460000
771 16.201667 0.505000 0.072667 0.376667
721 16.319667 0.500000 0.180667 0.453333
403 16.461000 0.505000 0.120667 0.336667
550 16.550000 0.491667 0.070667 0.350000
1022 16.599333 0.505000 0.041333 0.330000
104 16.704000 0.500000 0.181333 0.906667
505 16.816000 0.490000 0.060000 0.246667
23 16.953333 0.500000 0.230667 1.153333
765 17.091667 0.490000 0.064667 0.306667
838 17.173000 0.488333 0.115333 0.530000
980 17.243333 0.496667 0.040000 0.333333
299 17.306000 0.510000 0.098667 0.380000
111 17.394667 0.505000 0.096000 0.450000
693 17.472333 0.498333 0.075333 0.370000
698 17.527333 0.488333 0.048000 0.256667
889 17.623667 0.495000 0.162000 0.636667
506 17.715333 0.495000 0.034667 0.383333
311 17.767333 0.493333 0.089333 0.386667
761 17.867000 0.498333 0.123333 0.410000
512 17.987667 0.490000 0.131333 0.413333
1013 18.063667 0.506667 0.039333 0.293333
194 18.174000 0.490000 0.200000 1.000000
684 18.312333 0.488333 0.091333 0.310000
20 18.412000 0.495000 0.125333 0.403333
598 18.537333 0.501667 0.141333 0.423333
664 18.647667 0.510000 0.099333 0.353333
667 18.735667 0.506667 0.094000 0.313333
936 18.793333 0.496667 0.037333 0.286667
873 18.845667 0.498333 0.086000 0.383333
894 18.939667 0.495000 0.115333 0.316667
134 19.053333 0.510000 0.128000 0.400000
799 19.152000 0.490000 0.088000 0.353333
138 19.226667 0.500000 0.074667 0.406667
253 19.279667 0.493333 0.044667 0.393333
661 19.351000 0.505000 0.112667 0.396667
897 19.480667 0.496667 0.162667 0.813333
916 19.667333 0.490000 0.225333 1.126667
737 19.794667 0.493333 0.048000 0.300000
261 19.878667 0.488333 0.137333 0.670000
417 19.979000 0.495000 0.076667 0.370000
695 20.109000 0.505000 0.199333 0.996667
892 20.273667 0.496667 0.144667 0.420000
584 20.401667 0.498333 0.127333 0.396667
722 20.516000 0.510000 0.120000 0.346667
682 20.613000 0.500000 0.088667 0.326667
225 20.694000 0.510000 0.088000 0.373333
803 20.834000 0.506667 0.208000 1.040000
527 21.008667 0.510000 0.158667 0.466667
665 21.126000 0.493333 0.093333 0.313333
135 21.217000 0.510000 0.104667 0.393333
185 21.316333 0.506667 0.112667 0.493333
811 21.425667 0.503333 0.119333 0.286667
478 21.510333 0.498333 0.064667 0.390000
804 21.634667 0.490000 0.198667 0.993333
147 21.768000 0.495000 0.082667 0.430000
532 21.863333 0.501667 0.125333 0.643333
735 21.975667 0.508333 0.119333 0.476667
34 22.094667 0.505000 0.133333 0.423333
499 22.178000 0.505000 0.053333 0.323333
742 22.268000 0.500000 0.146667 0.606667
895 22.405667 0.505000 0.148667 0.436667
800 22.510333 0.506667 0.078000 0.286667
743 22.585667 0.510000 0.087333 0.366667
64 22.660667 0.490000 0.076000 0.406667
523 22.756667 0.508333 0.130667 0.436667
780 22.885000 0.503333 0.139333 0.400000
829 23.004000 0.506667 0.118667 0.493333
820 23.106000 0.496667 0.105333 0.433333
419 23.200333 0.491667 0.099333 0.476667
554 23.304667 0.500000 0.124000 0.333333
468 23.396000 0.503333 0.072000 0.433333
232 23.469333 0.493333 0.093333 0.473333
996 23.530333 0.490000 0.043333 0.340000
392 23.620667 0.506667 0.153333 0.460000
72 23.740000 0.495000 0.101333 0.490000
913 23.844333 0.506667 0.126000 0.373333
632 23.972667 0.506667 0.145333 0.453333
938 24.062333 0.503333 0.047333 0.346667
157 24.161000 0.510000 0.166000 0.693333
841 24.278333 0.495000 0.086000 0.376667
920 24.367333 0.490000 0.106667 0.413333
455 24.451667 0.498333 0.076667 0.450000
589 24.539667 0.506667 0.119333 0.480000
567 24.707000 0.491667 0.230000 1.150000
593 24.922000 0.490000 0.217333 1.086667
973 25.041667 0.500000 0.035333 0.260000
754 25.110667 0.493333 0.120000 0.580000
304 25.202667 0.493333 0.080000 0.446667
361 25.324333 0.491667 0.180667 0.903333
634 25.444667 0.503333 0.078667 0.333333
265 25.534000 0.490000 0.116000 0.446667
340 25.643333 0.500000 0.117333 0.346667
575 25.745667 0.500000 0.107333 0.346667
806 25.867667 0.508333 0.156667 0.383333
70 26.010333 0.501667 0.148667 0.516667
1015 26.097667 0.506667 0.042000 0.326667
643 26.159667 0.491667 0.100667 0.356667
228 26.249667 0.498333 0.094000 0.430000
5 26.338333 0.498333 0.098000 0.470000
880 26.418667 0.493333 0.082667 0.286667
91 26.537000 0.508333 0.174000 0.870000
1009 26.636333 0.488333 0.042000 0.343333
1019 26.667333 0.495000 0.040000 0.330000
128 26.763333 0.493333 0.166667 0.833333
835 26.904667 0.491667 0.133333 0.516667
998 26.981667 0.501667 0.036667 0.283333
180 27.057000 0.500000 0.130000 0.480000
627 27.228333 0.505000 0.227333 1.136667
144 27.386000 0.508333 0.108000 0.490000
683 27.501333 0.491667 0.142667 0.423333
580 27.642667 0.488333 0.154667 0.390000
465 27.745333 0.491667 0.068000 0.376667
793 27.822333 0.505000 0.100667 0.410000
923 27.884333 0.501667 0.038000 0.303333
338 27.952667 0.493333 0.114667 0.593333
599 28.060667 0.501667 0.116000 0.343333
964 28.135000 0.491667 0.046000 0.343333
537 28.253333 0.503333 0.206667 1.033333
469 28.388000 0.493333 0.076000 0.433333
174 28.476667 0.510000 0.120000 0.440000
355 28.605667 0.488333 0.155333 0.776667
636 28.742333 0.495000 0.138000 0.363333
100 28.892333 0.490000 0.175333 0.373333
959 28.990667 0.501667 0.034667 0.263333
187 29.043000 0.496667 0.087333 0.400000
231 29.142667 0.500000 0.126667 0.526667
760 29.269333 0.493333 0.145333 0.473333
262 29.394000 0.510000 0.122667 0.613333
902 29.522333 0.505000 0.148667 0.396667
461 29.626667 0.498333 0.074667 0.403333
805 29.731333 0.493333 0.149333 0.440000
496 29.848000 0.501667 0.101333 0.416667
568 29.951000 0.496667 0.123333 0.613333
986 30.028333 0.500000 0.044667 0.353333
179 30.087667 0.496667 0.091333 0.340000
165 30.184000 0.503333 0.116000 0.433333
850 30.281333 0.496667 0.094667 0.420000
241 30.360000 0.496667 0.076000 0.420000
558 30.427000 0.500000 0.074000 0.360000
433 30.526667 0.498333 0.140000 0.323333
823 30.637667 0.493333 0.098000 0.480000
402 30.753000 0.491667 0.151333 0.423333
89 30.931667 0.498333 0.222000 1.110000
991 31.052000 0.495000 0.034667 0.290000
918 31.105333 0.488333 0.090667 0.343333
350 31.204667 0.495000 0.125333 0.390000
256 31.310667 0.490000 0.105333 0.353333
723 31.421000 0.500000 0.128667 0.440000
230 31.540333 0.498333 0.124667 0.570000
221 31.638667 0.496667 0.088000 0.406667
82 31.715667 0.506667 0.083333 0.633333
740 31.815333 0.491667 0.134667 0.303333
890 31.985000 0.498333 0.222000 1.110000
283 32.142333 0.500000 0.110000 0.373333
54 32.216000 0.491667 0.054667 0.316667
122 32.294667 0.490000 0.117333 0.420000
199 32.400000 0.508333 0.108000 0.483333
458 32.488000 0.490000 0.088000 0.446667
785 32.563333 0.493333 0.078667 0.333333
551 32.647333 0.505000 0.106667 0.323333
679 32.745000 0.505000 0.102000 0.590000
914 32.841000 0.501667 0.110000 0.330000
641 32.930000 0.490000 0.088000 0.413333
672 33.021667 0.506667 0.114000 0.380000
955 33.092000 0.500000 0.046667 0.346667
1017 33.131333 0.488333 0.046667 0.363333
250 33.248667 0.500000 0.204000 1.020000
475 33.381667 0.500000 0.076667 0.446667
1010 33.428667 0.496667 0.032000 0.253333
93 33.538333 0.506667 0.204667 0.433333
401 33.677333 0.496667 0.086667 0.486667
623 33.783333 0.505000 0.144000 0.470000
384 33.922667 0.493333 0.148000 0.406667
33 34.054000 0.493333 0.130667 0.426667
372 34.176333 0.498333 0.132667 0.376667
728 34.265667 0.490000 0.060667 0.533333
790 34.319000 0.503333 0.060667 0.360000
216 34.392333 0.495000 0.100667 0.510000
95 34.546000 0.500000 0.220000 1.100000
424 34.708667 0.508333 0.124000 0.396667
41 34.859000 0.498333 0.191333 0.956667
982 34.962667 0.495000 0.036000 0.270000
96 35.076333 0.501667 0.211333 1.056667
339 35.227333 0.505000 0.105333 0.530000
739 35.305667 0.510000 0.070000 0.606667
336 35.389333 0.505000 0.116000 0.556667
652 35.521667 0.505000 0.162000 0.810000
12 35.641000 0.490000 0.094000 0.340000
961 35.704000 0.503333 0.045333 0.340000
154 35.762667 0.496667 0.090667 0.433333
325 35.902667 0.510000 0.206667 1.033333
508 36.026000 0.510000 0.057333 0.300000
276 36.072000 0.496667 0.052000 0.313333
177 36.150333 0.488333 0.118000 0.436667
4 36.247000 0.500000 0.092667 0.360000
471 36.323333 0.500000 0.080000 0.420000
1005 36.374000 0.510000 0.040000 0.300000
270 36.498333 0.508333 0.226000 1.130000
863 36.654667 0.493333 0.100000 0.480000
516 36.747667 0.505000 0.106000 0.350000
69 36.850333 0.510000 0.119333 0.613333
539 36.931333 0.491667 0.062667 0.296667
335 37.011000 0.501667 0.114000 0.390000
162 37.123667 0.505000 0.130000 0.476667
610 37.251000 0.506667 0.139333 0.426667
26 37.387000 0.503333 0.150000 0.506667
553 37.513667 0.493333 0.118000 0.420000
555 37.586000 0.488333 0.042667 0.423333
217 37.707333 0.506667 0.218667 1.093333
201 37.858000 0.498333 0.096000 0.390000
514 37.961333 0.498333 0.124000 0.416667
631 38.104333 0.490000 0.175333 0.580000
219 38.226000 0.488333 0.088000 0.376667
861 38.281667 0.505000 0.039333 0.310000
772 38.356000 0.498333 0.126667 0.350000
648 38.456000 0.503333 0.088000 0.373333
8 38.535333 0.510000 0.088000 0.306667
360 38.635000 0.488333 0.126000 0.363333
370 38.768000 0.496667 0.156000 0.440000
995 38.860333 0.490000 0.044667 0.360000
710 38.958333 0.488333 0.170000 0.436667
637 39.060667 0.508333 0.050667 0.256667
97 39.161000 0.498333 0.168667 0.843333
587 39.305333 0.495000 0.134667 0.423333
51 39.410667 0.495000 0.093333 0.303333
239 39.512000 0.491667 0.126667 0.776667
931 39.585333 0.496667 0.038667 0.286667
969 39.617667 0.505000 0.042000 0.330000
15 39.683000 0.493333 0.108667 0.380000
896 39.790333 0.493333 0.119333 0.340000
140 39.944333 0.505000 0.208667 1.043333
543 40.122000 0.508333 0.161333 0.496667
485 40.224667 0.493333 0.057333 0.300000
592 40.306000 0.510000 0.125333 0.406667
694 40.411667 0.505000 0.106000 0.516667
246 40.550667 0.510000 0.189333 0.646667
462 40.666000 0.491667 0.056000 0.323333
381 40.763000 0.488333 0.158000 0.450000
322 40.888667 0.510000 0.113333 0.213333
630 41.007000 0.506667 0.136667 0.460000
561 41.160333 0.505000 0.186000 0.396667
6 41.296333 0.496667 0.106000 0.440000
117 41.399000 0.495000 0.114000 0.370000
753 41.549333 0.510000 0.204000 1.020000
170 41.723000 0.505000 0.156667 0.783333
209 41.858000 0.508333 0.133333 0.530000
287 41.979333 0.496667 0.124000 0.473333
872 42.110667 0.493333 0.158667 0.440000
571 42.226000 0.500000 0.089333 0.366667
597 42.320667 0.488333 0.120000 0.370000
768 42.400000 0.503333 0.058667 0.153333
110 42.486333 0.510000 0.130000 0.486667
956 42.562000 0.508333 0.037333 0.270000
27 42.642333 0.498333 0.140667 0.476667
136 42.759333 0.496667 0.109333 0.473333
573 42.844000 0.503333 0.073333 0.306667
371 42.951667 0.490000 0.160667 0.453333
620 43.077000 0.490000 0.103333 0.446667
645 43.151333 0.496667 0.065333 0.293333
950 43.196000 0.493333 0.042667 0.313333
801 43.261333 0.495000 0.106667 0.416667
171 43.367000 0.490000 0.119333 0.420000
520 43.465333 0.491667 0.094667 0.316667
944 43.523667 0.503333 0.036667 0.300000
563 43.620333 0.500000 0.172667 0.353333
460 43.732333 0.496667 0.067333 0.373333
143 43.794667 0.503333 0.074667 0.320000
226 43.871667 0.490000 0.095333 0.386667
189 43.955000 0.498333 0.087333 0.443333
788 44.065667 0.500000 0.152667 0.493333
674 44.185667 0.488333 0.102000 0.350000
423 44.295000 0.503333 0.132667 0.413333
929 44.375000 0.501667 0.040667 0.336667
358 44.495000 0.498333 0.219333 1.096667
967 44.617333 0.501667 0.045333 0.343333
566 44.700333 0.506667 0.140667 0.580000
359 44.865000 0.495000 0.202000 1.010000
123 45.016333 0.503333 0.115333 0.740000
604 45.136000 0.505000 0.141333 0.430000
607 45.267000 0.510000 0.134000 0.420000
763 45.355000 0.496667 0.055333 0.420000
50 45.447667 0.495000 0.147333 0.416667
963 45.537667 0.503333 0.048667 0.360000
686 45.604667 0.490000 0.100000 0.486667
994 45.666000 0.510000 0.040000 0.300000
333 45.750000 0.510000 0.146667 0.326667
142 45.852667 0.508333 0.078667 0.363333
120 45.962000 0.503333 0.160000 0.800000
258 46.086333 0.491667 0.108667 0.363333
974 46.152667 0.500000 0.041333 0.306667
907 46.229333 0.495000 0.126667 0.463333
536 46.355000 0.495000 0.142000 0.570000
85 46.468000 0.488333 0.104000 0.430000
489 46.547000 0.498333 0.067333 0.350000
388 46.646667 0.503333 0.152000 0.426667
211 46.758333 0.498333 0.084667 0.423333
972 46.813000 0.501667 0.043333 0.330000
502 46.862000 0.505000 0.074667 0.343333
910 46.953333 0.495000 0.125333 0.383333
822 47.059333 0.488333 0.105333 0.383333
776 47.189667 0.493333 0.175333 0.426667
375 47.325000 0.500000 0.115333 0.346667
705 47.462333 0.508333 0.174000 0.870000
357 47.622667 0.503333 0.160000 0.440000
926 47.717000 0.491667 0.044667 0.363333
830 47.794000 0.500000 0.122667 0.540000
22 47.919333 0.493333 0.148000 0.500000
900 48.056333 0.490000 0.143333 0.420000
606 48.178333 0.510000 0.115333 0.360000
13 48.291333 0.495000 0.130667 0.423333
409 48.407000 0.500000 0.119333 0.600000
263 48.545333 0.493333 0.177333 0.886667
99 48.716333 0.508333 0.182000 0.910000
289 48.896000 0.500000 0.193333 0.966667
789 49.024667 0.501667 0.084000 0.516667
677 49.124000 0.510000 0.133333 0.446667
692 49.229667 0.500000 0.096667 0.473333
353 49.380333 0.501667 0.222000 1.110000
53 49.542667 0.488333 0.118667 0.416667
605 49.656333 0.501667 0.123333 0.323333
60 49.755333 0.503333 0.090667 0.380000
784 49.824333 0.491667 0.064667 0.510000
546 49.904667 0.503333 0.109333 0.400000
899 50.008667 0.508333 0.114667 0.303333
718 50.164000 0.510000 0.212000 1.060000
492 50.293333 0.490000 0.065333 0.333333
978 50.336000 0.500000 0.033333 0.253333
524 50.396333 0.495000 0.104667 0.330000
137 50.468333 0.510000 0.056667 0.273333
25 50.542333 0.506667 0.104667 0.386667
901 50.700667 0.503333 0.226667 1.133333
101 50.915000 0.508333 0.222000 1.110000
153 51.071000 0.498333 0.106000 0.483333
767 51.166333 0.490000 0.103333 0.293333
148 51.298333 0.501667 0.176667 0.883333
548 51.450000 0.493333 0.142667 0.453333
337 51.593333 0.503333 0.161333 0.806667
1002 51.682333 0.503333 0.031333 0.253333
456 51.724000 0.500000 0.066667 0.353333
515 51.797667 0.498333 0.100667 0.323333
813 51.916000 0.501667 0.153333 0.476667
222 52.079000 0.508333 0.192667 0.963333
10 52.220000 0.493333 0.108000 0.400000
94 52.369000 0.508333 0.204667 1.023333
832 52.523667 0.508333 0.124667 0.530000
962 52.598333 0.495000 0.038000 0.310000
56 52.647667 0.490000 0.080667 0.113333
747 52.718000 0.508333 0.077333 0.336667
858 52.814667 0.498333 0.132000 0.403333
588 52.919000 0.496667 0.092667 0.413333
701 53.039000 0.488333 0.160667 0.803333
1000 53.128000 0.503333 0.037333 0.300000
482 53.166333 0.488333 0.054000 0.323333
533 53.256000 0.493333 0.140000 0.493333
442 53.347000 0.505000 0.062000 0.316667
396 53.434667 0.506667 0.126667 0.393333
733 53.526333 0.510000 0.071333 0.426667
952 53.570333 0.500000 0.035333 0.260000
943 53.602000 0.493333 0.045333 0.353333
556 53.671000 0.505000 0.106000 0.450000
867 53.769667 0.495000 0.104667 0.350000
828 53.863667 0.490000 0.098000 0.486667
382 53.962667 0.490000 0.116000 0.313333
243 54.101000 0.491667 0.176667 0.590000
344 54.252000 0.510000 0.138667 0.413333
112 54.393000 0.495000 0.158000 0.530000
145 54.501333 0.506667 0.078667 0.380000
9 54.587333 0.491667 0.112000 0.463333
712 54.718667 0.493333 0.164000 0.820000
616 54.878000 0.495000 0.170667 0.416667
644 54.991000 0.508333 0.074000 0.363333
583 55.050667 0.510000 0.060000 0.393333
491 55.126333 0.501667 0.104667 0.510000
486 55.205333 0.488333 0.066667 0.350000
126 55.295000 0.493333 0.126000 0.413333
915 55.386000 0.505000 0.074667 0.596667
1004 55.433000 0.506667 0.038000 0.313333
284 55.504667 0.488333 0.120000 0.430000
159 55.575667 0.506667 0.038000 0.306667
57 55.614667 0.500000 0.054667 0.246667
984 55.658333 0.495000 0.052667 0.383333
79 55.760333 0.505000 0.166000 0.830000
106 55.930000 0.491667 0.188000 0.410000
821 56.126667 0.503333 0.225333 1.126667
816 56.295333 0.490000 0.126667 0.386667
303 56.381667 0.491667 0.064667 0.363333
451 56.440000 0.508333 0.069333 0.363333
769 56.529333 0.506667 0.129333 0.440000
58 56.604667 0.503333 0.041333 0.253333
439 56.670000 0.496667 0.108000 0.426667
848 56.776667 0.498333 0.118667 0.356667
48 56.916000 0.493333 0.173333 0.866667
608 57.038333 0.488333 0.091333 0.296667
131 57.145667 0.490000 0.143333 0.553333
611 57.261333 0.508333 0.104000 0.396667
709 57.353000 0.505000 0.098000 0.423333
457 57.434333 0.493333 0.079333 0.406667
839 57.523667 0.510000 0.116667 0.500000
192 57.617000 0.505000 0.087333 0.410000
412 57.699333 0.495000 0.096000 0.496667
494 57.782333 0.498333 0.086000 0.456667
619 57.869667 0.501667 0.108667 0.576667
497 57.987667 0.488333 0.147333 0.376667
483 58.085667 0.500000 0.068667 0.353333
277 58.149667 0.500000 0.072667 0.346667
331 58.276667 0.510000 0.198667 0.440000
688 58.419667 0.506667 0.103333 0.506667
76 58.543333 0.505000 0.157333 0.490000
791 58.642333 0.488333 0.056667 0.350000
158 58.746000 0.501667 0.165333 0.503333
206 58.872333 0.488333 0.102000 0.423333
47 58.970333 0.488333 0.108667 0.510000
564 59.096667 0.495000 0.161333 0.323333
215 59.230333 0.505000 0.120667 0.490000
422 59.335000 0.488333 0.104667 0.396667
687 59.413667 0.500000 0.072667 0.353333
43 59.488667 0.490000 0.097333 0.380000
727 59.569000 0.493333 0.078000 0.360000
285 59.661000 0.506667 0.122000 0.400000
1014 59.734333 0.501667 0.043333 0.356667
152 59.786667 0.506667 0.078667 0.393333
731 59.863333 0.510000 0.092000 0.460000
662 59.955333 0.510000 0.110667 0.373333
156 60.104333 0.491667 0.204667 1.023333
309 60.228333 0.500000 0.056667 0.320000
1001 60.267667 0.491667 0.036667 0.283333
351 60.370667 0.490000 0.188000 0.940000
849 60.506000 0.495000 0.097333 0.396667
432 60.625000 0.505000 0.156667 0.303333
204 60.745000 0.488333 0.098000 0.483333
390 60.844667 0.503333 0.116000 0.360000
175 60.942333 0.508333 0.096667 0.363333
716 61.084667 0.493333 0.202667 0.506667
856 61.256667 0.505000 0.156000 0.390000
808 61.374333 0.510000 0.096667 0.353333
45 61.456333 0.505000 0.084667 0.423333
843 61.541667 0.496667 0.103333 0.480000
794 61.616333 0.490000 0.066000 0.386667
668 61.701333 0.501667 0.120000 0.410000
495 61.794667 0.493333 0.084000 0.380000
292 61.887000 0.503333 0.120667 0.466667
654 62.038000 0.500000 0.194667 0.973333
227 62.188667 0.488333 0.122667 0.496667
163 62.300333 0.508333 0.120667 0.430000
16 62.405667 0.508333 0.104667 0.343333
741 62.509333 0.505000 0.118667 0.410000
949 62.576000 0.491667 0.032000 0.270000
98 62.686333 0.505000 0.208667 1.043333
657 62.832667 0.508333 0.098667 0.383333
798 62.924333 0.493333 0.100667 0.366667
1016 62.988667 0.508333 0.044000 0.330000
116 63.081000 0.506667 0.155333 0.480000
501 63.188000 0.508333 0.077333 0.350000
452 63.247000 0.510000 0.058000 0.320000
545 63.315333 0.493333 0.098667 0.360000
11 63.400667 0.498333 0.089333 0.303333
387 63.493333 0.488333 0.110667 0.310000
302 63.573667 0.496667 0.068667 0.386667
594 63.649333 0.496667 0.102667 0.306667
970 63.717667 0.498333 0.051333 0.370000
73 63.819000 0.491667 0.166000 0.536667
317 63.954000 0.496667 0.122667 0.446667
675 64.058000 0.496667 0.102667 0.333333
298 64.145000 0.498333 0.086000 0.423333
447 64.213000 0.488333 0.064667 0.343333
377 64.311667 0.510000 0.147333 0.460000
288 64.435333 0.491667 0.118667 0.450000
255 64.545667 0.496667 0.119333 0.460000
521 64.667333 0.496667 0.144000 0.380000
614 64.809667 0.500000 0.160667 0.426667
267 64.983667 0.508333 0.203333 1.016667
758 65.141000 0.491667 0.131333 0.383333
63 65.246333 0.493333 0.095333 0.340000
924 65.306000 0.508333 0.040000 0.290000
7 65.366000 0.488333 0.100000 0.350000
223 65.457000 0.495000 0.102000 0.503333
864 65.558333 0.503333 0.118000 0.473333
369 65.668000 0.508333 0.118667 0.316667
621 65.752000 0.503333 0.065333 0.593333
756 65.847667 0.493333 0.142000 0.446667
173 65.968000 0.503333 0.118667 0.540000
39 66.088000 0.506667 0.134667 0.460000
176 66.257000 0.508333 0.219333 1.096667
408 66.405667 0.493333 0.096667 0.366667
306 66.475333 0.496667 0.062667 0.353333
542 66.555333 0.495000 0.113333 0.403333
815 66.672000 0.498333 0.138667 0.396667
445 66.758667 0.505000 0.054667 0.290000
78 66.852333 0.496667 0.148667 0.340000
651 67.005333 0.508333 0.172000 0.563333
886 67.156333 0.508333 0.144667 0.483333
866 67.314000 0.510000 0.188000 0.940000
92 67.515000 0.501667 0.230000 1.150000
625 67.687333 0.496667 0.133333 0.453333
326 67.785000 0.508333 0.079333 0.363333
430 67.869333 0.493333 0.106667 0.460000
448 67.948000 0.508333 0.070667 0.416667
851 68.024667 0.493333 0.098667 0.413333
860 68.161667 0.501667 0.190000 0.950000
61 68.284000 0.506667 0.072000 0.366667
273 68.335667 0.495000 0.050000 0.283333
314 68.403667 0.506667 0.100667 0.386667
577 68.497000 0.500000 0.103333 0.413333
658 68.567333 0.505000 0.054667 0.310000
525 68.648333 0.488333 0.122000 0.403333
681 68.723667 0.495000 0.043333 0.356667
522 68.793000 0.503333 0.112667 0.353333
161 68.885667 0.488333 0.092667 0.350000
650 68.992000 0.491667 0.138667 0.456667
212 69.109000 0.495000 0.108667 0.443333
107 69.267000 0.490000 0.223333 0.480000
615 69.443000 0.508333 0.143333 0.630000
557 69.554000 0.491667 0.097333 0.630000
624 69.686667 0.495000 0.184000 0.616667
393 69.846333 0.493333 0.154000 0.400000
699 69.982000 0.495000 0.137333 0.383333
198 70.100333 0.498333 0.118000 0.510000
434 70.210000 0.506667 0.118667 0.400000
238 70.375333 0.503333 0.230667 1.153333
877 70.523000 0.495000 0.079333 0.416667
18 70.614333 0.506667 0.116667 0.400000
108 70.751333 0.493333 0.174667 0.366667
990 70.854000 0.493333 0.049333 0.353333
421 70.939667 0.498333 0.139333 0.423333
155 71.045333 0.490000 0.085333 0.440000
307 71.120000 0.491667 0.078667 0.443333
559 71.183667 0.488333 0.068667 0.336667
487 71.240000 0.495000 0.060000 0.310000
146 71.302667 0.498333 0.085333 0.376667
233 71.392333 0.496667 0.110000 0.486667
711 71.518000 0.500000 0.157333 0.786667
40 71.633000 0.490000 0.090000 0.300000
453 71.703333 0.495000 0.070667 0.416667
17 71.772667 0.488333 0.081333 0.283333
792 71.856333 0.503333 0.099333 0.406667
362 71.962667 0.493333 0.126667 0.386667
151 72.055667 0.498333 0.079333 0.363333
708 72.128000 0.496667 0.085333 0.353333
349 72.222333 0.490000 0.123333 0.380000
724 72.304667 0.496667 0.061333 0.406667
218 72.386667 0.498333 0.116000 0.530000
827 72.490333 0.488333 0.111333 0.516667
925 72.556667 0.503333 0.038667 0.293333
109 72.660333 0.488333 0.182000 0.910000
586 72.798333 0.498333 0.108667 0.350000
354 72.945000 0.501667 0.200667 1.003333
509 73.102000 0.501667 0.128000 0.396667
781 73.188000 0.488333 0.061333 0.316667
149 73.304333 0.490000 0.184667 0.506667
477 73.420000 0.508333 0.060000 0.336667
308 73.477000 0.500000 0.067333 0.380000
985 73.519333 0.496667 0.037333 0.280000
66 73.575333 0.496667 0.094667 0.533333
178 73.676333 0.498333 0.127333 0.450000
191 73.785000 0.488333 0.103333 0.430000
167 73.933333 0.500000 0.209333 1.046667
874 74.072667 0.496667 0.085333 0.413333
595 74.174000 0.506667 0.134667 0.400000
257 74.303667 0.501667 0.142000 0.416667
976 74.386000 0.488333 0.040000 0.296667
245 74.432333 0.490000 0.072667 0.306667
490 74.495667 0.510000 0.067333 0.360000
528 74.585667 0.496667 0.131333 0.426667
46 74.672000 0.508333 0.057333 0.476667
275 74.726333 0.510000 0.068667 0.406667
0 74.777000 0.488333 0.052667 0.403333
169 74.854000 0.493333 0.120000 0.420000
810 74.960333 0.508333 0.108667 0.456667
847 75.069667 0.493333 0.130000 0.393333
612 75.223667 0.505000 0.192667 0.963333
334 75.372333 0.488333 0.119333 0.396667
405 75.477000 0.493333 0.110000 0.426667
139 75.569000 0.488333 0.088667 0.463333
282 75.679000 0.491667 0.147333 0.510000
714 75.833333 0.490000 0.176000 0.880000
774 75.951667 0.503333 0.075333 0.386667
202 76.032000 0.510000 0.105333 0.426667
77 76.146667 0.490000 0.137333 0.340000
703 76.269333 0.498333 0.121333 0.390000
845 76.369000 0.495000 0.095333 0.430000
865 76.456667 0.488333 0.094667 0.350000
242 76.543667 0.490000 0.098000 0.380000
254 76.652667 0.506667 0.140000 0.540000
857 76.812333 0.493333 0.198000 0.420000
1003 76.920333 0.490000 0.034000 0.253333
1023 76.950333 0.498333 0.042000 0.310000
446 76.999000 0.508333 0.074000 0.376667
749 77.076667 0.503333 0.097333 0.393333
565 77.202333 0.498333 0.167333 0.343333
414 77.327000 0.501667 0.096667 0.476667
286 77.413667 0.495000 0.091333 0.343333
518 77.535333 0.496667 0.172000 0.860000
193 77.666000 0.503333 0.109333 0.513333
878 77.756000 0.493333 0.090667 0.466667
720 77.877333 0.506667 0.166667 0.833333
581 78.006333 0.491667 0.111333 0.483333
736 78.092000 0.496667 0.078667 0.426667
269 78.200000 0.510000 0.156000 0.473333
591 78.334667 0.508333 0.130667 0.403333
817 78.452000 0.503333 0.124000 0.433333
220 78.560667 0.500000 0.109333 0.553333
783 78.655000 0.488333 0.096667 0.530000
954 78.710667 0.495000 0.030667 0.256667
21 78.772000 0.493333 0.109333 0.393333
773 78.881000 0.503333 0.123333 0.360000
428 78.969000 0.510000 0.072667 0.513333
734 79.072667 0.491667 0.149333 0.396667
541 79.244333 0.503333 0.207333 0.453333
224 79.390667 0.488333 0.098667 0.483333
779 79.454333 0.505000 0.043333 0.423333
751 79.508000 0.498333 0.082667 0.356667
909 79.592000 0.510000 0.100000 0.433333
406 79.676333 0.500000 0.083333 0.320000
904 79.744667 0.498333 0.070667 0.330000
348 79.851667 0.498333 0.162000 0.436667
726 79.963000 0.496667 0.076667 0.413333
1012 80.011667 0.490000 0.038000 0.286667
628 80.116333 0.498333 0.186000 0.930000
948 80.219333 0.510000 0.033333 0.253333
585 80.295667 0.506667 0.135333 0.400000
919 80.393333 0.491667 0.080000 0.396667
301 80.465667 0.491667 0.079333 0.443333
814 80.570000 0.506667 0.146667 0.473333
852 80.682000 0.488333 0.092000 0.376667
893 80.798333 0.491667 0.156667 0.783333
295 80.927000 0.495000 0.116667 0.496667
493 81.013667 0.500000 0.076667 0.346667
993 81.063333 0.510000 0.038667 0.300000
757 81.141000 0.500000 0.134000 0.406667
195 81.245333 0.491667 0.089333 0.370000
347 81.334667 0.496667 0.109333 0.346667
578 81.435333 0.501667 0.110667 0.430000
367 81.548667 0.498333 0.132000 0.390000
836 81.649333 0.508333 0.089333 0.436667
327 81.757667 0.490000 0.142000 0.426667
472 81.867000 0.488333 0.090000 0.456667
572 81.944333 0.491667 0.080667 0.316667
526 82.038667 0.500000 0.128000 0.340000
329 82.201667 0.488333 0.212667 1.063333
530 82.346000 0.490000 0.090667 0.453333
383 82.457333 0.510000 0.145333 0.393333
237 82.558333 0.508333 0.070000 0.516667
725 82.647667 0.506667 0.127333 0.533333
876 82.782333 0.508333 0.155333 0.776667
130 82.948333 0.491667 0.194000 0.970000
825 83.091333 0.500000 0.108000 0.540000
166 83.193000 0.496667 0.115333 0.413333
562 83.331000 0.506667 0.174000 0.360000
971 83.430000 0.510000 0.037333 0.293333
824 83.487000 0.501667 0.094000 0.390000
37 83.571333 0.495000 0.093333 0.303333
629 83.697000 0.491667 0.172667 0.863333
647 83.815333 0.505000 0.077333 0.396667
389 83.922000 0.495000 0.150667 0.423333
42 84.027000 0.508333 0.079333 0.450000
141 84.097667 0.505000 0.080667 0.356667
1007 84.149333 0.495000 0.040000 0.316667
312 84.213333 0.491667 0.105333 0.403333
696 84.336333 0.495000 0.158000 0.363333
386 84.507333 0.503333 0.201333 1.006667
870 84.628000 0.493333 0.053333 0.253333
927 84.668667 0.503333 0.042667 0.333333
380 84.737667 0.496667 0.111333 0.306667
14 84.831333 0.495000 0.089333 0.316667
459 84.901000 0.500000 0.068667 0.360000
395 84.997000 0.508333 0.140667 0.396667
755 85.132667 0.503333 0.146667 0.433333
132 85.237333 0.503333 0.076000 0.340000
529 85.322667 0.510000 0.110667 0.460000
205 85.411667 0.503333 0.082000 0.413333
802 85.533000 0.506667 0.174000 0.353333
404 85.688667 0.503333 0.157333 0.786667
715 85.854333 0.505000 0.187333 0.936667
374 85.997333 0.501667 0.112000 0.310000
868 86.081667 0.503333 0.076667 0.433333
28 86.171000 0.490000 0.119333 0.433333
831 86.279667 0.496667 0.111333 0.500000
795 86.368333 0.488333 0.080667 0.496667
513 86.448667 0.501667 0.096000 0.303333
328 86.595000 0.498333 0.210000 0.463333
450 86.730000 0.500000 0.078667 0.400000
928 86.780333 0.495000 0.036667 0.303333
2 86.828667 0.501667 0.074667 0.356667
732 86.903667 0.508333 0.094000 0.470000
65 86.979333 0.503333 0.073333 0.193333
855 87.052333 0.501667 0.091333 0.236667
678 87.149333 0.505000 0.117333 0.370000
476 87.225333 0.506667 0.053333 0.320000
59 87.325333 0.510000 0.165333 0.826667
346 87.454000 0.496667 0.112000 0.353333
846 87.551333 0.503333 0.100000 0.466667
807 87.690667 0.490000 0.196000 0.980000
251 87.809333 0.495000 0.058667 0.330000
88 87.913667 0.491667 0.163333 0.343333
609 88.025333 0.498333 0.080000 0.330000
484 88.105667 0.503333 0.095333 0.346667
638 88.201000 0.505000 0.112667 0.443333
946 88.272333 0.505000 0.048667 0.370000
853 88.329000 0.498333 0.083333 0.383333
268 88.464667 0.496667 0.208000 1.040000
229 88.613333 0.503333 0.106667 0.446667
480 88.695000 0.498333 0.072667 0.370000
356 88.801000 0.491667 0.152667 0.450000
438 88.927667 0.501667 0.118000 0.356667
960 88.998667 0.493333 0.040000 0.293333
427 89.065667 0.496667 0.110000 0.520000
706 89.151000 0.498333 0.074000 0.376667
834 89.237000 0.488333 0.112667 0.483333
127 89.390333 0.488333 0.210000 1.050000
862 89.527000 0.503333 0.078000 0.406667
240 89.593667 0.508333 0.072667 0.376667
745 89.665667 0.510000 0.086000 0.326667
259 89.756333 0.493333 0.112667 0.566667
415 89.871667 0.501667 0.132667 0.450000
182 89.994000 0.488333 0.132000 0.436667
164 90.104000 0.498333 0.102667 0.390000
352 90.217667 0.506667 0.138000 0.400000
279 90.327000 0.498333 0.100667 0.570000
44 90.417333 0.505000 0.094667 0.370000
531 90.536000 0.491667 0.160000 0.356667
922 90.629667 0.501667 0.042000 0.343333
903 90.704667 0.488333 0.125333 0.383333
49 90.858333 0.488333 0.199333 0.996667
407 91.001333 0.490000 0.104000 0.400000
234 91.085000 0.491667 0.080667 0.403333
67 91.202333 0.498333 0.168667 0.843333
74 91.361000 0.496667 0.163333 0.500000
690 91.476333 0.498333 0.087333 0.430000
618 91.540000 0.510000 0.058667 0.380000
601 91.623000 0.490000 0.124667 0.373333
898 91.733667 0.500000 0.114000 0.326667
939 91.805667 0.495000 0.043333 0.316667
833 91.874000 0.505000 0.110667 0.456667
590 92.013000 0.491667 0.183333 0.916667
29 92.164333 0.503333 0.139333 0.393333
150 92.280333 0.495000 0.110000 0.436667
330 92.368000 0.491667 0.084000 0.323333
373 92.505000 0.488333 0.204667 1.023333
210 92.657333 0.490000 0.116000 0.466667
947 92.726000 0.496667 0.038667 0.280000
782 92.793000 0.493333 0.111333 0.513333
685 92.891000 0.493333 0.099333 0.400000
511 92.989667 0.506667 0.115333 0.360000
500 93.084333 0.498333 0.092667 0.423333
197 93.164333 0.510000 0.084667 0.426667
320 93.269333 0.490000 0.140000 0.433333
941 93.354000 0.505000 0.042667 0.316667
933 93.390000 0.490000 0.044000 0.320000
744 93.505000 0.498333 0.202000 1.010000
552 93.629000 0.506667 0.062000 0.393333
519 93.714667 0.510000 0.128000 0.440000
871 93.797333 0.495000 0.057333 0.263333
700 93.884333 0.496667 0.135333 0.546667
504 94.022333 0.490000 0.155333 0.446667
378 94.152000 0.495000 0.121333 0.323333
114 94.252333 0.510000 0.095333 0.466667
999 94.305667 0.495000 0.030000 0.243333
291 94.367000 0.508333 0.108667 0.416667
368 94.485333 0.490000 0.148000 0.400000
622 94.616333 0.505000 0.132667 0.463333
278 94.745667 0.503333 0.144667 0.440000
560 94.887333 0.491667 0.156000 0.476667
752 94.986333 0.506667 0.059333 0.160000
31 95.079667 0.498333 0.142000 0.430000
997 95.159333 0.488333 0.037333 0.310000
885 95.209333 0.496667 0.077333 0.353333
186 95.288000 0.496667 0.094667 0.386667
746 95.393667 0.490000 0.135333 0.393333
633 95.531333 0.506667 0.156000 0.440000
203 95.656333 0.495000 0.108667 0.550000
293 95.743000 0.506667 0.084667 0.320000
786 95.814000 0.488333 0.074667 0.456667
413 95.906000 0.490000 0.128000 0.540000
762 96.007000 0.495000 0.087333 0.383333
332 96.138000 0.510000 0.194667 0.973333
750 96.290667 0.505000 0.126667 0.483333
1006 96.361000 0.493333 0.032667 0.266667
713 96.452333 0.491667 0.168667 0.423333
281 96.585000 0.493333 0.110000 0.380000
464 96.673333 0.501667 0.080000 0.410000
55 96.753667 0.495000 0.099333 0.263333
244 96.866333 0.491667 0.146000 0.396667
689 96.978333 0.496667 0.095333 0.466667
510 97.079667 0.495000 0.122000 0.423333
172 97.202667 0.490000 0.137333 0.480000
676 97.308333 0.501667 0.094000 0.310000
649 97.393000 0.501667 0.090000 0.490000
617 97.470667 0.490000 0.082667 0.346667
52 97.546000 0.496667 0.086667 0.320000
280 97.638667 0.493333 0.118667 0.406667
979 97.709667 0.498333 0.036667 0.283333
582 97.784333 0.495000 0.130000 0.476667
646 97.878000 0.501667 0.076000 0.336667
770 97.971667 0.510000 0.128667 0.373333
992 98.052333 0.491667 0.048667 0.356667
766 98.127000 0.510000 0.120667 0.353333
958 98.198667 0.495000 0.041333 0.316667
1020 98.230667 0.488333 0.037333 0.316667
968 98.255667 0.498333 0.031333 0.250000
315 98.323667 0.506667 0.119333 0.440000
965 98.396333 0.503333 0.039333 0.306667
400 98.432000 0.488333 0.050667 0.436667
105 98.531333 0.500000 0.162667 0.813333
942 98.626667 0.508333 0.045333 0.350000
213 98.688333 0.491667 0.092667 0.476667
290 98.806000 0.490000 0.158667 0.440000
719 98.976000 0.490000 0.194667 0.486667
479 99.099667 0.510000 0.072667 0.373333
391 99.199000 0.503333 0.142000 0.420000
436 99.312000 0.505000 0.102667 0.263333
129 99.422000 0.490000 0.136000 0.520000
125 99.528000 0.500000 0.089333 0.406667
68 99.615667 0.496667 0.099333 0.286667
691 99.704333 0.508333 0.092667 0.456667
466 99.776000 0.510000 0.068000 0.393333
160 99.844333 0.508333 0.088667 0.456667
249 99.918667 0.505000 0.077333 0.603333
844 99.992000 0.501667 0.084000 0.356667
600 100.093333 0.508333 0.136000 0.416667
24 100.224000 0.508333 0.140000 0.476667
379 100.342000 0.508333 0.113333 0.336667
183 100.445000 0.510000 0.112667 0.466667
416 100.529000 0.508333 0.075333 0.363333
87 100.665333 0.508333 0.216000 0.463333
819 100.821667 0.491667 0.116667 0.390000
411 100.952333 0.498333 0.163333 0.816667
613 101.100333 0.510000 0.151333 0.380000
748 101.217000 0.488333 0.100667 0.350000
345 101.321000 0.496667 0.124667 0.393333
905 101.450333 0.505000 0.147333 0.463333
953 101.538667 0.490000 0.048000 0.353333
507 101.587667 0.501667 0.067333 0.363333
168 101.677000 0.506667 0.128667 0.473333
812 101.792333 0.508333 0.122000 0.383333
534 101.899667 0.498333 0.106000 0.410000
538 102.022000 0.500000 0.154667 0.773333
32 102.155000 0.506667 0.130000 0.420000
394 102.282667 0.491667 0.140000 0.383333
579 102.429000 0.488333 0.166000 0.476667
190 102.554333 0.495000 0.103333 0.423333
576 102.637667 0.510000 0.080667 0.320000
787 102.701000 0.488333 0.062000 0.376667
398 102.765333 0.491667 0.084000 0.423333
235 102.844333 0.495000 0.088667 0.450000
1018 102.902333 0.510000 0.042000 0.333333
316 102.962667 0.505000 0.098667 0.376667
837 103.049333 0.505000 0.093333 0.410000
906 103.155667 0.500000 0.135333 0.366667
988 103.231000 0.491667 0.031333 0.270000
653 103.353000 0.495000 0.230000 1.150000
