553 0.063667 0.493333 0.120667 0.426667
127 0.186000 0.510000 0.142667 0.486667
856 0.315667 0.510000 0.134000 0.326667
228 0.425667 0.493333 0.100667 0.406667
175 0.523000 0.508333 0.114000 0.423333
739 0.600667 0.501667 0.057333 0.463333
463 0.658333 0.500000 0.076667 0.453333
444 0.726333 0.496667 0.075333 0.393333
786 0.787667 0.505000 0.064667 0.396667
554 0.882000 0.493333 0.137333 0.380000
538 1.034000 0.488333 0.182667 0.430000
940 1.135000 0.505000 0.039333 0.323333
11 1.201000 0.491667 0.108667 0.363333
5 1.282667 0.498333 0.070667 0.336667
748 1.368667 0.490000 0.118667 0.440000
864 1.479333 0.505000 0.121333 0.470000
369 1.599000 0.500000 0.132667 0.393333
425 1.711333 0.510000 0.108000 0.600000
19 1.799333 0.505000 0.088000 0.303333
233 1.888000 0.505000 0.106667 0.536667
839 1.981667 0.503333 0.096667 0.433333
684 2.074000 0.490000 0.104000 0.393333
810 2.185333 0.490000 0.132000 0.546667
990 2.260667 0.510000 0.037333 0.273333
484 2.325000 0.493333 0.106000 0.433333
820 2.423667 0.501667 0.108667 0.443333
807 2.581000 0.501667 0.220667 1.103333
616 2.762667 0.500000 0.158667 0.793333
283 2.900667 0.501667 0.134667 0.456667
667 3.012333 0.501667 0.103333 0.376667
414 3.149333 0.503333 0.186667 0.933333
276 3.262333 0.501667 0.059333 0.383333
926 3.304667 0.488333 0.044000 0.330000
948 3.336667 0.500000 0.033333 0.260000
149 3.420667 0.508333 0.153333 0.390000
933 3.505667 0.506667 0.030000 0.246667
858 3.565667 0.506667 0.103333 0.340000
608 3.657667 0.508333 0.100667 0.350000
400 3.723667 0.510000 0.047333 0.440000
640 3.775000 0.490000 0.070000 0.353333
204 3.857667 0.491667 0.112667 0.456667
326 3.940667 0.508333 0.069333 0.316667
624 4.054667 0.505000 0.176000 0.590000
512 4.193000 0.501667 0.119333 0.390000
528 4.305667 0.506667 0.123333 0.406667
750 4.408667 0.508333 0.100000 0.370000
145 4.487333 0.490000 0.072000 0.360000
1016 4.535667 0.495000 0.038000 0.316667
253 4.568000 0.491667 0.044000 0.390000
452 4.617667 0.490000 0.072667 0.373333
189 4.696667 0.501667 0.105333 0.436667
549 4.804000 0.490000 0.129333 0.446667
800 4.902000 0.493333 0.086667 0.340000
642 4.981000 0.491667 0.090000 0.363333
470 5.055000 0.503333 0.078000 0.400000
747 5.143333 0.501667 0.114667 0.496667
590 5.251333 0.503333 0.117333 0.420000
278 5.379667 0.496667 0.159333 0.486667
24 5.503333 0.495000 0.108000 0.363333
730 5.613667 0.503333 0.130000 0.533333
13 5.715333 0.501667 0.089333 0.290000
662 5.805333 0.500000 0.104000 0.393333
886 5.922000 0.488333 0.145333 0.490000
405 6.044667 0.491667 0.113333 0.430000
313 6.137333 0.491667 0.092000 0.330000
263 6.254333 0.505000 0.160667 0.510000
1002 6.342333 0.488333 0.034000 0.256667
835 6.401000 0.501667 0.096667 0.390000
220 6.498333 0.496667 0.118000 0.480000
142 6.648333 0.498333 0.195333 0.976667
151 6.781333 0.508333 0.085333 0.443333
540 6.918333 0.488333 0.202000 1.010000
881 7.070000 0.505000 0.117333 0.396667
324 7.193333 0.506667 0.142667 0.700000
387 7.342667 0.510000 0.173333 0.866667
285 7.484667 0.496667 0.125333 0.406667
397 7.581333 0.490000 0.088000 0.366667
29 7.673000 0.506667 0.112667 0.333333
514 7.778667 0.496667 0.118667 0.380000
545 7.871000 0.496667 0.083333 0.340000
454 7.934333 0.491667 0.058000 0.296667
291 8.022667 0.496667 0.133333 0.506667
961 8.101000 0.501667 0.042000 0.330000
239 8.168667 0.488333 0.112000 0.696667
732 8.254000 0.488333 0.076000 0.370000
630 8.352333 0.495000 0.134000 0.450000
1014 8.432000 0.503333 0.038667 0.313333
660 8.502667 0.491667 0.121333 0.450000
240 8.586000 0.491667 0.064000 0.343333
787 8.651000 0.491667 0.083333 0.510000
966 8.709000 0.498333 0.050000 0.370000
708 8.779667 0.496667 0.110000 0.493333
993 8.848333 0.506667 0.047333 0.353333
582 8.938667 0.490000 0.152000 0.606667
719 9.088333 0.496667 0.166000 0.486667
321 9.205667 0.506667 0.086000 0.413333
412 9.288667 0.506667 0.100000 0.513333
1007 9.352000 0.510000 0.042667 0.320000
609 9.396000 0.510000 0.061333 0.253333
563 9.484000 0.505000 0.133333 0.276667
1020 9.566667 0.495000 0.049333 0.350000
952 9.601000 0.503333 0.039333 0.286667
585 9.683000 0.501667 0.142000 0.436667
302 9.782333 0.508333 0.072667 0.410000
693 9.855000 0.498333 0.091333 0.443333
180 9.949333 0.505000 0.113333 0.403333
247 10.051333 0.510000 0.106667 0.473333
709 10.203667 0.488333 0.214000 1.070000
854 10.367667 0.491667 0.131333 0.396667
1019 10.442333 0.508333 0.038000 0.296667
152 10.489667 0.498333 0.075333 0.376667
429 10.583333 0.510000 0.128000 0.466667
701 10.706667 0.505000 0.133333 0.430000
526 10.835667 0.493333 0.144667 0.373333
621 10.925333 0.506667 0.049333 0.486667
963 10.961333 0.496667 0.038667 0.300000
612 11.053000 0.505000 0.160667 0.803333
395 11.203000 0.496667 0.159333 0.440000
232 11.329333 0.495000 0.110667 0.476667
740 11.438000 0.501667 0.125333 0.283333
587 11.547000 0.501667 0.111333 0.330000
996 11.620000 0.500000 0.048000 0.353333
222 11.683667 0.510000 0.095333 0.486667
179 11.783000 0.510000 0.123333 0.473333
702 11.914667 0.510000 0.160000 0.800000
659 12.035667 0.491667 0.102000 0.416667
130 12.156333 0.506667 0.154000 0.326667
472 12.256333 0.510000 0.066000 0.346667
812 12.344667 0.496667 0.130667 0.333333
482 12.433333 0.488333 0.060000 0.316667
735 12.509667 0.510000 0.108667 0.426667
235 12.615667 0.490000 0.122000 0.486667
722 12.737333 0.508333 0.137333 0.396667
781 12.829667 0.506667 0.063333 0.326667
519 12.907000 0.496667 0.106000 0.340000
955 12.971333 0.495000 0.038667 0.316667
492 13.012333 0.508333 0.060667 0.323333
344 13.089000 0.488333 0.112667 0.316667
413 13.197667 0.500000 0.120667 0.493333
671 13.311333 0.496667 0.125333 0.406667
862 13.409667 0.500000 0.084667 0.400000
139 13.479333 0.490000 0.069333 0.373333
802 13.591000 0.505000 0.170000 0.356667
771 13.753667 0.491667 0.170000 0.850000
488 13.874667 0.491667 0.088000 0.443333
319 13.965333 0.501667 0.113333 0.396667
392 14.076333 0.498333 0.122000 0.376667
137 14.164000 0.498333 0.069333 0.343333
679 14.230000 0.503333 0.082667 0.500000
939 14.279000 0.508333 0.031333 0.263333
823 14.333667 0.491667 0.094000 0.416667
647 14.405333 0.506667 0.066667 0.333333
380 14.494333 0.510000 0.124667 0.373333
231 14.605667 0.495000 0.112667 0.563333
84 14.704000 0.498333 0.098667 0.276667
638 14.793000 0.498333 0.094000 0.370000
1005 14.849667 0.488333 0.039333 0.296667
2 14.891667 0.490000 0.060667 0.306667
772 14.997333 0.506667 0.170667 0.480000
188 15.117333 0.490000 0.086667 0.360000
917 15.179667 0.505000 0.051333 0.376667
415 15.275000 0.508333 0.159333 0.796667
333 15.415000 0.490000 0.134000 0.293333
43 15.533667 0.495000 0.120667 0.476667
988 15.606667 0.490000 0.044000 0.360000
403 15.698667 0.506667 0.160000 0.453333
846 15.819333 0.495000 0.096000 0.416667
965 15.876667 0.510000 0.033333 0.280000
419 15.935667 0.498333 0.099333 0.483333
52 16.042000 0.498333 0.126667 0.450000
661 16.159000 0.508333 0.120667 0.443333
715 16.279667 0.506667 0.140667 0.353333
177 16.397333 0.508333 0.108000 0.416667
690 16.486667 0.496667 0.084000 0.406667
896 16.598667 0.495000 0.156000 0.456667
134 16.714000 0.501667 0.092000 0.310000
477 16.798000 0.505000 0.092000 0.463333
88 16.922667 0.500000 0.177333 0.886667
314 17.056667 0.498333 0.104000 0.356667
281 17.171667 0.498333 0.142000 0.490000
847 17.302667 0.503333 0.140000 0.473333
76 17.434667 0.506667 0.137333 0.433333
756 17.558667 0.503333 0.128000 0.433333
201 17.675667 0.508333 0.124667 0.496667
336 17.788667 0.493333 0.114667 0.540000
607 17.887000 0.501667 0.102000 0.310000
897 17.986667 0.490000 0.113333 0.320000
803 18.117667 0.493333 0.168667 0.513333
1 18.224333 0.491667 0.058000 0.303333
199 18.292333 0.510000 0.098000 0.473333
330 18.386000 0.501667 0.109333 0.416667
296 18.489667 0.503333 0.111333 0.420000
915 18.579667 0.488333 0.086000 0.696667
656 18.695000 0.510000 0.159333 0.386667
116 18.834333 0.500000 0.139333 0.446667
432 18.976000 0.508333 0.164000 0.330000
439 19.106333 0.495000 0.114000 0.450000
174 19.208667 0.491667 0.110667 0.403333
731 19.297000 0.500000 0.083333 0.426667
468 19.366000 0.508333 0.069333 0.383333
789 19.432000 0.496667 0.078667 0.486667
980 19.479667 0.503333 0.036667 0.266667
58 19.520667 0.490000 0.058667 0.240000
623 19.632333 0.495000 0.178000 0.583333
510 19.763667 0.501667 0.098000 0.343333
288 19.871667 0.491667 0.136667 0.523333
742 19.989000 0.488333 0.114000 0.450000
61 20.076667 0.508333 0.074667 0.376667
497 20.160667 0.505000 0.110667 0.283333
737 20.228000 0.490000 0.042667 0.320000
648 20.284333 0.496667 0.083333 0.353333
87 20.397667 0.495000 0.163333 0.816667
992 20.485667 0.501667 0.030000 0.243333
741 20.552333 0.503333 0.123333 0.420000
15 20.649667 0.508333 0.084667 0.283333
546 20.724667 0.490000 0.082667 0.306667
821 20.866000 0.493333 0.217333 1.086667
245 20.996333 0.498333 0.056667 0.216667
471 21.046667 0.501667 0.062667 0.376667
657 21.118333 0.501667 0.095333 0.403333
431 21.206000 0.493333 0.094667 0.320000
902 21.310333 0.508333 0.128667 0.390000
569 21.414000 0.495000 0.092000 0.370000
705 21.503333 0.501667 0.104000 0.336667
436 21.612000 0.490000 0.130667 0.333333
689 21.718333 0.491667 0.096667 0.470000
190 21.806000 0.500000 0.097333 0.393333
33 21.898667 0.490000 0.105333 0.406667
7 22.001667 0.496667 0.119333 0.400000
561 22.142667 0.491667 0.182667 0.390000
769 22.280333 0.493333 0.108667 0.366667
100 22.438000 0.490000 0.224000 1.120000
816 22.590667 0.506667 0.101333 0.333333
655 22.687667 0.506667 0.106000 0.426667
376 22.821333 0.493333 0.180000 0.900000
466 22.940000 0.500000 0.076000 0.386667
246 23.048667 0.510000 0.156000 0.780000
652 23.196333 0.488333 0.159333 0.796667
28 23.315333 0.488333 0.093333 0.316667
892 23.438667 0.488333 0.166667 0.483333
967 23.531667 0.506667 0.039333 0.286667
714 23.628333 0.498333 0.170000 0.850000
271 23.792000 0.496667 0.176000 0.880000
37 23.933333 0.506667 0.124000 0.433333
591 24.062000 0.491667 0.150667 0.490000
16 24.183667 0.496667 0.111333 0.406667
143 24.271667 0.488333 0.083333 0.443333
335 24.371667 0.488333 0.136667 0.436667
196 24.489333 0.491667 0.118667 0.496667
520 24.606333 0.505000 0.131333 0.423333
406 24.702333 0.506667 0.080667 0.313333
707 24.784333 0.488333 0.103333 0.476667
409 24.880667 0.490000 0.104000 0.526667
72 25.001000 0.498333 0.155333 0.776667
38 25.117000 0.505000 0.096667 0.370000
995 25.181333 0.496667 0.045333 0.353333
832 25.256667 0.506667 0.125333 0.500000
978 25.326333 0.496667 0.034000 0.260000
499 25.364667 0.500000 0.057333 0.346667
86 25.438333 0.503333 0.103333 0.440000
699 25.547000 0.503333 0.127333 0.346667
953 25.622333 0.508333 0.038000 0.316667
936 25.654000 0.490000 0.041333 0.306667
327 25.730000 0.505000 0.125333 0.396667
280 25.848000 0.510000 0.125333 0.420000
322 25.944333 0.503333 0.083333 0.093333
583 26.005333 0.495000 0.053333 0.330000
1010 26.040000 0.505000 0.030667 0.250000
108 26.141000 0.488333 0.184667 0.403333
523 26.276333 0.505000 0.099333 0.323333
674 26.380333 0.496667 0.126000 0.426667
778 26.487667 0.488333 0.107333 0.690000
1003 26.551667 0.493333 0.035333 0.260000
164 26.617667 0.496667 0.115333 0.440000
872 26.736000 0.510000 0.140000 0.400000
157 26.878000 0.501667 0.160000 0.670000
339 26.996000 0.503333 0.096000 0.473333
650 27.119000 0.498333 0.163333 0.536667
481 27.227333 0.505000 0.066667 0.350000
373 27.317000 0.495000 0.130000 0.410000
923 27.395000 0.510000 0.039333 0.280000
866 27.485667 0.503333 0.156667 0.460000
525 27.612333 0.505000 0.116667 0.370000
617 27.703667 0.503333 0.083333 0.366667
343 27.799667 0.490000 0.126000 0.346667
63 27.917333 0.508333 0.122667 0.436667
999 27.995333 0.496667 0.049333 0.353333
461 28.042000 0.496667 0.062667 0.320000
556 28.115333 0.488333 0.102667 0.416667
625 28.273000 0.508333 0.230000 1.150000
334 28.447000 0.505000 0.134000 0.463333
262 28.556000 0.503333 0.101333 0.506667
614 28.683333 0.506667 0.172000 0.440000
534 28.807667 0.490000 0.095333 0.413333
230 28.904000 0.490000 0.112000 0.480000
653 29.015333 0.493333 0.128000 0.413333
910 29.139667 0.493333 0.136667 0.453333
428 29.249667 0.490000 0.096667 0.646667
606 29.345333 0.503333 0.110667 0.340000
390 29.467667 0.498333 0.148667 0.423333
135 29.582667 0.493333 0.097333 0.326667
351 29.718000 0.500000 0.189333 0.946667
269 29.900333 0.490000 0.192667 0.580000
586 30.046667 0.505000 0.117333 0.343333
828 30.151333 0.505000 0.109333 0.543333
144 30.275333 0.506667 0.156000 0.780000
209 30.431000 0.508333 0.172667 0.863333
533 30.561667 0.495000 0.103333 0.356667
755 30.677333 0.495000 0.142667 0.410000
870 30.769333 0.488333 0.056000 0.296667
303 30.825000 0.496667 0.068667 0.386667
420 30.888333 0.506667 0.078000 0.326667
148 30.989333 0.493333 0.142667 0.393333
455 31.080000 0.496667 0.057333 0.346667
725 31.160333 0.493333 0.116667 0.493333
225 31.257333 0.488333 0.090667 0.363333
515 31.350333 0.506667 0.115333 0.386667
56 31.435000 0.508333 0.070000 0.096667
473 31.492000 0.506667 0.057333 0.320000
8 31.556333 0.508333 0.084667 0.290000
695 31.678000 0.493333 0.173333 0.866667
9 31.812000 0.503333 0.108000 0.460000
298 31.893000 0.488333 0.074000 0.370000
669 31.981333 0.495000 0.122667 0.416667
517 32.095333 0.510000 0.125333 0.413333
418 32.195000 0.498333 0.087333 0.416667
256 32.285000 0.506667 0.106000 0.380000
889 32.412333 0.505000 0.164667 0.823333
349 32.562000 0.491667 0.150667 0.423333
777 32.674667 0.498333 0.094667 0.390000
54 32.747333 0.488333 0.070667 0.396667
589 32.828667 0.498333 0.106667 0.443333
691 32.916000 0.490000 0.084000 0.413333
368 33.006333 0.490000 0.114000 0.313333
273 33.088667 0.496667 0.064000 0.406667
173 33.169000 0.493333 0.111333 0.506667
205 33.271667 0.493333 0.110000 0.453333
665 33.368000 0.495000 0.098667 0.343333
212 33.522667 0.503333 0.229333 1.146667
430 33.687333 0.510000 0.116000 0.493333
131 33.793667 0.500000 0.111333 0.426667
388 33.898000 0.495000 0.110667 0.303333
350 34.016667 0.508333 0.145333 0.383333
504 34.142333 0.501667 0.123333 0.350000
338 34.257667 0.498333 0.120667 0.623333
1009 34.331667 0.496667 0.043333 0.333333
882 34.393333 0.495000 0.093333 0.363333
107 34.535333 0.493333 0.206667 0.433333
580 34.716667 0.508333 0.170667 0.410000
682 34.842333 0.501667 0.096667 0.356667
542 34.945000 0.501667 0.128667 0.463333
983 35.021667 0.495000 0.043333 0.323333
713 35.115000 0.510000 0.163333 0.426667
859 35.237333 0.498333 0.097333 0.276667
552 35.304667 0.495000 0.053333 0.363333
252 35.388333 0.488333 0.130000 0.503333
171 35.499667 0.503333 0.108667 0.413333
508 35.581667 0.488333 0.071333 0.370000
485 35.640333 0.501667 0.063333 0.343333
81 35.705667 0.493333 0.087333 0.346667
287 35.792667 0.491667 0.101333 0.370000
801 35.896000 0.488333 0.118667 0.450000
391 36.035333 0.510000 0.176000 0.880000
284 36.165000 0.488333 0.098000 0.350000
626 36.285333 0.493333 0.161333 0.806667
261 36.450667 0.510000 0.185333 0.926667
483 36.565333 0.506667 0.057333 0.333333
989 36.605667 0.491667 0.042000 0.343333
764 36.654667 0.500000 0.072000 0.353333
934 36.705000 0.506667 0.043333 0.340000
359 36.791667 0.495000 0.148667 0.430000
736 36.883000 0.508333 0.054000 0.356667
111 36.951000 0.498333 0.102000 0.443333
98 37.080000 0.506667 0.172000 0.860000
895 37.249667 0.498333 0.180667 0.903333
511 37.389333 0.510000 0.114667 0.386667
805 37.511333 0.508333 0.146667 0.430000
214 37.631000 0.500000 0.108667 0.546667
258 37.723000 0.505000 0.092667 0.343333
293 37.802000 0.503333 0.084000 0.326667
946 37.857667 0.508333 0.044667 0.350000
568 37.929667 0.495000 0.118000 0.590000
634 38.017000 0.495000 0.074000 0.303333
434 38.099333 0.491667 0.108000 0.363333
970 38.166333 0.496667 0.039333 0.326667
124 38.229667 0.506667 0.102000 0.366667
712 38.366000 0.510000 0.184000 0.920000
383 38.536000 0.490000 0.173333 0.866667
757 38.691333 0.500000 0.153333 0.460000
120 38.853333 0.495000 0.190667 0.510000
200 38.996333 0.503333 0.114000 0.466667
75 39.122333 0.505000 0.152667 0.470000
997 39.207000 0.503333 0.036667 0.273333
765 39.252333 0.508333 0.074000 0.350000
427 39.338333 0.491667 0.118000 0.583333
304 39.419000 0.498333 0.058000 0.330000
66 39.503000 0.490000 0.126000 0.646667
743 39.600000 0.506667 0.086667 0.373333
877 39.673333 0.500000 0.077333 0.400000
716 39.807000 0.491667 0.210000 1.050000
123 39.951333 0.488333 0.093333 0.590000
216 40.036000 0.491667 0.094667 0.390000
635 40.115667 0.505000 0.080667 0.336667
723 40.201667 0.498333 0.111333 0.383333
26 40.322000 0.500000 0.149333 0.506667
598 40.453667 0.496667 0.127333 0.393333
178 40.556333 0.498333 0.095333 0.343333
734 40.687667 0.498333 0.186000 0.503333
792 40.818000 0.501667 0.089333 0.356667
102 40.968667 0.503333 0.230667 1.153333
60 41.108667 0.498333 0.069333 0.283333
105 41.245333 0.508333 0.217333 0.463333
927 41.362000 0.500000 0.030667 0.260000
264 41.472333 0.488333 0.210000 1.050000
746 41.626333 0.488333 0.118000 0.403333
396 41.732667 0.500000 0.112000 0.313333
932 41.796333 0.510000 0.034000 0.260000
658 41.841000 0.491667 0.074000 0.423333
584 41.941333 0.493333 0.140000 0.446667
274 42.054000 0.505000 0.100000 0.476667
664 42.139000 0.498333 0.087333 0.330000
867 42.226000 0.496667 0.106667 0.360000
101 42.363333 0.500000 0.182667 0.386667
752 42.478333 0.490000 0.064667 0.173333
632 42.573333 0.488333 0.142667 0.470000
865 42.692333 0.505000 0.112667 0.423333
668 42.800667 0.505000 0.118667 0.430000
885 42.892000 0.490000 0.078667 0.360000
31 43.002333 0.508333 0.155333 0.450000
544 43.128333 0.498333 0.110000 0.443333
91 43.270333 0.495000 0.194000 0.970000
146 43.405667 0.506667 0.096667 0.433333
954 43.464333 0.508333 0.035333 0.256667
305 43.505333 0.503333 0.060000 0.333333
595 43.582667 0.505000 0.110667 0.336667
873 43.684000 0.500000 0.105333 0.500000
907 43.775333 0.490000 0.096000 0.346667
925 43.837333 0.503333 0.042667 0.333333
973 43.870667 0.496667 0.041333 0.340000
721 43.994000 0.490000 0.221333 1.106667
840 44.144000 0.495000 0.093333 0.430000
128 44.261000 0.488333 0.160667 0.803333
727 44.365333 0.501667 0.068000 0.410000
445 44.424000 0.508333 0.066667 0.336667
991 44.466000 0.508333 0.033333 0.256667
863 44.529333 0.490000 0.110667 0.526667
976 44.596667 0.500000 0.042667 0.340000
576 44.656333 0.501667 0.091333 0.356667
158 44.800000 0.496667 0.209333 1.046667
318 44.939667 0.508333 0.090000 0.403333
266 45.046000 0.503333 0.138667 0.420000
646 45.145000 0.506667 0.075333 0.326667
450 45.203333 0.491667 0.058667 0.350000
914 45.278667 0.493333 0.106667 0.333333
984 45.347000 0.498333 0.043333 0.356667
159 45.380333 0.508333 0.039333 0.296667
197 45.445333 0.510000 0.110667 0.560000
594 45.543333 0.503333 0.102667 0.306667
129 45.699000 0.495000 0.226000 1.130000
295 45.863333 0.505000 0.122667 0.523333
644 45.952667 0.495000 0.076000 0.376667
507 46.013667 0.498333 0.059333 0.356667
676 46.084000 0.510000 0.098667 0.326667
855 46.165333 0.501667 0.080000 0.203333
186 46.241333 0.503333 0.088000 0.393333
118 46.332667 0.498333 0.110667 0.456667
356 46.435333 0.500000 0.113333 0.360000
687 46.527333 0.503333 0.090667 0.446667
289 46.669667 0.495000 0.214000 1.070000
718 46.850000 0.490000 0.166667 0.833333
194 46.991667 0.491667 0.130000 0.523333
720 47.146333 0.491667 0.199333 0.556667
558 47.278000 0.488333 0.080000 0.390000
618 47.342333 0.495000 0.062000 0.376667
74 47.427667 0.506667 0.123333 0.380000
320 47.554000 0.501667 0.142667 0.496667
522 47.673000 0.488333 0.110000 0.363333
537 47.863000 0.490000 0.288667 0.440000
506 48.017667 0.501667 0.039333 0.450000
154 48.061000 0.496667 0.063333 0.320000
93 48.180333 0.500000 0.188667 0.393333
487 48.306667 0.488333 0.080000 0.410000
841 48.382000 0.490000 0.088000 0.433333
947 48.438667 0.510000 0.045333 0.360000
818 48.518000 0.500000 0.128000 0.286667
357 48.632333 0.496667 0.120667 0.326667
875 48.745000 0.506667 0.124667 0.313333
672 48.845667 0.496667 0.095333 0.326667
611 48.938667 0.491667 0.104000 0.390000
97 49.097333 0.503333 0.233333 0.493333
527 49.264000 0.500000 0.117333 0.340000
790 49.342333 0.500000 0.059333 0.346667
479 49.405000 0.496667 0.080667 0.413333
921 49.468667 0.501667 0.066667 0.390000
211 49.554000 0.491667 0.117333 0.590000
224 49.654667 0.505000 0.097333 0.410000
547 49.730000 0.501667 0.073333 0.416667
906 49.812667 0.506667 0.109333 0.333333
619 49.916333 0.510000 0.116667 0.593333
147 50.003667 0.493333 0.072667 0.386667
210 50.087333 0.491667 0.110667 0.556667
133 50.185000 0.506667 0.100667 0.366667
110 50.296667 0.500000 0.141333 0.500000
572 50.396000 0.505000 0.077333 0.310000
306 50.466333 0.493333 0.076667 0.433333
633 50.592333 0.501667 0.194000 0.543333
469 50.720667 0.488333 0.076000 0.403333
337 50.851667 0.505000 0.203333 1.016667
465 50.972333 0.498333 0.056667 0.336667
416 51.037667 0.508333 0.087333 0.430000
688 51.112667 0.488333 0.081333 0.403333
636 51.196000 0.490000 0.098667 0.246667
286 51.295000 0.493333 0.119333 0.446667
208 51.400667 0.503333 0.106667 0.540000
900 51.502333 0.501667 0.114000 0.316667
297 51.587333 0.496667 0.074667 0.380000
312 51.673333 0.506667 0.117333 0.420000
869 51.760000 0.503333 0.074667 0.426667
226 51.842667 0.500000 0.110667 0.480000
808 51.946667 0.500000 0.110667 0.493333
489 52.023000 0.505000 0.056667 0.316667
738 52.082667 0.506667 0.080000 0.386667
763 52.148000 0.498333 0.064000 0.436667
673 52.226667 0.506667 0.113333 0.366667
476 52.313667 0.510000 0.075333 0.446667
603 52.448000 0.500000 0.209333 0.420000
494 52.591667 0.506667 0.092667 0.406667
571 52.684000 0.505000 0.108000 0.436667
95 52.842333 0.498333 0.227333 1.136667
956 52.967667 0.491667 0.043333 0.316667
613 53.087667 0.508333 0.214000 1.070000
559 53.230000 0.510000 0.085333 0.420000
316 53.328667 0.498333 0.132000 0.516667
181 53.451667 0.503333 0.131333 0.453333
114 53.554667 0.506667 0.089333 0.446667
760 53.685000 0.491667 0.186000 0.930000
774 53.806333 0.510000 0.075333 0.393333
581 53.888667 0.503333 0.104000 0.440000
834 53.976667 0.498333 0.092000 0.450000
573 54.066667 0.488333 0.102667 0.430000
352 54.176667 0.498333 0.137333 0.403333
943 54.258333 0.508333 0.044667 0.330000
90 54.355667 0.508333 0.164667 0.823333
459 54.463333 0.506667 0.064000 0.326667
458 54.524000 0.505000 0.070667 0.410000
981 54.568667 0.505000 0.034667 0.263333
460 54.615667 0.501667 0.074000 0.403333
791 54.680667 0.506667 0.074667 0.453333
332 54.786667 0.500000 0.157333 0.786667
453 54.893000 0.490000 0.075333 0.433333
35 54.982333 0.500000 0.119333 0.393333
215 55.090333 0.503333 0.112667 0.453333
202 55.188333 0.510000 0.099333 0.393333
495 55.267000 0.506667 0.075333 0.340000
22 55.358333 0.495000 0.123333 0.410000
467 55.451667 0.501667 0.080667 0.450000
34 55.530000 0.491667 0.090667 0.303333
761 55.631667 0.498333 0.131333 0.376667
354 55.752000 0.506667 0.122667 0.360000
550 55.837000 0.496667 0.064667 0.326667
402 55.934667 0.491667 0.148000 0.390000
706 56.025667 0.500000 0.054000 0.280000
184 56.101667 0.495000 0.114000 0.523333
951 56.170333 0.490000 0.036667 0.286667
888 56.260667 0.503333 0.162667 0.813333
833 56.389333 0.493333 0.112000 0.473333
1023 56.458000 0.505000 0.038667 0.303333
574 56.503667 0.500000 0.072667 0.293333
310 56.564000 0.505000 0.066667 0.376667
711 56.686000 0.488333 0.197333 0.490000
529 56.828000 0.498333 0.106667 0.456667
219 56.930000 0.506667 0.112000 0.566667
842 57.031000 0.506667 0.110000 0.473333
566 57.132000 0.496667 0.110667 0.453333
745 57.230333 0.488333 0.104667 0.396667
96 57.377667 0.501667 0.203333 0.443333
677 57.526333 0.490000 0.108667 0.360000
115 57.603333 0.495000 0.065333 0.343333
685 57.674333 0.498333 0.094000 0.356667
809 57.767000 0.493333 0.106000 0.573333
426 57.839333 0.510000 0.053333 0.366667
57 57.884333 0.496667 0.056667 0.273333
456 57.942333 0.505000 0.079333 0.416667
325 58.056000 0.500000 0.161333 0.573333
341 58.169333 0.498333 0.078667 0.323333
945 58.225667 0.510000 0.051333 0.380000
535 58.330333 0.495000 0.178000 0.383333
78 58.490667 0.505000 0.157333 0.356667
904 58.597333 0.498333 0.069333 0.363333
697 58.726000 0.493333 0.201333 1.006667
386 58.922667 0.493333 0.212000 1.060000
1008 59.041000 0.490000 0.044667 0.353333
55 59.120667 0.503333 0.130667 0.360000
797 59.228333 0.488333 0.102000 0.376667
462 59.307333 0.508333 0.073333 0.436667
421 59.394333 0.505000 0.120667 0.363333
141 59.495000 0.508333 0.100667 0.430000
379 59.602333 0.501667 0.130000 0.383333
918 59.722333 0.505000 0.126000 0.423333
879 59.838000 0.498333 0.120000 0.363333
610 59.940667 0.498333 0.102667 0.316667
498 60.014000 0.498333 0.058667 0.356667
579 60.119000 0.496667 0.164667 0.460000
42 60.227333 0.495000 0.070667 0.396667
567 60.303333 0.498333 0.096000 0.390000
998 60.364333 0.495000 0.040667 0.316667
518 60.446333 0.493333 0.136667 0.440000
733 60.547000 0.498333 0.078000 0.470000
1012 60.600333 0.498333 0.048667 0.356667
47 60.673000 0.488333 0.115333 0.550000
478 60.755333 0.493333 0.069333 0.406667
913 60.847667 0.500000 0.130000 0.413333
27 60.964000 0.496667 0.117333 0.393333
70 61.100667 0.496667 0.169333 0.846667
438 61.252667 0.498333 0.148000 0.436667
272 61.408333 0.506667 0.179333 0.513333
249 61.523667 0.505000 0.067333 0.476667
783 61.593000 0.498333 0.088667 0.490000
1004 61.649333 0.493333 0.038667 0.286667
880 61.708667 0.491667 0.098667 0.343333
411 61.830667 0.490000 0.162667 0.340000
408 61.958667 0.488333 0.109333 0.416667
250 62.066667 0.508333 0.122667 0.596667
323 62.217000 0.491667 0.194000 0.443333
358 62.418000 0.496667 0.226667 1.133333
982 62.551000 0.493333 0.052667 0.373333
958 62.584000 0.493333 0.033333 0.253333
798 62.642000 0.493333 0.100000 0.400000
962 62.705000 0.500000 0.043333 0.313333
557 62.759333 0.495000 0.081333 0.523333
255 62.864667 0.491667 0.144000 0.543333
14 62.989667 0.496667 0.124667 0.400000
838 63.088667 0.500000 0.092000 0.406667
32 63.188667 0.496667 0.126667 0.420000
1018 63.265333 0.500000 0.042667 0.333333
696 63.347000 0.488333 0.134000 0.310000
675 63.470667 0.508333 0.128000 0.476667
500 63.566000 0.498333 0.082667 0.390000
254 63.654667 0.506667 0.110667 0.420000
825 63.757667 0.496667 0.112667 0.500000
543 63.884000 0.496667 0.158667 0.793333
969 63.968667 0.490000 0.030667 0.253333
700 64.045000 0.498333 0.140667 0.556667
398 64.137667 0.500000 0.064667 0.353333
830 64.217333 0.488333 0.109333 0.450000
169 64.316000 0.506667 0.108000 0.393333
649 64.413000 0.501667 0.102000 0.576667
793 64.517667 0.493333 0.123333 0.506667
195 64.617667 0.508333 0.096667 0.490000
237 64.696000 0.503333 0.073333 0.540000
762 64.765000 0.495000 0.079333 0.350000
206 64.861000 0.495000 0.128667 0.516667
968 64.933333 0.503333 0.032000 0.266667
768 64.980000 0.491667 0.076000 0.223333
99 65.101333 0.508333 0.181333 0.390000
384 65.248000 0.506667 0.128000 0.386667
301 65.342000 0.506667 0.078667 0.446667
749 65.422000 0.493333 0.101333 0.440000
744 65.531667 0.498333 0.136667 0.570000
223 65.651667 0.508333 0.120667 0.483333
136 65.757333 0.488333 0.108000 0.456667
639 65.838333 0.500000 0.074000 0.373333
244 65.942333 0.503333 0.152667 0.406667
251 66.046333 0.505000 0.068667 0.403333
393 66.148333 0.500000 0.151333 0.420000
182 66.270333 0.493333 0.108667 0.360000
187 66.377333 0.505000 0.121333 0.496667
381 66.485333 0.506667 0.113333 0.346667
378 66.594000 0.495000 0.118667 0.336667
726 66.689667 0.498333 0.088667 0.463333
930 66.749333 0.501667 0.044000 0.336667
103 66.872333 0.498333 0.215333 0.470000
279 67.011333 0.500000 0.081333 0.453333
600 67.102333 0.510000 0.116667 0.366667
192 67.202000 0.500000 0.097333 0.493333
814 67.309333 0.510000 0.137333 0.500000
703 67.424667 0.506667 0.109333 0.353333
363 67.549667 0.495000 0.156667 0.430000
588 67.666667 0.501667 0.097333 0.436667
1001 67.723000 0.505000 0.035333 0.270000
785 67.772000 0.505000 0.076000 0.330000
68 67.858667 0.500000 0.114667 0.333333
887 67.984667 0.493333 0.153333 0.506667
347 68.164000 0.493333 0.225333 1.126667
203 68.319667 0.490000 0.102000 0.500000
1000 68.381333 0.505000 0.040000 0.316667
422 68.429667 0.505000 0.076667 0.296667
822 68.523667 0.505000 0.128667 0.396667
505 68.607333 0.495000 0.058667 0.243333
183 68.686333 0.503333 0.119333 0.553333
890 68.784667 0.503333 0.097333 0.406667
938 68.845667 0.495000 0.038000 0.276667
972 68.881667 0.510000 0.052667 0.380000
49 69.008333 0.491667 0.220667 1.103333
474 69.151333 0.506667 0.085333 0.440000
663 69.246667 0.491667 0.125333 0.410000
795 69.335667 0.490000 0.072667 0.453333
268 69.436667 0.491667 0.146667 0.450000
242 69.551333 0.493333 0.096000 0.373333
851 69.651000 0.503333 0.120667 0.493333
857 69.784667 0.505000 0.164000 0.350000
112 69.928000 0.506667 0.142667 0.473333
643 70.052333 0.498333 0.119333 0.430000
871 70.137333 0.505000 0.070667 0.370000
957 70.183333 0.508333 0.041333 0.323333
104 70.297000 0.501667 0.199333 0.996667
345 70.456667 0.496667 0.134667 0.373333
307 70.553333 0.488333 0.072000 0.410000
826 70.632667 0.496667 0.101333 0.413333
524 70.731000 0.490000 0.115333 0.366667
132 70.829667 0.510000 0.100667 0.406667
442 70.899333 0.498333 0.054667 0.316667
894 70.984333 0.495000 0.132667 0.403333
959 71.065000 0.500000 0.043333 0.360000
71 71.118667 0.498333 0.081333 0.416667
65 71.187333 0.496667 0.076000 0.193333
213 71.264667 0.495000 0.094667 0.376667
692 71.356000 0.503333 0.101333 0.500000
67 71.488333 0.495000 0.182000 0.910000
562 71.644333 0.510000 0.144667 0.300000
986 71.728333 0.500000 0.043333 0.340000
168 71.791000 0.510000 0.098000 0.353333
0 71.851667 0.488333 0.040667 0.336667
185 71.920000 0.490000 0.110667 0.460000
593 72.032000 0.503333 0.128000 0.366667
592 72.180000 0.506667 0.181333 0.906667
597 72.328333 0.501667 0.135333 0.423333
221 72.499000 0.491667 0.222000 1.110000
681 72.623333 0.491667 0.041333 0.356667
848 72.700333 0.495000 0.127333 0.403333
935 72.777333 0.495000 0.041333 0.323333
73 72.856667 0.500000 0.133333 0.426667
125 72.956333 0.508333 0.083333 0.363333
59 73.086333 0.495000 0.196667 0.496667
950 73.192667 0.506667 0.034667 0.260000
868 73.250333 0.498333 0.096667 0.550000
1021 73.309333 0.496667 0.040000 0.293333
964 73.344333 0.500000 0.048667 0.353333
596 73.431667 0.490000 0.139333 0.426667
631 73.563333 0.500000 0.140000 0.466667
819 73.688333 0.491667 0.123333 0.396667
51 73.799000 0.493333 0.116667 0.386667
294 73.957667 0.510000 0.220667 0.346667
433 74.134667 0.498333 0.152000 0.376667
299 74.258333 0.493333 0.115333 0.446667
317 74.362000 0.493333 0.109333 0.440000
275 74.444000 0.490000 0.069333 0.400000
794 74.510333 0.505000 0.083333 0.496667
670 74.602000 0.498333 0.116000 0.396667
18 74.714333 0.510000 0.124667 0.400000
25 74.839000 0.488333 0.140667 0.510000
496 74.962000 0.505000 0.118667 0.490000
217 75.070000 0.491667 0.110667 0.470000
905 75.201000 0.490000 0.167333 0.526667
502 75.310667 0.493333 0.070667 0.340000
799 75.387333 0.488333 0.100000 0.376667
290 75.505667 0.495000 0.152667 0.430000
89 75.667667 0.495000 0.190000 0.410000
536 75.816667 0.500000 0.125333 0.486667
503 75.953333 0.496667 0.166667 0.833333
62 76.069667 0.488333 0.082000 0.383333
315 76.151333 0.501667 0.100000 0.350000
979 76.215667 0.505000 0.043333 0.343333
92 76.310667 0.510000 0.160000 0.800000
53 76.432000 0.490000 0.096000 0.346667
424 76.551667 0.490000 0.156667 0.500000
443 76.649333 0.491667 0.057333 0.296667
464 76.708667 0.500000 0.077333 0.393333
565 76.817333 0.496667 0.157333 0.320000
710 76.977000 0.488333 0.176667 0.556667
784 77.090667 0.488333 0.065333 0.503333
575 77.161667 0.493333 0.092667 0.320000
372 77.252333 0.500000 0.108667 0.286667
451 77.329667 0.505000 0.059333 0.350000
564 77.425667 0.500000 0.148667 0.333333
227 77.538000 0.493333 0.094667 0.393333
937 77.592667 0.503333 0.033333 0.260000
243 77.687333 0.503333 0.169333 0.593333
758 77.839000 0.496667 0.152667 0.466667
1006 77.924000 0.508333 0.037333 0.303333
257 77.986333 0.500000 0.104667 0.333333
678 78.088333 0.493333 0.118000 0.406667
788 78.233333 0.488333 0.192000 0.556667
156 78.406667 0.500000 0.168000 0.506667
198 78.522667 0.505000 0.082667 0.376667
759 78.612667 0.495000 0.113333 0.330000
960 78.680000 0.506667 0.041333 0.300000
501 78.727667 0.501667 0.068667 0.303333
10 78.801000 0.508333 0.092667 0.323333
928 78.858000 0.498333 0.034667 0.270000
754 78.932333 0.500000 0.134000 0.653333
207 79.043667 0.501667 0.106000 0.536667
370 79.166667 0.488333 0.160000 0.450000
766 79.308000 0.490000 0.142667 0.420000
704 79.435333 0.498333 0.125333 0.463333
382 79.574667 0.490000 0.169333 0.846667
119 79.696333 0.488333 0.088667 0.530000
779 79.749333 0.501667 0.033333 0.316667
267 79.831333 0.501667 0.145333 0.443333
308 79.927000 0.500000 0.063333 0.360000
605 80.008667 0.490000 0.117333 0.306667
729 80.073667 0.501667 0.027333 0.323333
578 80.122667 0.500000 0.089333 0.346667
815 80.225333 0.501667 0.129333 0.370000
513 80.333000 0.510000 0.103333 0.346667
401 80.424000 0.506667 0.098667 0.546667
346 80.545667 0.501667 0.158000 0.456667
30 80.667667 0.501667 0.104667 0.310000
153 80.761000 0.493333 0.098000 0.433333
751 80.858333 0.505000 0.114000 0.463333
64 80.935333 0.488333 0.053333 0.283333
974 80.971000 0.510000 0.032667 0.273333
106 81.090667 0.491667 0.225333 0.483333
920 81.248333 0.488333 0.107333 0.410000
328 81.385000 0.496667 0.180667 0.420000
360 81.567333 0.506667 0.202667 1.013333
637 81.686333 0.510000 0.050000 0.260000
166 81.762333 0.510000 0.119333 0.440000
530 81.855000 0.501667 0.086000 0.403333
375 81.959000 0.498333 0.136667 0.430000
41 82.128000 0.496667 0.221333 1.106667
876 82.312333 0.501667 0.160667 0.803333
441 82.419333 0.491667 0.070667 0.390000
45 82.484000 0.496667 0.073333 0.366667
69 82.565333 0.491667 0.105333 0.516667
629 82.682000 0.505000 0.148000 0.496667
686 82.785000 0.505000 0.078000 0.383333
46 82.842667 0.490000 0.056000 0.506667
362 82.932667 0.493333 0.138667 0.386667
342 83.036667 0.493333 0.088000 0.373333
79 83.150667 0.490000 0.154667 0.773333
683 83.286667 0.490000 0.132000 0.353333
1013 83.371000 0.491667 0.052667 0.376667
844 83.451000 0.503333 0.124667 0.506667
167 83.567333 0.503333 0.128000 0.493333
949 83.641000 0.505000 0.039333 0.290000
435 83.678000 0.503333 0.048000 0.246667
942 83.717000 0.506667 0.043333 0.333333
155 83.767000 0.506667 0.075333 0.406667
410 83.853667 0.510000 0.118000 0.506667
987 83.922000 0.496667 0.038667 0.320000
770 83.990667 0.488333 0.117333 0.343333
394 84.120667 0.503333 0.161333 0.480000
654 84.286667 0.506667 0.190667 0.953333
493 84.413333 0.501667 0.076000 0.410000
82 84.478667 0.501667 0.069333 0.510000
12 84.568000 0.501667 0.122667 0.410000
884 84.688667 0.503333 0.138667 0.480000
516 84.808000 0.496667 0.120000 0.406667
539 84.903667 0.490000 0.084667 0.373333
282 85.009667 0.495000 0.146000 0.530000
229 85.116000 0.500000 0.082667 0.400000
366 85.216667 0.508333 0.136000 0.396667
162 85.392000 0.493333 0.229333 1.146667
994 85.522667 0.495000 0.049333 0.370000
361 85.631667 0.505000 0.182000 0.910000
775 85.756000 0.510000 0.081333 0.400000
40 85.848000 0.490000 0.122667 0.393333
570 85.954000 0.493333 0.104000 0.440000
645 86.034333 0.503333 0.074000 0.340000
620 86.113000 0.495000 0.103333 0.450000
248 86.194333 0.488333 0.076667 0.416667
311 86.277333 0.491667 0.104000 0.456667
371 86.379667 0.488333 0.120667 0.356667
353 86.497333 0.496667 0.133333 0.386667
891 86.582333 0.505000 0.054000 0.263333
417 86.644333 0.501667 0.084667 0.410000
829 86.718333 0.493333 0.083333 0.393333
827 86.800667 0.505000 0.098667 0.450000
577 86.887333 0.503333 0.090667 0.360000
641 86.970000 0.501667 0.092000 0.430000
218 87.066667 0.510000 0.121333 0.506667
176 87.178333 0.510000 0.118000 0.453333
407 87.289333 0.501667 0.118667 0.463333
457 87.374000 0.496667 0.064000 0.380000
121 87.406667 0.501667 0.021333 0.383333
170 87.458667 0.493333 0.100000 0.346667
971 87.528667 0.493333 0.053333 0.386667
238 87.658333 0.508333 0.226000 1.130000
377 87.821333 0.495000 0.120000 0.370000
931 87.891000 0.493333 0.036667 0.313333
163 87.947667 0.491667 0.096667 0.336667
922 88.006000 0.503333 0.038667 0.286667
627 88.099667 0.496667 0.168667 0.566667
599 88.244333 0.495000 0.140667 0.436667
811 88.369333 0.496667 0.125333 0.306667
860 88.524667 0.496667 0.204000 1.020000
300 88.650667 0.495000 0.068000 0.216667
916 88.762000 0.490000 0.168000 0.840000
531 88.949667 0.501667 0.226000 0.590000
717 89.137333 0.503333 0.166667 0.433333
172 89.265667 0.506667 0.110000 0.406667
486 89.349667 0.506667 0.075333 0.386667
113 89.415000 0.500000 0.068667 0.333333
160 89.474333 0.500000 0.067333 0.413333
831 89.543667 0.500000 0.090000 0.373333
813 89.636000 0.501667 0.109333 0.350000
893 89.775333 0.491667 0.184000 0.543333
845 89.917667 0.503333 0.116667 0.526667
555 89.987000 0.495000 0.038000 0.370000
126 90.057667 0.495000 0.120667 0.423333
260 90.175667 0.501667 0.134000 0.363333
234 90.287000 0.508333 0.108667 0.463333
480 90.369000 0.490000 0.071333 0.366667
776 90.472333 0.488333 0.150000 0.350000
80 90.593333 0.505000 0.105333 0.543333
340 90.708667 0.508333 0.138667 0.390000
849 90.822000 0.501667 0.104000 0.430000
903 90.925333 0.510000 0.117333 0.346667
521 91.053667 0.493333 0.154000 0.406667
4 91.176000 0.505000 0.108000 0.456667
385 91.306667 0.506667 0.168000 0.840000
50 91.455667 0.500000 0.144667 0.453333
551 91.590000 0.510000 0.144000 0.446667
140 91.705667 0.506667 0.100667 0.533333
348 91.851333 0.493333 0.208000 1.040000
389 92.011000 0.490000 0.124667 0.360000
548 92.142667 0.496667 0.157333 0.520000
193 92.265000 0.490000 0.104667 0.486667
3 92.347000 0.503333 0.079333 0.353333
355 92.465667 0.508333 0.171333 0.856667
117 92.600667 0.490000 0.113333 0.340000
85 92.703333 0.505000 0.109333 0.463333
374 92.842000 0.496667 0.188000 0.940000
6 92.969333 0.500000 0.080000 0.293333
365 93.080000 0.496667 0.156000 0.413333
277 93.183667 0.496667 0.064667 0.300000
615 93.265000 0.508333 0.116667 0.543333
44 93.382667 0.500000 0.132000 0.526667
109 93.546000 0.500000 0.210667 0.453333
911 93.699667 0.510000 0.111333 0.400000
837 93.794333 0.488333 0.096667 0.396667
532 93.893333 0.493333 0.118667 0.606667
150 94.011333 0.505000 0.133333 0.516667
36 94.117000 0.506667 0.096667 0.326667
909 94.194333 0.510000 0.076667 0.333333
1022 94.246333 0.495000 0.044667 0.330000
449 94.302667 0.498333 0.085333 0.436667
259 94.384000 0.490000 0.092000 0.460000
447 94.452333 0.501667 0.059333 0.350000
901 94.551333 0.510000 0.157333 0.786667
292 94.671667 0.508333 0.102000 0.390000
23 94.775667 0.490000 0.126000 0.360000
165 94.896667 0.495000 0.130667 0.496667
17 95.001000 0.491667 0.096667 0.343333
241 95.083667 0.508333 0.088667 0.496667
899 95.177667 0.491667 0.119333 0.330000
651 95.342333 0.505000 0.230000 1.150000
985 95.469000 0.501667 0.036667 0.303333
804 95.549667 0.505000 0.143333 0.410000
753 95.716667 0.496667 0.208000 1.040000
850 95.855667 0.488333 0.088667 0.423333
1017 95.909000 0.505000 0.031333 0.256667
944 95.937333 0.510000 0.045333 0.346667
161 96.019667 0.490000 0.136667 0.480000
21 96.130000 0.501667 0.098667 0.336667
39 96.233000 0.488333 0.123333 0.463333
77 96.355000 0.491667 0.140667 0.350000
924 96.437333 0.506667 0.044000 0.360000
861 96.477333 0.491667 0.054667 0.423333
94 96.603333 0.488333 0.213333 0.456667
852 96.745667 0.498333 0.087333 0.363333
806 96.871000 0.491667 0.176667 0.476667
728 96.984333 0.493333 0.068667 0.606667
138 97.053333 0.496667 0.085333 0.453333
843 97.139000 0.503333 0.106000 0.533333
448 97.220000 0.498333 0.076000 0.383333
83 97.291000 0.508333 0.086000 0.423333
331 97.464667 0.503333 0.277333 0.660000
541 97.665000 0.505000 0.140667 0.363333
898 97.827000 0.501667 0.196667 0.983333
122 97.966333 0.500000 0.100667 0.366667
364 98.078000 0.496667 0.137333 0.346667
773 98.198000 0.500000 0.116000 0.340000
1015 98.267000 0.495000 0.038000 0.296667
782 98.340000 0.508333 0.122667 0.583333
666 98.441333 0.506667 0.096000 0.313333
509 98.545000 0.506667 0.130000 0.406667
404 98.714000 0.500000 0.224000 1.120000
836 98.880000 0.496667 0.128000 0.526667
367 98.999333 0.490000 0.124000 0.340000
908 99.107667 0.490000 0.108667 0.386667
824 99.203667 0.488333 0.103333 0.450000
912 99.292000 0.498333 0.090667 0.356667
929 99.355000 0.491667 0.052667 0.390000
817 99.448667 0.495000 0.152000 0.403333
874 99.555000 0.488333 0.080667 0.370000
560 99.686000 0.510000 0.198667 0.993333
475 99.813667 0.495000 0.072667 0.390000
604 99.901000 0.503333 0.119333 0.353333
1011 99.969667 0.506667 0.031333 0.260000
698 100.000667 0.495000 0.049333 0.256667
437 100.064000 0.491667 0.094667 0.483333
796 100.181333 0.493333 0.160000 0.800000
694 100.288667 0.505000 0.072000 0.356667
680 100.364667 0.505000 0.100000 0.363333
20 100.469667 0.490000 0.124667 0.413333
780 100.584333 0.491667 0.124667 0.356667
853 100.686333 0.496667 0.099333 0.426667
602 100.800000 0.488333 0.146667 0.443333
628 100.974000 0.510000 0.220000 1.100000
975 101.101000 0.498333 0.050000 0.376667
490 101.152333 0.500000 0.067333 0.346667
622 101.245667 0.488333 0.132667 0.463333
423 101.382333 0.506667 0.154000 0.526667
919 101.484333 0.503333 0.067333 0.333333
399 101.568333 0.505000 0.114000 0.430000
601 101.683333 0.501667 0.130667 0.390000
941 101.759000 0.501667 0.036667 0.283333
767 101.832000 0.501667 0.129333 0.376667
491 101.943000 0.506667 0.111333 0.546667
329 102.088667 0.503333 0.194667 0.693333
977 102.197667 0.490000 0.043333 0.326667
724 102.262000 0.493333 0.100000 0.380000
446 102.332333 0.510000 0.059333 0.353333
883 102.464667 0.503333 0.224000 0.480000
236 102.618000 0.510000 0.102667 0.506667
270 102.752333 0.510000 0.184667 0.566667
309 102.869000 0.493333 0.063333 0.353333
48 102.997333 0.493333 0.209333 1.046667
878 103.137333 0.508333 0.085333 0.436667
265 103.225333 0.506667 0.109333 0.420000
191 103.328333 0.495000 0.110000 0.536667
440 103.414000 0.495000 0.077333 0.396667
