624 0.097000 0.508333 0.187333 0.623333
290 0.254333 0.498333 0.147333 0.390000
656 0.401000 0.506667 0.166000 0.440000
814 0.536667 0.498333 0.121333 0.276667
26 0.648000 0.503333 0.114667 0.386667
609 0.735333 0.488333 0.077333 0.316667
856 0.847667 0.508333 0.162000 0.403333
76 0.986333 0.490000 0.135333 0.413333
421 1.108000 0.491667 0.125333 0.396667
34 1.210333 0.496667 0.092667 0.293333
114 1.294333 0.501667 0.091333 0.450000
331 1.466000 0.506667 0.268000 0.626667
537 1.753000 0.510000 0.319333 0.526667
717 2.005333 0.506667 0.201333 1.006667
734 2.180667 0.503333 0.165333 0.433333
24 2.329000 0.508333 0.148667 0.503333
614 2.477667 0.496667 0.166000 0.480000
607 2.615333 0.508333 0.122667 0.376667
554 2.747000 0.503333 0.159333 0.433333
91 2.922667 0.490000 0.205333 0.446667
120 3.128667 0.510000 0.220000 1.100000
587 3.289667 0.495000 0.115333 0.356667
713 3.452000 0.506667 0.228000 1.140000
500 3.594333 0.503333 0.076667 0.353333
648 3.659667 0.496667 0.071333 0.313333
606 3.740667 0.503333 0.110667 0.346667
935 3.807000 0.505000 0.040667 0.316667
542 3.900333 0.508333 0.160667 0.803333
318 4.024667 0.510000 0.102667 0.453333
934 4.087333 0.508333 0.037333 0.310000
777 4.154333 0.510000 0.112667 0.466667
185 4.263000 0.491667 0.120667 0.490000
533 4.373333 0.505000 0.116000 0.403333
63 4.469000 0.496667 0.091333 0.326667
72 4.561667 0.501667 0.108667 0.523333
60 4.636333 0.498333 0.058000 0.250000
131 4.716000 0.503333 0.118667 0.466667
769 4.818333 0.510000 0.103333 0.306667
506 4.881667 0.488333 0.040667 0.410000
651 5.006333 0.508333 0.227333 1.136667
592 5.193000 0.498333 0.159333 0.463333
49 5.340667 0.503333 0.154667 0.773333
707 5.471667 0.508333 0.123333 0.516667
147 5.572667 0.490000 0.096000 0.406667
990 5.627333 0.505000 0.033333 0.276667
991 5.655333 0.508333 0.040000 0.296667
885 5.708000 0.505000 0.078667 0.356667
929 5.766333 0.505000 0.051333 0.370000
141 5.833000 0.496667 0.102000 0.453333
847 5.938333 0.508333 0.123333 0.383333
309 6.021000 0.490000 0.062000 0.346667
425 6.099000 0.490000 0.107333 0.640000
493 6.184333 0.490000 0.080667 0.380000
630 6.309333 0.503333 0.188000 0.640000
209 6.483333 0.493333 0.178667 0.893333
686 6.605333 0.508333 0.078667 0.383333
489 6.662667 0.503333 0.056000 0.293333
849 6.741000 0.498333 0.115333 0.503333
872 6.856333 0.508333 0.128667 0.356667
798 6.955333 0.501667 0.085333 0.336667
827 7.036333 0.495000 0.095333 0.416667
780 7.154667 0.490000 0.154667 0.473333
779 7.243000 0.506667 0.039333 0.386667
1023 7.278000 0.493333 0.050667 0.386667
841 7.351667 0.508333 0.111333 0.543333
454 7.430667 0.500000 0.066667 0.353333
881 7.521667 0.488333 0.135333 0.456667
332 7.700333 0.501667 0.242000 0.550000
965 7.830333 0.491667 0.036667 0.303333
130 7.918667 0.500000 0.157333 0.326667
525 8.052000 0.508333 0.129333 0.403333
1003 8.127000 0.501667 0.038000 0.296667
938 8.156000 0.505000 0.036000 0.270000
987 8.184000 0.500000 0.040000 0.313333
647 8.237667 0.501667 0.080667 0.416667
823 8.320000 0.498333 0.098667 0.456667
684 8.419000 0.510000 0.119333 0.460000
280 8.541667 0.488333 0.140667 0.510000
682 8.661333 0.503333 0.114667 0.440000
835 8.774333 0.488333 0.124667 0.490000
18 8.878667 0.510000 0.104000 0.333333
693 8.969000 0.498333 0.090000 0.443333
721 9.090667 0.496667 0.169333 0.846667
940 9.190000 0.505000 0.042667 0.343333
261 9.282667 0.510000 0.161333 0.806667
374 9.413000 0.491667 0.112667 0.323333
1017 9.478667 0.500000 0.038667 0.306667
411 9.571667 0.508333 0.162000 0.810000
192 9.689333 0.496667 0.093333 0.373333
986 9.744333 0.500000 0.032667 0.253333
865 9.793333 0.500000 0.085333 0.286667
966 9.844667 0.490000 0.033333 0.260000
762 9.894333 0.505000 0.079333 0.343333
415 10.041667 0.498333 0.228667 1.143333
781 10.192667 0.493333 0.086667 0.446667
750 10.283000 0.495000 0.110000 0.410000
698 10.355000 0.503333 0.051333 0.273333
749 10.422667 0.500000 0.097333 0.406667
595 10.530667 0.508333 0.138667 0.443333
257 10.684333 0.501667 0.187333 0.936667
429 10.834000 0.506667 0.126667 0.466667
238 10.949333 0.498333 0.122667 0.476667
709 11.051000 0.500000 0.099333 0.433333
616 11.155333 0.510000 0.124000 0.353333
345 11.279667 0.498333 0.139333 0.410000
359 11.441667 0.495000 0.198000 0.990000
321 11.577333 0.500000 0.093333 0.373333
736 11.647667 0.501667 0.064667 0.356667
50 11.737667 0.490000 0.130000 0.426667
256 11.841333 0.501667 0.094667 0.343333
270 11.973000 0.501667 0.182000 0.550000
960 12.080667 0.510000 0.049333 0.373333
166 12.146333 0.503333 0.098000 0.353333
431 12.238000 0.495000 0.105333 0.356667
198 12.328000 0.510000 0.092000 0.420000
761 12.427667 0.506667 0.127333 0.366667
989 12.503333 0.505000 0.044000 0.336667
337 12.621000 0.488333 0.210000 1.050000
334 12.779667 0.493333 0.124667 0.400000
284 12.904667 0.506667 0.138667 0.493333
558 13.011333 0.505000 0.088000 0.436667
627 13.126000 0.506667 0.156000 0.780000
55 13.258000 0.495000 0.126667 0.356667
996 13.338000 0.503333 0.046667 0.366667
708 13.415333 0.498333 0.128000 0.530000
137 13.508333 0.501667 0.071333 0.423333
444 13.566000 0.490000 0.064000 0.360000
79 13.687000 0.501667 0.195333 0.423333
450 13.813000 0.503333 0.072667 0.433333
758 13.914000 0.496667 0.144000 0.493333
927 13.997000 0.495000 0.042000 0.330000
804 14.073000 0.503333 0.127333 0.366667
33 14.187000 0.510000 0.114000 0.406667
795 14.274000 0.498333 0.078667 0.476667
676 14.371667 0.506667 0.135333 0.460000
82 14.478000 0.510000 0.092000 0.653333
349 14.593000 0.491667 0.151333 0.463333
462 14.690000 0.503333 0.058667 0.353333
154 14.753000 0.495000 0.086000 0.396667
768 14.832000 0.503333 0.085333 0.173333
898 14.948000 0.506667 0.161333 0.806667
326 15.063667 0.508333 0.087333 0.403333
791 15.140000 0.498333 0.081333 0.490000
503 15.274000 0.503333 0.206667 1.033333
58 15.395667 0.491667 0.051333 0.323333
848 15.467333 0.510000 0.105333 0.320000
70 15.566000 0.503333 0.110667 0.373333
520 15.668667 0.508333 0.112000 0.356667
65 15.763667 0.508333 0.096667 0.243333
728 15.827667 0.491667 0.048667 0.423333
805 15.928667 0.496667 0.166667 0.486667
229 16.055667 0.493333 0.100667 0.493333
394 16.189333 0.496667 0.186667 0.933333
224 16.323333 0.488333 0.096000 0.476667
255 16.434000 0.490000 0.141333 0.540000
599 16.545667 0.505000 0.098000 0.296667
360 16.651000 0.508333 0.127333 0.343333
615 16.760333 0.501667 0.106000 0.456667
432 16.886000 0.510000 0.161333 0.313333
602 17.008000 0.503333 0.102667 0.320000
782 17.096667 0.506667 0.088000 0.426667
367 17.208333 0.505000 0.152667 0.456667
80 17.329667 0.503333 0.108667 0.553333
498 17.404333 0.510000 0.054000 0.326667
245 17.450000 0.498333 0.054667 0.270000
834 17.532667 0.488333 0.128000 0.523333
896 17.664667 0.508333 0.152000 0.423333
657 17.783667 0.490000 0.099333 0.406667
418 17.878667 0.495000 0.105333 0.510000
681 17.944333 0.508333 0.043333 0.363333
699 18.038667 0.496667 0.158667 0.460000
32 18.158333 0.498333 0.096667 0.323333
295 18.257333 0.508333 0.120000 0.503333
405 18.352000 0.508333 0.088000 0.336667
324 18.453667 0.488333 0.132667 0.650000
522 18.565667 0.510000 0.107333 0.340000
353 18.688000 0.505000 0.156000 0.463333
167 18.810000 0.493333 0.105333 0.386667
715 18.943333 0.493333 0.181333 0.906667
697 19.056333 0.496667 0.059333 0.293333
23 19.165333 0.488333 0.177333 0.510000
244 19.310333 0.495000 0.127333 0.350000
536 19.483000 0.508333 0.231333 1.156667
313 19.644000 0.495000 0.106667 0.390000
335 19.761000 0.495000 0.147333 0.463333
642 19.861333 0.508333 0.073333 0.290000
561 19.969667 0.491667 0.159333 0.436667
540 20.134667 0.491667 0.184000 0.743333
344 20.285667 0.496667 0.136667 0.380000
745 20.395000 0.505000 0.102000 0.383333
281 20.496333 0.493333 0.114000 0.393333
45 20.583000 0.500000 0.075333 0.373333
837 20.659667 0.505000 0.092667 0.383333
424 20.774000 0.495000 0.154667 0.490000
2 20.875667 0.508333 0.066000 0.343333
976 20.917667 0.510000 0.038000 0.280000
57 20.953000 0.510000 0.047333 0.226667
611 21.007000 0.490000 0.079333 0.340000
381 21.128333 0.488333 0.176667 0.883333
127 21.319333 0.493333 0.221333 1.106667
850 21.466667 0.498333 0.093333 0.396667
310 21.542333 0.506667 0.076667 0.433333
1 21.608333 0.501667 0.072667 0.363333
214 21.682333 0.508333 0.090000 0.370000
667 21.767667 0.508333 0.094000 0.330000
442 21.834000 0.503333 0.053333 0.286667
129 21.961667 0.498333 0.219333 1.096667
168 22.114333 0.491667 0.104667 0.396667
1005 22.179667 0.505000 0.044667 0.356667
468 22.230000 0.505000 0.073333 0.390000
329 22.366333 0.498333 0.216667 0.783333
765 22.502000 0.501667 0.069333 0.370000
61 22.570000 0.506667 0.081333 0.400000
585 22.671000 0.491667 0.138000 0.416667
146 22.821333 0.500000 0.181333 0.906667
107 22.990000 0.505000 0.172000 0.363333
521 23.170333 0.498333 0.208667 1.043333
669 23.324667 0.488333 0.116000 0.383333
7 23.438667 0.501667 0.132000 0.416667
193 23.553000 0.505000 0.112667 0.563333
371 23.690000 0.500000 0.180000 0.900000
9 23.824000 0.491667 0.106667 0.463333
742 23.927333 0.490000 0.117333 0.493333
475 24.018000 0.510000 0.080000 0.420000
774 24.085333 0.495000 0.068000 0.350000
416 24.148000 0.495000 0.074667 0.356667
825 24.239333 0.503333 0.126667 0.526667
953 24.318000 0.495000 0.049333 0.356667
250 24.441667 0.488333 0.212667 1.063333
346 24.622333 0.491667 0.162000 0.470000
150 24.742000 0.488333 0.093333 0.356667
903 24.844667 0.503333 0.130667 0.400000
385 24.963333 0.505000 0.126667 0.343333
160 25.060333 0.498333 0.087333 0.470000
980 25.109667 0.495000 0.031333 0.256667
695 25.207667 0.496667 0.183333 0.520000
604 25.358000 0.496667 0.136000 0.406667
710 25.516000 0.496667 0.197333 0.520000
305 25.635333 0.508333 0.058667 0.330000
93 25.757333 0.493333 0.202667 1.013333
512 25.915000 0.491667 0.132667 0.416667
298 26.011000 0.501667 0.072667 0.363333
253 26.066333 0.508333 0.054000 0.510000
870 26.119333 0.510000 0.068000 0.313333
583 26.169333 0.498333 0.050667 0.316667
451 26.215333 0.495000 0.057333 0.343333
308 26.271333 0.505000 0.074667 0.416667
1020 26.319667 0.510000 0.039333 0.293333
1018 26.348000 0.488333 0.033333 0.263333
671 26.414000 0.495000 0.114667 0.370000
0 26.483000 0.498333 0.038000 0.296667
217 26.558667 0.510000 0.128000 0.526667
231 26.673667 0.506667 0.120667 0.513333
579 26.816667 0.505000 0.184000 0.410000
315 26.966333 0.510000 0.131333 0.486667
465 27.057667 0.500000 0.066000 0.393333
735 27.154667 0.495000 0.144000 0.583333
650 27.277000 0.505000 0.120667 0.396667
494 27.373000 0.503333 0.084667 0.413333
794 27.444000 0.490000 0.074667 0.453333
807 27.573667 0.501667 0.198000 0.483333
81 27.713000 0.491667 0.096667 0.376667
1019 27.771000 0.506667 0.039333 0.286667
115 27.815000 0.506667 0.062000 0.366667
173 27.885000 0.501667 0.096667 0.436667
504 28.003333 0.496667 0.156000 0.440000
846 28.121000 0.495000 0.094000 0.390000
336 28.207667 0.488333 0.095333 0.456667
338 28.306000 0.505000 0.114667 0.590000
347 28.428000 0.505000 0.146667 0.430000
840 28.544333 0.505000 0.099333 0.410000
559 28.632667 0.503333 0.093333 0.460000
196 28.715000 0.506667 0.086000 0.440000
484 28.796667 0.488333 0.092000 0.336667
913 28.903667 0.490000 0.140667 0.433333
591 29.043667 0.508333 0.155333 0.456667
240 29.143667 0.498333 0.058000 0.310000
29 29.236000 0.503333 0.145333 0.400000
678 29.346000 0.501667 0.089333 0.290000
466 29.412667 0.500000 0.064000 0.326667
775 29.465000 0.510000 0.060667 0.300000
396 29.559667 0.490000 0.143333 0.393333
928 29.650000 0.491667 0.052000 0.376667
22 29.720667 0.488333 0.106667 0.356667
952 29.787667 0.495000 0.042000 0.336667
586 29.865000 0.488333 0.131333 0.370000
441 29.956333 0.498333 0.070000 0.376667
920 30.041000 0.496667 0.112667 0.446667
123 30.178000 0.503333 0.178667 0.893333
843 30.302333 0.503333 0.087333 0.420000
307 30.370333 0.510000 0.068667 0.380000
988 30.416667 0.493333 0.038667 0.313333
35 30.474333 0.506667 0.095333 0.313333
787 30.545000 0.501667 0.064667 0.390000
412 30.611667 0.505000 0.087333 0.436667
288 30.715000 0.490000 0.138000 0.533333
153 30.815333 0.498333 0.082667 0.376667
661 30.894000 0.495000 0.089333 0.283333
233 30.975333 0.501667 0.088000 0.383333
121 31.019333 0.495000 0.020000 0.370000
983 31.045000 0.510000 0.047333 0.346667
113 31.112333 0.495000 0.103333 0.490000
341 31.190333 0.501667 0.072667 0.303333
740 31.297333 0.508333 0.160000 0.370000
228 31.412333 0.510000 0.083333 0.420000
267 31.553000 0.498333 0.212667 1.063333
66 31.746333 0.491667 0.192667 0.963333
161 31.897000 0.496667 0.123333 0.453333
417 31.995333 0.500000 0.088000 0.426667
297 32.067333 0.488333 0.072000 0.363333
733 32.129000 0.506667 0.066000 0.386667
406 32.211667 0.501667 0.118000 0.450000
911 32.322667 0.491667 0.118667 0.430000
789 32.408000 0.503333 0.069333 0.420000
460 32.464333 0.508333 0.056667 0.303333
171 32.588333 0.508333 0.210000 1.050000
763 32.712667 0.490000 0.054667 0.420000
806 32.811333 0.503333 0.162667 0.813333
237 32.923333 0.508333 0.077333 0.503333
47 33.014000 0.493333 0.118667 0.566667
12 33.111667 0.508333 0.094000 0.310000
973 33.167333 0.500000 0.030667 0.246667
1013 33.190333 0.506667 0.032667 0.253333
102 33.300333 0.508333 0.207333 1.036667
278 33.474667 0.493333 0.157333 0.466667
390 33.610000 0.498333 0.129333 0.350000
174 33.717667 0.490000 0.104667 0.386667
236 33.806000 0.506667 0.092000 0.373333
265 33.895000 0.488333 0.102000 0.390000
962 33.954333 0.491667 0.032667 0.250000
623 34.055667 0.498333 0.183333 0.916667
802 34.241667 0.510000 0.202000 0.433333
436 34.384667 0.503333 0.101333 0.260000
800 34.483333 0.498333 0.113333 0.410000
653 34.607000 0.503333 0.150000 0.486667
796 34.733333 0.496667 0.117333 0.453333
197 34.839000 0.495000 0.108667 0.430000
364 34.963000 0.498333 0.156667 0.783333
126 35.100000 0.495000 0.134667 0.450000
691 35.206000 0.505000 0.097333 0.483333
30 35.309667 0.505000 0.123333 0.363333
812 35.417667 0.501667 0.107333 0.270000
590 35.536667 0.501667 0.150667 0.563333
720 35.695667 0.488333 0.184667 0.923333
356 35.843000 0.496667 0.126000 0.360000
39 35.951667 0.503333 0.107333 0.353333
897 36.108667 0.490000 0.221333 1.106667
249 36.247333 0.495000 0.076000 0.496667
772 36.350000 0.503333 0.142667 0.393333
836 36.453333 0.495000 0.084000 0.356667
269 36.602667 0.493333 0.228000 1.140000
863 36.756000 0.496667 0.092000 0.440000
959 36.815333 0.490000 0.045333 0.333333
518 36.895333 0.495000 0.130667 0.423333
5 36.994000 0.501667 0.086667 0.410000
482 37.065000 0.503333 0.070000 0.420000
439 37.142333 0.510000 0.100667 0.393333
430 37.228000 0.490000 0.088000 0.373333
631 37.352000 0.506667 0.177333 0.586667
534 37.481667 0.491667 0.098000 0.430000
598 37.583000 0.500000 0.119333 0.353333
73 37.711333 0.496667 0.152000 0.473333
634 37.818333 0.500000 0.078000 0.326667
517 37.896333 0.501667 0.098000 0.330000
563 38.000667 0.491667 0.126667 0.256667
890 38.097667 0.501667 0.083333 0.390000
499 38.163667 0.493333 0.066000 0.393333
15 38.245333 0.491667 0.114667 0.390000
643 38.355333 0.495000 0.118667 0.430000
541 38.506000 0.495000 0.197333 0.530000
770 38.667667 0.490000 0.140667 0.480000
156 38.818000 0.495000 0.177333 0.536667
662 38.962333 0.496667 0.124667 0.400000
352 39.087667 0.508333 0.139333 0.410000
845 39.191000 0.491667 0.086000 0.370000
216 39.281333 0.506667 0.109333 0.546667
358 39.383667 0.508333 0.112667 0.303333
788 39.520667 0.506667 0.177333 0.486667
947 39.619667 0.505000 0.036667 0.303333
1009 39.648333 0.498333 0.040667 0.316667
402 39.722000 0.495000 0.125333 0.323333
391 39.849667 0.510000 0.144667 0.426667
36 39.962667 0.501667 0.096000 0.350000
428 40.051333 0.503333 0.100000 0.653333
357 40.151000 0.495000 0.114000 0.303333
262 40.250667 0.505000 0.098667 0.490000
538 40.395333 0.490000 0.209333 1.046667
943 40.508333 0.508333 0.030000 0.250000
401 40.548667 0.488333 0.066667 0.370000
593 40.653333 0.510000 0.162667 0.480000
950 40.750667 0.503333 0.045333 0.353333
854 40.854667 0.488333 0.176000 0.510000
784 40.960000 0.488333 0.048000 0.410000
440 41.005333 0.498333 0.058667 0.303333
871 41.048333 0.501667 0.046000 0.243333
291 41.127333 0.506667 0.128000 0.500000
725 41.245667 0.503333 0.123333 0.520000
369 41.356667 0.495000 0.116000 0.310000
526 41.481667 0.508333 0.148667 0.390000
106 41.626667 0.500000 0.160000 0.800000
488 41.728333 0.496667 0.060667 0.286667
145 41.794667 0.506667 0.092000 0.413333
248 41.877667 0.508333 0.087333 0.463333
182 41.983667 0.496667 0.138000 0.473333
632 42.159333 0.500000 0.230667 1.153333
351 42.360667 0.503333 0.189333 0.946667
20 42.502333 0.500000 0.107333 0.366667
531 42.656000 0.498333 0.220000 0.536667
961 42.776667 0.491667 0.040000 0.336667
300 42.822000 0.488333 0.066667 0.210000
293 42.885667 0.491667 0.075333 0.290000
692 42.965333 0.510000 0.101333 0.500000
523 43.074000 0.503333 0.130667 0.446667
409 43.224667 0.496667 0.185333 0.926667
552 43.345000 0.505000 0.068667 0.423333
718 43.471000 0.495000 0.200667 1.003333
398 43.603667 0.508333 0.082000 0.423333
218 43.682000 0.506667 0.093333 0.380000
675 43.782667 0.488333 0.122667 0.463333
944 43.853333 0.505000 0.037333 0.276667
778 43.900000 0.510000 0.074667 0.493333
808 43.980000 0.510000 0.104000 0.446667
491 44.077667 0.491667 0.106000 0.516667
108 44.231333 0.506667 0.217333 0.473333
673 44.381667 0.505000 0.096667 0.343333
414 44.525333 0.490000 0.205333 1.026667
964 44.638000 0.490000 0.036000 0.273333
470 44.679000 0.508333 0.062000 0.316667
485 44.737667 0.498333 0.070000 0.396667
25 44.814333 0.510000 0.102000 0.360000
122 44.912000 0.498333 0.113333 0.390000
361 45.027000 0.510000 0.130000 0.360000
422 45.134000 0.505000 0.104000 0.376667
790 45.208000 0.500000 0.060000 0.366667
726 45.270000 0.505000 0.084000 0.443333
327 45.367333 0.491667 0.129333 0.383333
923 45.446333 0.488333 0.043333 0.336667
71 45.495000 0.488333 0.067333 0.356667
453 45.557667 0.503333 0.074000 0.400000
901 45.659667 0.510000 0.150000 0.460000
320 45.791000 0.493333 0.131333 0.386667
194 45.909000 0.498333 0.118000 0.563333
492 45.999667 0.495000 0.079333 0.370000
557 46.067667 0.501667 0.074000 0.496667
578 46.148667 0.508333 0.105333 0.410000
689 46.242333 0.503333 0.102000 0.500000
143 46.326000 0.510000 0.078667 0.406667
842 46.409333 0.493333 0.101333 0.473333
696 46.521333 0.503333 0.137333 0.320000
404 46.637333 0.495000 0.112000 0.563333
939 46.709667 0.510000 0.046000 0.346667
905 46.793000 0.506667 0.140667 0.440000
210 46.897667 0.495000 0.088667 0.430000
948 46.957333 0.496667 0.045333 0.353333
899 47.041000 0.505000 0.138000 0.396667
258 47.148333 0.488333 0.096667 0.343333
815 47.254667 0.501667 0.134667 0.436667
407 47.353000 0.508333 0.082000 0.310000
956 47.402667 0.510000 0.032000 0.266667
764 47.453667 0.510000 0.086000 0.413333
117 47.564000 0.496667 0.153333 0.473333
433 47.694667 0.498333 0.125333 0.323333
582 47.836333 0.491667 0.174000 0.870000
162 47.961000 0.503333 0.091333 0.346667
165 48.065333 0.493333 0.132000 0.473333
427 48.215000 0.491667 0.184667 0.923333
376 48.361667 0.491667 0.123333 0.356667
208 48.462000 0.501667 0.094667 0.483333
560 48.596000 0.493333 0.189333 0.566667
294 48.768000 0.506667 0.173333 0.866667
464 48.878667 0.500000 0.066667 0.380000
322 48.955000 0.505000 0.103333 0.176667
513 49.052333 0.496667 0.106000 0.346667
227 49.145000 0.488333 0.096667 0.403333
855 49.220333 0.495000 0.071333 0.183333
706 49.280667 0.490000 0.065333 0.360000
801 49.361333 0.500000 0.109333 0.393333
95 49.492667 0.510000 0.172000 0.366667
220 49.613000 0.496667 0.087333 0.393333
187 49.705000 0.495000 0.111333 0.556667
64 49.792333 0.501667 0.078000 0.376667
729 49.836333 0.503333 0.028667 0.386667
731 49.886333 0.500000 0.084667 0.413333
852 49.969333 0.496667 0.097333 0.400000
355 50.079667 0.496667 0.142000 0.420000
316 50.193333 0.510000 0.100000 0.380000
767 50.298000 0.493333 0.122667 0.353333
314 50.400333 0.501667 0.099333 0.336667
516 50.507333 0.501667 0.129333 0.416667
658 50.599667 0.506667 0.068667 0.406667
175 50.675000 0.508333 0.099333 0.376667
397 50.768667 0.496667 0.102667 0.460000
532 50.865000 0.495000 0.103333 0.530000
99 50.997667 0.488333 0.179333 0.390000
816 51.136333 0.500000 0.116667 0.266667
272 51.296000 0.496667 0.216000 1.080000
105 51.485333 0.503333 0.182667 0.913333
663 51.628333 0.488333 0.119333 0.416667
459 51.705667 0.490000 0.055333 0.333333
387 51.810333 0.491667 0.170000 0.850000
719 51.999667 0.505000 0.227333 1.136667
613 52.178667 0.493333 0.146667 0.373333
242 52.306667 0.496667 0.128000 0.493333
908 52.405667 0.503333 0.090000 0.320000
40 52.486333 0.491667 0.091333 0.290000
882 52.583000 0.503333 0.118000 0.480000
1014 52.654333 0.496667 0.043333 0.326667
867 52.726000 0.490000 0.117333 0.393333
268 52.846667 0.510000 0.141333 0.426667
41 52.999667 0.498333 0.182000 0.910000
949 53.103667 0.493333 0.042000 0.353333
151 53.147667 0.496667 0.063333 0.313333
282 53.231667 0.503333 0.122000 0.433333
963 53.304667 0.495000 0.044000 0.330000
235 53.365000 0.488333 0.096667 0.390000
605 53.463333 0.505000 0.113333 0.296667
388 53.568667 0.488333 0.116000 0.323333
660 53.664333 0.506667 0.088667 0.293333
275 53.727333 0.495000 0.052000 0.336667
655 53.780333 0.491667 0.072667 0.290000
1011 53.827000 0.508333 0.035333 0.290000
992 53.854667 0.508333 0.037333 0.310000
1001 53.885000 0.510000 0.039333 0.300000
588 53.953667 0.505000 0.112667 0.490000
85 54.047667 0.510000 0.095333 0.373333
879 54.151333 0.503333 0.126667 0.340000
727 54.245667 0.505000 0.075333 0.370000
544 54.327667 0.500000 0.103333 0.420000
149 54.457000 0.488333 0.175333 0.876667
408 54.590333 0.491667 0.110000 0.416667
809 54.694333 0.503333 0.112667 0.593333
11 54.797000 0.490000 0.108667 0.386667
875 54.951333 0.493333 0.216000 1.080000
853 55.103333 0.488333 0.101333 0.456667
43 55.205333 0.503333 0.118667 0.480000
306 55.298000 0.506667 0.081333 0.453333
445 55.359000 0.501667 0.058000 0.343333
893 55.458333 0.503333 0.155333 0.446667
535 55.608333 0.488333 0.162000 0.370000
277 55.725333 0.510000 0.092000 0.433333
766 55.821000 0.500000 0.114000 0.333333
343 55.942333 0.508333 0.142000 0.410000
379 56.075000 0.500000 0.136667 0.413333
674 56.196000 0.488333 0.118667 0.450000
639 56.278333 0.498333 0.063333 0.310000
737 56.332667 0.488333 0.062667 0.456667
577 56.409000 0.506667 0.108667 0.426667
449 56.483667 0.488333 0.056667 0.296667
891 56.535333 0.496667 0.061333 0.313333
116 56.629000 0.491667 0.139333 0.450000
83 56.723667 0.500000 0.070000 0.326667
732 56.790000 0.496667 0.076000 0.386667
354 56.892667 0.500000 0.148000 0.413333
234 57.011667 0.510000 0.106000 0.426667
159 57.075667 0.491667 0.040667 0.323333
869 57.123000 0.488333 0.070000 0.430000
566 57.222333 0.506667 0.142000 0.593333
926 57.306667 0.491667 0.040000 0.330000
490 57.351000 0.490000 0.063333 0.373333
100 57.464000 0.493333 0.180000 0.900000
266 57.627000 0.491667 0.162000 0.536667
319 57.742000 0.490000 0.088000 0.326667
652 57.865333 0.500000 0.172000 0.860000
184 57.991000 0.506667 0.092667 0.446667
21 58.081000 0.488333 0.104667 0.343333
54 58.155333 0.490000 0.064000 0.326667
759 58.233000 0.495000 0.107333 0.343333
866 58.366333 0.505000 0.178000 0.503333
977 58.466333 0.505000 0.040667 0.310000
368 58.558000 0.496667 0.158667 0.793333
574 58.665333 0.503333 0.070667 0.280000
572 58.731667 0.505000 0.082000 0.330000
511 58.829333 0.501667 0.132000 0.416667
283 58.943667 0.510000 0.115333 0.393333
754 59.069000 0.490000 0.151333 0.740000
1015 59.161667 0.491667 0.054000 0.390000
1010 59.202000 0.491667 0.040000 0.330000
716 59.313667 0.498333 0.196667 0.590000
551 59.472667 0.488333 0.138667 0.423333
539 59.576000 0.505000 0.088000 0.390000
832 59.673667 0.500000 0.120667 0.493333
303 59.755333 0.505000 0.060000 0.330000
243 59.891667 0.488333 0.231333 1.156667
601 60.058333 0.506667 0.122000 0.380000
13 60.160000 0.508333 0.100000 0.323333
375 60.259000 0.496667 0.116667 0.340000
392 60.367000 0.505000 0.118000 0.323333
377 60.485667 0.503333 0.138000 0.386667
704 60.614667 0.488333 0.140000 0.430000
700 60.747667 0.503333 0.139333 0.546667
48 60.952333 0.506667 0.287333 0.540000
982 61.110000 0.506667 0.044000 0.340000
722 61.182000 0.510000 0.120000 0.346667
350 61.297333 0.498333 0.125333 0.350000
56 61.383667 0.490000 0.063333 0.086667
448 61.444333 0.501667 0.074000 0.436667
339 61.518333 0.490000 0.090000 0.466667
755 61.625667 0.506667 0.142000 0.440000
945 61.707667 0.508333 0.038000 0.323333
883 61.820333 0.495000 0.206000 1.030000
509 61.962333 0.501667 0.092667 0.296667
252 62.055000 0.491667 0.111333 0.430000
951 62.123333 0.493333 0.044000 0.320000
984 62.159333 0.510000 0.045333 0.353333
142 62.211667 0.505000 0.076667 0.363333
851 62.286000 0.490000 0.085333 0.373333
629 62.420000 0.493333 0.201333 1.006667
463 62.543000 0.510000 0.059333 0.300000
649 62.623000 0.505000 0.114000 0.596667
844 62.722000 0.501667 0.098667 0.410000
904 62.803000 0.495000 0.083333 0.390000
456 62.876000 0.491667 0.081333 0.410000
514 62.963333 0.493333 0.106667 0.340000
410 63.066667 0.506667 0.116000 0.446667
596 63.169667 0.505000 0.106000 0.316667
553 63.307000 0.508333 0.183333 0.916667
155 63.442000 0.501667 0.100000 0.530000
286 63.536667 0.495000 0.104000 0.383333
821 63.627333 0.501667 0.094667 0.663333
362 63.725333 0.506667 0.114667 0.326667
132 63.818667 0.501667 0.085333 0.363333
664 63.917667 0.505000 0.132667 0.450000
378 64.059667 0.488333 0.168667 0.843333
181 64.207333 0.503333 0.142667 0.473333
104 64.380000 0.508333 0.220000 0.470000
860 64.595000 0.490000 0.224667 0.560000
452 64.735333 0.493333 0.076000 0.453333
907 64.831000 0.488333 0.130000 0.423333
680 64.944000 0.503333 0.109333 0.353333
246 65.063667 0.508333 0.146000 0.503333
979 65.154333 0.498333 0.050000 0.376667
876 65.275000 0.508333 0.210000 1.050000
556 65.412333 0.506667 0.084667 0.340000
508 65.482000 0.505000 0.070667 0.376667
212 65.548667 0.508333 0.082667 0.416667
366 65.637000 0.503333 0.111333 0.293333
8 65.736000 0.490000 0.104000 0.373333
610 65.832667 0.490000 0.108000 0.333333
483 65.912333 0.488333 0.070000 0.356667
188 66.001667 0.495000 0.123333 0.516667
546 66.110333 0.505000 0.110000 0.396667
497 66.231000 0.506667 0.147333 0.373333
576 66.345333 0.491667 0.097333 0.383333
195 66.439667 0.488333 0.106000 0.530000
918 66.548667 0.493333 0.128000 0.453333
760 66.670000 0.506667 0.133333 0.433333
471 66.757333 0.495000 0.056000 0.303333
230 66.843667 0.501667 0.136667 0.530000
545 66.961333 0.508333 0.113333 0.410000
226 67.055000 0.505000 0.090000 0.430000
447 67.123333 0.491667 0.062667 0.316667
838 67.202667 0.506667 0.109333 0.440000
799 67.301667 0.508333 0.102000 0.376667
241 67.383667 0.506667 0.078000 0.433333
828 67.468000 0.501667 0.104000 0.483333
573 67.551333 0.508333 0.080000 0.310000
438 67.646667 0.490000 0.129333 0.393333
190 67.745333 0.496667 0.086667 0.420000
813 67.848333 0.491667 0.135333 0.323333
1016 67.933333 0.498333 0.049333 0.356667
27 68.017333 0.501667 0.137333 0.463333
495 68.112667 0.510000 0.069333 0.340000
569 68.183000 0.508333 0.084667 0.350000
714 68.303667 0.488333 0.170000 0.850000
921 68.414333 0.506667 0.064667 0.373333
817 68.513667 0.495000 0.152667 0.396667
179 68.642333 0.501667 0.122000 0.470000
199 68.761333 0.508333 0.132000 0.530000
399 68.879333 0.500000 0.117333 0.446667
68 69.001333 0.500000 0.144000 0.413333
434 69.116333 0.506667 0.102000 0.346667
874 69.209667 0.503333 0.100667 0.440000
888 69.350333 0.508333 0.196667 0.983333
124 69.495667 0.500000 0.114000 0.426667
37 69.592000 0.496667 0.092000 0.320000
1002 69.649333 0.498333 0.040000 0.296667
423 69.727333 0.490000 0.132000 0.446667
223 69.846667 0.493333 0.125333 0.500000
183 69.956000 0.488333 0.109333 0.443333
889 70.071333 0.491667 0.136000 0.476667
38 70.191333 0.496667 0.122667 0.413333
666 70.306000 0.508333 0.121333 0.416667
564 70.447667 0.495000 0.175333 0.370000
900 70.597667 0.493333 0.139333 0.386667
206 70.771333 0.500000 0.225333 1.126667
685 70.920333 0.490000 0.086000 0.340000
69 71.015333 0.510000 0.118667 0.633333
119 71.108333 0.503333 0.087333 0.506667
139 71.174000 0.505000 0.061333 0.356667
688 71.249667 0.510000 0.103333 0.500000
480 71.328333 0.496667 0.070000 0.413333
86 71.391333 0.510000 0.074667 0.313333
702 71.531667 0.488333 0.224667 1.123333
176 71.684333 0.501667 0.095333 0.336667
824 71.764667 0.505000 0.085333 0.370000
458 71.836667 0.493333 0.074667 0.386667
543 71.934667 0.505000 0.141333 0.476667
839 72.051000 0.496667 0.106000 0.466667
589 72.136667 0.496667 0.084000 0.373333
505 72.208000 0.510000 0.072000 0.300000
917 72.256000 0.501667 0.038667 0.283333
936 72.290333 0.495000 0.047333 0.343333
703 72.406000 0.503333 0.198667 0.993333
877 72.532667 0.501667 0.073333 0.350000
608 72.623667 0.491667 0.123333 0.436667
204 72.735333 0.503333 0.114667 0.453333
581 72.837667 0.495000 0.106000 0.450000
59 72.960000 0.493333 0.156000 0.780000
894 73.095667 0.498333 0.132667 0.350000
957 73.173333 0.501667 0.042667 0.330000
998 73.207000 0.500000 0.038000 0.286667
1007 73.237000 0.495000 0.038000 0.276667
457 73.273333 0.495000 0.053333 0.303333
969 73.309000 0.510000 0.032667 0.273333
177 73.382667 0.498333 0.134667 0.476667
202 73.492333 0.488333 0.098000 0.383333
271 73.607000 0.495000 0.146000 0.443333
915 73.715000 0.508333 0.083333 0.676667
880 73.803667 0.500000 0.110000 0.380000
985 73.867000 0.503333 0.031333 0.253333
776 73.945000 0.490000 0.143333 0.326667
507 74.045000 0.491667 0.074000 0.416667
437 74.109333 0.503333 0.073333 0.366667
562 74.232333 0.495000 0.186000 0.383333
301 74.355333 0.488333 0.078667 0.450000
84 74.444667 0.500000 0.116000 0.326667
370 74.566000 0.510000 0.140000 0.413333
792 74.674333 0.488333 0.095333 0.390000
884 74.781000 0.495000 0.132667 0.476667
972 74.859000 0.500000 0.043333 0.346667
148 74.935667 0.506667 0.128667 0.380000
101 75.089333 0.508333 0.197333 0.430000
481 75.206333 0.505000 0.054000 0.316667
942 75.240667 0.488333 0.032000 0.256667
42 75.290000 0.500000 0.080000 0.453333
548 75.377333 0.496667 0.108000 0.333333
594 75.494667 0.500000 0.141333 0.426667
757 75.616333 0.501667 0.115333 0.363333
955 75.682333 0.496667 0.035333 0.266667
273 75.715333 0.498333 0.050667 0.296667
811 75.786667 0.488333 0.110667 0.296667
528 75.882333 0.505000 0.096667 0.316667
372 75.993333 0.496667 0.144000 0.386667
677 76.113000 0.495000 0.115333 0.430000
741 76.221000 0.506667 0.115333 0.393333
420 76.310333 0.493333 0.080667 0.286667
169 76.394333 0.506667 0.106000 0.400000
550 76.475667 0.505000 0.074000 0.376667
138 76.532667 0.508333 0.057333 0.330000
887 76.605333 0.495000 0.108000 0.343333
995 76.672667 0.490000 0.045333 0.340000
157 76.772333 0.488333 0.167333 0.836667
135 76.921667 0.493333 0.144667 0.420000
527 77.043667 0.498333 0.118000 0.350000
635 77.134000 0.510000 0.076000 0.340000
292 77.224000 0.501667 0.118667 0.470000
363 77.354667 0.506667 0.157333 0.426667
19 77.479333 0.501667 0.105333 0.356667
435 77.558667 0.505000 0.070667 0.323333
830 77.636000 0.510000 0.104000 0.426667
981 77.695333 0.508333 0.032000 0.270000
568 77.761333 0.498333 0.114667 0.570000
443 77.848667 0.503333 0.080000 0.413333
189 77.941333 0.506667 0.121333 0.500000
474 78.035000 0.503333 0.086000 0.440000
753 78.135000 0.501667 0.132667 0.490000
496 78.246333 0.501667 0.108667 0.456667
413 78.358333 0.505000 0.134000 0.536667
44 78.479333 0.506667 0.128000 0.506667
620 78.603000 0.508333 0.135333 0.576667
384 78.739333 0.510000 0.153333 0.460000
110 78.859000 0.506667 0.102000 0.380000
833 78.961333 0.490000 0.117333 0.480000
571 79.069000 0.500000 0.112667 0.466667
946 79.135333 0.503333 0.034667 0.260000
738 79.183000 0.500000 0.080667 0.393333
638 79.269333 0.501667 0.109333 0.443333
274 79.358333 0.498333 0.088667 0.410000
225 79.453667 0.490000 0.122000 0.493333
826 79.560000 0.506667 0.105333 0.513333
933 79.621667 0.488333 0.031333 0.250000
373 79.738000 0.500000 0.218667 1.093333
617 79.888000 0.508333 0.098667 0.383333
919 79.971667 0.501667 0.082000 0.376667
565 80.085333 0.493333 0.162667 0.360000
251 80.195333 0.490000 0.072000 0.406667
92 80.306333 0.505000 0.164667 0.350000
723 80.438000 0.490000 0.112000 0.386667
997 80.503667 0.506667 0.034000 0.260000
186 80.572667 0.505000 0.122667 0.523333
14 80.685000 0.488333 0.116667 0.376667
785 80.765667 0.495000 0.063333 0.270000
954 80.809333 0.491667 0.041333 0.316667
603 80.905000 0.501667 0.167333 0.836667
260 81.058667 0.501667 0.158667 0.450000
302 81.165000 0.490000 0.068667 0.393333
668 81.242333 0.488333 0.103333 0.343333
276 81.315000 0.493333 0.062000 0.380000
724 81.382333 0.503333 0.088667 0.366667
910 81.471000 0.500000 0.103333 0.326667
211 81.560333 0.496667 0.094000 0.373333
383 81.657000 0.500000 0.114000 0.340000
403 81.774333 0.506667 0.136667 0.393333
478 81.867667 0.490000 0.063333 0.326667
94 81.976333 0.498333 0.174000 0.870000
172 82.164000 0.500000 0.221333 1.106667
829 82.323000 0.508333 0.116667 0.476667
222 82.423000 0.500000 0.100667 0.473333
158 82.552667 0.510000 0.176000 0.880000
683 82.707667 0.488333 0.152667 0.410000
584 82.867667 0.491667 0.184667 0.923333
524 83.020000 0.508333 0.138667 0.443333
868 83.121000 0.508333 0.078000 0.443333
549 83.207667 0.490000 0.111333 0.373333
820 83.292667 0.498333 0.073333 0.310000
479 83.350000 0.498333 0.061333 0.323333
831 83.417000 0.495000 0.091333 0.376667
622 83.545333 0.506667 0.185333 0.926667
207 83.730667 0.503333 0.205333 1.026667
618 83.866333 0.510000 0.082000 0.486667
625 83.977667 0.490000 0.160667 0.526667
971 84.072667 0.488333 0.042667 0.323333
221 84.148667 0.501667 0.129333 0.523333
311 84.255000 0.501667 0.096667 0.436667
906 84.352333 0.500000 0.112667 0.313333
654 84.506333 0.500000 0.210000 0.386667
931 84.618333 0.498333 0.031333 0.256667
909 84.675000 0.508333 0.099333 0.430000
340 84.762667 0.503333 0.094667 0.280000
325 84.862333 0.505000 0.118000 0.503333
665 84.968667 0.490000 0.110667 0.400000
644 85.055667 0.496667 0.083333 0.386667
892 85.181333 0.500000 0.181333 0.526667
287 85.310000 0.510000 0.092000 0.346667
941 85.365000 0.498333 0.035333 0.276667
259 85.454000 0.490000 0.158667 0.793333
862 85.562667 0.491667 0.077333 0.383333
621 85.617667 0.508333 0.050000 0.516667
619 85.677333 0.490000 0.085333 0.446667
637 85.741333 0.488333 0.061333 0.310000
164 85.827667 0.506667 0.131333 0.480000
502 85.920667 0.498333 0.069333 0.310000
515 86.000667 0.495000 0.105333 0.356667
567 86.110000 0.495000 0.133333 0.556667
191 86.229667 0.506667 0.126000 0.513333
793 86.335000 0.501667 0.098000 0.390000
916 86.464333 0.503333 0.174000 0.360000
96 86.629000 0.495000 0.175333 0.383333
446 86.743000 0.495000 0.068667 0.410000
922 86.789000 0.500000 0.043333 0.320000
67 86.930667 0.508333 0.256000 0.543333
118 87.093333 0.505000 0.088000 0.350000
200 87.173667 0.508333 0.087333 0.430000
215 87.260000 0.510000 0.101333 0.446667
687 87.338333 0.493333 0.071333 0.346667
746 87.439667 0.501667 0.146000 0.430000
747 87.550667 0.490000 0.096000 0.420000
645 87.631000 0.491667 0.082000 0.376667
679 87.712333 0.488333 0.095333 0.583333
912 87.801000 0.488333 0.102000 0.443333
1022 87.863667 0.503333 0.042000 0.306667
547 87.910000 0.491667 0.070667 0.396667
487 87.969667 0.503333 0.067333 0.386667
1008 88.018000 0.498333 0.044000 0.363333
628 88.106000 0.510000 0.146667 0.500000
701 88.273667 0.505000 0.204667 1.023333
279 88.411667 0.493333 0.091333 0.513333
994 88.473000 0.488333 0.051333 0.383333
389 88.554333 0.498333 0.130000 0.376667
254 88.688333 0.488333 0.154000 0.583333
213 88.809000 0.488333 0.100667 0.503333
163 88.908333 0.506667 0.118000 0.420000
239 89.005667 0.505000 0.091333 0.563333
861 89.071333 0.501667 0.057333 0.443333
348 89.152667 0.506667 0.120000 0.326667
705 89.291667 0.488333 0.171333 0.856667
924 89.391000 0.501667 0.046000 0.350000
930 89.424000 0.495000 0.040000 0.290000
783 89.481000 0.500000 0.092667 0.493333
312 89.575000 0.495000 0.108667 0.370000
974 89.637333 0.496667 0.036000 0.300000
858 89.692667 0.495000 0.089333 0.270000
128 89.802000 0.493333 0.142667 0.413333
970 89.880000 0.500000 0.033333 0.273333
859 89.961667 0.500000 0.143333 0.440000
555 90.047667 0.500000 0.043333 0.426667
285 90.128333 0.500000 0.132667 0.453333
342 90.217333 0.505000 0.061333 0.290000
902 90.352333 0.498333 0.224667 1.123333
529 90.509667 0.490000 0.108667 0.420000
575 90.610333 0.498333 0.106000 0.350000
819 90.725333 0.510000 0.142667 0.366667
400 90.815333 0.496667 0.054667 0.506667
469 90.867333 0.490000 0.065333 0.373333
317 90.948333 0.491667 0.110000 0.416667
10 91.052667 0.506667 0.116000 0.373333
140 91.181333 0.493333 0.160000 0.800000
925 91.272000 0.510000 0.037333 0.286667
646 91.326000 0.491667 0.086667 0.383333
426 91.388333 0.505000 0.052667 0.310000
1021 91.425000 0.498333 0.036667 0.270000
570 91.485667 0.498333 0.102000 0.430000
786 91.567333 0.505000 0.078667 0.476667
133 91.651667 0.506667 0.107333 0.360000
134 91.754000 0.505000 0.112000 0.476667
89 91.909333 0.501667 0.217333 0.463333
31 92.064333 0.505000 0.112667 0.323333
744 92.168667 0.488333 0.109333 0.443333
477 92.241333 0.495000 0.056000 0.303333
771 92.299000 0.490000 0.079333 0.413333
501 92.368000 0.498333 0.076000 0.356667
633 92.509667 0.503333 0.224667 0.626667
111 92.657333 0.495000 0.090667 0.430000
670 92.745667 0.503333 0.099333 0.326667
136 92.841000 0.500000 0.108667 0.406667
519 92.985000 0.498333 0.199333 0.996667
748 93.130667 0.491667 0.110667 0.376667
797 93.227000 0.495000 0.096667 0.363333
455 93.303667 0.491667 0.070000 0.416667
232 93.381333 0.488333 0.101333 0.436667
17 93.466667 0.506667 0.086667 0.306667
878 93.548000 0.493333 0.096000 0.493333
641 93.631333 0.496667 0.084000 0.393333
219 93.712333 0.498333 0.091333 0.436667
694 93.800667 0.500000 0.102667 0.506667
999 93.869000 0.491667 0.048667 0.363333
205 93.944333 0.505000 0.119333 0.603333
818 94.052667 0.491667 0.117333 0.343333
932 94.126333 0.505000 0.047333 0.370000
752 94.179000 0.503333 0.071333 0.193333
1004 94.221000 0.500000 0.032667 0.266667
461 94.264667 0.496667 0.069333 0.353333
3 94.331000 0.506667 0.078000 0.353333
600 94.423333 0.488333 0.121333 0.363333
672 94.531667 0.500000 0.111333 0.373333
75 94.658333 0.503333 0.155333 0.480000
978 94.751000 0.493333 0.050000 0.373333
467 94.814000 0.503333 0.089333 0.440000
109 94.955000 0.500000 0.207333 0.453333
201 95.106667 0.493333 0.113333 0.573333
730 95.225000 0.506667 0.140667 0.533333
152 95.335667 0.488333 0.094000 0.463333
395 95.441667 0.495000 0.135333 0.396667
743 95.550667 0.503333 0.096000 0.406667
304 95.618667 0.510000 0.057333 0.320000
958 95.654667 0.510000 0.029333 0.246667
486 95.687000 0.496667 0.052667 0.313333
52 95.752000 0.490000 0.090667 0.313333
170 95.851000 0.488333 0.123333 0.436667
803 95.973667 0.498333 0.140667 0.410000
380 96.104333 0.501667 0.134000 0.370000
864 96.223667 0.501667 0.118000 0.463333
476 96.301667 0.506667 0.056667 0.293333
690 96.374000 0.498333 0.106667 0.516667
74 96.492667 0.498333 0.148000 0.456667
247 96.617000 0.491667 0.118000 0.443333
62 96.705667 0.505000 0.078000 0.356667
98 96.830333 0.508333 0.188667 0.403333
203 96.963667 0.505000 0.098000 0.496667
382 97.067667 0.498333 0.123333 0.330000
711 97.214667 0.506667 0.190667 0.513333
612 97.388667 0.488333 0.172000 0.450000
810 97.523333 0.508333 0.114667 0.476667
967 97.593667 0.493333 0.039333 0.326667
87 97.694000 0.491667 0.174667 0.370000
77 97.842333 0.495000 0.138000 0.343333
88 97.998333 0.488333 0.194000 0.416667
289 98.218000 0.493333 0.260000 0.500000
1012 98.361000 0.488333 0.044667 0.350000
46 98.397000 0.490000 0.043333 0.393333
386 98.471667 0.488333 0.124667 0.330000
1006 98.542333 0.501667 0.036667 0.270000
473 98.588000 0.505000 0.073333 0.403333
178 98.666333 0.488333 0.103333 0.390000
51 98.759000 0.495000 0.099333 0.343333
330 98.840000 0.510000 0.082667 0.313333
180 98.934667 0.491667 0.125333 0.443333
393 99.043333 0.491667 0.112000 0.316667
323 99.189667 0.508333 0.195333 0.376667
937 99.302333 0.503333 0.046000 0.373333
97 99.427667 0.506667 0.219333 0.466667
6 99.582333 0.496667 0.108667 0.440000
296 99.679000 0.496667 0.103333 0.380000
751 99.779667 0.505000 0.116667 0.490000
264 99.905000 0.493333 0.148667 0.566667
90 100.068000 0.500000 0.193333 0.966667
103 100.245333 0.508333 0.180000 0.383333
597 100.396667 0.508333 0.138667 0.423333
626 100.533667 0.510000 0.155333 0.520000
580 100.665333 0.498333 0.124000 0.290000
895 100.789000 0.506667 0.142000 0.406667
993 100.873000 0.506667 0.039333 0.306667
16 100.947333 0.508333 0.124000 0.410000
968 101.023333 0.493333 0.045333 0.340000
299 101.074333 0.505000 0.074000 0.290000
144 101.161667 0.503333 0.118000 0.553333
636 101.267000 0.498333 0.112667 0.256667
712 101.386667 0.498333 0.142667 0.416667
53 101.503333 0.510000 0.110667 0.380000
975 101.568333 0.491667 0.039333 0.296667
530 101.625000 0.498333 0.094000 0.470000
822 101.725333 0.490000 0.124000 0.373333
510 101.845333 0.501667 0.134667 0.510000
773 101.958333 0.505000 0.107333 0.310000
328 102.105000 0.500000 0.199333 0.466667
125 102.253667 0.510000 0.114000 0.533333
419 102.347333 0.506667 0.090667 0.433333
659 102.432000 0.503333 0.092000 0.366667
640 102.498667 0.500000 0.061333 0.313333
857 102.640333 0.488333 0.239333 0.530000
28 102.813667 0.495000 0.124667 0.396667
78 102.975667 0.493333 0.215333 0.553333
365 103.148000 0.491667 0.144000 0.450000
739 103.239667 0.498333 0.059333 0.510000
263 103.342000 0.510000 0.158667 0.506667
112 103.486333 0.500000 0.144667 0.473333
873 103.603000 0.501667 0.104667 0.503333
333 103.737333 0.500000 0.182667 0.480000
4 103.874000 0.491667 0.108000 0.470000
472 103.953333 0.490000 0.070667 0.420000
886 104.038000 0.490000 0.117333 0.386667
1000 104.103667 0.500000 0.034000 0.273333
914 104.161000 0.491667 0.096667 0.290000
756 104.257667 0.496667 0.114000 0.360000
