646 0.038667 0.496667 0.070667 0.306667
89 0.157000 0.488333 0.182000 0.910000
565 0.312000 0.498333 0.146667 0.303333
881 0.434000 0.501667 0.113333 0.376667
596 0.549000 0.503333 0.131333 0.393333
94 0.698000 0.500000 0.186667 0.933333
49 0.878333 0.488333 0.192667 0.963333
634 1.001667 0.505000 0.074000 0.303333
81 1.084667 0.508333 0.105333 0.416667
937 1.148333 0.490000 0.035333 0.253333
99 1.260333 0.506667 0.207333 0.446667
942 1.377000 0.503333 0.039333 0.306667
328 1.457000 0.508333 0.140667 0.336667
262 1.566667 0.491667 0.094667 0.490000
649 1.660000 0.508333 0.108000 0.576667
839 1.755667 0.500000 0.096667 0.466667
571 1.851000 0.501667 0.111333 0.450000
534 1.934000 0.506667 0.074667 0.313333
308 1.996333 0.505000 0.070000 0.396667
526 2.087667 0.495000 0.128667 0.330000
82 2.180667 0.496667 0.076000 0.533333
588 2.252000 0.501667 0.084000 0.370000
542 2.355000 0.500000 0.135333 0.546667
535 2.522333 0.501667 0.219333 1.096667
107 2.726667 0.510000 0.209333 0.446667
280 2.877000 0.503333 0.108667 0.380000
768 2.957667 0.505000 0.067333 0.156667
109 3.090667 0.510000 0.214667 1.073333
236 3.244333 0.510000 0.110000 0.560000
999 3.312333 0.491667 0.039333 0.290000
215 3.373333 0.508333 0.102667 0.443333
244 3.502000 0.501667 0.168000 0.450000
840 3.622333 0.510000 0.090000 0.380000
333 3.734667 0.510000 0.152000 0.333333
1017 3.818000 0.510000 0.033333 0.260000
412 3.865667 0.501667 0.080667 0.403333
411 4.003333 0.501667 0.208000 0.403333
90 4.200667 0.493333 0.204000 0.433333
177 4.387000 0.488333 0.184667 0.923333
968 4.489000 0.506667 0.035333 0.273333
559 4.544667 0.505000 0.093333 0.456667
553 4.633000 0.491667 0.099333 0.343333
905 4.745333 0.490000 0.141333 0.473333
254 4.868333 0.501667 0.119333 0.463333
930 4.936667 0.493333 0.037333 0.286667
213 4.994333 0.506667 0.094000 0.480000
438 5.144000 0.500000 0.225333 1.126667
800 5.296333 0.493333 0.099333 0.400000
710 5.414333 0.493333 0.152667 0.400000
289 5.594667 0.500000 0.224000 1.120000
199 5.751000 0.495000 0.107333 0.510000
371 5.867000 0.491667 0.138000 0.376667
189 5.972333 0.505000 0.092667 0.383333
306 6.048333 0.493333 0.076667 0.433333
832 6.139333 0.500000 0.124000 0.506667
977 6.207667 0.505000 0.032667 0.270000
603 6.302333 0.501667 0.174000 0.870000
471 6.416000 0.500000 0.073333 0.373333
394 6.514667 0.495000 0.138667 0.416667
476 6.616667 0.495000 0.082667 0.423333
229 6.698667 0.501667 0.101333 0.510000
705 6.801333 0.500000 0.118667 0.380000
106 6.935333 0.508333 0.162667 0.350000
204 7.059333 0.493333 0.102667 0.413333
257 7.165000 0.491667 0.128667 0.396667
481 7.255000 0.500000 0.068667 0.400000
102 7.396667 0.503333 0.228000 1.140000
808 7.559000 0.510000 0.112667 0.406667
858 7.661667 0.493333 0.111333 0.340000
923 7.730000 0.495000 0.042667 0.310000
547 7.782000 0.488333 0.077333 0.430000
699 7.876667 0.493333 0.132000 0.360000
726 7.978667 0.505000 0.085333 0.463333
628 8.104667 0.503333 0.180000 0.900000
190 8.280333 0.505000 0.186000 0.930000
274 8.424000 0.488333 0.118667 0.556667
234 8.520667 0.493333 0.094667 0.480000
675 8.621333 0.510000 0.122667 0.453333
170 8.781000 0.508333 0.216667 1.083333
780 8.936000 0.508333 0.109333 0.310000
975 9.003333 0.491667 0.038667 0.323333
978 9.036333 0.501667 0.046000 0.356667
137 9.087333 0.496667 0.069333 0.400000
401 9.154333 0.490000 0.083333 0.440000
745 9.232000 0.508333 0.085333 0.343333
432 9.335667 0.496667 0.135333 0.266667
129 9.472000 0.491667 0.157333 0.583333
838 9.601333 0.501667 0.120000 0.483333
847 9.716000 0.495000 0.128000 0.383333
640 9.808333 0.508333 0.070000 0.350000
167 9.944000 0.493333 0.221333 1.106667
297 10.083333 0.500000 0.070667 0.360000
915 10.142333 0.488333 0.067333 0.543333
892 10.271333 0.493333 0.210667 1.053333
585 10.467000 0.488333 0.198000 0.990000
61 10.594667 0.496667 0.073333 0.366667
433 10.698333 0.496667 0.152667 0.400000
1011 10.782667 0.495000 0.036000 0.283333
557 10.828667 0.500000 0.070667 0.480000
707 10.904667 0.496667 0.097333 0.400000
924 10.969333 0.500000 0.045333 0.333333
510 11.044000 0.488333 0.120000 0.376667
759 11.159000 0.501667 0.130000 0.396667
239 11.278667 0.501667 0.124000 0.756667
953 11.352667 0.488333 0.044000 0.343333
674 11.424667 0.498333 0.120000 0.410000
282 11.541333 0.503333 0.130667 0.453333
375 11.675667 0.510000 0.158000 0.413333
146 11.860333 0.491667 0.230000 1.150000
549 12.031333 0.501667 0.125333 0.423333
741 12.147000 0.500000 0.120667 0.413333
228 12.256667 0.505000 0.116000 0.570000
440 12.342667 0.490000 0.073333 0.393333
870 12.403333 0.493333 0.064000 0.320000
307 12.459667 0.496667 0.062000 0.353333
730 12.558000 0.493333 0.149333 0.646667
1001 12.644667 0.490000 0.041333 0.340000
929 12.672667 0.508333 0.032000 0.256667
960 12.706000 0.491667 0.052000 0.383333
767 12.774333 0.488333 0.100667 0.290000
70 12.915000 0.501667 0.195333 0.976667
145 13.038667 0.510000 0.072000 0.366667
857 13.159333 0.495000 0.188000 0.416667
163 13.313000 0.510000 0.134000 0.480000
268 13.459667 0.488333 0.179333 0.896667
489 13.584000 0.491667 0.084000 0.436667
337 13.698000 0.496667 0.162667 0.813333
393 13.855333 0.496667 0.166667 0.833333
980 13.946667 0.500000 0.036000 0.280000
991 13.970333 0.510000 0.030000 0.253333
798 14.034000 0.506667 0.113333 0.406667
743 14.127333 0.493333 0.089333 0.386667
100 14.251000 0.488333 0.174000 0.370000
84 14.394000 0.500000 0.130667 0.360000
474 14.490667 0.498333 0.077333 0.396667
349 14.627000 0.488333 0.210000 1.050000
136 14.790333 0.498333 0.135333 0.556667
820 14.895667 0.503333 0.095333 0.393333
827 14.980333 0.495000 0.090000 0.370000
503 15.078000 0.493333 0.124000 0.340000
951 15.149000 0.496667 0.036667 0.266667
631 15.262333 0.501667 0.203333 1.016667
235 15.415000 0.488333 0.116667 0.476667
791 15.496000 0.506667 0.058667 0.360000
475 15.554000 0.496667 0.073333 0.373333
708 15.645333 0.503333 0.124000 0.573333
809 15.746000 0.505000 0.097333 0.510000
672 15.851333 0.498333 0.132000 0.443333
728 15.943333 0.488333 0.072000 0.623333
916 16.052333 0.508333 0.164667 0.823333
430 16.186333 0.503333 0.119333 0.506667
169 16.287667 0.506667 0.096667 0.333333
95 16.442000 0.500000 0.230667 0.493333
734 16.651333 0.500000 0.201333 0.546667
750 16.803333 0.490000 0.122667 0.453333
281 16.914000 0.495000 0.117333 0.403333
676 17.022333 0.495000 0.115333 0.363333
1020 17.090000 0.508333 0.038667 0.290000
505 17.134000 0.505000 0.062667 0.256667
729 17.166667 0.508333 0.022667 0.343333
12 17.228333 0.506667 0.120667 0.413333
452 17.317333 0.491667 0.070667 0.363333
353 17.422667 0.493333 0.156000 0.480000
593 17.559667 0.508333 0.138000 0.410000
459 17.655667 0.501667 0.068667 0.350000
606 17.744333 0.503333 0.123333 0.366667
5 17.837333 0.501667 0.080000 0.356667
160 17.904333 0.508333 0.067333 0.383333
71 17.965000 0.508333 0.068667 0.363333
794 18.030333 0.493333 0.082000 0.506667
777 18.125000 0.498333 0.127333 0.536667
299 18.230667 0.491667 0.098667 0.390000
184 18.336000 0.498333 0.125333 0.503333
141 18.437333 0.498333 0.092000 0.416667
837 18.523000 0.491667 0.095333 0.396667
202 18.613333 0.490000 0.101333 0.393333
880 18.706000 0.491667 0.101333 0.336667
110 18.820667 0.498333 0.144000 0.510000
884 18.949667 0.498333 0.128667 0.470000
198 19.058333 0.508333 0.107333 0.443333
548 19.182333 0.491667 0.156667 0.570000
955 19.272667 0.498333 0.040000 0.310000
380 19.351667 0.506667 0.135333 0.400000
967 19.434667 0.488333 0.044000 0.350000
597 19.500333 0.506667 0.104667 0.326667
372 19.618333 0.488333 0.150000 0.416667
748 19.740000 0.488333 0.108000 0.370000
504 19.846667 0.498333 0.118667 0.343333
613 19.961667 0.498333 0.124667 0.336667
496 20.072333 0.496667 0.114000 0.420000
677 20.164667 0.496667 0.086667 0.326667
422 20.246667 0.488333 0.096000 0.396667
821 20.341667 0.508333 0.107333 0.710000
312 20.448333 0.493333 0.126000 0.460000
776 20.590000 0.508333 0.173333 0.463333
993 20.691667 0.508333 0.046000 0.343333
220 20.763667 0.501667 0.118000 0.516667
483 20.846333 0.495000 0.062000 0.330000
105 20.974000 0.490000 0.209333 0.440000
182 21.163667 0.495000 0.186000 0.930000
178 21.309667 0.490000 0.119333 0.433333
143 21.407333 0.506667 0.090667 0.380000
88 21.556000 0.490000 0.226667 0.486667
1014 21.684333 0.495000 0.043333 0.336667
69 21.754000 0.488333 0.116000 0.623333
406 21.849667 0.498333 0.095333 0.363333
303 21.919000 0.501667 0.063333 0.363333
922 21.964333 0.506667 0.044667 0.346667
515 22.042000 0.498333 0.124000 0.416667
453 22.130333 0.491667 0.068667 0.396667
636 22.207333 0.496667 0.101333 0.233333
467 22.282000 0.506667 0.065333 0.353333
560 22.407333 0.500000 0.198667 0.626667
175 22.584667 0.506667 0.176000 0.880000
304 22.701000 0.506667 0.071333 0.400000
128 22.806667 0.508333 0.157333 0.450000
295 22.931667 0.490000 0.110000 0.466667
751 23.027333 0.490000 0.094667 0.386667
43 23.120667 0.493333 0.106667 0.420000
46 23.187000 0.496667 0.046000 0.393333
909 23.249333 0.501667 0.097333 0.430000
482 23.320000 0.498333 0.058667 0.310000
122 23.389333 0.503333 0.096000 0.333333
67 23.514667 0.506667 0.169333 0.846667
927 23.614333 0.488333 0.043333 0.356667
1007 23.648000 0.498333 0.038667 0.290000
400 23.686667 0.510000 0.053333 0.473333
713 23.788667 0.491667 0.164000 0.523333
454 23.892333 0.510000 0.063333 0.380000
890 24.025667 0.508333 0.218000 1.090000
524 24.175000 0.503333 0.100667 0.313333
488 24.251000 0.498333 0.071333 0.350000
611 24.335333 0.500000 0.112000 0.420000
377 24.435000 0.493333 0.107333 0.293333
127 24.536333 0.501667 0.108667 0.356667
762 24.626333 0.490000 0.090000 0.406667
196 24.708667 0.495000 0.094667 0.476667
722 24.812667 0.498333 0.132000 0.403333
332 24.958667 0.500000 0.180000 0.900000
151 25.076000 0.488333 0.073333 0.363333
387 25.217000 0.491667 0.222000 1.110000
87 25.424333 0.505000 0.210000 0.450000
293 25.561667 0.495000 0.078000 0.330000
782 25.648333 0.510000 0.114000 0.540000
696 25.775333 0.505000 0.156000 0.356667
104 25.959333 0.493333 0.226667 1.133333
276 26.087000 0.506667 0.046000 0.293333
663 26.160333 0.508333 0.116667 0.390000
958 26.232000 0.500000 0.046667 0.366667
689 26.285000 0.496667 0.075333 0.366667
291 26.365333 0.503333 0.100000 0.393333
350 26.468333 0.496667 0.124667 0.360000
256 26.567000 0.506667 0.091333 0.306667
564 26.692333 0.503333 0.179333 0.406667
946 26.792667 0.488333 0.036000 0.283333
749 26.853333 0.491667 0.105333 0.423333
621 26.922333 0.495000 0.050000 0.523333
704 27.006000 0.491667 0.133333 0.496667
284 27.120333 0.510000 0.111333 0.400000
516 27.229667 0.498333 0.127333 0.410000
979 27.304000 0.495000 0.040000 0.296667
348 27.390333 0.505000 0.146000 0.436667
22 27.512333 0.500000 0.111333 0.373333
241 27.609333 0.498333 0.096000 0.536667
867 27.706667 0.505000 0.113333 0.370000
313 27.806000 0.505000 0.100000 0.370000
664 27.897667 0.488333 0.099333 0.350000
116 27.995000 0.508333 0.115333 0.343333
570 28.087667 0.488333 0.083333 0.350000
275 28.150000 0.490000 0.057333 0.353333
632 28.251333 0.495000 0.165333 0.523333
231 28.378000 0.488333 0.105333 0.456667
148 28.489000 0.508333 0.135333 0.403333
629 28.615333 0.505000 0.136000 0.463333
486 28.704667 0.510000 0.062667 0.313333
310 28.769333 0.493333 0.081333 0.460000
828 28.858333 0.490000 0.110000 0.526667
21 28.954667 0.493333 0.102667 0.340000
123 29.057667 0.498333 0.119333 0.723333
495 29.151333 0.495000 0.088000 0.476667
108 29.295667 0.498333 0.215333 1.076667
118 29.440667 0.495000 0.089333 0.343333
577 29.528333 0.501667 0.102000 0.403333
520 29.630667 0.490000 0.117333 0.366667
598 29.752333 0.491667 0.139333 0.423333
825 29.874667 0.501667 0.121333 0.503333
976 29.944667 0.506667 0.032000 0.246667
58 29.980667 0.505000 0.058667 0.336667
655 30.042333 0.498333 0.079333 0.343333
64 30.112667 0.493333 0.081333 0.413333
626 30.235333 0.506667 0.178667 0.593333
949 30.338667 0.496667 0.041333 0.300000
541 30.428000 0.500000 0.156000 0.420000
111 30.536667 0.500000 0.076000 0.320000
0 30.585000 0.503333 0.038000 0.300000
733 30.642667 0.510000 0.093333 0.553333
258 30.741667 0.488333 0.120667 0.430000
298 30.829000 0.493333 0.070000 0.353333
556 30.913000 0.496667 0.116667 0.466667
582 31.025333 0.496667 0.124000 0.480000
811 31.131333 0.498333 0.102667 0.356667
639 31.205333 0.496667 0.064000 0.326667
463 31.266000 0.501667 0.076000 0.443333
77 31.348667 0.490000 0.102667 0.253333
253 31.416667 0.510000 0.052000 0.533333
912 31.482333 0.493333 0.096667 0.373333
962 31.538000 0.510000 0.034667 0.253333
669 31.614333 0.488333 0.135333 0.463333
263 31.758333 0.510000 0.166000 0.593333
185 31.892000 0.501667 0.121333 0.483333
320 32.002667 0.503333 0.117333 0.386667
744 32.143000 0.501667 0.176667 0.883333
174 32.288000 0.506667 0.129333 0.466667
578 32.398000 0.506667 0.105333 0.406667
601 32.509333 0.491667 0.136000 0.410000
171 32.638000 0.495000 0.138667 0.503333
1006 32.719333 0.490000 0.041333 0.333333
986 32.749000 0.500000 0.031333 0.273333
778 32.808000 0.505000 0.102667 0.663333
186 32.891000 0.500000 0.083333 0.380000
830 32.965667 0.498333 0.086000 0.403333
1009 33.018000 0.498333 0.034667 0.263333
226 33.077667 0.503333 0.102000 0.513333
599 33.180000 0.508333 0.122667 0.390000
2 33.265000 0.490000 0.063333 0.300000
813 33.361000 0.496667 0.142000 0.366667
358 33.533000 0.498333 0.219333 1.096667
706 33.665333 0.495000 0.064000 0.323333
971 33.708000 0.496667 0.041333 0.326667
735 33.776333 0.505000 0.115333 0.450000
576 33.872333 0.496667 0.096667 0.380000
882 33.958333 0.490000 0.090000 0.360000
51 34.059333 0.506667 0.132000 0.433333
117 34.184000 0.510000 0.132000 0.393333
247 34.277000 0.506667 0.074000 0.346667
498 34.331667 0.501667 0.055333 0.343333
233 34.401000 0.496667 0.096667 0.413333
580 34.512000 0.508333 0.144000 0.370000
587 34.638000 0.508333 0.126667 0.376667
497 34.775333 0.500000 0.161333 0.413333
329 34.940667 0.503333 0.186667 0.933333
181 35.083333 0.503333 0.116000 0.413333
879 35.212667 0.505000 0.156000 0.476667
788 35.365000 0.490000 0.167333 0.453333
869 35.467667 0.488333 0.054000 0.363333
910 35.539000 0.503333 0.107333 0.333333
322 35.632333 0.506667 0.094000 0.146667
855 35.702000 0.503333 0.064000 0.166667
230 35.772667 0.510000 0.093333 0.386667
900 35.865667 0.491667 0.108667 0.303333
648 35.951000 0.488333 0.076667 0.356667
309 36.012000 0.490000 0.058667 0.326667
643 36.078000 0.510000 0.093333 0.333333
533 36.170333 0.503333 0.108667 0.373333
324 36.294333 0.503333 0.154000 0.753333
86 36.420667 0.503333 0.112000 0.473333
551 36.535000 0.510000 0.136667 0.446667
17 36.657000 0.506667 0.124667 0.406667
18 36.758000 0.505000 0.093333 0.303333
362 36.853000 0.503333 0.111333 0.353333
625 36.988333 0.505000 0.175333 0.876667
101 37.152333 0.496667 0.172667 0.373333
984 37.252333 0.503333 0.042000 0.326667
568 37.313667 0.508333 0.096667 0.483333
98 37.457333 0.510000 0.210667 1.053333
450 37.585333 0.506667 0.065333 0.340000
444 37.653667 0.490000 0.088667 0.446667
594 37.744333 0.508333 0.111333 0.350000
719 37.868000 0.501667 0.156000 0.436667
574 37.983667 0.500000 0.088667 0.353333
238 38.098667 0.503333 0.161333 0.806667
461 38.205000 0.501667 0.068667 0.350000
659 38.281000 0.510000 0.103333 0.440000
318 38.364333 0.501667 0.080667 0.390000
678 38.456667 0.495000 0.117333 0.450000
537 38.611000 0.501667 0.207333 1.036667
691 38.741333 0.500000 0.072000 0.353333
344 38.845667 0.500000 0.155333 0.426667
866 38.993667 0.491667 0.154000 0.403333
418 39.098000 0.501667 0.073333 0.350000
997 39.145000 0.490000 0.040667 0.313333
732 39.203667 0.493333 0.090000 0.446667
617 39.292667 0.505000 0.102667 0.403333
886 39.439333 0.496667 0.205333 1.026667
786 39.565333 0.506667 0.060000 0.373333
673 39.646333 0.505000 0.118000 0.383333
191 39.741333 0.500000 0.085333 0.413333
283 39.839667 0.501667 0.126000 0.430000
217 39.949333 0.495000 0.112000 0.536667
608 40.043000 0.498333 0.088667 0.330000
479 40.108333 0.488333 0.056667 0.336667
604 40.177667 0.508333 0.099333 0.303333
679 40.251667 0.510000 0.068667 0.400000
42 40.312000 0.488333 0.070667 0.403333
797 40.397667 0.505000 0.115333 0.423333
600 40.509667 0.503333 0.122000 0.366667
737 40.593000 0.493333 0.062000 0.426667
211 40.661667 0.498333 0.092667 0.463333
426 40.731000 0.490000 0.063333 0.433333
138 40.784667 0.491667 0.061333 0.356667
717 40.919000 0.505000 0.226000 1.130000
761 41.099333 0.490000 0.149333 0.446667
1016 41.186667 0.490000 0.040000 0.326667
963 41.218333 0.501667 0.038000 0.310000
499 41.263000 0.490000 0.067333 0.406667
259 41.348667 0.505000 0.120000 0.596667
164 41.463000 0.491667 0.126000 0.443333
586 41.627000 0.491667 0.216667 1.083333
702 41.831667 0.491667 0.208667 1.043333
575 41.977333 0.488333 0.096000 0.330000
530 42.073667 0.508333 0.110000 0.510000
176 42.172000 0.496667 0.105333 0.386667
650 42.278333 0.506667 0.126000 0.406667
805 42.400333 0.495000 0.131333 0.376667
296 42.516333 0.500000 0.119333 0.440000
507 42.601667 0.493333 0.064667 0.340000
134 42.677000 0.510000 0.104667 0.340000
618 42.761000 0.496667 0.076667 0.493333
529 42.852667 0.503333 0.121333 0.460000
784 42.937667 0.505000 0.063333 0.516667
987 42.984000 0.501667 0.048000 0.343333
442 43.025667 0.500000 0.052667 0.313333
339 43.091333 0.493333 0.097333 0.493333
970 43.153667 0.491667 0.042000 0.330000
513 43.228667 0.501667 0.125333 0.416667
405 43.328000 0.503333 0.088000 0.340000
60 43.395333 0.495000 0.064000 0.270000
409 43.465667 0.488333 0.094000 0.476667
147 43.544333 0.495000 0.083333 0.396667
572 43.632333 0.498333 0.106000 0.450000
154 43.713667 0.505000 0.070000 0.350000
366 43.806000 0.496667 0.129333 0.360000
525 43.922000 0.491667 0.121333 0.396667
654 44.061667 0.491667 0.171333 0.856667
844 44.194000 0.491667 0.109333 0.530000
651 44.315333 0.490000 0.152000 0.500000
408 44.437000 0.508333 0.111333 0.423333
990 44.507333 0.496667 0.045333 0.346667
742 44.592000 0.490000 0.138667 0.553333
948 44.669000 0.501667 0.035333 0.290000
939 44.697000 0.501667 0.039333 0.303333
687 44.757000 0.505000 0.098000 0.483333
666 44.846000 0.488333 0.093333 0.330000
862 44.915333 0.488333 0.062667 0.330000
668 44.998333 0.505000 0.118000 0.436667
59 45.125000 0.488333 0.148667 0.376667
389 45.280667 0.500000 0.178667 0.893333
718 45.454333 0.488333 0.183333 0.463333
770 45.635000 0.495000 0.196667 0.983333
195 45.780000 0.493333 0.113333 0.466667
876 45.919000 0.496667 0.184667 0.493333
159 46.020000 0.488333 0.037333 0.303333
739 46.054667 0.498333 0.050667 0.450000
981 46.090333 0.490000 0.036667 0.286667
701 46.180667 0.496667 0.164000 0.820000
232 46.302667 0.493333 0.098667 0.446667
363 46.404000 0.501667 0.122667 0.343333
74 46.529667 0.488333 0.148667 0.456667
347 46.654333 0.496667 0.115333 0.340000
826 46.745333 0.500000 0.082667 0.400000
374 46.872000 0.506667 0.184000 0.920000
480 46.984667 0.491667 0.060000 0.310000
907 47.060000 0.488333 0.108000 0.363333
132 47.154000 0.496667 0.098667 0.400000
934 47.215667 0.488333 0.043333 0.356667
91 47.307667 0.508333 0.156667 0.783333
395 47.449667 0.490000 0.147333 0.413333
381 47.569000 0.490000 0.111333 0.320000
285 47.679667 0.500000 0.123333 0.400000
311 47.769667 0.490000 0.072667 0.313333
864 47.854000 0.505000 0.116000 0.450000
747 47.961333 0.488333 0.117333 0.476667
352 48.075333 0.496667 0.128000 0.366667
382 48.204333 0.510000 0.146000 0.426667
321 48.309000 0.498333 0.080667 0.356667
223 48.395333 0.500000 0.112000 0.446667
465 48.479000 0.490000 0.071333 0.400000
725 48.563667 0.498333 0.112667 0.483333
448 48.656667 0.488333 0.090667 0.463333
66 48.756667 0.503333 0.122667 0.613333
166 48.857000 0.498333 0.096667 0.356667
485 48.934667 0.496667 0.077333 0.420000
842 49.025000 0.496667 0.122000 0.506667
658 49.111333 0.498333 0.070667 0.423333
376 49.253333 0.506667 0.229333 1.146667
1021 49.377000 0.500000 0.032667 0.260000
763 49.408667 0.506667 0.049333 0.393333
272 49.517333 0.493333 0.184000 0.520000
97 49.684000 0.490000 0.168000 0.840000
10 49.820667 0.501667 0.121333 0.443333
287 49.925333 0.490000 0.102667 0.373333
416 50.018333 0.490000 0.100667 0.486667
429 50.113333 0.495000 0.104000 0.343333
464 50.185667 0.508333 0.054000 0.323333
83 50.239000 0.508333 0.067333 0.323333
957 50.282000 0.508333 0.034667 0.283333
558 50.333667 0.498333 0.083333 0.410000
738 50.410333 0.495000 0.087333 0.430000
956 50.462000 0.488333 0.036000 0.296667
703 50.519667 0.495000 0.096667 0.350000
511 50.615333 0.510000 0.114667 0.360000
644 50.698333 0.488333 0.067333 0.336667
7 50.782667 0.505000 0.121333 0.390000
940 50.857000 0.503333 0.042000 0.320000
965 50.891667 0.508333 0.042000 0.316667
550 50.947667 0.505000 0.084667 0.416667
523 51.044333 0.503333 0.124667 0.393333
456 51.129000 0.510000 0.059333 0.353333
647 51.192667 0.490000 0.084000 0.433333
903 51.294667 0.505000 0.136000 0.383333
345 51.439000 0.493333 0.166000 0.486667
335 51.569000 0.490000 0.110000 0.373333
417 51.658333 0.495000 0.088667 0.430000
473 51.723667 0.495000 0.062000 0.370000
1 51.784333 0.490000 0.074000 0.380000
908 51.865333 0.500000 0.101333 0.366667
642 51.959667 0.495000 0.107333 0.423333
807 52.097667 0.500000 0.182000 0.413333
891 52.207000 0.506667 0.055333 0.306667
124 52.285667 0.510000 0.122000 0.440000
264 52.448333 0.495000 0.222000 1.110000
936 52.566667 0.500000 0.029333 0.240000
771 52.608333 0.496667 0.071333 0.360000
420 52.683333 0.488333 0.097333 0.363333
55 52.779333 0.508333 0.110667 0.283333
56 52.858000 0.508333 0.064000 0.096667
589 52.935333 0.508333 0.108000 0.450000
187 53.037333 0.508333 0.113333 0.550000
330 53.125667 0.503333 0.083333 0.313333
251 53.188000 0.496667 0.060000 0.333333
584 53.270000 0.500000 0.121333 0.386667
156 53.434667 0.506667 0.228000 1.140000
35 53.601667 0.496667 0.124667 0.413333
816 53.717000 0.510000 0.124667 0.300000
179 53.824000 0.500000 0.102667 0.386667
468 53.904000 0.490000 0.070667 0.393333
835 53.997000 0.490000 0.132667 0.573333
938 54.079667 0.493333 0.050000 0.366667
207 54.209000 0.508333 0.224667 1.123333
342 54.354333 0.493333 0.082000 0.353333
477 54.422667 0.500000 0.072000 0.386667
752 54.488333 0.490000 0.072667 0.193333
96 54.601333 0.488333 0.168000 0.363333
538 54.767333 0.500000 0.184000 0.420000
192 54.909333 0.490000 0.116000 0.480000
397 55.012333 0.490000 0.106000 0.446667
690 55.095000 0.491667 0.072667 0.356667
327 55.183667 0.506667 0.122000 0.346667
1018 55.257667 0.501667 0.043333 0.330000
527 55.360333 0.491667 0.178000 0.890000
727 55.477333 0.508333 0.073333 0.376667
227 55.553000 0.501667 0.094000 0.476667
895 55.653333 0.501667 0.124000 0.356667
883 55.820000 0.490000 0.224000 1.120000
888 55.993000 0.488333 0.135333 0.423333
383 56.133000 0.501667 0.164667 0.823333
355 56.278000 0.490000 0.145333 0.433333
305 56.375333 0.491667 0.064000 0.363333
19 56.438667 0.498333 0.082667 0.290000
823 56.521000 0.506667 0.098000 0.446667
841 56.616667 0.498333 0.109333 0.450000
983 56.687333 0.491667 0.050667 0.376667
396 56.773000 0.493333 0.140667 0.426667
814 56.886667 0.508333 0.102667 0.356667
23 56.990000 0.506667 0.124000 0.353333
856 57.116333 0.506667 0.144667 0.366667
361 57.237000 0.505000 0.111333 0.316667
887 57.361667 0.498333 0.158000 0.503333
391 57.501333 0.491667 0.138667 0.376667
460 57.596667 0.505000 0.068000 0.336667
29 57.684000 0.510000 0.124000 0.346667
590 57.808667 0.510000 0.140000 0.533333
40 57.933333 0.501667 0.124000 0.403333
428 58.023333 0.498333 0.076000 0.496667
692 58.093333 0.508333 0.080000 0.396667
850 58.177333 0.501667 0.108000 0.456667
451 58.255333 0.500000 0.062667 0.326667
694 58.318667 0.496667 0.077333 0.380000
627 58.438667 0.493333 0.180000 0.606667
115 58.555667 0.490000 0.072667 0.426667
441 58.621333 0.496667 0.078667 0.406667
540 58.736333 0.508333 0.164667 0.823333
261 58.872333 0.508333 0.122000 0.590000
214 58.984667 0.505000 0.116000 0.463333
851 59.081667 0.510000 0.094000 0.386667
338 59.193333 0.501667 0.144000 0.743333
521 59.327667 0.490000 0.138000 0.360000
194 59.448000 0.491667 0.120000 0.503333
126 59.560000 0.500000 0.117333 0.393333
544 59.653000 0.491667 0.082000 0.296667
188 59.741333 0.508333 0.114667 0.490000
854 59.882000 0.493333 0.182667 0.913333
815 60.039000 0.490000 0.151333 0.413333
369 60.188000 0.506667 0.161333 0.473333
379 60.331000 0.496667 0.140667 0.420000
681 60.412667 0.493333 0.040000 0.326667
620 60.475333 0.500000 0.100000 0.426667
928 60.536333 0.500000 0.042000 0.313333
1003 60.574000 0.508333 0.048000 0.370000
237 60.626000 0.510000 0.076000 0.526667
566 60.714333 0.506667 0.115333 0.466667
3 60.809000 0.493333 0.091333 0.393333
112 60.931000 0.508333 0.166000 0.830000
245 61.035000 0.488333 0.060667 0.290000
290 61.138333 0.506667 0.162000 0.433333
972 61.227333 0.495000 0.034667 0.256667
286 61.293333 0.505000 0.112000 0.416667
68 61.412333 0.491667 0.139333 0.403333
250 61.550333 0.496667 0.150000 0.713333
246 61.695000 0.490000 0.159333 0.553333
455 61.796000 0.496667 0.058667 0.300000
93 61.908333 0.510000 0.180667 0.380000
27 62.063667 0.503333 0.148667 0.500000
554 62.208667 0.500000 0.157333 0.786667
48 62.399667 0.501667 0.240667 0.463333
875 62.590333 0.498333 0.155333 0.410000
961 62.677000 0.501667 0.036667 0.290000
501 62.731000 0.503333 0.086000 0.386667
472 62.800333 0.490000 0.070000 0.386667
278 62.883333 0.503333 0.110667 0.333333
357 62.994333 0.503333 0.130000 0.353333
484 63.097333 0.488333 0.093333 0.323333
781 63.173667 0.490000 0.075333 0.393333
153 63.236333 0.501667 0.066000 0.296667
896 63.321333 0.488333 0.120000 0.323333
819 63.444333 0.491667 0.139333 0.323333
545 63.548667 0.498333 0.086667 0.316667
72 63.627000 0.493333 0.086000 0.413333
723 63.714667 0.490000 0.108000 0.366667
384 63.813000 0.510000 0.107333 0.306667
865 63.902667 0.495000 0.088000 0.296667
913 63.995333 0.500000 0.110667 0.353333
698 64.072000 0.488333 0.056000 0.296667
894 64.159000 0.508333 0.134000 0.363333
614 64.308333 0.505000 0.183333 0.456667
943 64.412667 0.508333 0.038667 0.316667
1002 64.442333 0.510000 0.039333 0.286667
868 64.501000 0.493333 0.098000 0.546667
995 64.563667 0.496667 0.044667 0.333333
273 64.610000 0.503333 0.061333 0.393333
947 64.653000 0.500000 0.042000 0.306667
610 64.730667 0.501667 0.130667 0.403333
638 64.829333 0.498333 0.084000 0.330000
63 64.929333 0.493333 0.129333 0.466667
801 65.037333 0.510000 0.101333 0.373333
1015 65.097667 0.490000 0.034000 0.253333
1023 65.132333 0.506667 0.048667 0.353333
605 65.230667 0.490000 0.165333 0.433333
201 65.351000 0.508333 0.092667 0.463333
845 65.433333 0.503333 0.092000 0.386667
265 65.531000 0.498333 0.122000 0.463333
989 65.605000 0.508333 0.042000 0.316667
168 65.685667 0.491667 0.135333 0.483333
785 65.786333 0.503333 0.080667 0.353333
755 65.886333 0.493333 0.138000 0.426667
57 65.971667 0.510000 0.048667 0.213333
270 66.105000 0.501667 0.231333 1.156667
641 66.256333 0.508333 0.088667 0.430000
113 66.337667 0.501667 0.094000 0.450000
607 66.427333 0.505000 0.098667 0.296667
162 66.529000 0.500000 0.120667 0.446667
403 66.677333 0.500000 0.194667 0.973333
131 66.817333 0.508333 0.102667 0.403333
973 66.884333 0.498333 0.044667 0.343333
793 66.950000 0.498333 0.101333 0.416667
367 67.102000 0.490000 0.217333 1.086667
998 67.225000 0.491667 0.042000 0.323333
45 67.273333 0.490000 0.069333 0.346667
796 67.357667 0.493333 0.118000 0.406667
157 67.492667 0.488333 0.166667 0.690000
267 67.637000 0.510000 0.139333 0.440000
121 67.708333 0.488333 0.019333 0.363333
988 67.727667 0.495000 0.032667 0.263333
392 67.803000 0.501667 0.138000 0.430000
633 67.957000 0.495000 0.190000 0.543333
386 68.127667 0.495000 0.167333 0.836667
985 68.224333 0.488333 0.044667 0.350000
365 68.318667 0.500000 0.158667 0.453333
197 68.449000 0.498333 0.118000 0.596667
500 68.543000 0.490000 0.087333 0.420000
992 68.604667 0.508333 0.049333 0.376667
714 68.717333 0.491667 0.192000 0.616667
833 68.853333 0.508333 0.094667 0.390000
772 68.974333 0.505000 0.166000 0.476667
941 69.073667 0.498333 0.046000 0.356667
210 69.139000 0.501667 0.100667 0.510000
843 69.236333 0.488333 0.114000 0.470000
623 69.354333 0.503333 0.136667 0.446667
133 69.472333 0.500000 0.112667 0.400000
436 69.574333 0.491667 0.108667 0.316667
370 69.701000 0.503333 0.158000 0.453333
152 69.813000 0.505000 0.080667 0.383333
52 69.901000 0.505000 0.111333 0.376667
715 70.027333 0.498333 0.154667 0.403333
552 70.122333 0.503333 0.054000 0.346667
140 70.193333 0.500000 0.106667 0.573333
950 70.257333 0.493333 0.038667 0.300000
802 70.354000 0.490000 0.168000 0.440000
221 70.497000 0.495000 0.132667 0.530000
536 70.624000 0.505000 0.137333 0.536667
764 70.719667 0.491667 0.072667 0.390000
804 70.837333 0.503333 0.177333 0.513333
466 70.962667 0.493333 0.089333 0.453333
774 71.031333 0.510000 0.065333 0.346667
419 71.106000 0.495000 0.101333 0.496667
682 71.206333 0.490000 0.115333 0.426667
783 71.300000 0.490000 0.086667 0.473333
445 71.363333 0.493333 0.060000 0.360000
874 71.422333 0.506667 0.072667 0.333333
1000 71.474333 0.495000 0.048667 0.350000
224 71.535667 0.506667 0.092667 0.393333
740 71.632667 0.501667 0.117333 0.270000
792 71.730667 0.490000 0.096000 0.380000
402 71.844667 0.490000 0.145333 0.446667
25 71.966667 0.490000 0.112000 0.413333
443 72.057000 0.498333 0.082000 0.416667
180 72.155000 0.510000 0.127333 0.453333
920 72.251667 0.508333 0.080667 0.316667
532 72.341333 0.508333 0.113333 0.576667
711 72.504667 0.490000 0.228000 1.140000
41 72.697333 0.490000 0.177333 0.886667
494 72.819333 0.490000 0.081333 0.440000
30 72.922667 0.495000 0.142667 0.410000
779 73.005000 0.510000 0.038000 0.366667
279 73.055667 0.506667 0.083333 0.473333
660 73.134333 0.503333 0.091333 0.300000
225 73.215667 0.510000 0.084667 0.386667
447 73.277000 0.505000 0.056667 0.316667
824 73.355333 0.505000 0.117333 0.483333
724 73.450000 0.491667 0.086667 0.330000
50 73.558333 0.500000 0.144667 0.413333
206 73.674333 0.495000 0.107333 0.490000
893 73.812000 0.498333 0.182667 0.530000
502 73.932000 0.505000 0.073333 0.330000
671 74.017333 0.500000 0.112000 0.400000
24 74.128333 0.493333 0.127333 0.433333
562 74.266000 0.495000 0.165333 0.336667
709 74.397333 0.490000 0.117333 0.466667
292 74.505000 0.503333 0.118000 0.453333
165 74.615667 0.503333 0.123333 0.466667
757 74.740333 0.501667 0.143333 0.430000
218 74.888667 0.503333 0.166667 0.833333
14 75.012000 0.501667 0.098667 0.350000
288 75.107000 0.495000 0.107333 0.403333
315 75.199667 0.503333 0.096667 0.326667
399 75.293333 0.490000 0.106667 0.406667
720 75.438333 0.495000 0.196667 0.983333
343 75.589667 0.505000 0.126000 0.336667
935 75.663000 0.501667 0.035333 0.263333
336 75.731333 0.506667 0.121333 0.586667
173 75.828667 0.495000 0.092000 0.416667
354 75.946333 0.491667 0.156667 0.783333
301 76.053333 0.490000 0.072000 0.400000
563 76.168333 0.505000 0.175333 0.376667
205 76.292333 0.505000 0.087333 0.403333
1019 76.352333 0.488333 0.048667 0.350000
446 76.405000 0.488333 0.071333 0.363333
799 76.488333 0.506667 0.114000 0.433333
208 76.598667 0.506667 0.120000 0.520000
34 76.709333 0.503333 0.120000 0.380000
954 76.777667 0.510000 0.035333 0.286667
754 76.863333 0.496667 0.156000 0.760000
700 77.025000 0.495000 0.183333 0.916667
271 77.189667 0.505000 0.162000 0.810000
583 77.292333 0.495000 0.059333 0.363333
39 77.365333 0.491667 0.100000 0.370000
144 77.454000 0.495000 0.097333 0.410000
906 77.571667 0.491667 0.151333 0.416667
85 77.682000 0.505000 0.084000 0.316667
914 77.785333 0.493333 0.138667 0.420000
209 77.893667 0.496667 0.096667 0.426667
615 78.040000 0.496667 0.212000 1.060000
37 78.183667 0.495000 0.088667 0.343333
712 78.314667 0.500000 0.192000 0.506667
716 78.490333 0.491667 0.178000 0.556667
546 78.617667 0.488333 0.090000 0.336667
686 78.707000 0.508333 0.102000 0.503333
32 78.817333 0.496667 0.132000 0.440000
579 78.958000 0.488333 0.164000 0.430000
931 79.047667 0.508333 0.035333 0.290000
685 79.107667 0.503333 0.100667 0.380000
36 79.196000 0.503333 0.093333 0.306667
415 79.299000 0.510000 0.130000 0.446667
861 79.379333 0.491667 0.046667 0.363333
945 79.410667 0.503333 0.032000 0.260000
325 79.528667 0.506667 0.217333 1.086667
114 79.669667 0.491667 0.078000 0.383333
172 79.754667 0.501667 0.106667 0.396667
351 79.869333 0.501667 0.138667 0.383333
982 79.946667 0.495000 0.032000 0.270000
4 79.996000 0.498333 0.080000 0.316667
836 80.085333 0.496667 0.113333 0.526667
33 80.183000 0.493333 0.096667 0.320000
368 80.293000 0.491667 0.143333 0.443333
62 80.401667 0.488333 0.091333 0.443333
326 80.481000 0.501667 0.083333 0.376667
612 80.595000 0.490000 0.163333 0.433333
92 80.748667 0.493333 0.161333 0.806667
242 80.881000 0.491667 0.120667 0.470000
775 80.976667 0.498333 0.089333 0.450000
341 81.045000 0.490000 0.063333 0.273333
889 81.126667 0.510000 0.118667 0.473333
539 81.214000 0.488333 0.069333 0.303333
203 81.283667 0.496667 0.088667 0.406667
423 81.420667 0.496667 0.202667 1.013333
161 81.565000 0.510000 0.106000 0.373333
120 81.695333 0.498333 0.170667 0.383333
531 81.856333 0.495000 0.164667 0.823333
407 81.969333 0.491667 0.081333 0.310000
898 82.067333 0.500000 0.129333 0.380000
65 82.175000 0.493333 0.103333 0.266667
635 82.260667 0.510000 0.085333 0.353333
300 82.333667 0.496667 0.079333 0.253333
619 82.412000 0.495000 0.092000 0.496667
859 82.521667 0.498333 0.146000 0.436667
852 82.641333 0.503333 0.113333 0.513333
917 82.711000 0.503333 0.044667 0.320000
517 82.776000 0.488333 0.098667 0.330000
902 82.888667 0.508333 0.145333 0.450000
543 83.041333 0.506667 0.176000 0.880000
323 83.235333 0.510000 0.230667 0.473333
667 83.407000 0.501667 0.126000 0.450000
616 83.544000 0.488333 0.161333 0.396667
567 83.672667 0.505000 0.114667 0.483333
346 83.780000 0.510000 0.113333 0.320000
765 83.867000 0.505000 0.075333 0.343333
410 83.938000 0.491667 0.085333 0.350000
434 84.032333 0.505000 0.116667 0.396667
933 84.106333 0.496667 0.044667 0.346667
609 84.158000 0.503333 0.077333 0.320000
378 84.264000 0.505000 0.150667 0.450000
817 84.406667 0.501667 0.148000 0.390000
439 84.523667 0.500000 0.106000 0.413333
818 84.646333 0.505000 0.158000 0.390000
846 84.773333 0.498333 0.110667 0.536667
695 84.919000 0.498333 0.198000 0.990000
359 85.066667 0.500000 0.113333 0.326667
996 85.136667 0.505000 0.042667 0.336667
925 85.167667 0.491667 0.039333 0.296667
212 85.227333 0.488333 0.093333 0.390000
216 85.306333 0.498333 0.084667 0.403333
390 85.420000 0.501667 0.160000 0.470000
581 85.534000 0.495000 0.086667 0.370000
1004 85.581667 0.510000 0.027333 0.233333
760 85.667667 0.490000 0.160667 0.473333
508 85.773667 0.495000 0.066000 0.343333
787 85.835333 0.510000 0.072000 0.433333
248 85.910000 0.490000 0.093333 0.473333
266 86.020333 0.505000 0.142000 0.436667
6 86.133000 0.495000 0.096667 0.383333
277 86.217667 0.495000 0.087333 0.410000
591 86.327667 0.490000 0.147333 0.426667
331 86.483333 0.490000 0.181333 0.906667
602 86.631333 0.493333 0.129333 0.386667
8 86.736667 0.491667 0.097333 0.390000
470 86.812000 0.491667 0.069333 0.350000
630 86.908000 0.500000 0.141333 0.473333
413 87.044333 0.496667 0.148667 0.606667
901 87.185000 0.496667 0.151333 0.440000
1005 87.270333 0.510000 0.039333 0.280000
11 87.335000 0.488333 0.106000 0.350000
200 87.438333 0.496667 0.114000 0.466667
877 87.533667 0.498333 0.095333 0.456667
269 87.674000 0.493333 0.198667 0.993333
519 87.817333 0.508333 0.106667 0.356667
73 87.917667 0.491667 0.114000 0.370000
561 88.067667 0.496667 0.206000 0.446667
125 88.208333 0.503333 0.090000 0.400000
514 88.311333 0.505000 0.130667 0.416667
1012 88.391333 0.508333 0.048000 0.356667
13 88.469667 0.510000 0.126000 0.406667
506 88.544000 0.506667 0.036000 0.393333
404 88.598000 0.493333 0.090667 0.453333
255 88.697333 0.493333 0.122667 0.466667
904 88.780667 0.493333 0.064000 0.306667
592 88.870333 0.495000 0.135333 0.396667
15 88.978333 0.493333 0.100667 0.353333
848 89.067333 0.503333 0.094667 0.286667
76 89.163333 0.498333 0.114667 0.356667
103 89.330667 0.503333 0.233333 0.500000
249 89.467000 0.493333 0.055333 0.433333
652 89.576000 0.500000 0.178667 0.893333
944 89.679333 0.501667 0.044000 0.323333
773 89.790333 0.488333 0.192667 0.963333
736 89.907000 0.491667 0.058000 0.383333
79 90.020667 0.493333 0.189333 0.946667
302 90.137000 0.500000 0.060667 0.340000
831 90.219667 0.508333 0.119333 0.490000
431 90.330333 0.505000 0.115333 0.390000
680 90.440667 0.491667 0.124000 0.430000
926 90.516333 0.508333 0.047333 0.336667
16 90.581000 0.501667 0.100667 0.336667
969 90.638000 0.506667 0.033333 0.260000
388 90.724333 0.501667 0.158000 0.430000
437 90.840333 0.506667 0.094000 0.446667
260 90.958000 0.500000 0.158667 0.406667
222 91.080333 0.498333 0.103333 0.450000
462 91.153000 0.501667 0.055333 0.296667
294 91.270667 0.495000 0.193333 0.330000
435 91.391333 0.506667 0.064000 0.300000
849 91.460000 0.500000 0.088000 0.380000
240 91.532667 0.505000 0.072000 0.376667
693 91.600667 0.508333 0.077333 0.383333
637 91.661000 0.506667 0.063333 0.333333
492 91.717667 0.490000 0.068667 0.333333
457 91.771667 0.500000 0.059333 0.353333
657 91.837000 0.505000 0.088667 0.376667
918 91.924667 0.506667 0.102667 0.360000
645 92.007667 0.505000 0.083333 0.376667
1013 92.062333 0.506667 0.043333 0.340000
518 92.125667 0.490000 0.096667 0.326667
219 92.224000 0.503333 0.113333 0.573333
31 92.330667 0.503333 0.116000 0.346667
414 92.434333 0.503333 0.110000 0.560000
964 92.500333 0.498333 0.038000 0.316667
54 92.540000 0.493333 0.057333 0.313333
493 92.593333 0.490000 0.066667 0.360000
75 92.703667 0.503333 0.170000 0.526667
149 92.857667 0.506667 0.158000 0.393333
661 92.974000 0.500000 0.090667 0.320000
142 93.095667 0.508333 0.170000 0.850000
810 93.225667 0.510000 0.108667 0.466667
853 93.321333 0.506667 0.100000 0.453333
803 93.445667 0.510000 0.168667 0.486667
44 93.577333 0.500000 0.110667 0.440000
478 93.656000 0.501667 0.066667 0.343333
78 93.760667 0.498333 0.160000 0.436667
28 93.882333 0.488333 0.103333 0.343333
756 94.002000 0.501667 0.153333 0.443333
959 94.082667 0.508333 0.028000 0.236667
753 94.155667 0.490000 0.136667 0.426667
316 94.262667 0.493333 0.092000 0.340000
806 94.401333 0.491667 0.200000 0.523333
656 94.562667 0.510000 0.141333 0.320000
509 94.687000 0.501667 0.122000 0.390000
653 94.823667 0.503333 0.168667 0.546667
135 94.966333 0.488333 0.136667 0.396667
769 95.088000 0.501667 0.120000 0.396667
622 95.239333 0.503333 0.197333 0.986667
899 95.386667 0.510000 0.113333 0.313333
789 95.471667 0.498333 0.075333 0.456667
119 95.537000 0.508333 0.070000 0.416667
449 95.597667 0.500000 0.067333 0.353333
356 95.685333 0.501667 0.122667 0.383333
595 95.787667 0.503333 0.100667 0.306667
47 95.888000 0.503333 0.120000 0.580000
487 95.975000 0.506667 0.067333 0.360000
9 96.054667 0.503333 0.106667 0.420000
319 96.157000 0.495000 0.112667 0.396667
834 96.250333 0.501667 0.092667 0.450000
758 96.353667 0.503333 0.132667 0.446667
425 96.465667 0.500000 0.106000 0.620000
555 96.532000 0.508333 0.042667 0.423333
863 96.593000 0.488333 0.098000 0.470000
812 96.703667 0.508333 0.142000 0.350000
528 96.833000 0.501667 0.135333 0.430000
829 96.941333 0.500000 0.096000 0.420000
340 97.044000 0.506667 0.122667 0.380000
878 97.147000 0.491667 0.099333 0.516667
458 97.227333 0.510000 0.080000 0.420000
688 97.310000 0.508333 0.104000 0.510000
731 97.396333 0.498333 0.083333 0.423333
1022 97.449333 0.508333 0.037333 0.303333
26 97.521000 0.498333 0.126000 0.430000
822 97.639000 0.495000 0.123333 0.376667
158 97.801000 0.488333 0.216667 1.083333
427 97.946333 0.501667 0.094000 0.443333
130 98.065000 0.488333 0.163333 0.816667
317 98.194667 0.503333 0.114667 0.413333
746 98.321333 0.491667 0.152000 0.490000
334 98.459667 0.498333 0.143333 0.510000
932 98.542000 0.491667 0.038667 0.283333
684 98.615333 0.503333 0.121333 0.426667
683 98.722667 0.498333 0.113333 0.350000
873 98.809667 0.490000 0.080667 0.380000
373 98.917333 0.500000 0.152000 0.426667
193 99.036333 0.491667 0.100667 0.510000
885 99.113000 0.503333 0.072667 0.313333
398 99.188000 0.495000 0.092000 0.470000
670 99.279000 0.503333 0.103333 0.366667
80 99.367000 0.500000 0.092667 0.473333
897 99.506000 0.496667 0.202667 1.013333
697 99.680000 0.496667 0.158667 0.793333
139 99.787000 0.500000 0.071333 0.420000
314 99.872000 0.496667 0.112000 0.380000
871 99.948333 0.488333 0.059333 0.310000
252 100.026000 0.490000 0.110667 0.433333
469 100.109333 0.495000 0.076000 0.390000
20 100.199000 0.496667 0.120667 0.393333
421 100.316000 0.496667 0.130667 0.393333
360 100.466333 0.491667 0.190000 0.950000
665 100.621000 0.503333 0.134000 0.453333
795 100.718667 0.503333 0.080000 0.493333
624 100.833000 0.491667 0.162000 0.550000
243 101.008000 0.506667 0.208000 1.040000
860 101.194667 0.493333 0.180000 0.473333
155 101.331667 0.493333 0.110000 0.553333
522 101.443667 0.503333 0.130000 0.420000
911 101.556333 0.488333 0.112667 0.403333
952 101.624333 0.493333 0.043333 0.320000
491 101.687333 0.498333 0.098667 0.483333
766 101.782333 0.498333 0.106000 0.310000
573 101.866000 0.493333 0.078667 0.320000
921 101.932333 0.501667 0.071333 0.410000
150 102.014000 0.491667 0.108000 0.450000
994 102.074333 0.508333 0.031333 0.256667
424 102.143333 0.503333 0.124000 0.393333
1008 102.219667 0.506667 0.047333 0.353333
872 102.326000 0.488333 0.185333 0.923333
790 102.439333 0.500000 0.061333 0.366667
721 102.535667 0.493333 0.150000 0.386667
512 102.654667 0.501667 0.101333 0.356667
919 102.737000 0.500000 0.080667 0.333333
966 102.791000 0.498333 0.043333 0.350000
53 102.865000 0.501667 0.122000 0.403333
183 102.968667 0.490000 0.100000 0.440000
569 103.054667 0.493333 0.090667 0.366667
364 103.167000 0.503333 0.151333 0.326667
1010 103.252000 0.496667 0.032000 0.253333
974 103.280667 0.491667 0.044000 0.343333
490 103.332000 0.500000 0.073333 0.433333
38 103.415000 0.505000 0.108667 0.343333
385 103.573333 0.503333 0.228000 1.140000
662 103.723667 0.508333 0.090000 0.290000
