964 0.020667 0.495000 0.034667 0.263333
588 0.078000 0.496667 0.098667 0.433333
664 0.165667 0.500000 0.092667 0.306667
472 0.245333 0.508333 0.084000 0.430000
973 0.293000 0.501667 0.030000 0.250000
67 0.402000 0.506667 0.204000 1.020000
675 0.546333 0.508333 0.098000 0.330000
294 0.686667 0.510000 0.197333 0.986667
697 0.811667 0.493333 0.071333 0.353333
366 0.920000 0.500000 0.158667 0.440000
121 0.999333 0.488333 0.018667 0.350000
962 1.021333 0.510000 0.040000 0.286667
781 1.062333 0.508333 0.059333 0.303333
980 1.104667 0.508333 0.045333 0.330000
768 1.162000 0.495000 0.084000 0.243333
231 1.251333 0.495000 0.110667 0.490000
740 1.358000 0.490000 0.116000 0.266667
317 1.468333 0.498333 0.118000 0.430000
470 1.543333 0.490000 0.050667 0.300000
93 1.657000 0.503333 0.194000 0.406667
494 1.787333 0.496667 0.085333 0.386667
571 1.858667 0.505000 0.077333 0.316667
694 1.931333 0.500000 0.081333 0.400000
113 2.014000 0.488333 0.100000 0.543333
519 2.114000 0.510000 0.114667 0.380000
288 2.220000 0.498333 0.114667 0.436667
380 2.347000 0.503333 0.154000 0.420000
58 2.445333 0.503333 0.060000 0.320000
365 2.523000 0.508333 0.115333 0.323333
955 2.593000 0.508333 0.039333 0.330000
521 2.680333 0.493333 0.152667 0.400000
820 2.798667 0.490000 0.102667 0.433333
849 2.885333 0.488333 0.088000 0.416667
10 2.966667 0.488333 0.092000 0.316667
541 3.101333 0.496667 0.192000 0.453333
535 3.284667 0.491667 0.194667 0.496667
710 3.446333 0.498333 0.144667 0.370000
37 3.566000 0.501667 0.110667 0.423333
866 3.689333 0.491667 0.156000 0.416667
164 3.825000 0.496667 0.135333 0.480000
523 3.945667 0.508333 0.120667 0.403333
187 4.050333 0.488333 0.108667 0.443333
431 4.158667 0.495000 0.121333 0.410000
763 4.241667 0.498333 0.059333 0.496667
869 4.290667 0.490000 0.057333 0.366667
602 4.361667 0.508333 0.100667 0.296667
90 4.511667 0.503333 0.219333 0.460000
157 4.686333 0.508333 0.150000 0.603333
101 4.849667 0.508333 0.195333 0.976667
726 4.976667 0.488333 0.078667 0.416667
826 5.060000 0.500000 0.102667 0.513333
705 5.174333 0.496667 0.144667 0.446667
20 5.279667 0.508333 0.086000 0.296667
775 5.356000 0.501667 0.082667 0.410000
223 5.447333 0.498333 0.117333 0.503333
185 5.543333 0.496667 0.092000 0.386667
834 5.633667 0.498333 0.103333 0.423333
279 5.735000 0.493333 0.114000 0.633333
475 5.816667 0.510000 0.069333 0.413333
787 5.877333 0.493333 0.070667 0.426667
331 6.010000 0.490000 0.208000 1.040000
336 6.150333 0.493333 0.091333 0.433333
439 6.238667 0.498333 0.102667 0.396667
870 6.308333 0.510000 0.050000 0.253333
618 6.354333 0.510000 0.058000 0.366667
504 6.460667 0.498333 0.168000 0.503333
384 6.631667 0.501667 0.194000 0.970000
195 6.768667 0.505000 0.094667 0.390000
423 6.871000 0.506667 0.126000 0.433333
809 6.979000 0.500000 0.103333 0.526667
438 7.132667 0.496667 0.222667 1.113333
607 7.292333 0.490000 0.110000 0.326667
452 7.373333 0.508333 0.066667 0.350000
948 7.422667 0.491667 0.048000 0.370000
657 7.487000 0.496667 0.096667 0.366667
708 7.589667 0.508333 0.127333 0.523333
865 7.702667 0.493333 0.118667 0.393333
338 7.823333 0.495000 0.141333 0.730000
946 7.908000 0.488333 0.044000 0.330000
403 8.027333 0.506667 0.213333 1.066667
963 8.146667 0.505000 0.041333 0.343333
162 8.229667 0.503333 0.139333 0.486667
950 8.313000 0.501667 0.047333 0.363333
116 8.381667 0.500000 0.110000 0.333333
408 8.477000 0.501667 0.095333 0.363333
645 8.558667 0.506667 0.082667 0.373333
396 8.697000 0.495000 0.214000 1.070000
522 8.859667 0.501667 0.127333 0.403333
677 8.968667 0.503333 0.105333 0.333333
582 9.062667 0.503333 0.102667 0.400000
316 9.170000 0.488333 0.130667 0.463333
974 9.241000 0.495000 0.031333 0.256667
85 9.303667 0.501667 0.114000 0.456667
97 9.453000 0.488333 0.204667 0.436667
918 9.601333 0.490000 0.105333 0.360000
581 9.697000 0.498333 0.102000 0.430000
724 9.773000 0.506667 0.070000 0.320000
441 9.830000 0.491667 0.057333 0.296667
555 9.868333 0.491667 0.032667 0.330000
589 9.917667 0.503333 0.082000 0.346667
117 10.006667 0.508333 0.116000 0.370000
985 10.073333 0.493333 0.037333 0.286667
112 10.144667 0.496667 0.118667 0.393333
601 10.255000 0.493333 0.118000 0.353333
42 10.336333 0.510000 0.059333 0.340000
281 10.429667 0.510000 0.144667 0.520000
284 10.547667 0.498333 0.110000 0.396667
934 10.619667 0.503333 0.048667 0.360000
1023 10.653333 0.493333 0.036000 0.273333
451 10.703667 0.488333 0.082000 0.423333
1006 10.755667 0.488333 0.038000 0.283333
435 10.795333 0.506667 0.058667 0.313333
405 10.872667 0.506667 0.112000 0.440000
754 10.994333 0.500000 0.146000 0.713333
69 11.114000 0.496667 0.113333 0.606667
341 11.198000 0.501667 0.070667 0.303333
563 11.304000 0.493333 0.154667 0.320000
21 11.429667 0.488333 0.110000 0.376667
796 11.537000 0.503333 0.123333 0.513333
995 11.605000 0.495000 0.032667 0.263333
95 11.718333 0.506667 0.214000 0.460000
141 11.867667 0.495000 0.098000 0.470000
447 11.945333 0.490000 0.074667 0.446667
622 12.058667 0.503333 0.168000 0.840000
246 12.213333 0.496667 0.160000 0.560000
308 12.315333 0.496667 0.060000 0.340000
476 12.369000 0.496667 0.066000 0.346667
576 12.441000 0.505000 0.095333 0.376667
282 12.552000 0.506667 0.140000 0.513333
542 12.685667 0.506667 0.142000 0.546667
816 12.804000 0.496667 0.109333 0.346667
314 12.898333 0.501667 0.094000 0.350000
557 12.980667 0.503333 0.084000 0.560000
188 13.065667 0.491667 0.106000 0.443333
245 13.139667 0.510000 0.059333 0.226667
788 13.239333 0.508333 0.153333 0.476667
935 13.329333 0.503333 0.042667 0.326667
654 13.456000 0.510000 0.229333 0.466667
52 13.603000 0.503333 0.083333 0.280000
714 13.732000 0.503333 0.194667 0.540000
14 13.861000 0.506667 0.082000 0.300000
415 13.972667 0.500000 0.154667 0.506667
13 14.098667 0.503333 0.116000 0.373333
514 14.212000 0.505000 0.130667 0.450000
899 14.332000 0.491667 0.122667 0.336667
888 14.460333 0.508333 0.150000 0.476667
669 14.593333 0.496667 0.130667 0.460000
325 14.761333 0.510000 0.221333 1.106667
616 14.947000 0.501667 0.163333 0.403333
990 15.036000 0.488333 0.034667 0.270000
228 15.099333 0.495000 0.106667 0.543333
929 15.164333 0.496667 0.039333 0.326667
778 15.212000 0.495000 0.076000 0.496667
667 15.288333 0.505000 0.092667 0.350000
574 15.377667 0.501667 0.099333 0.396667
583 15.445000 0.495000 0.055333 0.323333
400 15.495333 0.506667 0.060000 0.446667
956 15.532667 0.501667 0.033333 0.276667
200 15.592667 0.488333 0.101333 0.416667
51 15.694667 0.498333 0.117333 0.423333
274 15.799667 0.501667 0.106000 0.496667
746 15.920000 0.500000 0.152000 0.440000
395 16.058333 0.495000 0.139333 0.416667
370 16.187333 0.491667 0.138667 0.383333
725 16.299333 0.510000 0.100000 0.426667
261 16.439333 0.503333 0.197333 0.986667
630 16.602333 0.490000 0.146000 0.500000
351 16.732333 0.501667 0.131333 0.370000
981 16.806667 0.496667 0.033333 0.253333
263 16.896000 0.500000 0.164000 0.820000
232 17.018333 0.488333 0.094000 0.390000
635 17.096333 0.506667 0.082000 0.340000
332 17.234000 0.500000 0.210667 1.053333
959 17.355000 0.496667 0.047333 0.346667
138 17.399333 0.505000 0.060000 0.343333
954 17.444667 0.508333 0.044000 0.343333
967 17.482667 0.508333 0.050667 0.383333
354 17.556667 0.510000 0.113333 0.306667
851 17.653000 0.490000 0.096667 0.400000
192 17.751000 0.506667 0.112667 0.473333
592 17.866000 0.510000 0.136000 0.386667
842 17.976333 0.493333 0.099333 0.473333
329 18.093333 0.510000 0.154667 0.513333
299 18.211000 0.493333 0.096667 0.373333
745 18.302333 0.510000 0.102000 0.393333
142 18.389333 0.493333 0.089333 0.466667
605 18.497000 0.490000 0.142000 0.393333
319 18.599000 0.510000 0.080667 0.286667
126 18.712000 0.493333 0.161333 0.806667
570 18.841667 0.498333 0.111333 0.470000
631 18.955000 0.501667 0.135333 0.456667
369 19.109667 0.505000 0.187333 0.936667
156 19.264333 0.493333 0.136667 0.360000
349 19.397333 0.501667 0.148000 0.456667
815 19.516333 0.488333 0.106000 0.290000
525 19.623667 0.488333 0.127333 0.430000
594 19.747667 0.506667 0.139333 0.413333
239 19.861333 0.496667 0.101333 0.633333
378 19.966000 0.500000 0.121333 0.346667
882 20.067000 0.490000 0.095333 0.380000
108 20.207667 0.505000 0.206000 1.030000
32 20.365000 0.495000 0.127333 0.430000
663 20.471667 0.500000 0.102000 0.353333
716 20.601333 0.498333 0.177333 0.550000
249 20.716667 0.503333 0.072000 0.526667
436 20.806000 0.498333 0.121333 0.336667
49 20.954000 0.490000 0.190667 0.953333
81 21.101000 0.506667 0.116667 0.473333
54 21.178667 0.501667 0.052000 0.303333
215 21.245667 0.506667 0.096667 0.393333
397 21.342000 0.496667 0.114667 0.473333
552 21.422000 0.500000 0.060000 0.380000
125 21.494667 0.498333 0.100000 0.483333
139 21.573667 0.500000 0.071333 0.413333
808 21.653667 0.501667 0.103333 0.383333
1 21.736667 0.510000 0.078667 0.413333
440 21.794000 0.495000 0.054667 0.323333
326 21.845000 0.490000 0.062000 0.286667
277 21.903000 0.493333 0.072667 0.340000
543 22.030667 0.500000 0.201333 1.006667
254 22.180667 0.496667 0.113333 0.433333
407 22.273000 0.505000 0.090000 0.336667
505 22.339333 0.490000 0.062667 0.260000
986 22.383667 0.491667 0.040667 0.316667
673 22.455667 0.488333 0.119333 0.403333
289 22.625667 0.488333 0.239333 0.463333
143 22.777000 0.510000 0.083333 0.406667
771 22.851667 0.496667 0.086000 0.460000
920 22.942000 0.490000 0.114667 0.446667
748 23.038000 0.495000 0.097333 0.330000
620 23.126333 0.496667 0.099333 0.440000
512 23.230667 0.505000 0.126667 0.410000
916 23.372333 0.488333 0.171333 0.856667
18 23.504000 0.488333 0.110667 0.356667
627 23.634333 0.505000 0.163333 0.556667
785 23.739000 0.510000 0.062000 0.260000
924 23.783000 0.508333 0.043333 0.323333
174 23.852000 0.506667 0.109333 0.393333
991 23.913333 0.490000 0.033333 0.280000
994 23.941333 0.491667 0.038667 0.316667
877 23.998000 0.488333 0.090667 0.470000
887 24.090000 0.505000 0.113333 0.356667
137 24.161667 0.501667 0.050000 0.296667
383 24.241667 0.500000 0.124667 0.360000
915 24.338000 0.488333 0.085333 0.690000
60 24.414000 0.493333 0.086667 0.346667
640 24.492333 0.510000 0.084667 0.433333
118 24.581333 0.488333 0.112000 0.450000
196 24.687667 0.496667 0.115333 0.573333
651 24.840667 0.506667 0.206667 1.033333
611 24.981000 0.491667 0.092667 0.370000
177 25.117667 0.501667 0.198000 0.990000
313 25.263333 0.510000 0.112000 0.393333
833 25.369667 0.498333 0.114000 0.530000
736 25.451333 0.495000 0.066667 0.363333
792 25.529000 0.510000 0.107333 0.446667
413 25.641000 0.490000 0.130000 0.546667
82 25.740333 0.496667 0.084667 0.613333
606 25.843333 0.505000 0.134667 0.403333
747 25.965000 0.498333 0.124667 0.503333
759 26.087333 0.493333 0.133333 0.380000
626 26.242667 0.490000 0.192000 0.960000
73 26.403000 0.488333 0.144667 0.456667
229 26.515000 0.488333 0.092667 0.390000
718 26.645000 0.488333 0.184667 0.923333
723 26.789667 0.490000 0.118000 0.406667
477 26.873333 0.493333 0.065333 0.373333
825 26.958000 0.505000 0.118667 0.490000
410 27.051000 0.500000 0.086000 0.353333
478 27.115667 0.508333 0.062000 0.370000
1012 27.164000 0.501667 0.049333 0.376667
89 27.288667 0.510000 0.216000 1.080000
648 27.434667 0.506667 0.096000 0.440000
586 27.538333 0.488333 0.127333 0.376667
64 27.618667 0.506667 0.053333 0.286667
977 27.657667 0.501667 0.042000 0.350000
518 27.718000 0.500000 0.096000 0.313333
1008 27.774667 0.506667 0.034667 0.273333
486 27.823333 0.500000 0.076000 0.393333
936 27.879000 0.498333 0.051333 0.370000
706 27.931667 0.491667 0.067333 0.363333
573 28.002333 0.505000 0.088667 0.356667
315 28.098000 0.503333 0.117333 0.460000
379 28.231333 0.510000 0.165333 0.466667
721 28.411667 0.495000 0.211333 1.056667
584 28.575333 0.498333 0.134667 0.403333
429 28.683333 0.488333 0.098667 0.336667
752 28.753667 0.508333 0.058000 0.156667
910 28.823333 0.508333 0.096000 0.316667
821 28.965000 0.495000 0.207333 1.036667
7 29.129667 0.491667 0.138000 0.463333
686 29.234333 0.505000 0.084667 0.416667
863 29.310667 0.498333 0.081333 0.390000
163 29.411333 0.498333 0.133333 0.470000
377 29.558333 0.491667 0.174000 0.870000
1000 29.654333 0.491667 0.032667 0.256667
930 29.682667 0.501667 0.042667 0.316667
427 29.742333 0.505000 0.096667 0.456667
166 29.841333 0.491667 0.116000 0.416667
272 29.977333 0.508333 0.170667 0.483333
72 30.098667 0.506667 0.092000 0.440000
755 30.200333 0.496667 0.131333 0.400000
907 30.319000 0.495000 0.126000 0.416667
183 30.413667 0.488333 0.083333 0.416667
135 30.506000 0.510000 0.114667 0.393333
271 30.637333 0.506667 0.164000 0.500000
492 30.755667 0.488333 0.087333 0.456667
921 30.816333 0.493333 0.052667 0.313333
446 30.873000 0.493333 0.075333 0.393333
800 30.948333 0.510000 0.092667 0.346667
220 31.039000 0.500000 0.103333 0.460000
210 31.138667 0.490000 0.110667 0.560000
297 31.213000 0.508333 0.055333 0.290000
911 31.288667 0.493333 0.109333 0.386667
411 31.419333 0.503333 0.172000 0.360000
150 31.543667 0.493333 0.091333 0.373333
144 31.623333 0.496667 0.086667 0.366667
984 31.679333 0.493333 0.040000 0.306667
764 31.738000 0.491667 0.094667 0.450000
432 31.833000 0.488333 0.115333 0.236667
335 31.955000 0.495000 0.148667 0.530000
982 32.037000 0.505000 0.035333 0.256667
45 32.088667 0.496667 0.081333 0.406667
107 32.236667 0.498333 0.228000 0.496667
889 32.432333 0.505000 0.178000 0.550000
0 32.532000 0.488333 0.038667 0.310000
795 32.578000 0.503333 0.069333 0.413333
933 32.623333 0.506667 0.038667 0.286667
951 32.652667 0.503333 0.037333 0.306667
206 32.707667 0.510000 0.086000 0.413333
393 32.810667 0.503333 0.140000 0.373333
306 32.906000 0.503333 0.070667 0.400000
198 32.981333 0.491667 0.100000 0.410000
943 33.040000 0.493333 0.033333 0.273333
978 33.061333 0.501667 0.029333 0.243333
529 33.117667 0.493333 0.102000 0.473333
273 33.188333 0.493333 0.052667 0.326667
857 33.306667 0.500000 0.204000 1.020000
414 33.453333 0.503333 0.104000 0.506667
151 33.543000 0.503333 0.091333 0.466667
458 33.613333 0.490000 0.065333 0.340000
693 33.686000 0.505000 0.094667 0.470000
102 33.828667 0.496667 0.210667 1.053333
730 34.006000 0.496667 0.157333 0.593333
906 34.136000 0.491667 0.120000 0.336667
750 34.251333 0.500000 0.128000 0.480000
364 34.386667 0.510000 0.161333 0.420000
322 34.515667 0.508333 0.116667 0.123333
533 34.622000 0.503333 0.113333 0.386667
609 34.710667 0.488333 0.081333 0.336667
269 34.853000 0.505000 0.218000 1.090000
732 34.998333 0.505000 0.088667 0.436667
992 35.056667 0.490000 0.044000 0.320000
248 35.115333 0.506667 0.092000 0.493333
4 35.192667 0.490000 0.076000 0.300000
276 35.249667 0.501667 0.054000 0.343333
756 35.325667 0.510000 0.118000 0.393333
646 35.413333 0.506667 0.072000 0.320000
598 35.493000 0.498333 0.104667 0.316667
904 35.577667 0.510000 0.083333 0.393333
699 35.686667 0.505000 0.154667 0.423333
683 35.808000 0.490000 0.106667 0.286667
854 35.952333 0.501667 0.196667 0.983333
267 36.111667 0.488333 0.136667 0.450000
221 36.216667 0.493333 0.092000 0.440000
838 36.312333 0.508333 0.114000 0.456667
595 36.414667 0.505000 0.109333 0.330000
680 36.521667 0.500000 0.118000 0.393333
3 36.618000 0.493333 0.093333 0.426667
171 36.719667 0.495000 0.124667 0.443333
437 36.818333 0.493333 0.091333 0.453333
566 36.912333 0.493333 0.112667 0.473333
545 36.998333 0.493333 0.075333 0.273333
836 37.087000 0.493333 0.115333 0.480000
534 37.175333 0.488333 0.074667 0.303333
91 37.324000 0.495000 0.237333 0.510000
104 37.524667 0.491667 0.184000 0.396667
691 37.653000 0.510000 0.087333 0.426667
927 37.714333 0.496667 0.048667 0.373333
469 37.769000 0.488333 0.079333 0.403333
495 37.841000 0.495000 0.079333 0.430000
15 37.920667 0.491667 0.100000 0.350000
217 38.008000 0.493333 0.092000 0.460000
855 38.080333 0.503333 0.066000 0.166667
83 38.152000 0.510000 0.090667 0.440000
386 38.259000 0.496667 0.136667 0.413333
1002 38.347000 0.493333 0.052667 0.380000
524 38.425333 0.506667 0.117333 0.380000
266 38.547667 0.496667 0.143333 0.460000
867 38.665667 0.493333 0.108667 0.373333
979 38.736000 0.491667 0.050667 0.370000
38 38.820000 0.490000 0.133333 0.440000
564 38.942667 0.506667 0.130667 0.266667
182 39.056667 0.500000 0.113333 0.393333
235 39.162667 0.510000 0.114667 0.493333
160 39.249667 0.510000 0.076667 0.473333
862 39.320000 0.505000 0.081333 0.363333
1001 39.376000 0.493333 0.048000 0.353333
961 39.406333 0.493333 0.032667 0.266667
846 39.467000 0.508333 0.103333 0.423333
976 39.532000 0.491667 0.045333 0.343333
502 39.579333 0.508333 0.068000 0.303333
886 39.659333 0.495000 0.108000 0.356667
357 39.807333 0.500000 0.202667 1.013333
903 39.974333 0.495000 0.144667 0.423333
960 40.056667 0.501667 0.034667 0.270000
498 40.089667 0.503333 0.047333 0.293333
358 40.202000 0.496667 0.194667 0.973333
234 40.352333 0.503333 0.122000 0.500000
191 40.458667 0.508333 0.105333 0.516667
296 40.551000 0.488333 0.094000 0.343333
205 40.652000 0.510000 0.128000 0.520000
658 40.734667 0.508333 0.053333 0.323333
62 40.792000 0.505000 0.076000 0.370000
63 40.885000 0.495000 0.124667 0.436667
591 40.997667 0.493333 0.119333 0.346667
922 41.069667 0.495000 0.040667 0.303333
850 41.128000 0.503333 0.096000 0.426667
703 41.219000 0.508333 0.104667 0.343333
167 41.329000 0.510000 0.132667 0.460000
641 41.430000 0.498333 0.086667 0.403333
848 41.532333 0.491667 0.131333 0.396667
717 41.675000 0.508333 0.170000 0.536667
78 41.848333 0.505000 0.191333 0.956667
324 41.993667 0.491667 0.118000 0.576667
945 42.060000 0.500000 0.034667 0.273333
204 42.115333 0.500000 0.089333 0.360000
76 42.231667 0.496667 0.159333 0.486667
515 42.368000 0.496667 0.129333 0.426667
361 42.498000 0.510000 0.149333 0.440000
843 42.618667 0.510000 0.108000 0.446667
428 42.709667 0.491667 0.092667 0.643333
536 42.861333 0.490000 0.225333 1.126667
119 42.999667 0.488333 0.070000 0.416667
901 43.106333 0.503333 0.158000 0.420000
687 43.224667 0.488333 0.097333 0.483333
513 43.331333 0.496667 0.129333 0.420000
642 43.436667 0.493333 0.094667 0.373333
665 43.534000 0.501667 0.117333 0.403333
692 43.624667 0.490000 0.084000 0.413333
895 43.735667 0.495000 0.156667 0.463333
77 43.881333 0.493333 0.152000 0.380000
179 44.056000 0.506667 0.210667 1.053333
560 44.236000 0.490000 0.165333 0.560000
894 44.422333 0.495000 0.222000 1.110000
695 44.631000 0.488333 0.211333 1.056667
932 44.751000 0.488333 0.043333 0.330000
344 44.864667 0.503333 0.202667 1.013333
278 45.033667 0.510000 0.155333 0.466667
1011 45.125333 0.501667 0.048000 0.363333
783 45.187333 0.503333 0.094667 0.500000
624 45.329667 0.488333 0.204667 1.023333
238 45.473333 0.508333 0.102667 0.396667
900 45.575000 0.488333 0.120667 0.323333
873 45.668667 0.501667 0.080000 0.376667
540 45.773667 0.501667 0.146000 0.590000
445 45.868667 0.496667 0.057333 0.293333
731 45.929333 0.495000 0.082667 0.416667
208 46.019667 0.508333 0.115333 0.583333
556 46.119667 0.508333 0.098000 0.410000
753 46.240000 0.503333 0.160000 0.506667
812 46.380000 0.501667 0.133333 0.343333
474 46.468667 0.506667 0.058667 0.353333
971 46.514667 0.508333 0.049333 0.356667
270 46.627333 0.506667 0.192000 0.593333
634 46.753333 0.496667 0.073333 0.300000
489 46.818667 0.508333 0.073333 0.430000
517 46.897333 0.493333 0.100000 0.333333
443 46.973333 0.495000 0.068000 0.403333
983 47.015000 0.496667 0.035333 0.260000
293 47.081667 0.488333 0.111333 0.430000
681 47.151000 0.510000 0.046000 0.393333
670 47.229333 0.496667 0.130667 0.426667
550 47.320333 0.498333 0.068667 0.343333
698 47.373333 0.488333 0.050667 0.270000
401 47.434333 0.495000 0.090000 0.470000
30 47.524333 0.510000 0.106000 0.306667
988 47.585000 0.501667 0.028667 0.243333
34 47.653667 0.490000 0.128667 0.440000
758 47.780333 0.490000 0.144667 0.413333
2 47.877667 0.500000 0.064667 0.333333
858 47.965667 0.510000 0.127333 0.400000
845 48.061333 0.491667 0.080000 0.396667
190 48.155667 0.498333 0.124667 0.590000
327 48.287000 0.500000 0.154000 0.433333
68 48.407667 0.490000 0.103333 0.293333
480 48.480667 0.501667 0.062667 0.370000
897 48.576667 0.496667 0.142667 0.426667
905 48.702333 0.488333 0.123333 0.390000
704 48.817667 0.503333 0.124667 0.420000
666 48.933000 0.506667 0.123333 0.413333
793 49.046667 0.491667 0.117333 0.476667
203 49.160333 0.505000 0.130000 0.536667
577 49.268333 0.493333 0.100667 0.386667
1020 49.334333 0.505000 0.046000 0.350000
868 49.381667 0.505000 0.068667 0.390000
952 49.429333 0.493333 0.042667 0.313333
876 49.505667 0.503333 0.130000 0.340000
224 49.605333 0.503333 0.088000 0.353333
213 49.697333 0.506667 0.116000 0.526667
442 49.771000 0.498333 0.051333 0.290000
660 49.848667 0.491667 0.122667 0.430000
11 49.958333 0.498333 0.111333 0.390000
926 50.024000 0.491667 0.038667 0.290000
499 50.065000 0.495000 0.063333 0.383333
260 50.159667 0.490000 0.140667 0.373333
398 50.263000 0.488333 0.079333 0.416667
872 50.357333 0.490000 0.125333 0.346667
493 50.456000 0.503333 0.085333 0.453333
1007 50.517333 0.503333 0.053333 0.386667
321 50.578333 0.491667 0.088667 0.356667
145 50.658000 0.508333 0.084000 0.436667
538 50.761000 0.503333 0.138000 0.320000
46 50.855000 0.488333 0.063333 0.563333
387 50.947667 0.503333 0.136667 0.413333
987 51.025667 0.490000 0.034000 0.266667
546 51.085667 0.498333 0.106000 0.396667
50 51.199333 0.510000 0.138667 0.400000
883 51.375000 0.501667 0.227333 1.136667
39 51.524333 0.501667 0.088667 0.310000
226 51.609667 0.493333 0.099333 0.400000
801 51.704333 0.506667 0.107333 0.400000
701 51.853000 0.508333 0.206000 1.030000
742 52.051333 0.510000 0.206667 1.033333
233 52.200000 0.501667 0.104000 0.430000
947 52.257333 0.503333 0.030667 0.253333
390 52.335333 0.508333 0.138667 0.383333
516 52.455667 0.501667 0.120667 0.396667
569 52.559333 0.488333 0.100000 0.416667
31 52.670000 0.488333 0.140000 0.410000
734 52.835000 0.493333 0.204667 0.546667
404 53.032667 0.500000 0.206667 1.033333
158 53.204000 0.508333 0.154667 0.503333
1021 53.295333 0.495000 0.041333 0.303333
554 53.384333 0.506667 0.150000 0.400000
216 53.510000 0.505000 0.114667 0.570000
989 53.579667 0.510000 0.040667 0.306667
147 53.637333 0.495000 0.092000 0.396667
382 53.745333 0.496667 0.141333 0.433333
596 53.879333 0.505000 0.145333 0.430000
236 53.996333 0.496667 0.106000 0.433333
944 54.064333 0.496667 0.044667 0.333333
241 54.125000 0.506667 0.092667 0.520000
372 54.229000 0.508333 0.130000 0.350000
425 54.325333 0.488333 0.082667 0.443333
348 54.445333 0.506667 0.173333 0.866667
711 54.594667 0.495000 0.141333 0.370000
896 54.721000 0.508333 0.128667 0.343333
762 54.807667 0.500000 0.064667 0.273333
251 54.867333 0.503333 0.068000 0.386667
628 55.002667 0.510000 0.222667 1.113333
537 55.207667 0.505000 0.200667 1.003333
652 55.360000 0.503333 0.121333 0.400000
840 55.462667 0.493333 0.104000 0.506667
770 55.568333 0.501667 0.127333 0.423333
506 55.646000 0.508333 0.044000 0.430000
28 55.715333 0.501667 0.110667 0.376667
483 55.797000 0.500000 0.070000 0.366667
739 55.855333 0.493333 0.061333 0.526667
949 55.896333 0.495000 0.038000 0.316667
466 55.942333 0.491667 0.068667 0.383333
388 56.051333 0.503333 0.162667 0.473333
613 56.191333 0.496667 0.137333 0.346667
219 56.293000 0.510000 0.082000 0.393333
465 56.357333 0.496667 0.065333 0.366667
170 56.446333 0.496667 0.128667 0.500000
511 56.550333 0.490000 0.095333 0.320000
374 56.668000 0.496667 0.158667 0.420000
418 56.778000 0.508333 0.081333 0.390000
197 56.864000 0.495000 0.105333 0.430000
456 56.937333 0.503333 0.060000 0.313333
832 57.024667 0.500000 0.128000 0.560000
450 57.109667 0.496667 0.055333 0.333333
259 57.182333 0.500000 0.103333 0.513333
96 57.333000 0.508333 0.216667 1.083333
201 57.487333 0.510000 0.112000 0.566667
152 57.571667 0.501667 0.070000 0.330000
733 57.639333 0.503333 0.085333 0.506667
207 57.777000 0.501667 0.207333 1.036667
44 57.919333 0.510000 0.096000 0.386667
471 57.998667 0.510000 0.076000 0.453333
129 58.102667 0.493333 0.146667 0.546667
359 58.247667 0.488333 0.160667 0.436667
509 58.375667 0.491667 0.111333 0.356667
53 58.477667 0.495000 0.106000 0.350000
931 58.544667 0.508333 0.048000 0.370000
268 58.657000 0.510000 0.192667 0.593333
625 58.833000 0.493333 0.172667 0.580000
193 58.963333 0.498333 0.108000 0.443333
424 59.071667 0.505000 0.128667 0.410000
86 59.181000 0.506667 0.104667 0.466667
587 59.297333 0.496667 0.141333 0.420000
115 59.392333 0.503333 0.063333 0.373333
923 59.433000 0.506667 0.032667 0.253333
371 59.543333 0.503333 0.201333 1.006667
653 59.700000 0.490000 0.132000 0.426667
340 59.824333 0.508333 0.132667 0.403333
508 59.910000 0.510000 0.057333 0.306667
807 60.034333 0.491667 0.211333 1.056667
134 60.173333 0.491667 0.086667 0.303333
614 60.296000 0.495000 0.172000 0.503333
47 60.416667 0.496667 0.086667 0.406667
385 60.506667 0.510000 0.112000 0.353333
467 60.585000 0.495000 0.062000 0.350000
806 60.711667 0.501667 0.211333 1.056667
804 60.883333 0.506667 0.149333 0.433333
940 60.967000 0.508333 0.036667 0.263333
928 60.999000 0.498333 0.044667 0.356667
253 61.040667 0.506667 0.053333 0.460000
737 61.089333 0.505000 0.057333 0.430000
140 61.212333 0.488333 0.203333 1.016667
462 61.336667 0.493333 0.064000 0.380000
818 61.426667 0.493333 0.136000 0.473333
799 61.533667 0.490000 0.095333 0.360000
874 61.618000 0.495000 0.093333 0.443333
996 61.676333 0.496667 0.042000 0.320000
422 61.744333 0.491667 0.114000 0.410000
713 61.878667 0.510000 0.170667 0.853333
334 62.013000 0.493333 0.118000 0.420000
303 62.095333 0.495000 0.064000 0.363333
700 62.188000 0.498333 0.137333 0.550000
941 62.263333 0.500000 0.030667 0.253333
791 62.308333 0.505000 0.072667 0.436667
709 62.389667 0.508333 0.108667 0.470000
690 62.484667 0.490000 0.096000 0.466667
292 62.582333 0.496667 0.112667 0.453333
786 62.660667 0.488333 0.061333 0.376667
482 62.717667 0.505000 0.071333 0.403333
829 62.800667 0.500000 0.114667 0.473333
312 62.896667 0.505000 0.096000 0.336667
914 62.993667 0.508333 0.111333 0.336667
455 63.077000 0.498333 0.072667 0.376667
247 63.161667 0.503333 0.111333 0.426667
913 63.260000 0.498333 0.105333 0.323333
346 63.360667 0.500000 0.109333 0.313333
173 63.466000 0.491667 0.117333 0.530000
240 63.552333 0.491667 0.068667 0.363333
70 63.658000 0.503333 0.162667 0.580000
430 63.789000 0.503333 0.115333 0.486667
212 63.890667 0.495000 0.106667 0.543333
798 63.978000 0.508333 0.081333 0.303333
464 64.052333 0.506667 0.082000 0.433333
103 64.200333 0.496667 0.234000 0.506667
376 64.366333 0.503333 0.111333 0.300000
769 64.519000 0.505000 0.207333 1.036667
656 64.678667 0.501667 0.129333 0.310000
211 64.784333 0.500000 0.098000 0.406667
165 64.888333 0.510000 0.128667 0.480000
722 65.020667 0.508333 0.153333 0.443333
779 65.102667 0.503333 0.030667 0.300000
578 65.153000 0.505000 0.086000 0.336667
304 65.221000 0.506667 0.066000 0.366667
300 65.286667 0.508333 0.082667 0.263333
65 65.366333 0.495000 0.090000 0.230000
301 65.443667 0.501667 0.078000 0.430000
136 65.543333 0.488333 0.138667 0.463333
810 65.658000 0.493333 0.110667 0.460000
794 65.735333 0.508333 0.064000 0.383333
559 65.798333 0.493333 0.076667 0.373333
621 65.852000 0.503333 0.050667 0.466667
629 65.937667 0.498333 0.138000 0.463333
655 66.047333 0.488333 0.101333 0.416667
202 66.153667 0.496667 0.126000 0.486667
57 66.234333 0.501667 0.054000 0.290000
958 66.269667 0.493333 0.036667 0.280000
893 66.370000 0.493333 0.182667 0.546667
360 66.514000 0.488333 0.118667 0.356667
507 66.606000 0.508333 0.084000 0.423333
33 66.704333 0.498333 0.127333 0.423333
567 66.820667 0.505000 0.122667 0.516667
797 66.930667 0.490000 0.112000 0.400000
100 67.058667 0.498333 0.161333 0.350000
678 67.191000 0.501667 0.122000 0.450000
561 67.330000 0.508333 0.173333 0.370000
719 67.508333 0.503333 0.199333 0.633333
307 67.628667 0.490000 0.061333 0.346667
679 67.692667 0.503333 0.081333 0.500000
684 67.787667 0.495000 0.122000 0.416667
286 67.889333 0.505000 0.100000 0.356667
169 68.037333 0.510000 0.212000 1.060000
305 68.169000 0.496667 0.066000 0.373333
615 68.259667 0.506667 0.134000 0.626667
760 68.398333 0.491667 0.158000 0.450000
66 68.513333 0.496667 0.086667 0.613333
919 68.589333 0.508333 0.085333 0.396667
835 68.680000 0.500000 0.112000 0.453333
363 68.792333 0.490000 0.131333 0.353333
729 68.862667 0.490000 0.024000 0.366667
744 68.936000 0.500000 0.141333 0.580000
490 69.035000 0.503333 0.075333 0.400000
643 69.107000 0.506667 0.086000 0.313333
668 69.193000 0.510000 0.099333 0.326667
957 69.256333 0.491667 0.042000 0.323333
420 69.322000 0.505000 0.105333 0.436667
689 69.409667 0.496667 0.087333 0.433333
612 69.547667 0.498333 0.208667 1.043333
146 69.759333 0.506667 0.230667 1.153333
853 69.917000 0.505000 0.102000 0.416667
255 70.020667 0.506667 0.118667 0.460000
811 70.129000 0.506667 0.114000 0.253333
131 70.238000 0.495000 0.118667 0.456667
881 70.353667 0.491667 0.130000 0.436667
352 70.488000 0.510000 0.154667 0.773333
168 70.621667 0.496667 0.132667 0.473333
132 70.718333 0.505000 0.078000 0.336667
527 70.813000 0.490000 0.124667 0.393333
975 70.891667 0.510000 0.050000 0.366667
531 71.017000 0.508333 0.220667 1.103333
526 71.191667 0.508333 0.148667 0.376667
186 71.305333 0.505000 0.094667 0.410000
751 71.384000 0.493333 0.082667 0.340000
98 71.497667 0.488333 0.159333 0.796667
501 71.599000 0.495000 0.063333 0.283333
580 71.715333 0.493333 0.188000 0.473333
789 71.845333 0.501667 0.086667 0.523333
671 71.949667 0.510000 0.135333 0.466667
74 72.074000 0.503333 0.132000 0.413333
342 72.167333 0.488333 0.074667 0.350000
230 72.254333 0.498333 0.114000 0.476667
860 72.389333 0.510000 0.174667 0.873333
938 72.489333 0.505000 0.042667 0.323333
80 72.546333 0.488333 0.090000 0.463333
847 72.647333 0.500000 0.126667 0.386667
805 72.781667 0.488333 0.159333 0.456667
549 72.916000 0.505000 0.125333 0.430000
688 73.011000 0.503333 0.080667 0.393333
553 73.100333 0.501667 0.112667 0.390000
830 73.189667 0.508333 0.084667 0.410000
454 73.255333 0.500000 0.065333 0.340000
280 73.342667 0.506667 0.126667 0.433333
884 73.464000 0.503333 0.132000 0.500000
199 73.573333 0.496667 0.104000 0.493333
159 73.631667 0.505000 0.032667 0.263333
302 73.673000 0.510000 0.067333 0.380000
484 73.766000 0.501667 0.134667 0.503333
27 73.875333 0.503333 0.104000 0.353333
912 73.969667 0.495000 0.104667 0.450000
619 74.062667 0.493333 0.096000 0.500000
59 74.185667 0.490000 0.166000 0.420000
1016 74.278333 0.503333 0.038000 0.300000
803 74.375667 0.490000 0.171333 0.493333
776 74.515333 0.508333 0.121333 0.343333
715 74.679000 0.505000 0.226000 1.130000
109 74.873333 0.501667 0.181333 0.383333
682 75.015667 0.491667 0.116667 0.430000
831 75.119667 0.490000 0.104667 0.473333
92 75.243333 0.490000 0.156000 0.780000
902 75.376333 0.491667 0.123333 0.330000
1003 75.449000 0.498333 0.036667 0.283333
707 75.513667 0.500000 0.111333 0.460000
585 75.638333 0.498333 0.151333 0.463333
148 75.809667 0.491667 0.206000 1.030000
194 75.944000 0.488333 0.081333 0.410000
237 76.006000 0.508333 0.062667 0.416667
597 76.101333 0.488333 0.142667 0.436667
56 76.200333 0.508333 0.071333 0.096667
40 76.278333 0.495000 0.099333 0.323333
94 76.396333 0.488333 0.155333 0.776667
320 76.525667 0.490000 0.123333 0.400000
375 76.691333 0.500000 0.221333 1.106667
696 76.868333 0.501667 0.151333 0.343333
295 76.991667 0.498333 0.108667 0.463333
827 77.083667 0.491667 0.092667 0.410000
676 77.173333 0.490000 0.101333 0.366667
544 77.257333 0.493333 0.085333 0.313333
879 77.348000 0.496667 0.116000 0.333333
5 77.445000 0.498333 0.091333 0.443333
323 77.593333 0.490000 0.220000 0.433333
637 77.727333 0.506667 0.062667 0.326667
937 77.771667 0.510000 0.042000 0.346667
970 77.800667 0.510000 0.036000 0.300000
685 77.856667 0.505000 0.092000 0.376667
875 77.980333 0.505000 0.175333 0.436667
17 78.109667 0.495000 0.100667 0.350000
813 78.218333 0.488333 0.130000 0.303333
500 78.319000 0.493333 0.088667 0.393333
632 78.454333 0.498333 0.195333 0.976667
898 78.627333 0.491667 0.164000 0.490000
242 78.764000 0.501667 0.129333 0.503333
426 78.844000 0.505000 0.046667 0.316667
575 78.923000 0.496667 0.128667 0.433333
487 79.009667 0.490000 0.063333 0.333333
997 79.055667 0.508333 0.043333 0.330000
749 79.118333 0.501667 0.102000 0.443333
26 79.222333 0.505000 0.123333 0.416667
539 79.306000 0.493333 0.064000 0.306667
189 79.373333 0.506667 0.084000 0.386667
84 79.462333 0.500000 0.114000 0.320000
841 79.553000 0.506667 0.084667 0.413333
36 79.637333 0.498333 0.101333 0.350000
530 79.723333 0.503333 0.089333 0.446667
256 79.825333 0.510000 0.129333 0.426667
481 79.914667 0.493333 0.066667 0.386667
965 79.964667 0.503333 0.048000 0.360000
828 80.038000 0.503333 0.112000 0.486667
623 80.181667 0.491667 0.194000 0.970000
659 80.322667 0.505000 0.105333 0.423333
638 80.419333 0.493333 0.104000 0.406667
878 80.516000 0.488333 0.104000 0.530000
298 80.594333 0.498333 0.072667 0.363333
181 80.681667 0.503333 0.119333 0.393333
488 80.773333 0.500000 0.078667 0.380000
339 80.858667 0.498333 0.108000 0.536667
175 80.966333 0.508333 0.122000 0.463333
172 81.089000 0.496667 0.136667 0.500000
178 81.216000 0.495000 0.136000 0.510000
702 81.364333 0.510000 0.179333 0.560000
650 81.511000 0.510000 0.131333 0.426667
355 81.622667 0.498333 0.112000 0.296667
362 81.748667 0.501667 0.154667 0.450000
1022 81.840000 0.498333 0.045333 0.336667
741 81.914667 0.498333 0.117333 0.403333
6 82.019333 0.501667 0.105333 0.396667
738 82.105333 0.506667 0.084000 0.400000
412 82.187000 0.503333 0.094000 0.466667
127 82.294333 0.495000 0.134000 0.450000
381 82.413333 0.496667 0.122667 0.340000
610 82.516333 0.506667 0.102000 0.313333
712 82.652000 0.503333 0.184000 0.920000
22 82.797333 0.498333 0.124000 0.410000
727 82.882000 0.488333 0.060000 0.350000
105 83.014667 0.488333 0.221333 0.470000
434 83.171667 0.505000 0.108667 0.370000
8 83.275000 0.495000 0.112667 0.403333
497 83.401333 0.506667 0.153333 0.393333
633 83.572333 0.488333 0.204667 1.023333
16 83.710333 0.490000 0.088667 0.306667
503 83.818000 0.500000 0.141333 0.393333
222 83.923000 0.491667 0.088667 0.430000
672 84.019000 0.498333 0.116667 0.390000
890 84.120333 0.508333 0.103333 0.430000
743 84.206333 0.503333 0.086000 0.353333
765 84.281333 0.498333 0.081333 0.403333
661 84.360000 0.501667 0.096000 0.350000
496 84.448000 0.506667 0.097333 0.413333
457 84.524333 0.505000 0.075333 0.396667
608 84.613000 0.505000 0.122000 0.436667
409 84.727333 0.506667 0.126667 0.640000
674 84.828333 0.505000 0.092667 0.296667
55 84.922667 0.501667 0.112000 0.316667
600 85.021667 0.510000 0.102000 0.306667
856 85.132333 0.503333 0.138000 0.340000
774 85.228000 0.490000 0.066667 0.393333
392 85.349667 0.505000 0.191333 0.956667
227 85.492333 0.501667 0.112667 0.556667
861 85.567333 0.490000 0.054667 0.426667
562 85.665667 0.506667 0.155333 0.320000
859 85.784333 0.498333 0.102000 0.283333
433 85.897333 0.505000 0.138667 0.330000
720 86.036333 0.488333 0.159333 0.796667
939 86.123333 0.488333 0.034667 0.270000
852 86.183000 0.505000 0.100667 0.450000
225 86.292667 0.496667 0.136000 0.546667
1019 86.369000 0.501667 0.032667 0.263333
417 86.429000 0.496667 0.100667 0.486667
310 86.505667 0.503333 0.068667 0.386667
252 86.601667 0.501667 0.140667 0.556667
318 86.727667 0.488333 0.127333 0.516667
291 86.840667 0.493333 0.113333 0.440000
61 86.939667 0.495000 0.099333 0.510000
48 87.099667 0.510000 0.239333 0.406667
79 87.304333 0.508333 0.187333 0.936667
757 87.454667 0.506667 0.129333 0.366667
353 87.586667 0.508333 0.154667 0.443333
969 87.681667 0.500000 0.048667 0.360000
180 87.752333 0.508333 0.111333 0.403333
510 87.855000 0.506667 0.108667 0.340000
766 87.958000 0.506667 0.113333 0.333333
88 88.095000 0.490000 0.176667 0.373333
824 88.234000 0.493333 0.120000 0.520000
218 88.342000 0.495000 0.109333 0.436667
837 88.433000 0.490000 0.090000 0.446667
647 88.503000 0.501667 0.068667 0.343333
250 88.589000 0.501667 0.120667 0.570000
290 88.709000 0.501667 0.136667 0.370000
110 88.838667 0.510000 0.142667 0.500000
777 88.947000 0.488333 0.091333 0.370000
453 89.014667 0.498333 0.062667 0.323333
953 89.055333 0.488333 0.038667 0.283333
153 89.105667 0.488333 0.075333 0.343333
908 89.193000 0.490000 0.112667 0.413333
459 89.275000 0.496667 0.066000 0.346667
784 89.334000 0.500000 0.065333 0.546667
479 89.395667 0.498333 0.076667 0.396667
767 89.494667 0.493333 0.140000 0.400000
572 89.598000 0.503333 0.081333 0.340000
892 89.700333 0.493333 0.138000 0.400000
463 89.795667 0.488333 0.071333 0.363333
29 89.887667 0.498333 0.132667 0.356667
24 90.021333 0.506667 0.148000 0.500000
1013 90.110667 0.495000 0.044000 0.356667
839 90.175333 0.496667 0.105333 0.480000
547 90.255667 0.500000 0.075333 0.426667
817 90.345667 0.501667 0.124667 0.323333
122 90.458000 0.491667 0.113333 0.456667
1018 90.524667 0.510000 0.037333 0.280000
448 90.575667 0.495000 0.079333 0.410000
579 90.700000 0.506667 0.188000 0.566667
311 90.828667 0.498333 0.085333 0.370000
243 90.950000 0.508333 0.173333 0.596667
12 91.090667 0.506667 0.121333 0.386667
244 91.208667 0.493333 0.129333 0.353333
604 91.330000 0.498333 0.126667 0.383333
154 91.416000 0.510000 0.064000 0.320000
265 91.494667 0.491667 0.110667 0.423333
772 91.633667 0.496667 0.183333 0.566667
871 91.747333 0.500000 0.061333 0.320000
728 91.802333 0.490000 0.068667 0.600000
461 91.859667 0.501667 0.063333 0.323333
1014 91.905333 0.496667 0.041333 0.300000
968 91.940667 0.498333 0.049333 0.356667
214 92.008667 0.495000 0.106667 0.443333
532 92.106333 0.493333 0.108667 0.560000
790 92.183667 0.505000 0.066000 0.410000
468 92.245667 0.508333 0.075333 0.436667
257 92.330667 0.493333 0.109333 0.326667
662 92.439333 0.488333 0.122667 0.443333
41 92.568667 0.508333 0.152000 0.423333
485 92.669667 0.498333 0.067333 0.343333
71 92.727333 0.503333 0.065333 0.360000
558 92.786000 0.508333 0.072000 0.350000
966 92.835000 0.503333 0.039333 0.300000
822 92.904667 0.505000 0.117333 0.376667
891 92.977333 0.510000 0.044000 0.246667
114 93.029667 0.488333 0.075333 0.370000
1010 93.079333 0.500000 0.041333 0.300000
917 93.114000 0.498333 0.048000 0.356667
639 93.169333 0.500000 0.081333 0.406667
999 93.228333 0.501667 0.050000 0.363333
350 93.319000 0.495000 0.147333 0.396667
802 93.486667 0.491667 0.206667 0.543333
161 93.634000 0.503333 0.106667 0.373333
735 93.756000 0.510000 0.154667 0.620000
636 93.893000 0.491667 0.136667 0.303333
473 93.988000 0.500000 0.070667 0.373333
25 94.076000 0.498333 0.122667 0.443333
416 94.182333 0.510000 0.104667 0.506667
23 94.307667 0.501667 0.162000 0.810000
1005 94.403667 0.490000 0.047333 0.353333
1017 94.440667 0.508333 0.045333 0.336667
262 94.504000 0.491667 0.096000 0.476667
460 94.578667 0.500000 0.073333 0.393333
1009 94.626333 0.501667 0.036667 0.283333
782 94.683000 0.503333 0.094000 0.433333
406 94.768667 0.503333 0.096000 0.373333
909 94.855333 0.491667 0.092000 0.416667
823 94.935667 0.488333 0.082000 0.356667
155 95.020000 0.508333 0.104000 0.583333
123 95.164667 0.493333 0.201333 1.006667
43 95.300000 0.496667 0.086667 0.340000
644 95.381000 0.505000 0.094000 0.463333
491 95.468000 0.500000 0.096000 0.473333
993 95.528000 0.490000 0.040000 0.300000
111 95.587333 0.501667 0.093333 0.416667
1015 95.646667 0.493333 0.044000 0.326667
283 95.725667 0.510000 0.128667 0.446667
603 95.886333 0.501667 0.212667 0.516667
942 96.010667 0.508333 0.052000 0.376667
35 96.084667 0.503333 0.112000 0.380000
419 96.172667 0.491667 0.077333 0.370000
593 96.284333 0.510000 0.159333 0.486667
880 96.404667 0.505000 0.097333 0.330000
568 96.506000 0.493333 0.122667 0.613333
87 96.641333 0.496667 0.162667 0.813333
402 96.789000 0.488333 0.150000 0.436667
520 96.909333 0.500000 0.108000 0.340000
9 97.009667 0.510000 0.107333 0.433333
885 97.103333 0.490000 0.093333 0.420000
184 97.190333 0.495000 0.095333 0.383333
345 97.290000 0.503333 0.122667 0.353333
1004 97.368000 0.491667 0.049333 0.376667
780 97.452000 0.495000 0.136000 0.396667
391 97.580333 0.501667 0.135333 0.403333
333 97.729667 0.505000 0.180667 0.396667
844 97.855667 0.490000 0.090000 0.373333
99 97.987000 0.508333 0.187333 0.936667
209 98.121667 0.506667 0.096667 0.460000
773 98.240667 0.491667 0.157333 0.456667
399 98.357333 0.506667 0.096000 0.340000
548 98.456333 0.506667 0.115333 0.360000
347 98.565333 0.496667 0.117333 0.320000
528 98.662667 0.495000 0.096000 0.316667
343 98.763667 0.493333 0.126000 0.366667
356 98.894333 0.493333 0.150000 0.433333
599 99.020333 0.490000 0.115333 0.360000
617 99.111333 0.498333 0.082667 0.350000
421 99.206333 0.505000 0.123333 0.376667
328 99.355000 0.505000 0.188667 0.463333
864 99.483667 0.490000 0.084667 0.340000
649 99.574667 0.508333 0.113333 0.583333
551 99.686333 0.506667 0.123333 0.373333
389 99.813333 0.500000 0.145333 0.400000
373 99.971667 0.488333 0.191333 0.956667
972 100.079000 0.506667 0.036667 0.280000
337 100.169333 0.506667 0.162667 0.813333
128 100.320667 0.496667 0.154667 0.773333
287 100.442000 0.503333 0.108000 0.400000
258 100.542667 0.503333 0.112000 0.366667
444 100.629667 0.508333 0.076667 0.463333
120 100.745333 0.493333 0.168000 0.840000
330 100.874333 0.508333 0.108667 0.416667
19 100.976333 0.491667 0.108667 0.356667
264 101.128000 0.490000 0.212000 1.060000
75 101.294333 0.490000 0.136667 0.426667
925 101.372333 0.488333 0.039333 0.323333
130 101.473667 0.508333 0.180667 0.903333
565 101.617333 0.503333 0.126667 0.260000
124 101.729000 0.508333 0.114000 0.416667
367 101.845333 0.498333 0.133333 0.383333
449 101.934000 0.495000 0.060000 0.343333
106 102.067333 0.508333 0.220000 0.470000
133 102.209000 0.495000 0.082000 0.336667
590 102.308667 0.506667 0.136000 0.513333
149 102.459000 0.498333 0.180667 0.490000
394 102.624333 0.495000 0.163333 0.470000
176 102.754333 0.498333 0.110000 0.410000
275 102.826333 0.508333 0.051333 0.330000
814 102.912333 0.505000 0.140667 0.490000
761 103.030667 0.508333 0.110667 0.323333
819 103.144667 0.493333 0.137333 0.386667
368 103.285667 0.501667 0.158000 0.450000
309 103.386333 0.488333 0.062000 0.350000
285 103.464333 0.505000 0.111333 0.363333
998 103.536333 0.496667 0.048667 0.373333
