114 0.042000 0.491667 0.077333 0.383333
156 0.151333 0.500000 0.160000 0.493333
894 0.288333 0.493333 0.130000 0.373333
120 0.439000 0.488333 0.186000 0.930000
138 0.553333 0.506667 0.056000 0.313333
840 0.626000 0.501667 0.105333 0.456667
959 0.694333 0.490000 0.044667 0.346667
381 0.768000 0.488333 0.116000 0.310000
472 0.847333 0.488333 0.060000 0.356667
475 0.899667 0.495000 0.063333 0.383333
722 0.984000 0.493333 0.120000 0.346667
165 1.083333 0.505000 0.094667 0.343333
853 1.170667 0.508333 0.098667 0.443333
956 1.237333 0.491667 0.048000 0.363333
872 1.316333 0.505000 0.123333 0.350000
52 1.429333 0.505000 0.118667 0.416667
943 1.498333 0.510000 0.038000 0.313333
105 1.585333 0.506667 0.154667 0.773333
125 1.697000 0.506667 0.086000 0.406667
628 1.798000 0.505000 0.134667 0.450000
555 1.873667 0.506667 0.030000 0.300000
601 1.951000 0.495000 0.138000 0.416667
394 2.088333 0.491667 0.156667 0.470000
855 2.202000 0.498333 0.086667 0.223333
388 2.306667 0.506667 0.137333 0.380000
904 2.410667 0.506667 0.086667 0.406667
955 2.463667 0.500000 0.039333 0.306667
135 2.536000 0.490000 0.124000 0.366667
901 2.697667 0.505000 0.219333 1.096667
419 2.842667 0.500000 0.089333 0.433333
784 2.903667 0.498333 0.047333 0.403333
975 2.937333 0.506667 0.038667 0.313333
833 3.001000 0.493333 0.107333 0.526667
357 3.145333 0.506667 0.196000 0.980000
606 3.309000 0.501667 0.147333 0.436667
502 3.418000 0.493333 0.085333 0.386667
180 3.513333 0.498333 0.120000 0.436667
133 3.628000 0.496667 0.124000 0.386667
63 3.724667 0.490000 0.085333 0.306667
1007 3.779667 0.490000 0.039333 0.286667
145 3.841000 0.508333 0.098000 0.436667
129 3.976333 0.498333 0.187333 0.936667
721 4.159000 0.496667 0.198000 0.500000
374 4.313667 0.493333 0.126000 0.340000
923 4.387667 0.488333 0.035333 0.276667
444 4.425667 0.495000 0.058000 0.343333
102 4.526333 0.495000 0.156667 0.783333
321 4.641667 0.493333 0.091333 0.366667
58 4.702667 0.500000 0.049333 0.200000
982 4.736333 0.488333 0.031333 0.256667
298 4.781000 0.510000 0.072667 0.360000
215 4.861000 0.491667 0.100667 0.410000
999 4.920000 0.498333 0.036000 0.283333
990 4.953000 0.493333 0.043333 0.313333
890 5.017667 0.505000 0.099333 0.423333
736 5.094667 0.503333 0.072000 0.386667
8 5.165667 0.503333 0.084667 0.340000
798 5.251000 0.498333 0.100667 0.376667
790 5.333000 0.505000 0.079333 0.483333
604 5.433667 0.490000 0.136667 0.413333
957 5.512333 0.510000 0.040667 0.306667
730 5.585000 0.506667 0.120667 0.433333
838 5.684667 0.505000 0.096000 0.390000
822 5.788667 0.488333 0.128000 0.456667
946 5.865667 0.505000 0.042000 0.343333
900 5.945000 0.498333 0.134000 0.403333
891 6.038667 0.510000 0.066667 0.300000
637 6.093333 0.505000 0.058667 0.296667
448 6.151667 0.508333 0.074000 0.396667
707 6.238333 0.498333 0.116667 0.476667
447 6.319000 0.493333 0.062000 0.366667
116 6.403000 0.501667 0.122000 0.383333
438 6.537000 0.510000 0.164667 0.480000
612 6.725000 0.508333 0.226000 1.130000
39 6.892000 0.505000 0.124000 0.396667
139 6.980667 0.500000 0.070667 0.393333
380 7.064667 0.495000 0.112000 0.323333
101 7.202333 0.506667 0.176667 0.380000
969 7.305667 0.491667 0.047333 0.370000
1003 7.339000 0.498333 0.039333 0.290000
919 7.383667 0.505000 0.070000 0.290000
498 7.437667 0.496667 0.054000 0.326667
993 7.481000 0.500000 0.046000 0.353333
238 7.544000 0.488333 0.098667 0.390000
848 7.648333 0.488333 0.127333 0.383333
952 7.723000 0.498333 0.042000 0.316667
522 7.785667 0.505000 0.096667 0.310000
892 7.909333 0.501667 0.169333 0.483333
627 8.065333 0.496667 0.162667 0.540000
459 8.166000 0.503333 0.056000 0.333333
806 8.295333 0.500000 0.216000 1.080000
155 8.448667 0.501667 0.104000 0.570000
382 8.566333 0.505000 0.151333 0.410000
505 8.673333 0.491667 0.078667 0.330000
399 8.762333 0.495000 0.116667 0.396667
296 8.856333 0.488333 0.088667 0.323333
638 8.944000 0.505000 0.101333 0.396667
879 9.049000 0.510000 0.126000 0.406667
816 9.160000 0.501667 0.110667 0.403333
691 9.244333 0.500000 0.075333 0.373333
51 9.331000 0.508333 0.111333 0.350000
772 9.450667 0.506667 0.144000 0.400000
305 9.543667 0.493333 0.058000 0.326667
218 9.630667 0.501667 0.133333 0.536667
333 9.767000 0.498333 0.152667 0.403333
445 9.869667 0.498333 0.068667 0.350000
920 9.935000 0.495000 0.080667 0.296667
725 10.039667 0.505000 0.142000 0.596667
221 10.159333 0.488333 0.112000 0.543333
477 10.249333 0.498333 0.082667 0.430000
213 10.334667 0.501667 0.102667 0.423333
719 10.461000 0.498333 0.166000 0.490000
755 10.598333 0.495000 0.126000 0.363333
968 10.674000 0.505000 0.044000 0.330000
349 10.799667 0.498333 0.222000 1.110000
166 10.963000 0.506667 0.123333 0.433333
598 11.074333 0.496667 0.116667 0.353333
342 11.168000 0.505000 0.088000 0.410000
674 11.263000 0.488333 0.122000 0.416667
62 11.353667 0.505000 0.076667 0.363333
509 11.447333 0.506667 0.128000 0.413333
573 11.545333 0.506667 0.084000 0.346667
136 11.643333 0.503333 0.128000 0.473333
594 11.763333 0.510000 0.126667 0.386667
630 11.892333 0.501667 0.147333 0.490000
343 12.017333 0.505000 0.116000 0.316667
576 12.110667 0.505000 0.088000 0.350000
961 12.166333 0.493333 0.038000 0.273333
458 12.222000 0.490000 0.086667 0.440000
335 12.335333 0.510000 0.157333 0.540000
482 12.442667 0.498333 0.076000 0.443333
794 12.502000 0.496667 0.060000 0.373333
175 12.575333 0.488333 0.104000 0.376667
268 12.700333 0.491667 0.164667 0.496667
540 12.868667 0.510000 0.189333 0.713333
264 13.035333 0.510000 0.158667 0.793333
556 13.149000 0.496667 0.087333 0.360000
21 13.245667 0.508333 0.119333 0.403333
958 13.318000 0.500000 0.040000 0.326667
87 13.441000 0.506667 0.224667 0.486667
548 13.624000 0.510000 0.154667 0.526667
877 13.738667 0.495000 0.089333 0.450000
852 13.832333 0.490000 0.116667 0.473333
621 13.915667 0.495000 0.064667 0.630000
537 14.094000 0.505000 0.310667 0.603333
363 14.353667 0.501667 0.222000 1.110000
554 14.534667 0.488333 0.160000 0.443333
170 14.657000 0.510000 0.102000 0.373333
868 14.742000 0.490000 0.088000 0.500000
733 14.821000 0.510000 0.090000 0.546667
559 14.900667 0.496667 0.088000 0.433333
960 14.961000 0.490000 0.046000 0.353333
77 15.032000 0.490000 0.113333 0.280000
991 15.100667 0.495000 0.041333 0.316667
708 15.163333 0.508333 0.097333 0.396667
575 15.268000 0.490000 0.126667 0.426667
866 15.396667 0.500000 0.149333 0.466667
657 15.512000 0.510000 0.098667 0.386667
769 15.611667 0.506667 0.118000 0.333333
43 15.724667 0.510000 0.125333 0.493333
765 15.817000 0.500000 0.072667 0.340000
682 15.898333 0.505000 0.110000 0.423333
20 16.001667 0.491667 0.111333 0.370000
424 16.118667 0.503333 0.138667 0.446667
747 16.230333 0.491667 0.104667 0.416667
714 16.349000 0.496667 0.148667 0.406667
211 16.484000 0.490000 0.136000 0.546667
875 16.612333 0.491667 0.139333 0.370000
647 16.718333 0.493333 0.086000 0.440000
741 16.816000 0.506667 0.124000 0.440000
109 16.984000 0.490000 0.225333 1.126667
898 17.162667 0.490000 0.152000 0.406667
544 17.284333 0.500000 0.107333 0.433333
617 17.370667 0.500000 0.085333 0.346667
306 17.441333 0.498333 0.074667 0.423333
810 17.519000 0.495000 0.095333 0.396667
545 17.612667 0.491667 0.108000 0.443333
678 17.704667 0.500000 0.096000 0.320000
662 17.787667 0.490000 0.090000 0.286667
290 17.885667 0.498333 0.123333 0.330000
1020 17.961333 0.490000 0.048000 0.366667
219 18.042333 0.488333 0.132667 0.530000
383 18.157667 0.500000 0.114000 0.320000
334 18.268667 0.491667 0.121333 0.430000
949 18.335667 0.505000 0.028667 0.243333
65 18.395000 0.488333 0.103333 0.263333
971 18.457667 0.500000 0.040667 0.313333
206 18.530667 0.495000 0.118667 0.483333
320 18.647000 0.503333 0.130000 0.413333
507 18.743667 0.498333 0.083333 0.430000
391 18.843667 0.496667 0.136667 0.373333
209 18.953667 0.496667 0.096667 0.393333
15 19.040667 0.510000 0.097333 0.320000
153 19.115333 0.490000 0.065333 0.293333
337 19.220000 0.503333 0.158667 0.793333
148 19.364333 0.505000 0.146000 0.423333
782 19.485667 0.510000 0.115333 0.533333
103 19.616667 0.506667 0.160000 0.340000
401 19.736333 0.490000 0.096667 0.493333
869 19.818667 0.498333 0.082667 0.483333
295 19.896667 0.495000 0.088000 0.376667
859 19.999333 0.490000 0.134667 0.400000
22 20.130333 0.506667 0.140667 0.473333
587 20.257000 0.510000 0.132667 0.393333
739 20.343333 0.490000 0.054667 0.480000
240 20.390667 0.493333 0.056000 0.286667
878 20.459000 0.491667 0.098000 0.503333
985 20.525000 0.506667 0.047333 0.360000
141 20.588000 0.510000 0.094667 0.413333
327 20.687333 0.508333 0.117333 0.356667
828 20.782667 0.508333 0.092000 0.423333
632 20.909667 0.501667 0.178000 0.890000
1001 21.014333 0.503333 0.047333 0.353333
924 21.053000 0.488333 0.043333 0.316667
906 21.134333 0.506667 0.134000 0.373333
776 21.256000 0.500000 0.128000 0.300000
814 21.384667 0.488333 0.145333 0.363333
568 21.509667 0.488333 0.120667 0.603333
355 21.677000 0.501667 0.228667 1.143333
861 21.805333 0.491667 0.048000 0.370000
759 21.876667 0.496667 0.110667 0.320000
390 21.978000 0.498333 0.109333 0.336667
818 22.090000 0.495000 0.130667 0.463333
763 22.179667 0.508333 0.062000 0.403333
513 22.272333 0.500000 0.138000 0.440000
207 22.382333 0.495000 0.095333 0.383333
734 22.493667 0.510000 0.142000 0.380000
880 22.603667 0.493333 0.094000 0.300000
338 22.701667 0.488333 0.118000 0.616667
514 22.802333 0.508333 0.098000 0.310000
176 22.899000 0.498333 0.112667 0.410000
304 22.985667 0.510000 0.076667 0.433333
927 23.032667 0.510000 0.037333 0.306667
817 23.115333 0.500000 0.148000 0.406667
451 23.222667 0.505000 0.081333 0.416667
841 23.299000 0.510000 0.090000 0.373333
524 23.391667 0.490000 0.110000 0.346667
563 23.521000 0.490000 0.162000 0.340000
703 23.645000 0.496667 0.106000 0.393333
212 23.751667 0.501667 0.122000 0.536667
596 23.872000 0.495000 0.133333 0.410000
203 23.978000 0.498333 0.094667 0.463333
73 24.075000 0.498333 0.115333 0.383333
837 24.164333 0.508333 0.083333 0.370000
648 24.239333 0.490000 0.086667 0.393333
186 24.323333 0.491667 0.094667 0.376667
230 24.425667 0.505000 0.123333 0.476667
93 24.575000 0.495000 0.188667 0.943333
767 24.728000 0.493333 0.133333 0.380000
910 24.851667 0.490000 0.134000 0.413333
478 24.947333 0.490000 0.070667 0.420000
309 25.003000 0.493333 0.056667 0.313333
933 25.043333 0.501667 0.038667 0.303333
705 25.116667 0.510000 0.124000 0.380000
525 25.221333 0.498333 0.098667 0.316667
520 25.311333 0.488333 0.101333 0.343333
241 25.405333 0.491667 0.101333 0.563333
361 25.552000 0.496667 0.208000 1.040000
912 25.690333 0.488333 0.082000 0.323333
737 25.756333 0.508333 0.063333 0.430000
393 25.852667 0.493333 0.149333 0.433333
196 25.983000 0.506667 0.126000 0.520000
128 26.149667 0.491667 0.220667 1.103333
233 26.298667 0.506667 0.097333 0.393333
967 26.363000 0.488333 0.046000 0.336667
937 26.396667 0.490000 0.037333 0.280000
676 26.469000 0.510000 0.122000 0.400000
147 26.574333 0.488333 0.102000 0.430000
858 26.673333 0.500000 0.110667 0.340000
457 26.757000 0.510000 0.076667 0.453333
285 26.896333 0.495000 0.219333 1.096667
294 27.089333 0.500000 0.180000 0.900000
461 27.205667 0.493333 0.072667 0.393333
462 27.266333 0.501667 0.063333 0.323333
189 27.341000 0.498333 0.106000 0.530000
300 27.424667 0.510000 0.080000 0.253333
735 27.531000 0.495000 0.146000 0.590000
403 27.663667 0.496667 0.134000 0.373333
775 27.759000 0.508333 0.070000 0.350000
323 27.882667 0.496667 0.190667 0.953333
583 28.000000 0.493333 0.060000 0.353333
854 28.110667 0.503333 0.176000 0.880000
780 28.253000 0.495000 0.127333 0.363333
47 28.361000 0.493333 0.107333 0.520000
602 28.481000 0.500000 0.148667 0.453333
570 28.600333 0.488333 0.108667 0.470000
802 28.718000 0.508333 0.141333 0.303333
132 28.819000 0.500000 0.075333 0.313333
113 28.884333 0.501667 0.072667 0.330000
345 28.991000 0.490000 0.156667 0.433333
643 29.119000 0.488333 0.116667 0.410000
301 29.199000 0.508333 0.058000 0.330000
633 29.312667 0.491667 0.185333 0.523333
236 29.442333 0.510000 0.094000 0.393333
35 29.546000 0.500000 0.128000 0.406667
341 29.634333 0.501667 0.064667 0.263333
773 29.724000 0.498333 0.129333 0.403333
455 29.818000 0.498333 0.074667 0.383333
111 29.894000 0.508333 0.097333 0.410000
610 30.005000 0.493333 0.139333 0.426667
269 30.164333 0.505000 0.192667 0.963333
434 30.312000 0.496667 0.116000 0.400000
369 30.417000 0.493333 0.111333 0.346667
149 30.544333 0.491667 0.158000 0.790000
127 30.689667 0.500000 0.148667 0.500000
317 30.811667 0.493333 0.108667 0.400000
851 30.900333 0.505000 0.082000 0.350000
466 30.964333 0.490000 0.060667 0.333333
89 31.086333 0.498333 0.199333 0.996667
228 31.234333 0.510000 0.110000 0.500000
977 31.304333 0.503333 0.043333 0.333333
558 31.351667 0.508333 0.064667 0.316667
19 31.429000 0.510000 0.107333 0.366667
661 31.539333 0.488333 0.129333 0.496667
992 31.620667 0.490000 0.046667 0.353333
33 31.703667 0.498333 0.132667 0.450000
766 31.832333 0.490000 0.139333 0.413333
288 31.954333 0.491667 0.122000 0.470000
37 32.066000 0.490000 0.121333 0.466667
71 32.159333 0.510000 0.078667 0.406667
948 32.212000 0.490000 0.045333 0.346667
366 32.288333 0.508333 0.124667 0.343333
847 32.393000 0.496667 0.098000 0.300000
728 32.458333 0.493333 0.051333 0.466667
500 32.522667 0.493333 0.090667 0.406667
903 32.621333 0.498333 0.121333 0.370000
356 32.743667 0.488333 0.138000 0.396667
929 32.828000 0.506667 0.048000 0.360000
578 32.891333 0.510000 0.096000 0.373333
698 32.966000 0.505000 0.072000 0.383333
717 33.086333 0.508333 0.183333 0.916667
845 33.215000 0.508333 0.090000 0.370000
202 33.306667 0.490000 0.113333 0.466667
793 33.400333 0.490000 0.094000 0.386667
636 33.497333 0.493333 0.118667 0.266667
582 33.650333 0.508333 0.203333 1.016667
7 33.804667 0.496667 0.122667 0.426667
909 33.909333 0.493333 0.101333 0.440000
649 33.992333 0.495000 0.082000 0.456667
980 34.043333 0.503333 0.040000 0.306667
467 34.098000 0.500000 0.088000 0.440000
857 34.249333 0.508333 0.233333 0.496667
805 34.457333 0.510000 0.196000 0.980000
938 34.560667 0.496667 0.029333 0.246667
599 34.622667 0.500000 0.112000 0.340000
249 34.694667 0.500000 0.050667 0.400000
700 34.786333 0.500000 0.148667 0.593333
796 34.900667 0.488333 0.094667 0.363333
753 35.017000 0.495000 0.155333 0.503333
134 35.149000 0.508333 0.124667 0.436667
709 35.284333 0.498333 0.163333 0.816667
278 35.419667 0.506667 0.127333 0.380000
432 35.556333 0.490000 0.166000 0.346667
823 35.678667 0.488333 0.096000 0.443333
944 35.742333 0.495000 0.047333 0.370000
318 35.811333 0.495000 0.105333 0.443333
534 35.902000 0.491667 0.093333 0.363333
243 36.042667 0.493333 0.201333 1.006667
926 36.151333 0.508333 0.029333 0.243333
732 36.198667 0.488333 0.082667 0.436667
244 36.307000 0.498333 0.152667 0.403333
624 36.462333 0.493333 0.171333 0.573333
549 36.595333 0.488333 0.113333 0.383333
935 36.668000 0.488333 0.046667 0.356667
581 36.729333 0.498333 0.096000 0.403333
531 36.872667 0.491667 0.209333 0.516667
639 37.004667 0.493333 0.073333 0.373333
79 37.141667 0.495000 0.216667 1.083333
874 37.276000 0.491667 0.070667 0.323333
580 37.368667 0.495000 0.133333 0.323333
672 37.489000 0.488333 0.120667 0.436667
1022 37.558000 0.490000 0.034667 0.286667
277 37.609333 0.508333 0.086667 0.403333
965 37.660667 0.503333 0.036000 0.306667
223 37.719000 0.503333 0.099333 0.400000
983 37.783667 0.508333 0.046000 0.330000
150 37.854333 0.503333 0.112667 0.460000
24 37.970667 0.495000 0.138667 0.470000
925 38.056000 0.503333 0.045333 0.346667
518 38.135333 0.510000 0.129333 0.420000
907 38.245000 0.508333 0.107333 0.363333
57 38.320000 0.500000 0.056000 0.360000
680 38.398333 0.496667 0.114000 0.406667
836 38.501667 0.501667 0.111333 0.483333
579 38.641667 0.488333 0.187333 0.416667
26 38.776667 0.506667 0.100000 0.340000
503 38.898333 0.496667 0.156667 0.406667
490 39.004000 0.510000 0.073333 0.380000
921 39.065333 0.503333 0.065333 0.380000
54 39.113000 0.496667 0.050000 0.286667
431 39.171667 0.498333 0.083333 0.283333
1019 39.230667 0.493333 0.049333 0.366667
441 39.289000 0.496667 0.084667 0.433333
97 39.433333 0.491667 0.220000 0.476667
839 39.573333 0.491667 0.078667 0.363333
418 39.653000 0.510000 0.099333 0.473333
4 39.740333 0.491667 0.090000 0.356667
435 39.810333 0.503333 0.067333 0.313333
407 39.892000 0.488333 0.112000 0.430000
479 39.974000 0.498333 0.066667 0.350000
1006 40.020667 0.506667 0.044000 0.340000
942 40.056333 0.510000 0.040667 0.313333
485 40.094667 0.500000 0.053333 0.320000
764 40.150333 0.496667 0.075333 0.406667
849 40.220000 0.491667 0.084000 0.356667
253 40.277667 0.498333 0.046000 0.436667
193 40.354667 0.506667 0.121333 0.500000
917 40.427000 0.505000 0.040667 0.303333
586 40.492667 0.490000 0.104000 0.306667
276 40.565333 0.490000 0.060000 0.373333
359 40.664333 0.506667 0.154000 0.440000
85 40.793667 0.501667 0.122000 0.483333
395 40.914667 0.498333 0.138667 0.370000
771 41.029000 0.491667 0.107333 0.523333
270 41.183333 0.503333 0.218667 1.093333
439 41.344000 0.500000 0.117333 0.486667
511 41.439000 0.500000 0.091333 0.300000
251 41.512000 0.498333 0.068000 0.383333
440 41.570333 0.505000 0.064667 0.343333
913 41.643333 0.500000 0.097333 0.293333
413 41.747000 0.496667 0.127333 0.533333
740 41.882000 0.503333 0.156000 0.353333
324 42.014333 0.490000 0.124667 0.613333
329 42.161000 0.488333 0.183333 0.916667
308 42.285667 0.506667 0.082000 0.460000
911 42.376667 0.498333 0.118667 0.423333
371 42.501667 0.503333 0.150000 0.400000
895 42.629667 0.508333 0.126000 0.363333
271 42.768000 0.501667 0.166667 0.536667
663 42.888000 0.498333 0.093333 0.330000
385 43.003000 0.508333 0.152667 0.463333
743 43.121000 0.493333 0.098000 0.420000
272 43.226333 0.496667 0.130000 0.366667
934 43.304667 0.496667 0.040000 0.313333
723 43.380333 0.506667 0.130000 0.446667
205 43.483667 0.496667 0.095333 0.466667
751 43.563333 0.493333 0.080000 0.340000
711 43.676667 0.496667 0.166667 0.500000
280 43.814000 0.508333 0.122667 0.443333
561 43.950000 0.488333 0.162667 0.350000
450 44.062000 0.510000 0.076000 0.386667
159 44.110000 0.490000 0.033333 0.260000
876 44.187667 0.495000 0.139333 0.390000
695 44.318000 0.510000 0.136000 0.400000
634 44.417667 0.498333 0.083333 0.363333
13 44.510000 0.500000 0.118667 0.380000
881 44.626333 0.503333 0.128667 0.433333
332 44.817667 0.496667 0.271333 0.653333
392 45.011333 0.493333 0.133333 0.413333
80 45.125667 0.488333 0.110000 0.550000
416 45.209667 0.500000 0.075333 0.360000
669 45.289333 0.500000 0.101333 0.326667
571 45.381667 0.498333 0.099333 0.430000
255 45.497333 0.495000 0.146667 0.556667
358 45.627333 0.506667 0.126667 0.346667
239 45.733333 0.493333 0.098667 0.606667
191 45.830333 0.498333 0.111333 0.490000
608 45.936333 0.498333 0.119333 0.436667
406 46.034000 0.496667 0.092000 0.346667
566 46.117000 0.496667 0.094000 0.400000
530 46.207667 0.488333 0.103333 0.476667
69 46.295333 0.503333 0.090667 0.493333
199 46.395667 0.503333 0.126000 0.506667
515 46.520667 0.488333 0.138667 0.436667
918 46.642000 0.505000 0.121333 0.403333
231 46.753667 0.508333 0.118000 0.476667
616 46.876667 0.495000 0.141333 0.350000
11 46.988000 0.490000 0.097333 0.313333
246 47.130333 0.508333 0.203333 1.016667
436 47.286667 0.508333 0.126667 0.336667
683 47.407667 0.495000 0.128667 0.376667
226 47.525000 0.488333 0.123333 0.516667
811 47.652000 0.510000 0.149333 0.446667
987 47.737000 0.490000 0.034000 0.260000
940 47.766000 0.491667 0.040000 0.290000
589 47.833667 0.510000 0.114000 0.486667
310 47.917333 0.496667 0.073333 0.413333
313 47.997333 0.501667 0.101333 0.390000
376 48.101333 0.501667 0.122667 0.370000
44 48.219000 0.498333 0.127333 0.510000
49 48.382667 0.496667 0.214667 1.073333
423 48.548000 0.488333 0.136000 0.503333
950 48.624333 0.508333 0.035333 0.290000
151 48.678000 0.501667 0.085333 0.410000
831 48.772000 0.496667 0.116000 0.506667
536 48.925333 0.506667 0.210667 1.053333
182 49.082000 0.498333 0.122667 0.410000
84 49.204000 0.508333 0.137333 0.376667
297 49.302667 0.503333 0.078667 0.406667
745 49.375333 0.500000 0.084000 0.313333
701 49.512333 0.505000 0.210000 1.050000
328 49.680667 0.493333 0.145333 0.380000
474 49.785000 0.496667 0.082000 0.426667
1013 49.837000 0.498333 0.040667 0.316667
774 49.880667 0.498333 0.066667 0.343333
664 49.967333 0.501667 0.126667 0.423333
609 50.055667 0.508333 0.068667 0.283333
60 50.113000 0.496667 0.062000 0.253333
1004 50.152333 0.490000 0.031333 0.253333
210 50.218000 0.488333 0.114667 0.463333
289 50.386333 0.510000 0.238000 0.460000
90 50.588667 0.490000 0.182667 0.913333
242 50.736000 0.508333 0.128000 0.503333
684 50.845333 0.496667 0.109333 0.380000
426 50.920667 0.503333 0.061333 0.366667
378 51.015000 0.506667 0.144667 0.386667
9 51.125000 0.500000 0.095333 0.373333
670 51.227000 0.501667 0.127333 0.436667
827 51.330000 0.508333 0.093333 0.443333
319 51.421000 0.490000 0.107333 0.386667
860 51.564000 0.493333 0.193333 0.966667
315 51.718333 0.500000 0.128667 0.480000
821 51.825333 0.510000 0.100000 0.706667
483 51.895667 0.498333 0.060667 0.363333
546 51.963667 0.508333 0.092667 0.336667
373 52.089000 0.508333 0.176667 0.883333
761 52.229000 0.503333 0.118000 0.346667
986 52.300000 0.503333 0.044000 0.340000
893 52.413000 0.490000 0.199333 0.593333
237 52.541667 0.505000 0.078000 0.523333
720 52.656333 0.508333 0.166000 0.503333
550 52.762000 0.503333 0.065333 0.320000
896 52.868000 0.490000 0.161333 0.440000
367 53.019333 0.498333 0.154667 0.416667
521 53.167667 0.508333 0.155333 0.776667
697 53.270333 0.495000 0.068667 0.343333
40 53.349667 0.495000 0.104667 0.396667
172 53.462667 0.496667 0.134667 0.513333
815 53.591333 0.506667 0.136000 0.386667
931 53.671333 0.493333 0.040000 0.313333
29 53.735667 0.496667 0.104667 0.293333
460 53.823667 0.500000 0.084667 0.426667
567 53.929000 0.501667 0.143333 0.576667
574 54.034333 0.500000 0.083333 0.340000
70 54.142000 0.503333 0.145333 0.473333
45 54.238000 0.500000 0.065333 0.326667
430 54.368667 0.503333 0.213333 1.066667
183 54.520667 0.506667 0.104000 0.426667
560 54.637333 0.508333 0.149333 0.456667
411 54.788000 0.493333 0.169333 0.360000
173 54.917333 0.505000 0.108000 0.490000
824 55.014667 0.510000 0.104000 0.473333
314 55.104667 0.503333 0.096000 0.360000
873 55.184333 0.490000 0.079333 0.380000
654 55.340667 0.493333 0.248000 0.480000
110 55.532667 0.501667 0.156000 0.556667
100 55.679333 0.490000 0.154667 0.773333
353 55.829667 0.503333 0.160667 0.433333
330 55.938333 0.493333 0.075333 0.286667
167 56.022333 0.495000 0.108667 0.416667
354 56.131667 0.496667 0.127333 0.366667
801 56.237667 0.505000 0.100667 0.383333
656 56.359000 0.491667 0.158000 0.410000
988 56.447000 0.488333 0.034000 0.276667
121 56.467333 0.503333 0.022667 0.406667
454 56.500667 0.506667 0.058667 0.306667
217 56.568333 0.510000 0.095333 0.486667
618 56.638000 0.491667 0.064000 0.403333
704 56.716333 0.493333 0.112667 0.400000
389 56.874667 0.500000 0.221333 1.106667
325 57.066000 0.490000 0.177333 0.886667
835 57.193333 0.510000 0.097333 0.406667
884 57.281333 0.496667 0.097333 0.326667
493 57.367667 0.493333 0.088667 0.473333
756 57.469667 0.491667 0.131333 0.376667
122 57.566333 0.506667 0.080667 0.306667
517 57.664000 0.496667 0.128000 0.400000
408 57.767000 0.491667 0.095333 0.363333
964 57.826667 0.491667 0.041333 0.310000
973 57.861333 0.488333 0.045333 0.350000
888 57.929667 0.493333 0.107333 0.366667
287 58.032333 0.505000 0.116667 0.423333
99 58.181667 0.491667 0.200667 1.003333
870 58.307333 0.498333 0.064000 0.336667
396 58.387333 0.498333 0.110667 0.296667
757 58.513000 0.491667 0.156667 0.490000
222 58.697333 0.510000 0.225333 1.126667
273 58.824667 0.510000 0.045333 0.300000
465 58.880000 0.490000 0.082667 0.426667
660 58.967667 0.495000 0.106000 0.390000
163 59.062667 0.505000 0.100000 0.350000
758 59.180000 0.496667 0.148000 0.493333
377 59.315667 0.508333 0.143333 0.396667
593 59.486000 0.496667 0.216000 1.080000
528 59.640000 0.495000 0.112000 0.370000
830 59.746333 0.505000 0.120667 0.530000
66 59.851667 0.501667 0.103333 0.610000
650 59.974333 0.505000 0.158000 0.516667
86 60.094667 0.491667 0.096000 0.443333
584 60.206667 0.501667 0.145333 0.423333
626 60.360667 0.501667 0.182667 0.616667
552 60.470333 0.501667 0.054000 0.343333
718 60.590333 0.508333 0.204667 0.530000
257 60.748333 0.488333 0.127333 0.403333
152 60.838000 0.501667 0.069333 0.316667
826 60.912000 0.495000 0.093333 0.390000
433 61.034000 0.500000 0.164000 0.426667
954 61.126333 0.510000 0.035333 0.266667
996 61.154667 0.491667 0.034667 0.270000
788 61.230000 0.488333 0.134667 0.423333
307 61.323000 0.501667 0.071333 0.396667
274 61.409333 0.491667 0.114667 0.536667
429 61.513000 0.506667 0.106000 0.366667
978 61.583000 0.506667 0.051333 0.386667
96 61.702667 0.500000 0.208000 1.040000
565 61.878667 0.503333 0.162667 0.333333
667 62.008333 0.506667 0.110000 0.393333
675 62.113667 0.510000 0.116667 0.393333
966 62.176667 0.506667 0.029333 0.240000
994 62.197333 0.510000 0.028000 0.233333
442 62.237000 0.488333 0.066000 0.396667
326 62.305667 0.491667 0.086000 0.396667
38 62.387667 0.496667 0.098000 0.326667
282 62.488000 0.498333 0.120000 0.423333
98 62.626333 0.491667 0.175333 0.376667
55 62.754667 0.490000 0.098667 0.260000
265 62.852667 0.501667 0.116000 0.450000
279 62.943333 0.491667 0.084000 0.463333
746 63.035000 0.490000 0.112667 0.393333
553 63.134667 0.501667 0.105333 0.356667
611 63.228667 0.508333 0.096000 0.363333
107 63.350000 0.493333 0.162667 0.813333
889 63.481000 0.498333 0.116667 0.363333
365 63.597000 0.496667 0.134000 0.366667
829 63.695000 0.493333 0.079333 0.380000
229 63.783000 0.503333 0.115333 0.466667
283 63.903000 0.488333 0.139333 0.470000
348 64.022333 0.491667 0.116667 0.323333
712 64.170333 0.498333 0.192667 0.490000
281 64.313333 0.506667 0.109333 0.373333
542 64.462333 0.498333 0.204667 1.023333
95 64.672667 0.495000 0.230667 0.496667
74 64.860667 0.495000 0.164000 0.503333
785 64.975667 0.508333 0.080667 0.350000
484 65.065333 0.490000 0.116000 0.446667
750 65.174000 0.495000 0.120000 0.450000
864 65.275667 0.503333 0.098000 0.386667
375 65.374333 0.510000 0.112667 0.313333
742 65.511000 0.498333 0.176667 0.883333
655 65.635000 0.493333 0.084667 0.353333
83 65.711333 0.490000 0.081333 0.400000
693 65.781000 0.501667 0.074000 0.363333
34 65.860333 0.491667 0.104667 0.330000
527 65.961000 0.490000 0.110000 0.346667
144 66.047667 0.488333 0.079333 0.330000
762 66.117667 0.488333 0.078000 0.330000
808 66.194000 0.490000 0.093333 0.426667
716 66.326333 0.490000 0.184667 0.506667
699 66.467667 0.488333 0.118000 0.356667
311 66.553000 0.505000 0.072667 0.316667
131 66.638000 0.501667 0.112000 0.436667
744 66.748667 0.493333 0.122667 0.500000
1015 66.820333 0.501667 0.036667 0.310000
427 66.922333 0.505000 0.180667 0.903333
402 67.082333 0.506667 0.158000 0.406667
234 67.201667 0.495000 0.094000 0.390000
489 67.280000 0.508333 0.076000 0.456667
754 67.376333 0.503333 0.130000 0.633333
1021 67.454333 0.495000 0.042000 0.343333
261 67.528333 0.506667 0.124667 0.566667
807 67.689333 0.503333 0.216000 1.080000
916 67.865667 0.505000 0.155333 0.776667
523 68.003333 0.490000 0.134667 0.420000
499 68.095667 0.501667 0.068667 0.416667
292 68.176667 0.496667 0.108000 0.406667
61 68.271667 0.491667 0.098000 0.496667
370 68.386000 0.498333 0.150667 0.410000
945 68.474667 0.498333 0.042667 0.350000
731 68.530000 0.506667 0.088000 0.453333
158 68.653333 0.510000 0.173333 0.866667
252 68.792000 0.503333 0.122667 0.473333
706 68.875667 0.501667 0.060667 0.303333
384 69.008667 0.510000 0.218667 1.093333
232 69.178333 0.500000 0.134000 0.540000
673 69.289667 0.495000 0.107333 0.343333
190 69.379667 0.500000 0.088667 0.386667
350 69.487667 0.506667 0.142000 0.393333
76 69.630333 0.503333 0.158000 0.486667
224 69.761000 0.493333 0.122000 0.526667
25 69.904667 0.500000 0.180000 0.900000
414 70.048667 0.496667 0.124000 0.626667
781 70.134667 0.488333 0.062667 0.323333
724 70.198000 0.490000 0.084000 0.546667
18 70.281000 0.501667 0.099333 0.330000
786 70.349333 0.503333 0.056000 0.346667
799 70.430667 0.506667 0.121333 0.453333
256 70.534667 0.495000 0.104000 0.396667
981 70.600667 0.496667 0.045333 0.353333
510 70.673000 0.503333 0.119333 0.386667
14 70.769667 0.498333 0.088667 0.303333
651 70.873667 0.508333 0.139333 0.463333
844 70.986333 0.510000 0.100667 0.420000
685 71.066000 0.493333 0.073333 0.300000
453 71.129000 0.496667 0.066000 0.366667
976 71.178333 0.498333 0.047333 0.363333
979 71.214333 0.495000 0.040667 0.330000
671 71.283333 0.493333 0.112000 0.373333
862 71.378000 0.501667 0.092000 0.416667
146 71.466333 0.498333 0.099333 0.436667
681 71.529000 0.500000 0.043333 0.393333
53 71.594667 0.506667 0.108000 0.386667
197 71.695333 0.495000 0.113333 0.456667
171 71.809333 0.498333 0.132000 0.463333
119 71.914333 0.488333 0.092667 0.543333
863 72.006000 0.488333 0.109333 0.523333
768 72.083667 0.501667 0.063333 0.150000
372 72.186333 0.498333 0.156667 0.423333
258 72.309333 0.503333 0.108000 0.360000
421 72.421333 0.488333 0.133333 0.423333
92 72.569667 0.488333 0.182000 0.910000
17 72.701333 0.490000 0.097333 0.326667
27 72.812000 0.506667 0.138667 0.466667
23 72.962000 0.503333 0.178667 0.893333
577 73.089000 0.501667 0.094000 0.363333
204 73.176667 0.510000 0.097333 0.386667
409 73.273000 0.508333 0.115333 0.576667
106 73.436667 0.493333 0.225333 1.126667
813 73.605333 0.496667 0.125333 0.426667
254 73.730333 0.501667 0.144667 0.550000
346 73.851667 0.490000 0.118000 0.366667
130 74.003667 0.503333 0.200667 0.426667
947 74.118333 0.506667 0.044667 0.346667
117 74.196000 0.500000 0.124000 0.380000
539 74.285333 0.501667 0.072000 0.323333
1017 74.332333 0.510000 0.040667 0.326667
791 74.385667 0.508333 0.084667 0.523333
592 74.498000 0.490000 0.154667 0.446667
1002 74.585333 0.493333 0.034667 0.280000
727 74.623000 0.488333 0.060667 0.376667
777 74.696333 0.501667 0.099333 0.416667
185 74.803000 0.501667 0.127333 0.523333
915 74.893333 0.506667 0.068000 0.553333
322 74.966333 0.491667 0.094000 0.170000
825 75.058000 0.490000 0.106667 0.473333
538 75.174667 0.501667 0.140000 0.316667
995 75.263333 0.496667 0.052000 0.380000
603 75.359333 0.501667 0.154667 0.323333
340 75.483667 0.500000 0.110000 0.340000
689 75.565667 0.490000 0.074000 0.360000
174 75.663667 0.506667 0.135333 0.473333
422 75.766667 0.490000 0.088000 0.320000
615 75.896667 0.490000 0.185333 0.926667
779 76.001333 0.505000 0.042667 0.410000
504 76.082000 0.493333 0.133333 0.380000
519 76.234000 0.503333 0.184000 0.920000
506 76.336667 0.501667 0.041333 0.450000
312 76.395000 0.510000 0.088667 0.313333
588 76.485667 0.496667 0.107333 0.460000
81 76.591333 0.496667 0.122667 0.486667
336 76.692333 0.500000 0.099333 0.480000
339 76.784333 0.505000 0.103333 0.570000
897 76.897667 0.500000 0.139333 0.393333
162 77.006333 0.503333 0.095333 0.360000
989 77.069333 0.505000 0.045333 0.336667
78 77.165000 0.493333 0.164667 0.373333
284 77.293667 0.505000 0.110000 0.403333
623 77.422333 0.506667 0.167333 0.560000
629 77.601000 0.498333 0.204667 1.023333
154 77.738667 0.510000 0.088000 0.433333
679 77.808667 0.490000 0.068000 0.420000
497 77.916333 0.496667 0.162000 0.413333
67 78.080333 0.508333 0.183333 0.916667
792 78.209000 0.490000 0.090000 0.373333
488 78.282333 0.505000 0.072667 0.363333
607 78.378000 0.510000 0.132000 0.400000
5 78.472667 0.510000 0.070667 0.320000
104 78.616333 0.493333 0.236667 0.513333
108 78.831667 0.495000 0.214000 0.463333
428 78.968333 0.500000 0.076667 0.500000
1018 79.017333 0.506667 0.034667 0.260000
299 79.082000 0.496667 0.108000 0.420000
752 79.163667 0.490000 0.072667 0.200000
687 79.234667 0.500000 0.089333 0.440000
729 79.283000 0.503333 0.022000 0.300000
642 79.328667 0.501667 0.086667 0.343333
820 79.407667 0.491667 0.087333 0.363333
368 79.523000 0.493333 0.159333 0.446667
415 79.703667 0.495000 0.220667 1.103333
41 79.870000 0.500000 0.125333 0.353333
198 80.008000 0.493333 0.166667 0.833333
72 80.131667 0.501667 0.096667 0.463333
2 80.209333 0.500000 0.076000 0.366667
668 80.286667 0.506667 0.094667 0.320000
905 80.407667 0.501667 0.160667 0.523333
169 80.549000 0.491667 0.135333 0.470000
605 80.668000 0.491667 0.117333 0.323333
928 80.740333 0.490000 0.040667 0.333333
930 80.775667 0.498333 0.044667 0.343333
469 80.816333 0.503333 0.055333 0.326667
941 80.858667 0.491667 0.042667 0.363333
208 80.932000 0.500000 0.124000 0.513333
75 81.064667 0.501667 0.161333 0.503333
267 81.235000 0.498333 0.192667 0.610000
1 81.353333 0.493333 0.062667 0.306667
658 81.408333 0.508333 0.064667 0.370000
0 81.456667 0.491667 0.046667 0.363333
819 81.540667 0.498333 0.136000 0.290000
533 81.660667 0.508333 0.120000 0.410000
179 81.774333 0.493333 0.126000 0.453333
456 81.855667 0.501667 0.052667 0.296667
347 81.928000 0.493333 0.106667 0.320000
452 82.001667 0.510000 0.056667 0.313333
496 82.073333 0.503333 0.105333 0.406667
220 82.174667 0.506667 0.112000 0.573333
932 82.249333 0.496667 0.050667 0.366667
178 82.313333 0.496667 0.097333 0.366667
157 82.436667 0.488333 0.168000 0.676667
997 82.529333 0.506667 0.032000 0.253333
352 82.610333 0.500000 0.146000 0.413333
1012 82.694333 0.495000 0.038000 0.310000
562 82.793000 0.491667 0.176667 0.370000
501 82.907667 0.493333 0.066000 0.300000
362 82.999667 0.493333 0.131333 0.406667
28 83.111667 0.500000 0.112667 0.433333
476 83.191000 0.508333 0.062000 0.363333
532 83.271667 0.493333 0.112667 0.573333
620 83.368667 0.496667 0.097333 0.413333
94 83.495000 0.505000 0.175333 0.876667
778 83.618333 0.500000 0.084667 0.546667
64 83.694000 0.488333 0.080000 0.416667
112 83.805667 0.491667 0.158000 0.523333
850 83.930667 0.490000 0.105333 0.493333
491 84.023333 0.496667 0.093333 0.453333
48 84.175000 0.495000 0.227333 0.410000
882 84.325667 0.510000 0.087333 0.340000
1005 84.382333 0.490000 0.044667 0.320000
726 84.443000 0.488333 0.090000 0.470000
160 84.521333 0.491667 0.080000 0.430000
613 84.635333 0.503333 0.168000 0.426667
331 84.819333 0.488333 0.220000 0.510000
266 84.992333 0.498333 0.146000 0.443333
652 85.144667 0.510000 0.177333 0.606667
405 85.282333 0.498333 0.114000 0.450000
492 85.365667 0.508333 0.068667 0.350000
124 85.434333 0.496667 0.087333 0.306667
118 85.511000 0.488333 0.084667 0.303333
201 85.597000 0.506667 0.103333 0.486667
760 85.708000 0.503333 0.132000 0.453333
702 85.876000 0.510000 0.222667 1.113333
36 86.031667 0.506667 0.106000 0.366667
529 86.138333 0.501667 0.124667 0.516667
1014 86.208667 0.506667 0.033333 0.266667
248 86.254333 0.498333 0.076667 0.416667
631 86.380667 0.496667 0.192000 0.960000
286 86.523667 0.490000 0.110000 0.406667
738 86.606667 0.505000 0.072000 0.356667
437 86.681667 0.510000 0.096667 0.486667
470 86.751333 0.493333 0.060000 0.326667
194 86.827333 0.493333 0.106667 0.500000
597 86.933333 0.493333 0.122667 0.366667
192 87.027000 0.503333 0.084667 0.406667
82 87.099333 0.510000 0.073333 0.493333
800 87.179000 0.491667 0.104667 0.376667
541 87.308000 0.495000 0.166667 0.343333
46 87.406333 0.500000 0.044667 0.386667
557 87.453000 0.498333 0.062000 0.436667
123 87.539333 0.488333 0.124000 0.750000
227 87.641667 0.505000 0.100667 0.403333
688 87.724667 0.508333 0.081333 0.396667
91 87.869000 0.501667 0.224667 0.476667
443 88.008000 0.510000 0.069333 0.393333
187 88.086667 0.488333 0.108000 0.543333
161 88.185000 0.488333 0.103333 0.383333
487 88.260667 0.495000 0.062667 0.336667
449 88.319000 0.503333 0.068667 0.353333
645 88.385333 0.506667 0.078667 0.360000
962 88.435333 0.498333 0.040000 0.316667
867 88.496000 0.488333 0.098667 0.330000
481 88.578000 0.491667 0.082667 0.423333
262 88.712333 0.491667 0.204667 1.023333
936 88.826333 0.503333 0.038000 0.300000
922 88.858333 0.500000 0.044667 0.340000
31 88.934667 0.498333 0.126667 0.376667
710 89.075333 0.495000 0.173333 0.443333
181 89.212667 0.508333 0.121333 0.423333
379 89.350333 0.488333 0.174000 0.870000
516 89.489333 0.503333 0.121333 0.393333
886 89.607000 0.495000 0.128667 0.443333
953 89.683333 0.500000 0.044000 0.340000
88 89.797667 0.508333 0.204667 0.430000
480 89.926333 0.501667 0.068667 0.356667
410 90.005667 0.493333 0.108667 0.546667
142 90.093667 0.501667 0.083333 0.350000
360 90.193333 0.488333 0.133333 0.403333
803 90.314667 0.498333 0.129333 0.376667
404 90.451667 0.501667 0.159333 0.796667
512 90.572000 0.488333 0.101333 0.316667
137 90.647333 0.500000 0.069333 0.346667
56 90.702667 0.510000 0.061333 0.093333
770 90.790000 0.508333 0.132000 0.396667
216 90.898333 0.510000 0.102000 0.506667
998 90.964333 0.498333 0.047333 0.343333
885 91.012333 0.493333 0.068667 0.320000
446 91.084333 0.495000 0.088667 0.443333
214 91.181333 0.510000 0.120000 0.480000
6 91.274667 0.510000 0.082667 0.300000
10 91.360333 0.510000 0.103333 0.360000
690 91.449667 0.510000 0.095333 0.466667
914 91.543667 0.505000 0.108667 0.323333
939 91.616333 0.498333 0.050000 0.363333
235 91.689333 0.510000 0.109333 0.540000
32 91.786000 0.510000 0.101333 0.373333
473 91.861667 0.498333 0.063333 0.370000
259 91.973000 0.498333 0.172667 0.863333
590 92.106000 0.488333 0.108000 0.456667
30 92.224000 0.508333 0.141333 0.403333
195 92.327667 0.500000 0.083333 0.420000
59 92.453000 0.500000 0.187333 0.473333
749 92.586000 0.506667 0.098667 0.426667
653 92.703000 0.500000 0.154000 0.493333
865 92.821000 0.493333 0.096667 0.320000
1008 92.877333 0.495000 0.033333 0.256667
303 92.920000 0.510000 0.068000 0.380000
595 93.001333 0.495000 0.114667 0.336667
508 93.083333 0.488333 0.068000 0.356667
364 93.198667 0.493333 0.177333 0.886667
398 93.316667 0.501667 0.077333 0.416667
547 93.386000 0.501667 0.081333 0.470000
420 93.472000 0.493333 0.108000 0.386667
263 93.592000 0.498333 0.145333 0.476667
902 93.732333 0.498333 0.151333 0.443333
50 93.878667 0.501667 0.157333 0.463333
551 94.001000 0.496667 0.106000 0.333333
1016 94.061667 0.501667 0.028667 0.243333
846 94.125000 0.488333 0.115333 0.570000
614 94.262667 0.506667 0.173333 0.446667
397 94.380333 0.491667 0.082000 0.363333
970 94.437667 0.498333 0.051333 0.370000
486 94.480333 0.496667 0.052667 0.293333
635 94.536000 0.500000 0.078667 0.326667
832 94.623667 0.501667 0.110000 0.450000
585 94.743333 0.488333 0.145333 0.470000
164 94.875333 0.506667 0.133333 0.466667
275 94.961333 0.490000 0.053333 0.346667
842 95.039667 0.505000 0.116667 0.523333
200 95.141000 0.508333 0.106000 0.450000
1010 95.204667 0.501667 0.040000 0.296667
168 95.298000 0.493333 0.166667 0.833333
316 95.430667 0.506667 0.116000 0.420000
963 95.503667 0.491667 0.048667 0.350000
1011 95.542667 0.496667 0.042667 0.326667
535 95.642000 0.493333 0.169333 0.386667
386 95.779333 0.491667 0.122667 0.336667
715 95.934333 0.500000 0.202000 0.533333
641 96.064667 0.505000 0.076000 0.356667
899 96.157000 0.496667 0.122000 0.340000
412 96.245000 0.493333 0.072667 0.373333
1023 96.295333 0.498333 0.048000 0.363333
425 96.356000 0.505000 0.089333 0.516667
126 96.483333 0.496667 0.178667 0.893333
351 96.665333 0.500000 0.201333 1.006667
143 96.795000 0.505000 0.078000 0.330000
686 96.870000 0.488333 0.090667 0.443333
177 96.959333 0.491667 0.106667 0.383333
659 97.055667 0.498333 0.106000 0.450000
495 97.135667 0.490000 0.068667 0.333333
184 97.219667 0.505000 0.116667 0.470000
974 97.292333 0.503333 0.046000 0.360000
887 97.379000 0.496667 0.143333 0.433333
622 97.529333 0.490000 0.173333 0.866667
591 97.688667 0.506667 0.164000 0.493333
247 97.804667 0.503333 0.084000 0.326667
789 97.873667 0.503333 0.067333 0.406667
908 97.943667 0.488333 0.087333 0.323333
42 98.006667 0.503333 0.058667 0.326667
344 98.107000 0.491667 0.160667 0.456667
797 98.230667 0.503333 0.100000 0.380000
1000 98.292667 0.496667 0.037333 0.300000
250 98.363667 0.493333 0.119333 0.593333
293 98.466667 0.488333 0.101333 0.423333
463 98.544333 0.495000 0.074000 0.383333
291 98.639333 0.495000 0.130667 0.510000
804 98.799000 0.501667 0.208667 1.043333
12 98.941333 0.495000 0.090667 0.323333
400 99.003667 0.503333 0.052667 0.473333
984 99.046667 0.491667 0.052000 0.376667
812 99.119000 0.505000 0.107333 0.283333
883 99.274667 0.488333 0.221333 0.476667
640 99.417000 0.508333 0.076667 0.390000
783 99.501333 0.510000 0.105333 0.566667
795 99.583667 0.503333 0.075333 0.446667
646 99.654667 0.498333 0.081333 0.363333
665 99.753000 0.503333 0.130000 0.440000
809 99.863000 0.510000 0.103333 0.533333
302 99.945000 0.496667 0.074000 0.420000
471 100.009000 0.508333 0.068667 0.350000
856 100.114667 0.506667 0.162667 0.400000
1009 100.207667 0.488333 0.036667 0.276667
843 100.324333 0.488333 0.214000 1.070000
245 100.448333 0.506667 0.051333 0.273333
871 100.499000 0.510000 0.066000 0.300000
572 100.576667 0.505000 0.106667 0.416667
464 100.654667 0.501667 0.065333 0.343333
696 100.745667 0.496667 0.132667 0.300000
834 100.861333 0.501667 0.112000 0.463333
188 100.964333 0.496667 0.107333 0.440000
666 101.059000 0.500000 0.099333 0.380000
68 101.172333 0.506667 0.142000 0.413333
260 101.299333 0.498333 0.125333 0.330000
526 101.416333 0.510000 0.123333 0.340000
387 101.543333 0.505000 0.144000 0.390000
951 101.627667 0.496667 0.042000 0.313333
625 101.731333 0.506667 0.185333 0.620000
468 101.849667 0.501667 0.066000 0.343333
16 101.930333 0.493333 0.114000 0.393333
713 102.078000 0.510000 0.201333 1.006667
225 102.221667 0.505000 0.099333 0.503333
787 102.298000 0.505000 0.072000 0.443333
972 102.348667 0.491667 0.042667 0.336667
140 102.411000 0.500000 0.096667 0.520000
494 102.487667 0.500000 0.071333 0.360000
3 102.553333 0.506667 0.077333 0.360000
600 102.645000 0.491667 0.120667 0.370000
677 102.752667 0.498333 0.114667 0.370000
564 102.873000 0.508333 0.144667 0.303333
543 103.036000 0.490000 0.201333 0.633333
692 103.171333 0.508333 0.082667 0.410000
748 103.256000 0.505000 0.102667 0.350000
644 103.345333 0.510000 0.092000 0.466667
115 103.408000 0.496667 0.050667 0.286667
417 103.474667 0.495000 0.100000 0.483333
694 103.557667 0.496667 0.079333 0.386667
619 103.641667 0.508333 0.108667 0.563333
569 103.735000 0.510000 0.092667 0.386667
