599 0.067000 0.503333 0.127333 0.393333
798 0.171667 0.503333 0.100667 0.373333
904 0.252333 0.498333 0.078000 0.416667
251 0.307333 0.496667 0.050667 0.286667
1011 0.343333 0.493333 0.037333 0.300000
813 0.428000 0.490000 0.150667 0.373333
37 0.544667 0.503333 0.100000 0.340000
508 0.622333 0.498333 0.070000 0.423333
582 0.710333 0.495000 0.123333 0.463333
534 0.804667 0.510000 0.078667 0.306667
642 0.877000 0.490000 0.084667 0.346667
26 0.976667 0.495000 0.132000 0.450000
29 1.093333 0.498333 0.117333 0.316667
267 1.240000 0.500000 0.192000 0.580000
1023 1.349667 0.508333 0.044667 0.363333
124 1.408667 0.505000 0.093333 0.343333
13 1.502000 0.495000 0.113333 0.363333
752 1.582000 0.495000 0.060000 0.170000
648 1.643000 0.510000 0.080667 0.360000
898 1.752000 0.498333 0.152000 0.416667
276 1.851667 0.495000 0.067333 0.403333
618 1.911667 0.488333 0.068667 0.416667
260 2.018000 0.503333 0.162667 0.433333
761 2.153333 0.493333 0.125333 0.393333
843 2.258000 0.505000 0.098667 0.463333
569 2.347333 0.501667 0.096000 0.396667
128 2.463333 0.510000 0.149333 0.433333
967 2.549000 0.496667 0.038000 0.280000
240 2.594333 0.488333 0.071333 0.363333
278 2.687000 0.503333 0.131333 0.406667
636 2.805667 0.508333 0.123333 0.276667
672 2.920000 0.501667 0.118667 0.450000
791 3.012000 0.490000 0.080000 0.480000
16 3.099667 0.491667 0.108667 0.363333
66 3.191333 0.491667 0.089333 0.550000
834 3.283333 0.505000 0.110667 0.516667
871 3.360667 0.500000 0.064000 0.313333
250 3.472667 0.506667 0.174667 0.873333
631 3.629000 0.488333 0.155333 0.776667
943 3.717667 0.503333 0.039333 0.293333
641 3.775333 0.503333 0.092000 0.446667
81 3.860333 0.493333 0.094000 0.380000
24 3.973667 0.508333 0.150000 0.510000
474 4.069667 0.493333 0.062000 0.360000
581 4.134333 0.503333 0.082000 0.393333
346 4.243667 0.491667 0.156667 0.423333
361 4.391000 0.488333 0.158000 0.430000
156 4.541333 0.496667 0.158667 0.386667
449 4.647667 0.503333 0.072667 0.400000
988 4.692667 0.505000 0.034667 0.296667
646 4.737667 0.506667 0.070000 0.326667
407 4.822000 0.496667 0.114667 0.440000
348 4.936333 0.496667 0.127333 0.380000
198 5.069000 0.501667 0.158000 0.790000
258 5.190000 0.490000 0.104000 0.380000
356 5.304333 0.503333 0.139333 0.420000
257 5.425333 0.495000 0.120000 0.370000
785 5.508000 0.488333 0.064000 0.263333
838 5.575667 0.498333 0.090000 0.396667
563 5.677333 0.496667 0.128000 0.260000
10 5.775000 0.498333 0.087333 0.316667
507 5.846000 0.508333 0.068000 0.363333
583 5.893333 0.510000 0.046667 0.320000
336 5.968667 0.510000 0.121333 0.573333
799 6.076667 0.491667 0.112000 0.443333
360 6.203000 0.501667 0.160667 0.483333
134 6.324667 0.500000 0.098667 0.306667
409 6.460333 0.505000 0.191333 0.956667
63 6.594000 0.496667 0.093333 0.333333
472 6.669000 0.493333 0.070000 0.366667
552 6.720000 0.496667 0.049333 0.326667
769 6.796667 0.498333 0.117333 0.350000
770 6.906667 0.498333 0.121333 0.356667
854 7.042333 0.495000 0.164667 0.496667
80 7.160333 0.500000 0.087333 0.453333
28 7.252000 0.510000 0.116000 0.420000
775 7.340667 0.505000 0.080000 0.403333
464 7.404667 0.500000 0.064000 0.333333
465 7.454333 0.500000 0.054000 0.320000
200 7.562000 0.503333 0.181333 0.906667
804 7.728333 0.510000 0.170000 0.493333
161 7.851667 0.490000 0.096667 0.346667
1005 7.912000 0.496667 0.037333 0.280000
597 7.980000 0.493333 0.117333 0.360000
867 8.084333 0.491667 0.104667 0.330000
418 8.178000 0.503333 0.096000 0.466667
106 8.314667 0.506667 0.197333 0.986667
352 8.474000 0.503333 0.134667 0.386667
366 8.613000 0.495000 0.160667 0.463333
354 8.763667 0.508333 0.158000 0.416667
954 8.852000 0.506667 0.034667 0.260000
331 9.001333 0.493333 0.277333 0.633333
1002 9.147333 0.495000 0.034667 0.263333
405 9.208667 0.500000 0.105333 0.413333
557 9.284667 0.503333 0.065333 0.453333
30 9.384000 0.510000 0.148000 0.440000
797 9.494000 0.508333 0.090667 0.330000
73 9.594333 0.505000 0.128667 0.403333
994 9.669667 0.496667 0.039333 0.326667
362 9.753000 0.501667 0.142000 0.390000
247 9.853667 0.493333 0.072667 0.306667
211 9.942000 0.493333 0.122667 0.500000
363 10.073667 0.500000 0.158000 0.426667
666 10.214333 0.510000 0.136667 0.473333
736 10.301000 0.510000 0.055333 0.320000
558 10.365000 0.505000 0.087333 0.430000
881 10.475000 0.490000 0.151333 0.513333
486 10.580333 0.506667 0.075333 0.446667
244 10.694000 0.501667 0.166667 0.450000
500 10.811333 0.500000 0.085333 0.373333
237 10.882667 0.493333 0.074667 0.533333
766 10.966000 0.503333 0.112000 0.326667
281 11.080667 0.488333 0.130667 0.470000
948 11.155000 0.495000 0.036667 0.296667
855 11.209333 0.503333 0.086667 0.226667
109 11.326667 0.500000 0.162667 0.813333
381 11.456667 0.498333 0.110667 0.330000
296 11.562000 0.506667 0.116000 0.453333
823 11.647667 0.493333 0.075333 0.386667
385 11.734333 0.495000 0.115333 0.363333
989 11.802000 0.493333 0.040000 0.286667
946 11.831667 0.495000 0.034000 0.256667
120 11.942000 0.491667 0.202667 0.570000
59 12.137667 0.491667 0.203333 0.510000
269 12.310000 0.503333 0.154667 0.773333
49 12.486333 0.508333 0.215333 1.076667
56 12.626333 0.500000 0.079333 0.113333
253 12.685667 0.506667 0.059333 0.580000
1020 12.730000 0.496667 0.046667 0.346667
524 12.798333 0.510000 0.110000 0.346667
463 12.872667 0.495000 0.057333 0.336667
844 12.956667 0.496667 0.125333 0.560000
890 13.056667 0.506667 0.094667 0.420000
969 13.111000 0.505000 0.031333 0.256667
730 13.174000 0.503333 0.110667 0.406667
395 13.304667 0.493333 0.165333 0.826667
1017 13.398333 0.508333 0.036667 0.310000
469 13.436333 0.493333 0.054000 0.320000
479 13.489000 0.490000 0.070000 0.413333
652 13.584333 0.490000 0.136667 0.466667
197 13.706333 0.488333 0.120667 0.483333
749 13.813000 0.488333 0.108667 0.470000
384 13.930333 0.503333 0.140667 0.406667
889 14.062000 0.505000 0.142667 0.456667
686 14.176333 0.498333 0.103333 0.503333
284 14.284667 0.501667 0.133333 0.490000
353 14.422667 0.506667 0.158667 0.480000
301 14.524333 0.490000 0.060667 0.340000
921 14.583667 0.503333 0.071333 0.426667
544 14.662333 0.510000 0.100667 0.393333
144 14.752667 0.491667 0.097333 0.403333
95 14.887667 0.488333 0.188667 0.943333
46 14.997333 0.508333 0.050667 0.450000
217 15.068000 0.496667 0.104000 0.413333
131 15.204667 0.503333 0.182667 0.913333
886 15.350333 0.506667 0.127333 0.426667
866 15.477333 0.506667 0.140000 0.386667
1004 15.558333 0.491667 0.038000 0.296667
194 15.623333 0.508333 0.106667 0.543333
602 15.733000 0.488333 0.130000 0.403333
574 15.841000 0.496667 0.103333 0.420000
168 15.935333 0.505000 0.098667 0.370000
935 15.997000 0.488333 0.039333 0.303333
572 16.058000 0.496667 0.102667 0.426667
358 16.173000 0.498333 0.147333 0.430000
417 16.283667 0.490000 0.091333 0.440000
588 16.367667 0.493333 0.090000 0.393333
787 16.444667 0.493333 0.080000 0.500000
564 16.563000 0.490000 0.172667 0.353333
192 16.691000 0.498333 0.098000 0.436667
227 16.778333 0.498333 0.095333 0.483333
114 16.867000 0.503333 0.102000 0.506667
669 16.959667 0.503333 0.102000 0.346667
345 17.080333 0.495000 0.155333 0.430000
877 17.192000 0.490000 0.085333 0.433333
690 17.274000 0.503333 0.098667 0.480000
705 17.387333 0.488333 0.148000 0.470000
729 17.466667 0.495000 0.028000 0.376667
215 17.525333 0.508333 0.104000 0.496667
117 17.639333 0.491667 0.138667 0.423333
338 17.765667 0.506667 0.131333 0.673333
460 17.867667 0.493333 0.090000 0.460000
216 17.946000 0.496667 0.085333 0.373333
978 18.002667 0.498333 0.045333 0.350000
562 18.096667 0.505000 0.162667 0.336667
54 18.205667 0.508333 0.074000 0.416667
743 18.277000 0.496667 0.088667 0.373333
8 18.373000 0.498333 0.119333 0.470000
906 18.491667 0.510000 0.135333 0.373333
174 18.606000 0.496667 0.106667 0.373333
863 18.704667 0.498333 0.108000 0.523333
872 18.820000 0.495000 0.142667 0.403333
1013 18.899000 0.490000 0.034000 0.260000
209 18.951667 0.495000 0.084667 0.403333
733 19.032333 0.493333 0.092667 0.546667
298 19.107333 0.496667 0.073333 0.373333
230 19.217000 0.488333 0.162000 0.810000
119 19.329333 0.510000 0.081333 0.473333
519 19.416667 0.500000 0.108000 0.346667
818 19.518000 0.498333 0.109333 0.303333
717 19.674667 0.496667 0.222667 1.113333
942 19.797333 0.491667 0.038667 0.330000
243 19.895333 0.490000 0.172000 0.860000
992 19.991667 0.501667 0.034000 0.283333
977 20.019333 0.508333 0.034667 0.270000
459 20.067667 0.508333 0.075333 0.443333
484 20.157000 0.506667 0.123333 0.453333
909 20.264000 0.496667 0.108000 0.473333
939 20.329333 0.491667 0.042667 0.350000
754 20.396667 0.490000 0.108000 0.526667
62 20.479000 0.498333 0.074000 0.343333
679 20.559667 0.505000 0.103333 0.596667
941 20.621667 0.508333 0.036667 0.270000
584 20.705667 0.501667 0.147333 0.450000
57 20.795667 0.498333 0.050000 0.310000
450 20.847667 0.500000 0.070000 0.413333
482 20.903667 0.501667 0.060667 0.323333
764 20.960667 0.490000 0.066667 0.326667
341 21.031667 0.496667 0.094000 0.386667
473 21.106333 0.510000 0.074000 0.393333
774 21.161000 0.510000 0.055333 0.293333
571 21.226667 0.498333 0.093333 0.383333
543 21.356000 0.495000 0.184000 0.563333
700 21.510333 0.495000 0.143333 0.576667
246 21.653667 0.488333 0.160667 0.803333
414 21.785667 0.508333 0.118000 0.603333
1001 21.857333 0.503333 0.038667 0.286667
136 21.936667 0.488333 0.137333 0.516667
1019 22.017333 0.505000 0.038667 0.310000
724 22.074667 0.501667 0.089333 0.496667
400 22.140000 0.490000 0.057333 0.520000
625 22.250667 0.493333 0.177333 0.586667
478 22.364000 0.493333 0.062667 0.346667
738 22.432000 0.490000 0.090667 0.420000
674 22.534667 0.501667 0.133333 0.450000
676 22.656333 0.500000 0.124667 0.466667
702 22.790333 0.493333 0.156667 0.493333
470 22.889667 0.496667 0.058000 0.300000
883 22.991333 0.500000 0.160000 0.800000
899 23.120667 0.490000 0.117333 0.346667
810 23.230000 0.491667 0.120000 0.496667
432 23.355000 0.488333 0.143333 0.283333
565 23.492333 0.508333 0.148667 0.303333
322 23.609000 0.491667 0.099333 0.150000
443 23.692667 0.493333 0.086667 0.440000
6 23.776667 0.495000 0.100000 0.370000
33 23.879000 0.508333 0.120667 0.430000
429 23.974667 0.503333 0.089333 0.320000
857 24.128333 0.501667 0.231333 0.516667
517 24.294667 0.510000 0.118667 0.386667
165 24.400333 0.496667 0.107333 0.400000
996 24.465667 0.495000 0.043333 0.310000
1015 24.503333 0.503333 0.045333 0.353333
11 24.580333 0.496667 0.122000 0.420000
387 24.703667 0.491667 0.139333 0.396667
185 24.806000 0.498333 0.082667 0.403333
285 24.908667 0.501667 0.137333 0.443333
266 25.071667 0.495000 0.207333 1.036667
824 25.223333 0.488333 0.113333 0.470000
629 25.361000 0.510000 0.182000 0.626667
85 25.495667 0.501667 0.100667 0.403333
944 25.553333 0.493333 0.032000 0.260000
157 25.653333 0.498333 0.182667 0.743333
516 25.800667 0.493333 0.128000 0.420000
398 25.893333 0.508333 0.073333 0.396667
389 25.982000 0.490000 0.117333 0.313333
90 26.122000 0.500000 0.177333 0.886667
972 26.221000 0.510000 0.039333 0.300000
870 26.262667 0.501667 0.060000 0.316667
852 26.331000 0.501667 0.095333 0.396667
69 26.417333 0.493333 0.094667 0.473333
406 26.512000 0.498333 0.110667 0.423333
633 26.655667 0.508333 0.191333 0.536667
773 26.816333 0.491667 0.144667 0.383333
817 26.951333 0.505000 0.142667 0.503333
721 27.102333 0.503333 0.179333 0.453333
84 27.235667 0.493333 0.107333 0.300000
827 27.328000 0.503333 0.090667 0.440000
339 27.409333 0.490000 0.085333 0.440000
22 27.509333 0.501667 0.128000 0.430000
3 27.607667 0.493333 0.084667 0.393333
455 27.676333 0.501667 0.066000 0.336667
282 27.769333 0.506667 0.134667 0.480000
619 27.875333 0.493333 0.092000 0.513333
568 27.973333 0.503333 0.117333 0.586667
325 28.104000 0.493333 0.162667 0.813333
335 28.236000 0.500000 0.120000 0.380000
100 28.396667 0.500000 0.221333 1.106667
678 28.554333 0.488333 0.108667 0.383333
828 28.657333 0.496667 0.114667 0.473333
965 28.730333 0.500000 0.048667 0.366667
681 28.771667 0.495000 0.048667 0.456667
575 28.840333 0.508333 0.103333 0.356667
1000 28.904000 0.493333 0.042667 0.320000
67 29.006333 0.498333 0.180667 0.903333
186 29.148667 0.505000 0.118667 0.470000
998 29.219667 0.496667 0.039333 0.320000
768 29.270000 0.505000 0.076000 0.203333
103 29.415667 0.505000 0.230000 0.490000
740 29.594667 0.493333 0.145333 0.333333
509 29.714333 0.488333 0.111333 0.370000
183 29.811000 0.508333 0.095333 0.390000
587 29.916667 0.493333 0.136000 0.420000
77 30.029667 0.506667 0.104667 0.260000
781 30.106333 0.510000 0.063333 0.326667
104 30.208000 0.510000 0.158667 0.793333
342 30.309333 0.500000 0.064000 0.293333
910 30.401333 0.510000 0.134667 0.426667
214 30.505000 0.488333 0.086000 0.356667
623 30.629333 0.498333 0.180000 0.590000
903 30.768000 0.506667 0.112000 0.306667
309 30.851333 0.500000 0.073333 0.413333
187 30.921667 0.491667 0.083333 0.356667
74 31.013667 0.510000 0.119333 0.366667
795 31.100667 0.506667 0.072000 0.433333
604 31.184667 0.493333 0.112000 0.333333
964 31.251667 0.491667 0.040667 0.343333
958 31.282000 0.496667 0.034667 0.260000
433 31.371667 0.491667 0.164667 0.356667
295 31.502667 0.503333 0.114667 0.493333
974 31.569333 0.493333 0.038667 0.300000
164 31.643333 0.505000 0.128000 0.456667
327 31.766667 0.498333 0.132000 0.383333
788 31.920000 0.503333 0.194667 0.973333
869 32.041667 0.498333 0.066000 0.436667
680 32.119000 0.508333 0.107333 0.370000
439 32.226667 0.508333 0.121333 0.496667
263 32.380333 0.508333 0.199333 0.996667
392 32.539667 0.500000 0.135333 0.386667
219 32.656333 0.500000 0.116667 0.553333
415 32.783667 0.495000 0.155333 0.776667
837 32.897667 0.501667 0.086000 0.416667
122 32.982333 0.491667 0.098000 0.343333
538 33.122333 0.496667 0.199333 0.486667
710 33.294333 0.493333 0.162000 0.440000
732 33.414333 0.498333 0.092667 0.483333
195 33.516000 0.496667 0.125333 0.506667
123 33.683333 0.506667 0.228000 1.140000
556 33.831667 0.495000 0.082000 0.330000
15 33.909000 0.498333 0.088667 0.290000
914 34.015333 0.503333 0.141333 0.426667
101 34.163333 0.500000 0.169333 0.846667
283 34.307667 0.500000 0.134000 0.460000
846 34.422333 0.495000 0.114000 0.476667
326 34.517000 0.498333 0.092667 0.416667
535 34.640333 0.496667 0.174000 0.420000
228 34.777333 0.508333 0.118667 0.483333
467 34.863667 0.506667 0.071333 0.360000
748 34.934000 0.508333 0.085333 0.310000
912 35.019333 0.491667 0.101333 0.436667
221 35.116000 0.495000 0.110667 0.490000
726 35.202333 0.501667 0.080667 0.423333
189 35.283333 0.510000 0.094667 0.393333
627 35.421333 0.493333 0.197333 0.986667
171 35.576667 0.505000 0.129333 0.450000
839 35.690667 0.501667 0.114667 0.490000
611 35.790667 0.488333 0.105333 0.416667
634 35.879000 0.498333 0.086000 0.356667
340 35.972333 0.495000 0.114000 0.336667
807 36.126000 0.503333 0.212000 1.060000
777 36.278333 0.501667 0.112667 0.490000
640 36.361000 0.488333 0.066000 0.330000
275 36.420333 0.506667 0.068667 0.420000
802 36.537000 0.506667 0.179333 0.446667
815 36.689667 0.500000 0.142000 0.500000
763 36.779333 0.493333 0.052000 0.393333
725 36.866000 0.505000 0.136000 0.576667
231 37.022667 0.503333 0.193333 0.966667
288 37.176667 0.490000 0.133333 0.500000
622 37.322667 0.490000 0.173333 0.580000
609 37.433667 0.488333 0.066000 0.270000
236 37.507000 0.490000 0.100667 0.446667
712 37.656000 0.490000 0.216000 0.586667
321 37.802333 0.488333 0.092667 0.370000
1022 37.857000 0.495000 0.035333 0.276667
578 37.914000 0.501667 0.096000 0.376667
31 38.028000 0.496667 0.148000 0.426667
511 38.151667 0.498333 0.119333 0.376667
343 38.262667 0.505000 0.121333 0.356667
88 38.421333 0.491667 0.214667 0.456667
1010 38.537000 0.505000 0.035333 0.270000
1006 38.568667 0.501667 0.044000 0.330000
98 38.673333 0.506667 0.178667 0.893333
658 38.779667 0.496667 0.052667 0.306667
487 38.840000 0.501667 0.082667 0.423333
929 38.890667 0.490000 0.034667 0.260000
121 38.909000 0.508333 0.018000 0.343333
65 38.949000 0.491667 0.078000 0.196667
934 38.995667 0.495000 0.035333 0.290000
840 39.056333 0.500000 0.099333 0.446667
86 39.147333 0.488333 0.101333 0.436667
830 39.246333 0.505000 0.112667 0.536667
545 39.337000 0.503333 0.083333 0.340000
224 39.415000 0.491667 0.088667 0.436667
707 39.502333 0.493333 0.100667 0.460000
115 39.569333 0.508333 0.049333 0.290000
829 39.636000 0.506667 0.097333 0.460000
312 39.735667 0.491667 0.118000 0.410000
585 39.859000 0.490000 0.147333 0.453333
394 40.029667 0.495000 0.211333 1.056667
960 40.152000 0.495000 0.048000 0.350000
878 40.219000 0.498333 0.106000 0.536667
751 40.309667 0.500000 0.090000 0.366667
220 40.396000 0.501667 0.098667 0.416667
800 40.476667 0.503333 0.080000 0.286667
734 40.593667 0.506667 0.168667 0.446667
137 40.699000 0.500000 0.062000 0.326667
687 40.765667 0.488333 0.086000 0.416667
1012 40.817000 0.505000 0.034000 0.276667
894 40.878000 0.491667 0.108000 0.336667
793 40.969667 0.491667 0.095333 0.390000
427 41.073000 0.500000 0.124667 0.600000
814 41.195000 0.505000 0.135333 0.423333
789 41.295000 0.510000 0.078000 0.480000
650 41.406667 0.495000 0.164000 0.530000
756 41.546667 0.500000 0.133333 0.420000
831 41.653000 0.498333 0.099333 0.483333
512 41.746333 0.506667 0.100667 0.320000
865 41.844000 0.491667 0.110667 0.390000
520 41.945000 0.496667 0.111333 0.373333
510 42.055333 0.506667 0.122667 0.380000
503 42.190667 0.503333 0.164000 0.480000
52 42.317000 0.491667 0.103333 0.356667
401 42.393333 0.491667 0.069333 0.383333
180 42.468333 0.490000 0.095333 0.346667
169 42.560000 0.491667 0.105333 0.370000
720 42.685667 0.505000 0.166000 0.436667
665 42.807667 0.505000 0.098000 0.350000
913 42.905333 0.503333 0.112000 0.340000
811 43.016000 0.495000 0.122667 0.290000
981 43.087667 0.508333 0.035333 0.270000
279 43.139333 0.505000 0.086667 0.490000
332 43.295333 0.501667 0.244000 0.576667
533 43.466000 0.488333 0.116000 0.396667
999 43.535000 0.508333 0.038000 0.276667
786 43.580333 0.503333 0.071333 0.440000
908 43.662667 0.498333 0.109333 0.410000
808 43.752667 0.503333 0.086667 0.313333
328 43.886000 0.495000 0.194667 0.490000
644 44.014333 0.510000 0.080667 0.400000
876 44.138000 0.500000 0.186667 0.933333
744 44.286333 0.508333 0.124667 0.510000
495 44.373333 0.490000 0.065333 0.353333
541 44.498000 0.506667 0.204000 0.446667
922 44.611000 0.501667 0.035333 0.296667
444 44.651333 0.510000 0.062667 0.333333
772 44.755000 0.490000 0.158000 0.446667
420 44.873667 0.488333 0.096667 0.370000
821 44.962000 0.510000 0.100000 0.720000
741 45.059333 0.508333 0.112000 0.396667
490 45.144667 0.510000 0.074667 0.393333
536 45.254333 0.501667 0.159333 0.796667
143 45.370000 0.491667 0.086667 0.370000
193 45.454333 0.493333 0.099333 0.440000
410 45.548667 0.503333 0.106667 0.473333
806 45.671333 0.493333 0.154667 0.773333
586 45.817000 0.500000 0.151333 0.480000
907 45.946000 0.495000 0.125333 0.423333
900 46.054333 0.505000 0.106000 0.316667
809 46.163667 0.508333 0.127333 0.656667
252 46.289000 0.500000 0.143333 0.560000
608 46.407000 0.500000 0.107333 0.360000
951 46.466333 0.498333 0.031333 0.250000
375 46.550000 0.508333 0.150667 0.450000
458 46.644000 0.491667 0.056000 0.303333
606 46.723000 0.510000 0.118000 0.353333
626 46.861333 0.501667 0.174667 0.596667
337 47.045667 0.505000 0.211333 1.056667
78 47.227000 0.490000 0.171333 0.420000
980 47.329000 0.500000 0.047333 0.366667
413 47.418333 0.501667 0.147333 0.616667
525 47.538667 0.503333 0.110667 0.373333
546 47.626000 0.501667 0.080000 0.303333
610 47.714667 0.488333 0.116000 0.356667
920 47.810000 0.501667 0.090667 0.330000
287 47.906000 0.491667 0.117333 0.436667
448 47.990667 0.505000 0.070667 0.363333
151 48.054667 0.508333 0.073333 0.336667
703 48.138667 0.488333 0.113333 0.430000
506 48.201000 0.495000 0.031333 0.336667
494 48.243000 0.498333 0.066000 0.356667
451 48.297667 0.488333 0.063333 0.336667
167 48.435000 0.491667 0.227333 1.136667
932 48.557667 0.510000 0.034000 0.260000
783 48.617000 0.501667 0.103333 0.550000
559 48.699333 0.490000 0.074667 0.366667
570 48.778667 0.498333 0.104000 0.430000
292 48.876000 0.508333 0.108000 0.416667
2 48.966667 0.491667 0.086667 0.443333
986 49.017000 0.510000 0.031333 0.246667
175 49.091000 0.510000 0.130000 0.473333
388 49.229667 0.500000 0.162000 0.473333
218 49.405333 0.490000 0.204000 1.020000
368 49.570000 0.506667 0.142667 0.400000
952 49.655667 0.496667 0.043333 0.340000
349 49.736667 0.501667 0.137333 0.390000
983 49.818667 0.493333 0.044000 0.340000
696 49.893333 0.493333 0.124000 0.280000
976 49.963333 0.506667 0.029333 0.246667
0 49.988333 0.496667 0.038000 0.306667
9 50.055333 0.508333 0.110667 0.456667
577 50.163000 0.501667 0.118000 0.463333
369 50.329000 0.495000 0.227333 1.136667
612 50.521667 0.505000 0.171333 0.856667
630 50.671000 0.488333 0.147333 0.496667
670 50.792333 0.491667 0.115333 0.416667
746 50.898667 0.500000 0.112000 0.406667
759 51.018667 0.496667 0.148000 0.433333
87 51.168333 0.491667 0.166000 0.830000
107 51.327000 0.501667 0.170000 0.850000
868 51.445000 0.501667 0.086000 0.490000
138 51.523000 0.498333 0.083333 0.476667
105 51.645000 0.501667 0.175333 0.876667
34 51.780333 0.503333 0.110000 0.386667
308 51.863000 0.498333 0.074000 0.416667
924 51.914000 0.503333 0.044000 0.326667
731 51.969667 0.491667 0.082000 0.403333
580 52.084333 0.505000 0.162000 0.403333
925 52.178000 0.510000 0.041333 0.340000
591 52.277667 0.501667 0.174000 0.496667
35 52.403667 0.488333 0.095333 0.303333
376 52.504667 0.495000 0.120000 0.336667
521 52.634000 0.490000 0.153333 0.393333
475 52.731333 0.493333 0.061333 0.353333
222 52.804667 0.498333 0.098667 0.410000
995 52.863667 0.493333 0.032667 0.253333
616 52.951000 0.496667 0.162000 0.426667
306 53.057667 0.498333 0.068667 0.383333
957 53.103333 0.495000 0.037333 0.270000
91 53.193000 0.505000 0.162000 0.350000
918 53.314667 0.498333 0.094667 0.316667
113 53.398333 0.498333 0.088667 0.410000
43 53.500000 0.500000 0.128000 0.500000
683 53.614333 0.500000 0.120667 0.373333
274 53.711333 0.495000 0.089333 0.443333
689 53.788667 0.496667 0.085333 0.420000
108 53.909667 0.510000 0.172667 0.366667
548 54.053333 0.503333 0.129333 0.400000
615 54.174667 0.488333 0.129333 0.603333
53 54.286333 0.500000 0.114000 0.406667
254 54.404000 0.501667 0.140000 0.536667
926 54.485000 0.495000 0.036667 0.276667
261 54.550333 0.501667 0.108667 0.523333
273 54.623667 0.493333 0.056667 0.366667
858 54.703333 0.493333 0.122667 0.386667
488 54.789667 0.505000 0.068667 0.363333
573 54.858000 0.508333 0.082667 0.356667
233 54.954667 0.495000 0.126667 0.516667
89 55.106000 0.500000 0.190667 0.953333
916 55.301000 0.508333 0.218000 0.516667
476 55.431333 0.496667 0.061333 0.353333
351 55.559667 0.501667 0.208667 1.043333
234 55.713333 0.503333 0.116000 0.473333
624 55.860667 0.496667 0.194667 0.646667
404 55.992667 0.506667 0.086667 0.440000
662 56.074333 0.491667 0.090000 0.290000
927 56.129000 0.508333 0.035333 0.276667
152 56.179333 0.491667 0.082667 0.403333
393 56.275333 0.510000 0.124000 0.373333
997 56.347000 0.505000 0.035333 0.256667
853 56.410333 0.506667 0.106000 0.493333
380 56.519667 0.501667 0.132667 0.370000
23 56.647000 0.495000 0.140667 0.403333
547 56.752667 0.498333 0.084000 0.476667
208 56.843667 0.488333 0.115333 0.543333
196 56.935667 0.510000 0.082000 0.366667
718 57.058000 0.506667 0.176000 0.880000
959 57.157333 0.503333 0.036000 0.286667
651 57.239000 0.488333 0.146000 0.476667
515 57.349667 0.510000 0.095333 0.300000
396 57.446333 0.493333 0.116667 0.353333
428 57.531667 0.503333 0.071333 0.486667
191 57.613333 0.501667 0.105333 0.536667
757 57.722333 0.495000 0.127333 0.370000
532 57.820333 0.495000 0.087333 0.443333
873 57.900000 0.510000 0.085333 0.406667
126 58.050000 0.506667 0.228000 1.140000
299 58.210000 0.510000 0.110667 0.426667
755 58.329000 0.498333 0.146000 0.483333
832 58.455000 0.496667 0.119333 0.480000
92 58.612667 0.490000 0.209333 1.046667
159 58.732333 0.500000 0.047333 0.353333
901 58.821667 0.490000 0.151333 0.473333
985 58.912667 0.500000 0.048000 0.360000
140 58.993000 0.501667 0.127333 0.570000
782 59.109333 0.503333 0.124000 0.573333
647 59.193333 0.496667 0.061333 0.320000
60 59.251333 0.501667 0.074667 0.323333
97 59.394333 0.508333 0.230000 0.496667
576 59.552333 0.488333 0.100667 0.396667
12 59.635667 0.493333 0.083333 0.300000
753 59.750333 0.495000 0.164667 0.823333
555 59.844000 0.501667 0.040000 0.396667
430 59.920333 0.505000 0.127333 0.543333
61 60.012333 0.491667 0.075333 0.376667
513 60.102000 0.498333 0.117333 0.396667
99 60.265667 0.495000 0.224667 0.483333
125 60.418333 0.496667 0.094000 0.413333
155 60.504333 0.501667 0.094000 0.530000
699 60.627000 0.506667 0.164667 0.466667
297 60.736333 0.508333 0.070000 0.383333
272 60.833667 0.501667 0.142000 0.423333
956 60.918333 0.498333 0.044667 0.336667
471 60.964000 0.505000 0.062667 0.316667
118 61.038333 0.490000 0.102000 0.393333
177 61.170000 0.500000 0.176000 0.880000
991 61.272000 0.505000 0.046667 0.363333
17 61.336667 0.498333 0.102667 0.336667
816 61.453000 0.510000 0.144667 0.333333
984 61.540333 0.491667 0.050000 0.376667
671 61.622333 0.498333 0.127333 0.436667
930 61.701333 0.498333 0.046667 0.363333
201 61.771333 0.490000 0.106667 0.480000
739 61.849333 0.505000 0.069333 0.603333
373 61.942000 0.500000 0.136000 0.366667
713 62.087333 0.493333 0.173333 0.866667
82 62.198667 0.498333 0.064000 0.450000
635 62.266667 0.496667 0.092000 0.386667
560 62.384000 0.510000 0.158667 0.793333
32 62.501667 0.510000 0.092667 0.306667
688 62.588667 0.498333 0.101333 0.503333
71 62.660333 0.500000 0.056667 0.293333
723 62.736333 0.505000 0.108667 0.370000
820 62.836000 0.505000 0.104000 0.436667
242 62.942667 0.496667 0.128000 0.500000
695 63.084000 0.501667 0.174667 0.450000
290 63.225000 0.510000 0.126000 0.393333
621 63.310667 0.488333 0.062667 0.570000
860 63.412000 0.496667 0.156000 0.780000
364 63.564000 0.500000 0.166667 0.366667
434 63.704333 0.493333 0.134000 0.460000
440 63.793333 0.495000 0.057333 0.316667
660 63.865333 0.508333 0.104000 0.343333
915 63.952000 0.490000 0.086667 0.706667
438 64.048000 0.505000 0.122667 0.376667
812 64.176000 0.508333 0.150667 0.450000
1021 64.262000 0.500000 0.034667 0.273333
319 64.319333 0.491667 0.097333 0.363333
847 64.426667 0.503333 0.133333 0.406667
270 64.568667 0.490000 0.170667 0.853333
966 64.671000 0.498333 0.047333 0.343333
431 64.738333 0.510000 0.103333 0.360000
139 64.824333 0.498333 0.083333 0.463333
391 64.929333 0.488333 0.140000 0.403333
178 65.040333 0.510000 0.100667 0.360000
229 65.131667 0.496667 0.100667 0.513333
675 65.230333 0.506667 0.112667 0.373333
522 65.347333 0.495000 0.136000 0.430000
603 65.498667 0.496667 0.182667 0.420000
919 65.617333 0.495000 0.073333 0.356667
256 65.699667 0.505000 0.106000 0.403333
294 65.851667 0.488333 0.216667 1.083333
102 66.035000 0.501667 0.168667 0.843333
68 66.180000 0.495000 0.136000 0.390000
600 66.305333 0.503333 0.132000 0.393333
262 66.476000 0.493333 0.229333 1.146667
147 66.619000 0.500000 0.075333 0.320000
18 66.711000 0.496667 0.127333 0.426667
58 66.800000 0.493333 0.069333 0.326667
453 66.852000 0.495000 0.053333 0.316667
317 66.915333 0.501667 0.093333 0.336667
518 67.012667 0.500000 0.114667 0.386667
491 67.112000 0.505000 0.101333 0.496667
425 67.202333 0.493333 0.095333 0.553333
697 67.273000 0.493333 0.064667 0.320000
592 67.363000 0.503333 0.130000 0.366667
691 67.467000 0.495000 0.094000 0.463333
293 67.549667 0.495000 0.084667 0.323333
378 67.640333 0.505000 0.111333 0.330000
859 67.739667 0.500000 0.100667 0.286667
888 67.845333 0.495000 0.126667 0.390000
94 68.009000 0.506667 0.219333 0.473333
149 68.192000 0.500000 0.164000 0.466667
422 68.309667 0.506667 0.086000 0.306667
372 68.418667 0.500000 0.149333 0.466667
181 68.544000 0.496667 0.118667 0.413333
316 68.660333 0.498333 0.128667 0.436667
780 68.796333 0.496667 0.159333 0.480000
289 68.967667 0.505000 0.203333 1.016667
142 69.110000 0.503333 0.101333 0.533333
130 69.225333 0.501667 0.149333 0.336667
664 69.347000 0.495000 0.107333 0.350000
692 69.438333 0.495000 0.088667 0.436667
55 69.534667 0.500000 0.120000 0.326667
133 69.648000 0.491667 0.120000 0.470000
805 69.775000 0.493333 0.152667 0.440000
7 69.908000 0.498333 0.129333 0.476667
961 69.984333 0.506667 0.042000 0.306667
255 70.055333 0.496667 0.117333 0.453333
268 70.220667 0.496667 0.230667 1.153333
1007 70.345667 0.496667 0.039333 0.313333
704 70.409000 0.501667 0.102000 0.330000
657 70.500000 0.496667 0.093333 0.366667
594 70.608333 0.491667 0.138000 0.416667
21 70.711667 0.488333 0.082000 0.290000
379 70.819000 0.490000 0.152667 0.466667
477 70.925000 0.505000 0.072667 0.376667
1003 70.972333 0.510000 0.035333 0.273333
320 71.041667 0.505000 0.123333 0.350000
792 71.139000 0.488333 0.087333 0.363333
286 71.229667 0.490000 0.111333 0.420000
212 71.323333 0.498333 0.096000 0.483333
931 71.379667 0.510000 0.035333 0.266667
150 71.450667 0.508333 0.125333 0.490000
962 71.525333 0.493333 0.037333 0.293333
146 71.585667 0.490000 0.102000 0.473333
330 71.675000 0.501667 0.091333 0.343333
567 71.761333 0.490000 0.098667 0.413333
96 71.900000 0.490000 0.197333 0.986667
874 72.022000 0.510000 0.065333 0.320000
711 72.146000 0.500000 0.200000 1.000000
505 72.273333 0.490000 0.069333 0.286667
549 72.344333 0.490000 0.087333 0.300000
446 72.410000 0.491667 0.062667 0.323333
454 72.478000 0.495000 0.089333 0.456667
851 72.575333 0.491667 0.118667 0.503333
424 72.701333 0.500000 0.150667 0.473333
856 72.829667 0.490000 0.126000 0.313333
145 72.925000 0.491667 0.083333 0.423333
350 73.035000 0.501667 0.154000 0.436667
14 73.164000 0.488333 0.120000 0.430000
514 73.261667 0.510000 0.095333 0.300000
845 73.354000 0.498333 0.108000 0.530000
307 73.429333 0.503333 0.058667 0.326667
264 73.508667 0.495000 0.120000 0.456667
708 73.616333 0.493333 0.114000 0.453333
694 73.703667 0.505000 0.074000 0.363333
917 73.751000 0.493333 0.035333 0.260000
850 73.815667 0.505000 0.114000 0.503333
462 73.891000 0.510000 0.056667 0.326667
40 73.962667 0.491667 0.104000 0.343333
762 74.049667 0.500000 0.090000 0.393333
42 74.124000 0.500000 0.077333 0.433333
204 74.208333 0.510000 0.111333 0.453333
235 74.316667 0.495000 0.120000 0.556667
550 74.411000 0.510000 0.083333 0.413333
344 74.506667 0.508333 0.125333 0.350000
239 74.658667 0.510000 0.192000 0.960000
979 74.767333 0.493333 0.041333 0.333333
540 74.858000 0.506667 0.157333 0.786667
20 74.982667 0.488333 0.109333 0.356667
677 75.075000 0.500000 0.090000 0.293333
25 75.178333 0.495000 0.136667 0.503333
402 75.324000 0.495000 0.173333 0.450000
386 75.458333 0.493333 0.115333 0.366667
390 75.564000 0.505000 0.116000 0.350000
436 75.667667 0.498333 0.110000 0.283333
489 75.743333 0.506667 0.054667 0.313333
456 75.794667 0.506667 0.064000 0.333333
226 75.863000 0.495000 0.087333 0.443333
933 75.917667 0.505000 0.042000 0.316667
589 75.972000 0.508333 0.085333 0.356667
542 76.099000 0.501667 0.186000 0.930000
497 76.249000 0.498333 0.127333 0.323333
971 76.326667 0.495000 0.042667 0.350000
225 76.396000 0.496667 0.114667 0.526667
849 76.494000 0.490000 0.094667 0.413333
172 76.616667 0.496667 0.168000 0.840000
794 76.722000 0.488333 0.060000 0.363333
324 76.820667 0.491667 0.154667 0.756667
835 76.935333 0.505000 0.090667 0.403333
819 77.034333 0.498333 0.126000 0.323333
371 77.166333 0.498333 0.155333 0.410000
241 77.287000 0.500000 0.100667 0.566667
566 77.400000 0.490000 0.145333 0.586667
202 77.518000 0.500000 0.110667 0.486667
141 77.608000 0.488333 0.088000 0.383333
492 77.681333 0.496667 0.078667 0.366667
936 77.730000 0.498333 0.037333 0.310000
639 77.776000 0.506667 0.069333 0.340000
355 77.868667 0.498333 0.132000 0.396667
333 78.002333 0.496667 0.148667 0.333333
668 78.126000 0.508333 0.113333 0.383333
595 78.230667 0.491667 0.110667 0.330000
399 78.342333 0.506667 0.130000 0.453333
706 78.435000 0.505000 0.068667 0.343333
728 78.492667 0.500000 0.066667 0.593333
963 78.535333 0.508333 0.038667 0.316667
620 78.612000 0.493333 0.128000 0.553333
313 78.730667 0.506667 0.126667 0.500000
760 78.853333 0.508333 0.138667 0.410000
370 78.979000 0.506667 0.132667 0.360000
928 79.057333 0.493333 0.037333 0.280000
596 79.127000 0.490000 0.118000 0.353333
993 79.198000 0.500000 0.038667 0.280000
771 79.257667 0.490000 0.098000 0.506667
206 79.361667 0.501667 0.124667 0.510000
779 79.433000 0.500000 0.035333 0.353333
44 79.501000 0.488333 0.116667 0.463333
111 79.598333 0.506667 0.092667 0.400000
1014 79.651667 0.500000 0.030000 0.246667
70 79.718000 0.500000 0.122667 0.400000
318 79.816667 0.506667 0.090667 0.433333
653 79.956333 0.495000 0.208667 1.043333
937 80.067667 0.498333 0.034000 0.283333
637 80.106333 0.506667 0.056667 0.300000
377 80.221333 0.500000 0.186667 0.933333
897 80.364000 0.488333 0.112000 0.310000
170 80.469000 0.501667 0.112667 0.423333
750 80.568667 0.498333 0.102667 0.383333
714 80.707333 0.493333 0.193333 0.540000
737 80.825667 0.508333 0.058000 0.363333
638 80.888000 0.506667 0.086667 0.340000
154 80.963667 0.490000 0.083333 0.400000
163 81.055333 0.508333 0.118667 0.423333
334 81.163667 0.495000 0.116667 0.410000
72 81.259000 0.506667 0.091333 0.440000
248 81.341000 0.508333 0.090000 0.490000
923 81.394000 0.506667 0.036000 0.293333
412 81.442333 0.490000 0.079333 0.400000
526 81.533667 0.501667 0.122000 0.330000
905 81.658667 0.493333 0.142667 0.460000
190 81.770000 0.491667 0.096000 0.390000
382 81.891000 0.505000 0.159333 0.456667
4 82.016000 0.510000 0.106667 0.466667
437 82.108667 0.500000 0.093333 0.466667
649 82.194667 0.491667 0.094667 0.496667
166 82.296333 0.491667 0.124667 0.476667
1018 82.366667 0.510000 0.033333 0.260000
970 82.397333 0.508333 0.045333 0.336667
184 82.468667 0.508333 0.112000 0.456667
64 82.555667 0.490000 0.078000 0.386667
110 82.652333 0.488333 0.128667 0.450000
365 82.773000 0.505000 0.127333 0.363333
848 82.888667 0.503333 0.122667 0.373333
722 83.010000 0.503333 0.137333 0.393333
41 83.127333 0.491667 0.110667 0.330000
79 83.261667 0.508333 0.178000 0.890000
842 83.389333 0.508333 0.094667 0.476667
447 83.464333 0.500000 0.071333 0.373333
884 83.547333 0.501667 0.112000 0.396667
304 83.627333 0.503333 0.068000 0.380000
796 83.702667 0.491667 0.097333 0.403333
303 83.777000 0.506667 0.066000 0.373333
45 83.837667 0.508333 0.074000 0.370000
982 83.888667 0.500000 0.048000 0.346667
132 83.946000 0.506667 0.080000 0.360000
39 84.028333 0.488333 0.102000 0.350000
698 84.107667 0.508333 0.072667 0.383333
614 84.205000 0.496667 0.139333 0.373333
47 84.311333 0.501667 0.092000 0.450000
605 84.429000 0.501667 0.156667 0.416667
613 84.566000 0.500000 0.130667 0.326667
684 84.685000 0.496667 0.123333 0.433333
667 84.803667 0.498333 0.127333 0.416667
790 84.893333 0.501667 0.072000 0.423333
501 84.972333 0.508333 0.099333 0.490000
199 85.069000 0.490000 0.110000 0.506667
329 85.209000 0.488333 0.190000 0.950000
601 85.362667 0.498333 0.133333 0.396667
311 85.468667 0.490000 0.097333 0.420000
645 85.554667 0.488333 0.088000 0.390000
367 85.667000 0.496667 0.150000 0.433333
765 85.776667 0.501667 0.086667 0.430000
875 85.893667 0.510000 0.162000 0.400000
628 86.055667 0.505000 0.175333 0.583333
19 86.182333 0.500000 0.098000 0.320000
742 86.291333 0.503333 0.138667 0.580000
411 86.436333 0.493333 0.164667 0.353333
468 86.540667 0.500000 0.064000 0.333333
880 86.616333 0.490000 0.106000 0.373333
176 86.714000 0.493333 0.104000 0.366667
158 86.873333 0.490000 0.228000 1.140000
93 87.070667 0.510000 0.180000 0.373333
661 87.197333 0.506667 0.093333 0.306667
553 87.283333 0.490000 0.098667 0.366667
1 87.364000 0.490000 0.080000 0.420000
153 87.430333 0.495000 0.072667 0.330000
359 87.521667 0.501667 0.130000 0.350000
314 87.633667 0.495000 0.112667 0.410000
949 87.698333 0.496667 0.031333 0.260000
232 87.766000 0.500000 0.124000 0.546667
280 87.891000 0.493333 0.140667 0.513333
461 87.989667 0.491667 0.074000 0.403333
561 88.094333 0.510000 0.148667 0.313333
441 88.192333 0.500000 0.064667 0.333333
374 88.282667 0.510000 0.129333 0.380000
887 88.413000 0.488333 0.148667 0.450000
480 88.511333 0.493333 0.068000 0.373333
357 88.623333 0.510000 0.173333 0.866667
955 88.727333 0.498333 0.048000 0.356667
485 88.771667 0.496667 0.055333 0.300000
879 88.867333 0.508333 0.149333 0.416667
776 89.002000 0.496667 0.136000 0.306667
950 89.085667 0.503333 0.048667 0.360000
207 89.192333 0.501667 0.178000 0.890000
654 89.392000 0.510000 0.241333 0.446667
528 89.556667 0.501667 0.101333 0.343333
864 89.653000 0.493333 0.111333 0.433333
940 89.717667 0.503333 0.038000 0.286667
403 89.811000 0.510000 0.166000 0.466667
527 89.953000 0.510000 0.131333 0.373333
745 90.061000 0.488333 0.103333 0.390000
716 90.189667 0.500000 0.167333 0.506667
682 90.317667 0.501667 0.106000 0.410000
452 90.391667 0.510000 0.055333 0.313333
882 90.463000 0.496667 0.100667 0.400000
305 90.541000 0.500000 0.070000 0.400000
655 90.602333 0.488333 0.072667 0.330000
747 90.668333 0.501667 0.079333 0.336667
767 90.770333 0.490000 0.140667 0.406667
1009 90.851000 0.491667 0.038000 0.276667
902 90.941000 0.506667 0.158000 0.440000
179 91.070667 0.510000 0.120000 0.440000
27 91.172000 0.503333 0.100000 0.340000
127 91.308000 0.506667 0.192000 0.960000
778 91.441667 0.510000 0.094000 0.586667
529 91.541667 0.505000 0.120667 0.503333
265 91.659333 0.503333 0.133333 0.513333
203 91.780000 0.498333 0.124000 0.496667
83 91.873333 0.491667 0.082667 0.396667
419 91.960000 0.490000 0.106667 0.513333
445 92.032667 0.490000 0.052000 0.293333
300 92.088333 0.493333 0.079333 0.253333
51 92.167000 0.506667 0.098000 0.326667
504 92.283000 0.508333 0.152667 0.436667
826 92.396667 0.503333 0.093333 0.386667
938 92.453000 0.490000 0.039333 0.306667
116 92.526667 0.493333 0.121333 0.360000
617 92.622333 0.491667 0.083333 0.323333
537 92.801333 0.495000 0.292000 0.483333
397 92.978667 0.508333 0.076000 0.316667
862 93.048000 0.505000 0.076000 0.370000
323 93.177333 0.493333 0.197333 0.380000
483 93.304000 0.503333 0.070667 0.380000
188 93.391000 0.496667 0.123333 0.500000
953 93.464667 0.500000 0.040000 0.286667
173 93.520667 0.490000 0.085333 0.386667
426 93.580667 0.500000 0.050667 0.320000
496 93.647000 0.498333 0.098000 0.403333
607 93.744333 0.503333 0.116667 0.346667
987 93.817667 0.508333 0.050000 0.363333
259 93.891333 0.503333 0.113333 0.566667
893 94.023667 0.501667 0.170000 0.850000
911 94.146333 0.506667 0.091333 0.353333
493 94.230000 0.495000 0.090667 0.423333
975 94.287667 0.490000 0.044667 0.333333
36 94.354333 0.510000 0.107333 0.353333
347 94.464667 0.508333 0.130667 0.376667
213 94.562000 0.498333 0.084000 0.363333
973 94.619667 0.501667 0.044667 0.356667
735 94.698333 0.490000 0.131333 0.533333
435 94.786667 0.493333 0.064000 0.293333
801 94.857000 0.491667 0.091333 0.343333
129 94.961333 0.496667 0.133333 0.486667
182 95.116000 0.500000 0.196000 0.980000
291 95.254000 0.493333 0.100000 0.406667
841 95.340667 0.498333 0.090667 0.423333
551 95.432667 0.496667 0.108000 0.360000
758 95.551667 0.490000 0.148667 0.500000
579 95.707000 0.505000 0.180667 0.456667
590 95.902000 0.496667 0.228000 1.140000
598 96.076000 0.505000 0.138667 0.410000
499 96.171333 0.500000 0.072000 0.426667
990 96.218667 0.505000 0.036000 0.283333
498 96.259333 0.490000 0.062667 0.386667
727 96.314333 0.495000 0.067333 0.310000
895 96.409000 0.500000 0.139333 0.420000
421 96.582000 0.503333 0.224000 1.120000
271 96.786333 0.495000 0.202000 1.010000
5 96.918000 0.508333 0.078667 0.356667
833 96.993000 0.503333 0.088667 0.366667
673 97.080667 0.508333 0.101333 0.336667
554 97.193333 0.508333 0.141333 0.383333
210 97.309333 0.506667 0.106667 0.426667
383 97.428667 0.493333 0.152000 0.460000
416 97.534000 0.508333 0.072000 0.350000
135 97.623333 0.508333 0.124000 0.490000
48 97.772667 0.490000 0.194667 0.973333
945 97.879667 0.495000 0.032667 0.263333
784 97.909000 0.505000 0.046000 0.376667
803 98.011000 0.503333 0.176667 0.513333
892 98.179333 0.496667 0.178667 0.513333
245 98.302333 0.501667 0.083333 0.323333
223 98.394000 0.490000 0.116000 0.486667
885 98.477333 0.503333 0.069333 0.326667
310 98.536333 0.495000 0.067333 0.376667
442 98.591667 0.503333 0.060667 0.313333
896 98.680000 0.505000 0.133333 0.383333
112 98.816333 0.498333 0.154000 0.523333
530 98.923000 0.501667 0.079333 0.383333
162 99.010333 0.506667 0.114000 0.440000
205 99.167000 0.505000 0.214000 1.070000
539 99.297667 0.493333 0.063333 0.280000
238 99.377333 0.501667 0.109333 0.423333
822 99.475000 0.501667 0.100667 0.303333
825 99.570333 0.498333 0.104667 0.516667
408 99.666333 0.496667 0.103333 0.393333
891 99.737000 0.488333 0.052667 0.303333
457 99.788667 0.498333 0.068000 0.343333
643 99.871333 0.491667 0.114667 0.423333
38 99.981000 0.503333 0.119333 0.440000
701 100.107000 0.503333 0.148667 0.440000
968 100.192667 0.498333 0.036000 0.263333
481 100.231667 0.508333 0.060667 0.336667
656 100.326333 0.488333 0.142000 0.383333
502 100.430333 0.500000 0.084667 0.413333
685 100.517667 0.495000 0.110000 0.416667
76 100.619667 0.495000 0.112667 0.350000
719 100.745667 0.506667 0.156667 0.393333
709 100.859333 0.508333 0.088000 0.383333
523 100.964333 0.503333 0.135333 0.426667
1016 101.041667 0.493333 0.032667 0.266667
632 101.143333 0.501667 0.190667 0.603333
302 101.270667 0.488333 0.078667 0.443333
659 101.343667 0.505000 0.087333 0.350000
148 101.469000 0.491667 0.180667 0.903333
693 101.590000 0.510000 0.078667 0.386667
249 101.658333 0.490000 0.074000 0.500000
160 101.715000 0.498333 0.058000 0.356667
466 101.777000 0.493333 0.084667 0.433333
663 101.862000 0.490000 0.098667 0.366667
75 101.973000 0.501667 0.136667 0.416667
315 102.097000 0.505000 0.130000 0.456667
50 102.220333 0.508333 0.134000 0.423333
423 102.332667 0.505000 0.108000 0.383333
836 102.427000 0.500000 0.094000 0.446667
593 102.533333 0.495000 0.136000 0.403333
531 102.672667 0.500000 0.158667 0.793333
277 102.787667 0.496667 0.086000 0.393333
861 102.840000 0.508333 0.038667 0.303333
1008 102.865667 0.490000 0.030000 0.246667
947 102.890333 0.498333 0.035333 0.290000
715 102.979000 0.498333 0.162000 0.423333
