639 0.033667 0.510000 0.060667 0.293333
22 0.109333 0.500000 0.108000 0.360000
615 0.221667 0.493333 0.132667 0.606667
447 0.314000 0.491667 0.066667 0.370000
285 0.398667 0.488333 0.122667 0.430000
231 0.499333 0.496667 0.096000 0.493333
891 0.563000 0.505000 0.051333 0.310000
632 0.673667 0.491667 0.187333 0.936667
263 0.862333 0.508333 0.204667 1.023333
397 1.001333 0.508333 0.086667 0.390000
661 1.087667 0.496667 0.102000 0.380000
474 1.169667 0.508333 0.078000 0.410000
204 1.256333 0.508333 0.114000 0.550000
172 1.369667 0.490000 0.128667 0.453333
203 1.489333 0.488333 0.125333 0.510000
303 1.575333 0.496667 0.065333 0.366667
697 1.631000 0.501667 0.066000 0.330000
293 1.695667 0.493333 0.078000 0.300000
564 1.795333 0.503333 0.137333 0.293333
277 1.892667 0.490000 0.074667 0.340000
470 1.962667 0.491667 0.078667 0.403333
560 2.095333 0.496667 0.201333 1.006667
221 2.235333 0.503333 0.093333 0.466667
286 2.337000 0.508333 0.127333 0.456667
54 2.422667 0.496667 0.057333 0.320000
861 2.471333 0.508333 0.054667 0.423333
326 2.532000 0.501667 0.086667 0.396667
330 2.608667 0.498333 0.081333 0.310000
351 2.722000 0.498333 0.158667 0.416667
341 2.833667 0.501667 0.080667 0.330000
569 2.909000 0.491667 0.087333 0.343333
527 3.009000 0.490000 0.128667 0.366667
481 3.098667 0.491667 0.065333 0.370000
327 3.193667 0.506667 0.139333 0.420000
119 3.289000 0.493333 0.070000 0.413333
23 3.405000 0.501667 0.175333 0.496667
619 3.541333 0.495000 0.113333 0.596667
996 3.603000 0.491667 0.028667 0.243333
382 3.720667 0.510000 0.225333 1.126667
45 3.865667 0.491667 0.084667 0.423333
595 3.955333 0.501667 0.114667 0.350000
929 4.024667 0.508333 0.041333 0.330000
535 4.137667 0.505000 0.202000 0.443333
760 4.306000 0.493333 0.152000 0.440000
51 4.427333 0.498333 0.109333 0.376667
604 4.542667 0.500000 0.137333 0.413333
83 4.644667 0.503333 0.082667 0.400000
300 4.714000 0.493333 0.070667 0.220000
292 4.802333 0.495000 0.119333 0.470000
160 4.889667 0.505000 0.072667 0.423333
602 4.981667 0.510000 0.127333 0.380000
896 5.106000 0.488333 0.138667 0.423333
423 5.244667 0.488333 0.157333 0.503333
187 5.366000 0.493333 0.100000 0.433333
850 5.466333 0.500000 0.114000 0.466667
638 5.572333 0.505000 0.111333 0.430000
346 5.694333 0.508333 0.148667 0.470000
309 5.795333 0.490000 0.069333 0.386667
372 5.892000 0.503333 0.141333 0.433333
484 6.002667 0.490000 0.093333 0.346667
5 6.091000 0.490000 0.099333 0.473333
523 6.194000 0.496667 0.122667 0.406667
700 6.350333 0.505000 0.208667 1.043333
269 6.559333 0.506667 0.226667 1.133333
435 6.696000 0.510000 0.064000 0.306667
894 6.780000 0.493333 0.117333 0.320000
989 6.844333 0.491667 0.030000 0.243333
998 6.869333 0.488333 0.036000 0.263333
864 6.933667 0.510000 0.112667 0.446667
949 7.001000 0.510000 0.039333 0.313333
839 7.063000 0.506667 0.099333 0.480000
159 7.130333 0.503333 0.048667 0.380000
7 7.198000 0.510000 0.101333 0.333333
885 7.285000 0.503333 0.087333 0.420000
684 7.366000 0.508333 0.090667 0.323333
501 7.438667 0.510000 0.073333 0.353333
733 7.504333 0.491667 0.071333 0.430000
487 7.572333 0.491667 0.080667 0.423333
584 7.664000 0.501667 0.121333 0.363333
521 7.777667 0.490000 0.124667 0.333333
47 7.883667 0.493333 0.107333 0.513333
185 7.984000 0.510000 0.110667 0.560000
462 8.061333 0.508333 0.062667 0.376667
213 8.141000 0.501667 0.116667 0.476667
67 8.298333 0.498333 0.215333 1.076667
76 8.459667 0.488333 0.126000 0.390000
712 8.602000 0.506667 0.178667 0.893333
721 8.764667 0.505000 0.165333 0.443333
918 8.885000 0.506667 0.091333 0.346667
288 8.993000 0.495000 0.138000 0.530000
979 9.073667 0.495000 0.038000 0.296667
58 9.112333 0.488333 0.056667 0.343333
200 9.175000 0.500000 0.087333 0.433333
408 9.264000 0.501667 0.109333 0.416667
747 9.361333 0.510000 0.105333 0.446667
858 9.468000 0.488333 0.126667 0.403333
443 9.556667 0.496667 0.068000 0.386667
514 9.653000 0.493333 0.138000 0.433333
646 9.758667 0.490000 0.086667 0.366667
425 9.847333 0.496667 0.104000 0.613333
138 9.925333 0.493333 0.070667 0.406667
576 10.003333 0.510000 0.105333 0.413333
493 10.092000 0.488333 0.085333 0.390000
807 10.207333 0.493333 0.161333 0.806667
111 10.321333 0.491667 0.082667 0.363333
197 10.403000 0.501667 0.100667 0.410000
472 10.483000 0.495000 0.078000 0.396667
469 10.542000 0.498333 0.058667 0.303333
305 10.604000 0.488333 0.081333 0.456667
793 10.690333 0.506667 0.106000 0.426667
250 10.832000 0.506667 0.190667 0.953333
549 10.971000 0.491667 0.103333 0.350000
11 11.061000 0.506667 0.092667 0.306667
674 11.150000 0.496667 0.100000 0.320000
737 11.226333 0.510000 0.070000 0.440000
318 11.309667 0.510000 0.111333 0.560000
766 11.419000 0.503333 0.124667 0.360000
492 11.521667 0.491667 0.095333 0.436667
383 11.625000 0.490000 0.128667 0.393333
147 11.723000 0.491667 0.080667 0.370000
648 11.790333 0.510000 0.067333 0.313333
786 11.851667 0.498333 0.068667 0.416667
216 11.918667 0.496667 0.084000 0.400000
360 12.009667 0.506667 0.112667 0.333333
41 12.141667 0.501667 0.166000 0.830000
194 12.265000 0.498333 0.100667 0.510000
406 12.368000 0.491667 0.118667 0.463333
599 12.490000 0.491667 0.142667 0.436667
969 12.576000 0.495000 0.048000 0.370000
224 12.647667 0.498333 0.114000 0.516667
235 12.746000 0.500000 0.098667 0.420000
25 12.858333 0.491667 0.140667 0.516667
354 12.999000 0.503333 0.154000 0.453333
339 13.111000 0.510000 0.088667 0.440000
219 13.193333 0.510000 0.094667 0.480000
315 13.295333 0.495000 0.129333 0.470000
515 13.405667 0.493333 0.110000 0.346667
120 13.537667 0.491667 0.168667 0.843333
792 13.678333 0.493333 0.126000 0.520000
106 13.827667 0.508333 0.188667 0.943333
253 13.939667 0.498333 0.050000 0.503333
183 14.013333 0.491667 0.113333 0.456667
349 14.121333 0.506667 0.117333 0.360000
416 14.222667 0.491667 0.102667 0.496667
1009 14.286000 0.498333 0.037333 0.310000
705 14.349667 0.495000 0.108667 0.350000
244 14.469000 0.493333 0.147333 0.406667
10 14.594000 0.500000 0.117333 0.400000
851 14.690000 0.493333 0.094667 0.406667
608 14.791333 0.506667 0.121333 0.420000
540 14.959000 0.498333 0.228667 1.143333
817 15.127333 0.488333 0.128000 0.403333
432 15.251333 0.490000 0.136000 0.266667
313 15.356333 0.496667 0.088667 0.300000
956 15.408000 0.510000 0.034667 0.286667
507 15.447667 0.496667 0.064667 0.340000
508 15.503667 0.495000 0.063333 0.356667
246 15.614000 0.500000 0.177333 0.633333
396 15.781333 0.500000 0.170667 0.853333
223 15.920667 0.505000 0.124000 0.530000
46 16.002333 0.493333 0.058000 0.493333
403 16.089667 0.508333 0.134000 0.383333
701 16.252667 0.500000 0.205333 1.026667
847 16.397333 0.495000 0.101333 0.330000
65 16.490667 0.506667 0.105333 0.273333
463 16.579667 0.508333 0.087333 0.450000
955 16.635000 0.491667 0.039333 0.283333
923 16.671000 0.501667 0.052667 0.390000
374 16.754000 0.508333 0.132000 0.356667
241 16.860667 0.508333 0.094667 0.516667
34 16.949000 0.495000 0.095333 0.310000
530 17.029333 0.493333 0.080000 0.400000
751 17.118667 0.503333 0.117333 0.473333
547 17.199667 0.488333 0.062000 0.350000
876 17.312333 0.508333 0.178000 0.890000
280 17.461333 0.505000 0.133333 0.450000
877 17.562333 0.488333 0.087333 0.430000
506 17.614333 0.495000 0.036667 0.390000
143 17.667000 0.496667 0.088667 0.473333
704 17.764333 0.488333 0.119333 0.370000
644 17.857000 0.505000 0.079333 0.370000
725 17.948000 0.510000 0.118667 0.506667
409 18.061667 0.495000 0.123333 0.616667
394 18.189333 0.501667 0.146667 0.443333
164 18.320000 0.505000 0.128000 0.450000
335 18.447333 0.501667 0.141333 0.483333
455 18.545000 0.493333 0.072667 0.366667
978 18.592667 0.490000 0.038667 0.306667
960 18.625667 0.490000 0.046000 0.360000
736 18.678667 0.490000 0.077333 0.460000
428 18.757667 0.488333 0.099333 0.656667
680 18.853667 0.508333 0.107333 0.390000
541 18.991667 0.506667 0.183333 0.380000
322 19.123000 0.501667 0.099333 0.183333
460 19.205667 0.503333 0.086000 0.440000
29 19.315000 0.503333 0.147333 0.400000
307 19.409667 0.498333 0.058000 0.330000
873 19.471000 0.508333 0.079333 0.350000
343 19.567000 0.491667 0.130000 0.350000
118 19.666333 0.505000 0.087333 0.330000
211 19.768333 0.503333 0.132667 0.526667
12 19.868000 0.488333 0.080000 0.283333
314 19.953667 0.496667 0.108667 0.386667
227 20.053333 0.493333 0.109333 0.446667
843 20.141000 0.505000 0.086000 0.383333
774 20.205333 0.490000 0.056000 0.333333
248 20.265667 0.488333 0.082000 0.436667
900 20.408000 0.510000 0.216000 1.080000
176 20.578000 0.496667 0.138667 0.486667
243 20.735000 0.501667 0.194000 0.970000
140 20.890000 0.498333 0.132000 0.623333
171 20.998667 0.498333 0.101333 0.383333
901 21.120667 0.496667 0.161333 0.466667
796 21.257000 0.498333 0.131333 0.536667
863 21.364667 0.493333 0.098667 0.473333
567 21.458667 0.493333 0.105333 0.426667
483 21.542333 0.506667 0.076667 0.400000
696 21.638333 0.503333 0.135333 0.313333
495 21.743667 0.501667 0.090000 0.396667
803 21.860000 0.505000 0.160000 0.463333
161 21.977333 0.508333 0.094667 0.336667
550 22.050667 0.498333 0.065333 0.323333
944 22.093667 0.505000 0.038000 0.283333
707 22.156333 0.501667 0.103333 0.416667
158 22.301667 0.505000 0.207333 1.036667
937 22.418667 0.496667 0.040000 0.320000
468 22.454667 0.510000 0.052000 0.286667
689 22.522000 0.503333 0.101333 0.500000
729 22.573667 0.488333 0.020667 0.316667
653 22.645333 0.495000 0.137333 0.443333
963 22.722333 0.490000 0.034000 0.260000
882 22.780333 0.491667 0.096667 0.383333
436 22.875333 0.505000 0.109333 0.290000
55 22.984000 0.501667 0.126667 0.316667
1022 23.061000 0.506667 0.042000 0.306667
96 23.173333 0.503333 0.202667 1.013333
621 23.294667 0.498333 0.056000 0.530000
498 23.345333 0.490000 0.065333 0.406667
456 23.406333 0.505000 0.071333 0.363333
274 23.481000 0.495000 0.092667 0.436667
467 23.555000 0.491667 0.072667 0.410000
924 23.607333 0.498333 0.050667 0.370000
24 23.689000 0.505000 0.131333 0.443333
395 23.827000 0.495000 0.163333 0.816667
101 24.017000 0.505000 0.231333 1.156667
40 24.185333 0.506667 0.125333 0.400000
555 24.259333 0.496667 0.042667 0.420000
691 24.317667 0.510000 0.088667 0.433333
730 24.415667 0.501667 0.120667 0.456667
338 24.528667 0.503333 0.124000 0.640000
272 24.674667 0.510000 0.186667 0.933333
198 24.817333 0.496667 0.117333 0.466667
144 24.918333 0.510000 0.100667 0.426667
570 25.007333 0.501667 0.094667 0.410000
419 25.089333 0.490000 0.085333 0.413333
744 25.226667 0.496667 0.205333 1.026667
366 25.413000 0.488333 0.183333 0.916667
812 25.550667 0.493333 0.110667 0.386667
581 25.653667 0.506667 0.110000 0.466667
310 25.740333 0.506667 0.082000 0.460000
296 25.828000 0.488333 0.110667 0.403333
466 25.911333 0.496667 0.070667 0.400000
997 25.962333 0.491667 0.044667 0.330000
90 26.079000 0.498333 0.202000 1.010000
273 26.197667 0.498333 0.051333 0.343333
1017 26.238333 0.506667 0.047333 0.346667
556 26.294667 0.503333 0.085333 0.346667
925 26.350000 0.498333 0.045333 0.350000
874 26.400667 0.508333 0.070667 0.343333
37 26.476000 0.491667 0.097333 0.316667
279 26.561000 0.501667 0.088667 0.496667
179 26.663333 0.495000 0.133333 0.483333
574 26.774000 0.493333 0.104000 0.413333
637 26.846000 0.501667 0.054667 0.283333
191 26.916333 0.498333 0.104667 0.423333
617 27.001333 0.503333 0.082667 0.326667
987 27.051333 0.493333 0.032000 0.260000
999 27.077000 0.495000 0.035333 0.263333
148 27.152667 0.496667 0.134667 0.393333
916 27.290333 0.498333 0.159333 0.390000
903 27.466333 0.508333 0.212667 1.063333
184 27.649667 0.495000 0.170000 0.850000
130 27.815667 0.508333 0.182000 0.910000
114 27.933333 0.510000 0.073333 0.360000
454 27.992667 0.501667 0.058667 0.336667
898 28.069667 0.505000 0.110000 0.336667
146 28.154000 0.506667 0.076000 0.400000
260 28.251667 0.488333 0.132667 0.343333
226 28.355000 0.496667 0.090000 0.373333
209 28.451333 0.510000 0.116000 0.480000
113 28.579667 0.495000 0.158000 0.790000
904 28.682667 0.506667 0.062667 0.320000
20 28.751667 0.495000 0.090000 0.323333
125 28.844333 0.503333 0.115333 0.500000
323 29.011000 0.496667 0.235333 0.466667
178 29.185000 0.496667 0.128667 0.460000
233 29.303333 0.490000 0.126667 0.526667
815 29.430333 0.496667 0.144667 0.400000
122 29.554667 0.505000 0.122667 0.436667
1000 29.633000 0.503333 0.047333 0.346667
407 29.699333 0.506667 0.101333 0.400000
14 29.796000 0.500000 0.105333 0.340000
990 29.863667 0.506667 0.046000 0.340000
693 29.913000 0.510000 0.070000 0.346667
743 29.978333 0.496667 0.074000 0.313333
722 30.077000 0.498333 0.140667 0.416667
123 30.242333 0.488333 0.203333 1.016667
849 30.376000 0.506667 0.082667 0.386667
477 30.437667 0.510000 0.060667 0.306667
257 30.529333 0.496667 0.138667 0.460000
690 30.638000 0.510000 0.093333 0.460000
152 30.721333 0.501667 0.090667 0.450000
907 30.824333 0.505000 0.131333 0.456667
665 30.937000 0.510000 0.112667 0.393333
304 31.023000 0.488333 0.072667 0.403333
972 31.072667 0.503333 0.046667 0.360000
825 31.134000 0.508333 0.094667 0.436667
933 31.192000 0.491667 0.034667 0.276667
150 31.255000 0.505000 0.107333 0.416667
154 31.336000 0.500000 0.068000 0.306667
709 31.462333 0.505000 0.200667 1.003333
475 31.589667 0.493333 0.071333 0.420000
74 31.694667 0.498333 0.153333 0.476667
548 31.830667 0.496667 0.133333 0.480000
212 31.989333 0.503333 0.202667 1.013333
290 32.157667 0.498333 0.152667 0.410000
992 32.245000 0.491667 0.040667 0.336667
393 32.311000 0.503333 0.111333 0.353333
591 32.431333 0.501667 0.145333 0.450000
984 32.515333 0.495000 0.037333 0.303333
790 32.569333 0.493333 0.086667 0.526667
291 32.669000 0.508333 0.130000 0.516667
102 32.814667 0.488333 0.178667 0.383333
666 32.938667 0.491667 0.088000 0.290000
345 33.047667 0.503333 0.148667 0.440000
761 33.185667 0.508333 0.143333 0.430000
995 33.268000 0.495000 0.040000 0.296667
499 33.305000 0.505000 0.047333 0.283333
954 33.336667 0.503333 0.034667 0.280000
229 33.453333 0.493333 0.212000 1.060000
237 33.585000 0.490000 0.066000 0.473333
1008 33.626000 0.510000 0.033333 0.260000
500 33.679667 0.490000 0.092667 0.406667
93 33.805667 0.491667 0.172667 0.363333
943 33.904333 0.496667 0.038000 0.300000
218 34.014000 0.503333 0.197333 0.986667
401 34.153000 0.491667 0.094000 0.483333
871 34.227333 0.493333 0.073333 0.333333
43 34.315000 0.500000 0.116667 0.466667
633 34.452333 0.495000 0.175333 0.876667
73 34.612000 0.510000 0.164000 0.506667
439 34.733333 0.496667 0.098667 0.386667
659 34.810000 0.506667 0.074667 0.300000
650 34.902333 0.503333 0.127333 0.413333
276 34.996333 0.508333 0.074000 0.416667
618 35.059333 0.493333 0.065333 0.386667
412 35.126333 0.495000 0.084667 0.423333
628 35.249333 0.503333 0.181333 0.606667
854 35.439667 0.498333 0.218000 1.090000
971 35.567667 0.491667 0.051333 0.383333
683 35.674667 0.506667 0.176000 0.880000
479 35.791333 0.505000 0.074667 0.383333
28 35.875667 0.495000 0.110000 0.416667
938 35.943667 0.508333 0.042000 0.336667
571 35.999333 0.506667 0.082667 0.340000
49 36.131000 0.498333 0.195333 0.976667
789 36.261667 0.498333 0.079333 0.490000
612 36.386667 0.493333 0.190667 0.953333
631 36.581333 0.490000 0.218667 1.093333
136 36.738000 0.491667 0.113333 0.390000
482 36.820667 0.505000 0.069333 0.416667
131 36.914333 0.498333 0.132667 0.516667
590 37.045667 0.490000 0.148667 0.520000
369 37.193667 0.495000 0.162000 0.810000
1020 37.289667 0.508333 0.043333 0.316667
38 37.362667 0.508333 0.120000 0.403333
124 37.458000 0.498333 0.084000 0.310000
915 37.527333 0.488333 0.073333 0.596667
716 37.648667 0.506667 0.182667 0.500000
177 37.796333 0.490000 0.128667 0.460000
82 37.895667 0.506667 0.083333 0.646667
142 37.980000 0.503333 0.104000 0.440000
593 38.111000 0.495000 0.178000 0.503333
297 38.228667 0.510000 0.072000 0.366667
857 38.341333 0.491667 0.169333 0.383333
890 38.461000 0.506667 0.088667 0.406667
298 38.543000 0.496667 0.088667 0.446667
893 38.676333 0.506667 0.198000 0.580000
958 38.783667 0.503333 0.032667 0.266667
598 38.843000 0.501667 0.103333 0.323333
88 39.002000 0.501667 0.232000 0.503333
129 39.189333 0.496667 0.157333 0.593333
431 39.319667 0.493333 0.119333 0.413333
287 39.412333 0.505000 0.084667 0.310000
52 39.490667 0.490000 0.089333 0.313333
585 39.590333 0.508333 0.123333 0.356667
215 39.707000 0.496667 0.124667 0.613333
568 39.826667 0.500000 0.133333 0.666667
537 39.987333 0.496667 0.206667 1.033333
950 40.099333 0.510000 0.034667 0.273333
188 40.163333 0.501667 0.112000 0.570000
622 40.326667 0.510000 0.228000 1.140000
889 40.491333 0.498333 0.118667 0.363333
784 40.564000 0.496667 0.046667 0.393333
139 40.615667 0.501667 0.074000 0.430000
708 40.705333 0.503333 0.124000 0.573333
772 40.853000 0.488333 0.188667 0.943333
503 41.004667 0.488333 0.132000 0.370000
952 41.080333 0.503333 0.039333 0.320000
782 41.143667 0.490000 0.104667 0.493333
678 41.248667 0.506667 0.121333 0.466667
255 41.361333 0.495000 0.120000 0.470000
166 41.473333 0.501667 0.121333 0.463333
402 41.594333 0.510000 0.135333 0.400000
6 41.707000 0.498333 0.106000 0.410000
769 41.801000 0.495000 0.102000 0.290000
880 41.887667 0.503333 0.091333 0.306667
350 42.001333 0.500000 0.153333 0.426667
865 42.118000 0.488333 0.100000 0.370000
834 42.209000 0.490000 0.100667 0.480000
777 42.311000 0.496667 0.116667 0.480000
134 42.424333 0.495000 0.123333 0.403333
72 42.528667 0.496667 0.104000 0.500000
677 42.624333 0.505000 0.104667 0.350000
831 42.722000 0.495000 0.106667 0.443333
982 42.793667 0.493333 0.051333 0.373333
939 42.832000 0.498333 0.045333 0.336667
399 42.913667 0.488333 0.134000 0.450000
875 43.057667 0.488333 0.168667 0.423333
344 43.209667 0.493333 0.152667 0.446667
561 43.368000 0.505000 0.184000 0.383333
830 43.494000 0.501667 0.084000 0.376667
773 43.605000 0.488333 0.152667 0.443333
545 43.717333 0.488333 0.090667 0.330000
135 43.807000 0.493333 0.108667 0.373333
1003 43.872000 0.503333 0.037333 0.306667
565 43.950000 0.496667 0.133333 0.280000
543 44.102667 0.510000 0.186667 0.933333
810 44.245667 0.508333 0.118000 0.490000
103 44.408333 0.488333 0.223333 0.476667
410 44.568000 0.490000 0.113333 0.493333
433 44.683000 0.501667 0.135333 0.303333
163 44.809667 0.505000 0.131333 0.456667
86 44.918333 0.498333 0.104667 0.443333
606 45.020333 0.491667 0.116667 0.350000
702 45.142000 0.510000 0.146667 0.453333
331 45.285333 0.503333 0.160000 0.800000
271 45.451333 0.500000 0.185333 0.560000
192 45.587667 0.493333 0.107333 0.513333
63 45.676667 0.510000 0.086667 0.306667
438 45.783667 0.488333 0.140667 0.443333
741 45.903667 0.500000 0.114000 0.380000
390 46.022000 0.500000 0.138667 0.386667
753 46.150000 0.505000 0.136000 0.430000
927 46.227333 0.496667 0.038667 0.293333
167 46.292667 0.491667 0.109333 0.383333
91 46.432667 0.501667 0.184000 0.916667
95 46.599000 0.488333 0.164667 0.823333
749 46.721000 0.503333 0.095333 0.386667
509 46.824000 0.506667 0.126667 0.406667
699 46.957000 0.508333 0.156667 0.783333
838 47.082333 0.500000 0.107333 0.446667
781 47.166333 0.490000 0.074000 0.380000
66 47.243667 0.510000 0.100667 0.520000
986 47.301000 0.500000 0.031333 0.253333
324 47.384333 0.505000 0.155333 0.763333
104 47.546000 0.500000 0.182667 0.393333
930 47.650667 0.505000 0.041333 0.356667
957 47.681667 0.488333 0.036667 0.276667
230 47.739333 0.495000 0.094667 0.370000
1004 47.802000 0.491667 0.050667 0.383333
936 47.844000 0.506667 0.046667 0.353333
872 47.934667 0.510000 0.149333 0.433333
459 48.028000 0.493333 0.053333 0.306667
437 48.093000 0.510000 0.094000 0.446667
587 48.189667 0.488333 0.112667 0.343333
768 48.277333 0.490000 0.076000 0.200000
110 48.373333 0.490000 0.134667 0.466667
671 48.480000 0.491667 0.096000 0.330000
820 48.562333 0.488333 0.084667 0.356667
731 48.635667 0.508333 0.075333 0.363333
811 48.737000 0.490000 0.144667 0.486667
694 48.845000 0.493333 0.091333 0.446667
32 48.930333 0.490000 0.098000 0.346667
649 49.019667 0.503333 0.095333 0.533333
193 49.113667 0.503333 0.111333 0.500000
68 49.225333 0.491667 0.132000 0.383333
968 49.304667 0.503333 0.041333 0.333333
759 49.396667 0.493333 0.160000 0.460000
434 49.537000 0.498333 0.134000 0.450000
502 49.643000 0.505000 0.096667 0.456667
414 49.728667 0.501667 0.092000 0.456667
860 49.871667 0.495000 0.214000 1.070000
589 50.024333 0.490000 0.110000 0.466667
866 50.158667 0.510000 0.176000 0.880000
424 50.317000 0.490000 0.159333 0.513333
980 50.411667 0.503333 0.047333 0.366667
510 50.527000 0.508333 0.199333 0.996667
823 50.672667 0.506667 0.108000 0.466667
302 50.749000 0.501667 0.062000 0.350000
174 50.836667 0.493333 0.132000 0.460000
21 50.944667 0.508333 0.102667 0.356667
833 51.048333 0.488333 0.123333 0.516667
133 51.149333 0.508333 0.092000 0.376667
886 51.243000 0.506667 0.114000 0.380000
16 51.351000 0.501667 0.116667 0.376667
364 51.487000 0.493333 0.174000 0.386667
531 51.675667 0.488333 0.218000 1.090000
430 51.841333 0.490000 0.128000 0.546667
373 51.966000 0.498333 0.137333 0.396667
75 52.099333 0.508333 0.144000 0.443333
404 52.261000 0.505000 0.195333 0.976667
448 52.390333 0.490000 0.076667 0.426667
522 52.469000 0.490000 0.094000 0.293333
182 52.591667 0.498333 0.167333 0.836667
668 52.717667 0.491667 0.099333 0.356667
518 52.820000 0.508333 0.125333 0.396667
534 52.919333 0.495000 0.089333 0.383333
819 53.037333 0.495000 0.164000 0.363333
967 53.131667 0.501667 0.038000 0.296667
275 53.171667 0.496667 0.058000 0.360000
635 53.243667 0.488333 0.103333 0.423333
342 53.321333 0.495000 0.066667 0.316667
846 53.392000 0.496667 0.093333 0.380000
128 53.510333 0.505000 0.163333 0.816667
762 53.621333 0.506667 0.073333 0.313333
845 53.689333 0.500000 0.082667 0.393333
173 53.773333 0.490000 0.105333 0.480000
365 53.898333 0.501667 0.160667 0.443333
601 54.029333 0.491667 0.120000 0.370000
977 54.107000 0.498333 0.050000 0.370000
490 54.152667 0.490000 0.057333 0.346667
33 54.222333 0.491667 0.098000 0.310000
62 54.309667 0.491667 0.096667 0.443333
626 54.438333 0.498333 0.179333 0.896667
724 54.562333 0.503333 0.087333 0.373333
662 54.659000 0.496667 0.126000 0.406667
332 54.802667 0.510000 0.178667 0.893333
282 54.952333 0.495000 0.134000 0.456667
723 55.068333 0.503333 0.112667 0.386667
1 55.157667 0.495000 0.084667 0.443333
377 55.269667 0.506667 0.158000 0.440000
208 55.404000 0.488333 0.125333 0.516667
928 55.481000 0.498333 0.044667 0.323333
603 55.594667 0.503333 0.198667 0.993333
497 55.739333 0.488333 0.110667 0.283333
575 55.830333 0.510000 0.088667 0.306667
660 55.920667 0.500000 0.112000 0.406667
89 56.069000 0.508333 0.204667 1.023333
597 56.233333 0.490000 0.142667 0.426667
340 56.364000 0.508333 0.137333 0.410000
703 56.470667 0.503333 0.094667 0.306667
566 56.558667 0.506667 0.097333 0.393333
458 56.636333 0.506667 0.076667 0.393333
715 56.767333 0.491667 0.205333 0.516667
60 56.895333 0.488333 0.064000 0.263333
748 56.975000 0.508333 0.115333 0.396667
78 57.122000 0.508333 0.192000 0.436667
746 57.278667 0.490000 0.138667 0.506667
667 57.394000 0.501667 0.105333 0.370000
512 57.498000 0.508333 0.120000 0.396667
3 57.589333 0.501667 0.082667 0.363333
579 57.719667 0.508333 0.196667 0.550000
266 57.922667 0.490000 0.222667 1.113333
195 58.085667 0.498333 0.118000 0.543333
961 58.154000 0.510000 0.034667 0.286667
888 58.259333 0.493333 0.196000 0.980000
180 58.398333 0.493333 0.098000 0.373333
883 58.551667 0.495000 0.228667 1.143333
240 58.698333 0.498333 0.079333 0.390000
607 58.794333 0.500000 0.128667 0.400000
359 58.920000 0.501667 0.136000 0.356667
189 59.024667 0.498333 0.093333 0.410000
440 59.104000 0.491667 0.078667 0.410000
625 59.239333 0.506667 0.212000 1.060000
713 59.435000 0.488333 0.196667 0.983333
542 59.637333 0.503333 0.226667 1.133333
797 59.783667 0.491667 0.086000 0.323333
418 59.856667 0.501667 0.080000 0.383333
361 59.951667 0.488333 0.130000 0.383333
611 60.057333 0.510000 0.101333 0.406667
207 60.199333 0.496667 0.202667 1.013333
770 60.352000 0.506667 0.118667 0.340000
899 60.467667 0.506667 0.132667 0.360000
959 60.552000 0.490000 0.052000 0.373333
336 60.633000 0.505000 0.123333 0.590000
105 60.795333 0.506667 0.220000 1.100000
261 60.977667 0.488333 0.158000 0.790000
376 61.105333 0.506667 0.110667 0.293333
321 61.209333 0.503333 0.112000 0.473333
673 61.316667 0.495000 0.116000 0.443333
719 61.445667 0.490000 0.159333 0.453333
162 61.621667 0.488333 0.206000 1.030000
816 61.780667 0.495000 0.128000 0.330000
695 61.923000 0.491667 0.171333 0.856667
220 62.044000 0.488333 0.089333 0.370000
742 62.183667 0.498333 0.207333 1.036667
794 62.317000 0.490000 0.074000 0.446667
17 62.398667 0.506667 0.108000 0.360000
583 62.468667 0.500000 0.052000 0.353333
529 62.543333 0.503333 0.116000 0.573333
478 62.629000 0.496667 0.074000 0.413333
630 62.742333 0.495000 0.171333 0.856667
155 62.865333 0.508333 0.088000 0.503333
357 62.961667 0.500000 0.123333 0.380000
546 63.056000 0.501667 0.082667 0.296667
283 63.156333 0.503333 0.131333 0.446667
563 63.277667 0.508333 0.131333 0.283333
319 63.378333 0.505000 0.090000 0.316667
717 63.495667 0.491667 0.159333 0.403333
294 63.656667 0.490000 0.177333 0.886667
145 63.773333 0.508333 0.074667 0.336667
763 63.832333 0.505000 0.056667 0.410000
392 63.931333 0.505000 0.158667 0.463333
528 64.055333 0.506667 0.108000 0.346667
634 64.143000 0.510000 0.087333 0.360000
4 64.219000 0.501667 0.080667 0.336667
520 64.311333 0.500000 0.124000 0.393333
1019 64.384333 0.501667 0.035333 0.263333
688 64.429000 0.490000 0.072667 0.353333
922 64.472333 0.506667 0.032667 0.253333
181 64.546667 0.501667 0.136000 0.496667
411 64.711000 0.495000 0.207333 1.036667
348 64.870667 0.496667 0.130667 0.380000
629 65.016333 0.495000 0.178000 0.603333
238 65.154667 0.493333 0.114667 0.446667
965 65.223000 0.498333 0.042000 0.343333
442 65.271667 0.488333 0.072667 0.430000
473 65.324667 0.505000 0.053333 0.316667
115 65.373667 0.505000 0.064667 0.316667
739 65.422333 0.508333 0.052667 0.416667
465 65.468000 0.496667 0.052000 0.313333
202 65.531333 0.488333 0.092000 0.403333
494 65.601333 0.505000 0.066667 0.343333
449 65.663333 0.505000 0.070667 0.370000
596 65.747333 0.495000 0.110667 0.343333
8 65.838000 0.493333 0.086667 0.326667
641 65.914667 0.505000 0.082667 0.390000
137 65.978667 0.508333 0.062667 0.350000
358 66.089000 0.491667 0.178000 0.890000
919 66.209000 0.510000 0.078000 0.380000
573 66.285667 0.490000 0.092667 0.360000
471 66.357333 0.495000 0.070667 0.416667
85 66.435000 0.498333 0.098000 0.396667
941 66.499667 0.505000 0.046000 0.356667
935 66.537000 0.490000 0.042000 0.313333
415 66.651667 0.495000 0.202000 1.010000
13 66.802667 0.493333 0.114667 0.373333
714 66.943667 0.491667 0.182000 0.910000
804 67.127667 0.501667 0.204667 1.023333
983 67.242000 0.496667 0.040000 0.326667
262 67.367667 0.488333 0.231333 1.156667
953 67.497667 0.501667 0.046000 0.330000
973 67.526333 0.508333 0.030000 0.250000
278 67.595000 0.491667 0.122000 0.370000
453 67.692333 0.498333 0.086000 0.436667
210 67.784333 0.498333 0.115333 0.530000
895 67.886000 0.508333 0.106667 0.323333
551 67.991333 0.490000 0.124000 0.373333
452 68.075333 0.506667 0.057333 0.340000
225 68.154333 0.506667 0.115333 0.526667
687 68.240333 0.488333 0.072667 0.356667
809 68.317667 0.503333 0.096667 0.493333
1001 68.375667 0.491667 0.038000 0.290000
966 68.409333 0.493333 0.049333 0.366667
913 68.495667 0.501667 0.138000 0.430000
657 68.606333 0.508333 0.099333 0.416667
513 68.706333 0.491667 0.118000 0.390000
1011 68.782000 0.496667 0.046667 0.360000
329 68.882000 0.503333 0.166667 0.626667
391 69.020667 0.488333 0.124000 0.390000
97 69.177667 0.500000 0.208667 0.453333
921 69.302000 0.503333 0.057333 0.340000
783 69.363333 0.488333 0.084000 0.443333
727 69.427000 0.500000 0.063333 0.393333
859 69.521333 0.495000 0.144000 0.410000
84 69.634667 0.491667 0.100000 0.283333
153 69.713000 0.503333 0.076667 0.340000
905 69.818000 0.488333 0.150667 0.476667
486 69.917000 0.488333 0.066000 0.383333
976 69.961333 0.510000 0.036000 0.266667
450 70.007333 0.488333 0.072000 0.363333
981 70.057333 0.506667 0.044000 0.340000
706 70.105667 0.488333 0.071333 0.363333
524 70.197000 0.510000 0.130000 0.406667
254 70.323667 0.500000 0.136667 0.513333
663 70.432000 0.498333 0.100000 0.323333
100 70.575333 0.491667 0.204000 0.436667
44 70.731667 0.500000 0.123333 0.486667
623 70.871333 0.510000 0.169333 0.546667
757 71.015667 0.505000 0.139333 0.423333
609 71.117333 0.501667 0.078667 0.323333
985 71.167667 0.503333 0.036667 0.280000
577 71.217333 0.490000 0.081333 0.313333
71 71.283333 0.490000 0.066667 0.353333
802 71.401333 0.505000 0.182667 0.443333
325 71.575000 0.505000 0.179333 0.896667
652 71.746333 0.506667 0.178000 0.606667
347 71.895000 0.498333 0.138000 0.396667
675 72.015667 0.491667 0.122000 0.410000
926 72.092000 0.495000 0.046667 0.363333
15 72.163667 0.498333 0.111333 0.376667
165 72.273000 0.506667 0.124667 0.453333
580 72.398667 0.506667 0.144000 0.380000
868 72.510667 0.510000 0.097333 0.540000
1005 72.573667 0.498333 0.046000 0.363333
808 72.647333 0.491667 0.114667 0.430000
199 72.747333 0.495000 0.098667 0.410000
775 72.830000 0.505000 0.080000 0.396667
755 72.938333 0.491667 0.152667 0.456667
79 73.136667 0.503333 0.264000 0.466667
1006 73.286333 0.508333 0.050000 0.363333
387 73.382667 0.508333 0.158667 0.450000
245 73.484000 0.488333 0.060000 0.376667
485 73.538000 0.503333 0.061333 0.340000
201 73.614000 0.508333 0.109333 0.450000
785 73.692667 0.488333 0.061333 0.263333
259 73.766000 0.495000 0.100000 0.503333
869 73.841667 0.490000 0.067333 0.386667
578 73.923000 0.500000 0.115333 0.446667
519 74.059000 0.501667 0.170000 0.850000
685 74.184000 0.491667 0.094667 0.356667
400 74.250333 0.503333 0.055333 0.500000
750 74.324333 0.501667 0.112667 0.416667
562 74.444333 0.506667 0.142000 0.313333
897 74.572667 0.505000 0.129333 0.356667
480 74.661333 0.490000 0.066667 0.366667
70 74.746667 0.496667 0.121333 0.406667
910 74.855333 0.503333 0.116000 0.393333
624 74.977000 0.491667 0.144667 0.490000
906 75.121000 0.490000 0.162000 0.446667
170 75.296000 0.493333 0.206667 1.033333
488 75.427667 0.506667 0.076667 0.380000
289 75.588333 0.493333 0.260667 0.506667
738 75.744667 0.490000 0.070667 0.326667
356 75.828000 0.493333 0.114667 0.326667
559 75.919333 0.496667 0.082667 0.400000
256 76.018667 0.498333 0.132000 0.476667
975 76.092333 0.508333 0.032667 0.263333
532 76.150000 0.503333 0.096000 0.486667
656 76.267000 0.498333 0.155333 0.356667
732 76.373667 0.488333 0.076667 0.376667
268 76.492667 0.490000 0.176000 0.586667
9 76.625333 0.493333 0.105333 0.420000
878 76.710000 0.498333 0.077333 0.390000
265 76.815333 0.490000 0.152000 0.580000
270 76.976333 0.505000 0.190000 0.950000
554 77.129333 0.500000 0.132000 0.360000
398 77.228667 0.506667 0.084000 0.453333
317 77.324333 0.506667 0.124667 0.500000
352 77.456000 0.490000 0.153333 0.480000
379 77.599667 0.505000 0.151333 0.430000
664 77.722667 0.505000 0.114667 0.383333
911 77.830333 0.510000 0.119333 0.420000
247 77.928333 0.496667 0.092667 0.360000
1018 77.985000 0.495000 0.034000 0.276667
884 78.045000 0.500000 0.099333 0.340000
496 78.151000 0.488333 0.127333 0.523333
636 78.275000 0.508333 0.139333 0.323333
642 78.393000 0.496667 0.110000 0.440000
892 78.535333 0.496667 0.188000 0.546667
856 78.687333 0.505000 0.132000 0.330000
840 78.800667 0.505000 0.109333 0.516667
333 78.920667 0.510000 0.144000 0.320000
594 79.041667 0.510000 0.114000 0.340000
862 79.123000 0.500000 0.063333 0.320000
539 79.191333 0.495000 0.089333 0.396667
367 79.284667 0.495000 0.117333 0.350000
552 79.368333 0.498333 0.066000 0.416667
308 79.424333 0.505000 0.060667 0.343333
371 79.500000 0.503333 0.109333 0.340000
301 79.581000 0.495000 0.067333 0.376667
92 79.709000 0.488333 0.208667 0.443333
87 79.908000 0.498333 0.206667 0.443333
610 80.069000 0.495000 0.130000 0.403333
505 80.164667 0.506667 0.076000 0.320000
588 80.239667 0.498333 0.092667 0.416667
427 80.337667 0.501667 0.119333 0.583333
735 80.443333 0.493333 0.106667 0.433333
934 80.510000 0.506667 0.041333 0.340000
620 80.611333 0.493333 0.180000 0.900000
35 80.758333 0.505000 0.127333 0.416667
720 80.905333 0.496667 0.186667 0.933333
53 81.040667 0.510000 0.104000 0.353333
988 81.103000 0.501667 0.039333 0.296667
572 81.158000 0.498333 0.090667 0.383333
613 81.285333 0.490000 0.182667 0.460000
258 81.414333 0.505000 0.091333 0.316667
451 81.495333 0.490000 0.086667 0.446667
228 81.591000 0.490000 0.124667 0.506667
444 81.675667 0.493333 0.063333 0.340000
867 81.743333 0.488333 0.090667 0.303333
42 81.811000 0.490000 0.062000 0.353333
445 81.861333 0.503333 0.054667 0.293333
787 81.911333 0.491667 0.061333 0.376667
600 81.991000 0.503333 0.111333 0.346667
117 82.091333 0.490000 0.106667 0.333333
516 82.198333 0.490000 0.122000 0.393333
544 82.303000 0.508333 0.104667 0.376667
334 82.411000 0.506667 0.124667 0.426667
385 82.528333 0.510000 0.124667 0.386667
381 82.648333 0.510000 0.132667 0.373333
686 82.760333 0.490000 0.104667 0.506667
353 82.890667 0.503333 0.173333 0.866667
384 83.045667 0.505000 0.156667 0.416667
156 83.201333 0.490000 0.174667 0.433333
780 83.358333 0.508333 0.159333 0.483333
306 83.461667 0.508333 0.066000 0.370000
640 83.525333 0.496667 0.076000 0.386667
169 83.623333 0.488333 0.133333 0.510000
991 83.699333 0.510000 0.033333 0.273333
109 83.801333 0.495000 0.185333 0.403333
879 83.959333 0.500000 0.150667 0.486667
844 84.078333 0.488333 0.107333 0.510000
946 84.142667 0.488333 0.036000 0.296667
826 84.204000 0.491667 0.102667 0.423333
232 84.309000 0.508333 0.120667 0.510000
112 84.443000 0.490000 0.164667 0.553333
149 84.625667 0.488333 0.215333 1.076667
426 84.748000 0.500000 0.046667 0.286667
295 84.812333 0.493333 0.102000 0.433333
828 84.901000 0.505000 0.088667 0.376667
627 85.011667 0.506667 0.151333 0.500000
645 85.114333 0.493333 0.070000 0.313333
947 85.160333 0.490000 0.039333 0.313333
491 85.215667 0.508333 0.090000 0.443333
94 85.342667 0.508333 0.178667 0.376667
718 85.521000 0.505000 0.191333 0.956667
234 85.660000 0.493333 0.101333 0.413333
26 85.769667 0.496667 0.136667 0.460000
821 85.869000 0.488333 0.076667 0.550000
920 85.953667 0.493333 0.106000 0.386667
446 86.032333 0.493333 0.070000 0.360000
776 86.135000 0.495000 0.155333 0.436667
805 86.294333 0.506667 0.180667 0.520000
281 86.448333 0.491667 0.143333 0.490000
57 86.547000 0.500000 0.067333 0.286667
405 86.616667 0.508333 0.085333 0.330000
806 86.762000 0.488333 0.224000 0.503333
827 86.921000 0.498333 0.108667 0.483333
252 87.035667 0.495000 0.134000 0.536667
841 87.141333 0.493333 0.090667 0.373333
316 87.243000 0.496667 0.130000 0.446667
909 87.337333 0.500000 0.074667 0.326667
1014 87.384667 0.498333 0.037333 0.270000
881 87.449667 0.500000 0.106000 0.353333
420 87.531667 0.491667 0.078000 0.303333
190 87.612667 0.508333 0.098667 0.403333
413 87.704000 0.495000 0.104000 0.443333
728 87.775333 0.490000 0.054667 0.466667
945 87.813667 0.490000 0.035333 0.273333
1002 87.841333 0.490000 0.036000 0.266667
1010 87.874333 0.503333 0.043333 0.353333
942 87.912000 0.490000 0.048000 0.373333
368 87.991667 0.503333 0.127333 0.353333
855 88.089667 0.496667 0.082000 0.206667
1016 88.148000 0.510000 0.049333 0.366667
429 88.224000 0.491667 0.118667 0.416667
681 88.294667 0.496667 0.036000 0.313333
525 88.358333 0.510000 0.110000 0.366667
824 88.455333 0.496667 0.098667 0.406667
299 88.539333 0.488333 0.086667 0.336667
754 88.650333 0.505000 0.154000 0.750000
39 88.771000 0.506667 0.103333 0.353333
835 88.871333 0.503333 0.112000 0.440000
917 88.937000 0.493333 0.039333 0.286667
457 88.978667 0.490000 0.061333 0.313333
64 89.032667 0.493333 0.060000 0.333333
592 89.119667 0.510000 0.132667 0.380000
682 89.229333 0.488333 0.100000 0.396667
914 89.338667 0.495000 0.137333 0.416667
1015 89.422333 0.510000 0.044667 0.333333
767 89.507667 0.491667 0.139333 0.396667
765 89.605667 0.488333 0.074000 0.350000
647 89.673667 0.505000 0.082000 0.410000
311 89.746333 0.495000 0.076667 0.336667
249 89.810667 0.506667 0.072000 0.460000
558 89.877333 0.495000 0.081333 0.396667
196 89.958000 0.506667 0.100000 0.480000
692 90.044000 0.501667 0.090667 0.443333
380 90.154667 0.496667 0.145333 0.446667
842 90.277000 0.493333 0.116667 0.480000
1013 90.344333 0.493333 0.035333 0.280000
526 90.410667 0.510000 0.117333 0.340000
651 90.567667 0.495000 0.212667 1.063333
814 90.722333 0.491667 0.112667 0.283333
740 90.850000 0.505000 0.162667 0.370000
31 90.988333 0.503333 0.128667 0.373333
116 91.111667 0.493333 0.136667 0.406667
80 91.217333 0.503333 0.094667 0.486667
800 91.299000 0.505000 0.084667 0.316667
822 91.387000 0.496667 0.106000 0.326667
734 91.533000 0.491667 0.200667 0.523333
655 91.674667 0.506667 0.102667 0.406667
107 91.814000 0.508333 0.193333 0.403333
464 91.928667 0.493333 0.053333 0.293333
312 92.000000 0.488333 0.109333 0.390000
99 92.140000 0.506667 0.184000 0.920000
818 92.282333 0.508333 0.119333 0.370000
836 92.392333 0.510000 0.119333 0.553333
284 92.506667 0.496667 0.128000 0.460000
1012 92.579333 0.493333 0.032000 0.246667
676 92.640667 0.488333 0.108000 0.370000
788 92.768000 0.500000 0.162667 0.440000
264 92.900000 0.490000 0.120000 0.460000
758 93.032000 0.496667 0.157333 0.500000
799 93.148333 0.506667 0.094000 0.380000
476 93.219333 0.501667 0.061333 0.330000
19 93.305667 0.500000 0.124667 0.400000
69 93.422667 0.495000 0.124000 0.610000
320 93.543667 0.491667 0.134000 0.430000
422 93.646667 0.496667 0.088000 0.340000
614 93.754667 0.491667 0.141333 0.383333
186 93.875667 0.510000 0.118000 0.593333
582 93.995333 0.493333 0.134667 0.493333
363 94.120333 0.491667 0.134000 0.383333
887 94.255000 0.490000 0.154000 0.480000
489 94.354000 0.503333 0.062667 0.366667
157 94.457667 0.488333 0.160667 0.803333
362 94.600667 0.495000 0.141333 0.390000
98 94.747000 0.491667 0.167333 0.836667
370 94.891667 0.508333 0.140667 0.410000
1021 94.978000 0.493333 0.046667 0.360000
206 95.036667 0.505000 0.086667 0.443333
801 95.119000 0.491667 0.091333 0.363333
771 95.202000 0.506667 0.092000 0.480000
698 95.264000 0.505000 0.052000 0.270000
538 95.367000 0.488333 0.171333 0.856667
852 95.494333 0.505000 0.100667 0.416667
752 95.570667 0.506667 0.072000 0.206667
832 95.651000 0.498333 0.106000 0.470000
217 95.742000 0.508333 0.094667 0.416667
931 95.793667 0.506667 0.028667 0.240000
388 95.862333 0.508333 0.128667 0.376667
337 96.012000 0.506667 0.188000 0.393333
616 96.171667 0.488333 0.147333 0.376667
328 96.339667 0.503333 0.208667 0.540000
837 96.483667 0.493333 0.096667 0.446667
126 96.635000 0.498333 0.220667 1.103333
951 96.754000 0.508333 0.034667 0.256667
813 96.835000 0.506667 0.140667 0.506667
242 96.959333 0.498333 0.121333 0.476667
993 97.030000 0.510000 0.040000 0.286667
745 97.083000 0.500000 0.084667 0.320000
236 97.165667 0.491667 0.099333 0.410000
829 97.258000 0.490000 0.104000 0.433333
605 97.383000 0.506667 0.164667 0.426667
948 97.482667 0.491667 0.053333 0.390000
533 97.555667 0.488333 0.107333 0.370000
517 97.663667 0.508333 0.128667 0.403333
214 97.778000 0.490000 0.117333 0.506667
853 97.885000 0.506667 0.114000 0.466667
389 98.009333 0.501667 0.149333 0.443333
756 98.136000 0.498333 0.124000 0.376667
974 98.209000 0.506667 0.038000 0.300000
0 98.249000 0.510000 0.056667 0.440000
870 98.302000 0.508333 0.062667 0.303333
375 98.399000 0.490000 0.150000 0.426667
48 98.558667 0.490000 0.188000 0.940000
175 98.730333 0.498333 0.174000 0.870000
59 98.886667 0.500000 0.152000 0.386667
132 98.991667 0.496667 0.072667 0.333333
779 99.043000 0.503333 0.046000 0.426667
127 99.157000 0.505000 0.195333 0.976667
778 99.295000 0.495000 0.095333 0.603333
795 99.362000 0.508333 0.057333 0.356667
27 99.451667 0.498333 0.135333 0.456667
908 99.556333 0.510000 0.091333 0.326667
994 99.614000 0.493333 0.038667 0.313333
658 99.658333 0.505000 0.064667 0.370000
378 99.755667 0.508333 0.148667 0.456667
108 99.907333 0.496667 0.173333 0.373333
643 100.026000 0.500000 0.082667 0.300000
2 100.101333 0.501667 0.088000 0.450000
798 100.191667 0.503333 0.107333 0.400000
251 100.272000 0.490000 0.068000 0.393333
421 100.359333 0.495000 0.124000 0.396667
902 100.511667 0.501667 0.196667 0.983333
672 100.661000 0.505000 0.119333 0.443333
81 100.768333 0.496667 0.115333 0.466667
56 100.848000 0.495000 0.062667 0.090000
932 100.895667 0.490000 0.051333 0.380000
239 101.000667 0.496667 0.176000 0.880000
726 101.122333 0.500000 0.083333 0.433333
848 101.223000 0.493333 0.135333 0.460000
536 101.382667 0.493333 0.198667 0.993333
504 101.549667 0.490000 0.154000 0.446667
77 101.679000 0.510000 0.120667 0.300000
679 101.776333 0.500000 0.088667 0.526667
970 101.830333 0.500000 0.035333 0.260000
36 101.902667 0.488333 0.125333 0.416667
553 102.004667 0.510000 0.098667 0.340000
654 102.143667 0.491667 0.199333 0.416667
1007 102.257000 0.501667 0.047333 0.370000
710 102.359000 0.498333 0.172667 0.863333
151 102.484333 0.508333 0.091333 0.456667
121 102.533667 0.493333 0.023333 0.426667
964 102.560667 0.500000 0.048000 0.360000
267 102.653333 0.498333 0.152000 0.470000
222 102.775333 0.490000 0.110667 0.473333
30 102.887333 0.503333 0.129333 0.380000
511 102.990333 0.488333 0.091333 0.303333
168 103.120667 0.510000 0.186667 0.933333
386 103.266333 0.501667 0.124667 0.330000
670 103.391333 0.500000 0.138667 0.486667
912 103.507333 0.506667 0.113333 0.453333
461 103.593333 0.493333 0.073333 0.393333
50 103.685667 0.506667 0.131333 0.386667
141 103.779333 0.490000 0.073333 0.353333
940 103.832333 0.505000 0.050000 0.370000
557 103.896667 0.496667 0.098667 0.653333
18 103.980667 0.503333 0.089333 0.333333
355 104.088667 0.510000 0.140000 0.433333
764 104.186333 0.501667 0.072667 0.343333
711 104.317000 0.506667 0.206000 0.526667
205 104.461333 0.496667 0.100000 0.406667
586 104.569000 0.498333 0.132667 0.416667
61 104.667667 0.490000 0.080667 0.400000
441 104.730333 0.488333 0.062000 0.323333
791 104.783000 0.510000 0.058000 0.346667
962 104.820667 0.488333 0.034667 0.276667
1023 104.848667 0.503333 0.034667 0.280000
669 104.924333 0.495000 0.136667 0.483333
417 105.031000 0.490000 0.095333 0.460000
