746 0.066000 0.493333 0.125333 0.366667
400 0.148333 0.498333 0.054000 0.423333
911 0.220000 0.500000 0.105333 0.373333
811 0.317667 0.493333 0.108667 0.393333
72 0.417333 0.498333 0.108000 0.516667
630 0.562000 0.506667 0.196000 0.980000
824 0.711000 0.498333 0.120667 0.523333
951 0.784667 0.503333 0.045333 0.333333
236 0.848333 0.493333 0.096667 0.386667
134 0.940000 0.500000 0.106667 0.453333
171 1.046333 0.495000 0.119333 0.450000
286 1.147000 0.495000 0.100667 0.376667
730 1.259000 0.500000 0.136667 0.500000
545 1.367000 0.501667 0.099333 0.396667
301 1.441000 0.510000 0.068667 0.386667
215 1.522000 0.498333 0.109333 0.443333
114 1.607667 0.488333 0.082000 0.403333
959 1.666000 0.495000 0.048000 0.350000
325 1.760333 0.490000 0.159333 0.560000
567 1.879000 0.495000 0.091333 0.383333
150 1.961667 0.498333 0.092667 0.363333
1008 2.025667 0.501667 0.048667 0.356667
1005 2.058000 0.488333 0.034667 0.290000
460 2.110000 0.490000 0.084000 0.453333
551 2.216000 0.491667 0.146667 0.456667
990 2.300667 0.500000 0.042667 0.340000
863 2.362667 0.488333 0.101333 0.483333
724 2.448667 0.498333 0.085333 0.363333
446 2.522000 0.491667 0.074667 0.410000
154 2.584000 0.506667 0.065333 0.320000
580 2.671667 0.491667 0.124667 0.323333
77 2.780333 0.496667 0.107333 0.266667
1010 2.845667 0.501667 0.040667 0.316667
598 2.910667 0.496667 0.106667 0.326667
59 3.050000 0.508333 0.189333 0.490000
844 3.186000 0.493333 0.098667 0.460000
881 3.284000 0.508333 0.110667 0.370000
311 3.368667 0.491667 0.073333 0.316667
669 3.447000 0.490000 0.102000 0.346667
514 3.553333 0.498333 0.124000 0.416667
1006 3.632667 0.510000 0.049333 0.373333
390 3.715333 0.496667 0.134667 0.373333
93 3.862667 0.493333 0.178667 0.373333
263 4.044000 0.490000 0.200000 1.000000
350 4.213333 0.493333 0.153333 0.433333
98 4.364333 0.498333 0.163333 0.816667
34 4.497000 0.503333 0.122000 0.406667
546 4.596000 0.505000 0.096000 0.343333
109 4.729333 0.498333 0.185333 0.403333
292 4.863000 0.501667 0.099333 0.396667
753 4.984333 0.498333 0.163333 0.816667
885 5.102000 0.491667 0.089333 0.396667
823 5.184000 0.510000 0.088000 0.446667
379 5.282667 0.500000 0.128000 0.340000
493 5.376333 0.500000 0.078000 0.400000
883 5.495333 0.495000 0.177333 0.383333
646 5.616333 0.488333 0.082000 0.370000
354 5.706333 0.510000 0.114000 0.306667
899 5.817000 0.500000 0.126000 0.360000
139 5.901000 0.488333 0.055333 0.310000
442 5.949333 0.490000 0.054667 0.286667
408 6.012000 0.510000 0.090667 0.353333
587 6.142333 0.491667 0.184667 0.923333
897 6.297667 0.510000 0.143333 0.420000
839 6.410000 0.490000 0.101333 0.433333
673 6.504333 0.506667 0.100667 0.340000
164 6.606667 0.510000 0.120000 0.426667
740 6.738667 0.488333 0.161333 0.370000
865 6.863000 0.495000 0.103333 0.376667
294 7.020667 0.510000 0.229333 1.146667
976 7.146000 0.498333 0.037333 0.316667
54 7.187667 0.490000 0.062000 0.353333
616 7.291333 0.501667 0.165333 0.436667
985 7.386333 0.490000 0.043333 0.326667
309 7.429000 0.508333 0.060667 0.343333
552 7.484000 0.490000 0.062667 0.380000
731 7.548000 0.505000 0.082667 0.410000
615 7.676333 0.491667 0.194000 0.970000
812 7.843000 0.496667 0.152667 0.446667
396 7.977667 0.503333 0.136667 0.373333
842 8.081000 0.510000 0.088667 0.366667
487 8.149000 0.503333 0.064667 0.346667
595 8.245667 0.491667 0.143333 0.436667
684 8.354667 0.508333 0.094667 0.363333
1021 8.408667 0.503333 0.033333 0.260000
884 8.476333 0.510000 0.115333 0.413333
696 8.603333 0.495000 0.152000 0.343333
681 8.694667 0.498333 0.050667 0.443333
100 8.816000 0.488333 0.209333 0.456667
548 8.990000 0.490000 0.152000 0.580000
27 9.120000 0.505000 0.122667 0.416667
75 9.247667 0.506667 0.151333 0.473333
365 9.400667 0.500000 0.169333 0.846667
293 9.517667 0.505000 0.080667 0.310000
465 9.587667 0.496667 0.072667 0.433333
928 9.635333 0.503333 0.036000 0.266667
886 9.729333 0.496667 0.165333 0.826667
760 9.878667 0.503333 0.153333 0.520000
459 9.983000 0.491667 0.070000 0.416667
387 10.099667 0.495000 0.180667 0.903333
488 10.216667 0.506667 0.073333 0.353333
11 10.296000 0.495000 0.102667 0.363333
904 10.389000 0.490000 0.096667 0.453333
518 10.488667 0.500000 0.122667 0.413333
583 10.565667 0.503333 0.047333 0.326667
691 10.624667 0.490000 0.084000 0.413333
467 10.698000 0.510000 0.080000 0.406667
256 10.793667 0.501667 0.124667 0.423333
226 10.907000 0.498333 0.116667 0.496667
674 11.017000 0.500000 0.119333 0.446667
61 11.117667 0.488333 0.100667 0.510000
202 11.214000 0.506667 0.108000 0.420000
2 11.298333 0.500000 0.079333 0.406667
24 11.401333 0.491667 0.141333 0.476667
641 11.505000 0.488333 0.084667 0.396667
896 11.611333 0.493333 0.148000 0.446667
495 11.716667 0.508333 0.082667 0.450000
862 11.781667 0.500000 0.067333 0.340000
513 11.865333 0.505000 0.118667 0.396667
208 11.976333 0.490000 0.116667 0.473333
562 12.107667 0.491667 0.160667 0.330000
836 12.239667 0.508333 0.116667 0.576667
15 12.332333 0.508333 0.086000 0.323333
528 12.416667 0.510000 0.096000 0.326667
1016 12.475667 0.503333 0.040667 0.320000
278 12.560000 0.490000 0.145333 0.440000
593 12.687000 0.493333 0.122000 0.400000
926 12.761333 0.510000 0.042667 0.346667
182 12.855000 0.501667 0.158000 0.790000
509 12.991333 0.510000 0.128000 0.400000
206 13.108000 0.493333 0.118667 0.506667
768 13.192667 0.495000 0.069333 0.170000
468 13.249667 0.505000 0.059333 0.310000
957 13.287333 0.493333 0.029333 0.253333
624 13.385667 0.501667 0.186000 0.636667
406 13.519667 0.506667 0.098000 0.373333
174 13.668667 0.500000 0.217333 1.086667
76 13.827667 0.501667 0.118000 0.363333
339 13.929667 0.498333 0.103333 0.556667
147 14.013667 0.508333 0.078000 0.410000
554 14.108333 0.505000 0.124667 0.350000
187 14.208000 0.501667 0.093333 0.470000
906 14.328000 0.488333 0.160000 0.443333
910 14.458000 0.498333 0.118667 0.363333
780 14.587000 0.491667 0.159333 0.483333
115 14.695333 0.488333 0.074667 0.363333
337 14.830000 0.491667 0.208000 0.596667
771 14.973000 0.496667 0.095333 0.500000
70 15.088000 0.490000 0.152000 0.520000
201 15.210000 0.496667 0.112000 0.566667
184 15.322667 0.503333 0.126667 0.513333
699 15.459667 0.500000 0.164667 0.460000
764 15.579333 0.491667 0.093333 0.436667
998 15.637333 0.508333 0.038667 0.283333
947 15.669333 0.500000 0.040000 0.300000
52 15.739333 0.501667 0.117333 0.410000
944 15.808333 0.490000 0.036667 0.273333
649 15.865333 0.491667 0.092000 0.503333
281 15.966000 0.498333 0.129333 0.443333
501 16.058000 0.506667 0.068000 0.320000
637 16.108667 0.495000 0.052000 0.276667
374 16.242000 0.510000 0.230667 1.153333
683 16.440333 0.508333 0.183333 0.916667
516 16.576667 0.488333 0.102667 0.336667
345 16.696000 0.488333 0.149333 0.410000
709 16.827000 0.505000 0.126000 0.550000
71 16.910000 0.498333 0.060000 0.310000
816 17.003333 0.510000 0.144000 0.340000
1013 17.090333 0.491667 0.050000 0.370000
399 17.156667 0.506667 0.097333 0.326667
266 17.271333 0.500000 0.152000 0.466667
1001 17.357000 0.498333 0.034000 0.276667
800 17.415667 0.498333 0.098000 0.363333
264 17.516000 0.503333 0.122667 0.466667
900 17.636000 0.503333 0.137333 0.366667
538 17.794000 0.503333 0.192000 0.960000
271 17.980333 0.488333 0.198000 0.990000
241 18.115000 0.506667 0.088667 0.466667
903 18.209333 0.488333 0.113333 0.336667
476 18.303333 0.491667 0.090667 0.463333
589 18.388333 0.501667 0.092667 0.430000
918 18.488000 0.498333 0.124000 0.436667
402 18.609333 0.493333 0.136000 0.353333
954 18.690000 0.510000 0.041333 0.326667
802 18.784000 0.493333 0.161333 0.413333
243 18.935667 0.491667 0.156667 0.783333
8 19.063667 0.491667 0.116667 0.456667
507 19.151000 0.503333 0.075333 0.393333
786 19.217333 0.508333 0.070667 0.436667
801 19.287333 0.500000 0.088000 0.320000
594 19.376333 0.506667 0.103333 0.313333
200 19.483000 0.501667 0.128667 0.523333
46 19.572667 0.496667 0.068000 0.566667
826 19.659333 0.496667 0.125333 0.520000
788 19.821667 0.491667 0.212667 1.063333
416 19.956667 0.491667 0.076000 0.370000
945 20.009667 0.493333 0.046000 0.366667
471 20.067000 0.505000 0.086000 0.443333
108 20.207333 0.496667 0.209333 1.046667
380 20.364333 0.510000 0.120667 0.340000
87 20.519667 0.503333 0.204667 0.440000
205 20.665667 0.488333 0.100667 0.416667
404 20.766667 0.493333 0.117333 0.586667
42 20.848333 0.508333 0.063333 0.363333
308 20.907000 0.498333 0.072667 0.403333
228 20.980667 0.503333 0.094667 0.386667
121 21.026333 0.501667 0.016667 0.290000
117 21.104000 0.490000 0.158667 0.500000
279 21.223000 0.493333 0.094000 0.546667
428 21.299000 0.490000 0.074000 0.506667
23 21.443000 0.508333 0.227333 1.136667
612 21.611333 0.501667 0.126667 0.323333
268 21.781333 0.500000 0.228000 1.140000
250 21.984000 0.493333 0.193333 0.966667
386 22.173000 0.491667 0.204667 1.023333
785 22.306333 0.495000 0.079333 0.336667
470 22.370333 0.488333 0.064667 0.336667
504 22.468667 0.510000 0.145333 0.413333
199 22.591667 0.510000 0.120667 0.486667
908 22.700667 0.503333 0.113333 0.420000
242 22.801667 0.496667 0.108667 0.420000
935 22.865667 0.505000 0.036667 0.303333
853 22.921000 0.505000 0.088667 0.363333
703 23.016000 0.500000 0.121333 0.413333
534 23.110000 0.505000 0.080000 0.310000
7 23.208333 0.498333 0.135333 0.443333
323 23.374667 0.500000 0.216000 0.513333
543 23.557000 0.491667 0.168667 0.556667
898 23.688667 0.510000 0.110667 0.306667
101 23.842333 0.500000 0.212667 0.453333
324 24.014000 0.498333 0.146667 0.716667
283 24.144667 0.506667 0.133333 0.453333
130 24.291667 0.505000 0.179333 0.896667
113 24.418000 0.493333 0.092000 0.493333
631 24.544000 0.500000 0.180000 0.593333
893 24.706000 0.506667 0.161333 0.806667
255 24.832667 0.501667 0.109333 0.416667
122 24.931333 0.508333 0.105333 0.363333
742 25.030667 0.501667 0.112000 0.443333
714 25.165000 0.493333 0.175333 0.520000
1023 25.261000 0.496667 0.036667 0.293333
625 25.370000 0.488333 0.196000 0.650000
490 25.488000 0.496667 0.053333 0.286667
327 25.575667 0.493333 0.135333 0.366667
556 25.680000 0.501667 0.093333 0.390000
391 25.775000 0.506667 0.111333 0.313333
193 25.887333 0.505000 0.128000 0.523333
803 26.026333 0.503333 0.168667 0.486667
626 26.183333 0.488333 0.160000 0.530000
750 26.303333 0.493333 0.098667 0.366667
322 26.392333 0.500000 0.096667 0.113333
537 26.539667 0.491667 0.211333 1.056667
494 26.671333 0.508333 0.069333 0.363333
769 26.766333 0.498333 0.140667 0.410000
787 26.864000 0.506667 0.069333 0.413333
623 26.978667 0.493333 0.178667 0.586667
708 27.099333 0.508333 0.082667 0.363333
178 27.231667 0.488333 0.195333 0.976667
347 27.389333 0.498333 0.137333 0.423333
752 27.477667 0.498333 0.058000 0.156667
627 27.605333 0.506667 0.210667 1.053333
765 27.737333 0.501667 0.068000 0.310000
280 27.829000 0.491667 0.134000 0.490000
480 27.929667 0.508333 0.082000 0.423333
632 28.048667 0.500000 0.172000 0.860000
67 28.211667 0.501667 0.167333 0.836667
958 28.302000 0.503333 0.033333 0.260000
725 28.384667 0.488333 0.145333 0.623333
210 28.515000 0.495000 0.131333 0.530000
913 28.624667 0.501667 0.101333 0.323333
44 28.716333 0.498333 0.102000 0.396667
639 28.792333 0.505000 0.063333 0.303333
257 28.886667 0.490000 0.144000 0.433333
191 28.997333 0.493333 0.093333 0.386667
952 29.052667 0.490000 0.036000 0.260000
90 29.154667 0.500000 0.188000 0.940000
901 29.313667 0.491667 0.146000 0.416667
39 29.426667 0.495000 0.097333 0.316667
721 29.543667 0.508333 0.156667 0.783333
870 29.645667 0.491667 0.060667 0.290000
63 29.708667 0.500000 0.085333 0.306667
846 29.791667 0.490000 0.099333 0.420000
315 29.879667 0.500000 0.090000 0.346667
36 29.966333 0.503333 0.103333 0.366667
1009 30.029667 0.495000 0.038000 0.283333
300 30.068667 0.491667 0.060000 0.190000
530 30.143000 0.493333 0.104667 0.500000
91 30.295333 0.493333 0.213333 1.066667
1011 30.415000 0.495000 0.039333 0.296667
980 30.444000 0.510000 0.032000 0.266667
946 30.470667 0.495000 0.041333 0.336667
141 30.527000 0.488333 0.087333 0.423333
434 30.625000 0.510000 0.124667 0.420000
557 30.726333 0.488333 0.095333 0.630000
676 30.807667 0.503333 0.087333 0.333333
252 30.912667 0.508333 0.141333 0.556667
856 31.061000 0.488333 0.171333 0.423333
819 31.205000 0.498333 0.130000 0.316667
186 31.310333 0.490000 0.099333 0.500000
503 31.419333 0.495000 0.132000 0.383333
334 31.545000 0.488333 0.136667 0.423333
992 31.621667 0.501667 0.035333 0.283333
175 31.677000 0.496667 0.095333 0.353333
614 31.805333 0.493333 0.177333 0.453333
53 31.932333 0.495000 0.092667 0.330000
767 32.025000 0.491667 0.107333 0.310000
815 32.123333 0.510000 0.106667 0.253333
620 32.239667 0.505000 0.139333 0.590000
574 32.343333 0.495000 0.084000 0.336667
218 32.431000 0.500000 0.104667 0.533333
920 32.533333 0.506667 0.117333 0.426667
31 32.653000 0.495000 0.140667 0.410000
970 32.733667 0.508333 0.040667 0.336667
830 32.801667 0.510000 0.114000 0.500000
666 32.908333 0.503333 0.119333 0.433333
180 33.018667 0.505000 0.118667 0.436667
949 33.090667 0.506667 0.040000 0.326667
173 33.143667 0.493333 0.082000 0.366667
894 33.261667 0.491667 0.170000 0.503333
10 33.397000 0.501667 0.114000 0.390000
734 33.533333 0.503333 0.176000 0.460000
729 33.631333 0.490000 0.036000 0.406667
772 33.743333 0.500000 0.205333 1.026667
599 33.898333 0.491667 0.123333 0.383333
682 33.996000 0.496667 0.088000 0.326667
793 34.096333 0.508333 0.128667 0.523333
227 34.200333 0.506667 0.094000 0.393333
791 34.274667 0.488333 0.074667 0.436667
491 34.358000 0.505000 0.108000 0.530000
74 34.468333 0.488333 0.128667 0.390000
689 34.561667 0.500000 0.074000 0.360000
695 34.690667 0.490000 0.200000 1.000000
50 34.847667 0.503333 0.128667 0.386667
372 34.975333 0.506667 0.141333 0.413333
565 35.104333 0.506667 0.135333 0.273333
571 35.222000 0.490000 0.113333 0.460000
105 35.377333 0.510000 0.214667 0.460000
763 35.510333 0.501667 0.066000 0.443333
539 35.581333 0.488333 0.089333 0.423333
647 35.656000 0.508333 0.074667 0.376667
450 35.716333 0.506667 0.062000 0.333333
285 35.804667 0.495000 0.132000 0.483333
932 35.879333 0.495000 0.033333 0.256667
713 35.966333 0.503333 0.155333 0.393333
381 36.110667 0.488333 0.153333 0.416667
83 36.223667 0.501667 0.088667 0.436667
848 36.305333 0.510000 0.094667 0.286667
41 36.403333 0.491667 0.116000 0.336667
19 36.503667 0.491667 0.098000 0.363333
55 36.606000 0.490000 0.121333 0.313333
914 36.716667 0.491667 0.120000 0.370000
424 36.832667 0.500000 0.125333 0.400000
584 36.959667 0.488333 0.146000 0.443333
1019 37.043667 0.508333 0.042000 0.310000
934 37.077667 0.493333 0.039333 0.286667
359 37.153333 0.508333 0.126667 0.370000
907 37.270333 0.495000 0.126000 0.443333
670 37.370333 0.490000 0.092667 0.313333
427 37.500000 0.490000 0.185333 0.926667
651 37.668000 0.503333 0.170667 0.853333
454 37.774000 0.495000 0.058667 0.343333
652 37.877333 0.505000 0.161333 0.543333
685 38.003667 0.506667 0.104667 0.406667
234 38.108000 0.495000 0.118667 0.490000
619 38.197000 0.495000 0.076667 0.423333
457 38.267333 0.510000 0.078667 0.420000
743 38.346000 0.501667 0.094667 0.390000
348 38.448667 0.488333 0.125333 0.363333
125 38.555000 0.493333 0.104667 0.453333
456 38.639333 0.493333 0.077333 0.393333
265 38.781667 0.508333 0.227333 1.136667
258 38.949333 0.500000 0.126667 0.446667
937 39.028000 0.503333 0.044000 0.333333
515 39.093000 0.508333 0.102000 0.323333
88 39.223333 0.505000 0.174667 0.376667
198 39.414667 0.496667 0.226667 1.133333
57 39.544667 0.490000 0.049333 0.213333
927 39.579667 0.508333 0.039333 0.316667
510 39.657667 0.508333 0.132667 0.496667
451 39.754667 0.491667 0.081333 0.423333
929 39.803667 0.503333 0.030000 0.246667
440 39.845000 0.503333 0.071333 0.366667
328 39.976000 0.495000 0.204000 0.543333
142 40.106333 0.498333 0.076667 0.383333
62 40.170000 0.495000 0.069333 0.316667
979 40.222667 0.501667 0.050667 0.376667
352 40.292667 0.490000 0.106667 0.333333
506 40.353667 0.493333 0.031333 0.346667
355 40.436333 0.491667 0.154000 0.430000
654 40.610667 0.491667 0.214667 0.390000
111 40.747333 0.491667 0.073333 0.316667
18 40.820000 0.493333 0.089333 0.313333
398 40.897333 0.488333 0.084000 0.423333
217 41.012000 0.490000 0.161333 0.806667
176 41.141667 0.488333 0.112667 0.396667
48 41.350667 0.493333 0.320000 0.686667
238 41.560000 0.495000 0.114667 0.450000
167 41.675667 0.488333 0.135333 0.470000
784 41.765333 0.508333 0.060000 0.503333
964 41.803000 0.496667 0.034000 0.273333
78 41.893333 0.506667 0.166667 0.833333
770 42.030667 0.495000 0.128000 0.370000
718 42.189333 0.501667 0.205333 0.603333
869 42.311667 0.505000 0.058000 0.396667
455 42.370333 0.488333 0.075333 0.396667
526 42.477667 0.503333 0.158000 0.400000
814 42.604000 0.498333 0.110667 0.283333
245 42.683667 0.500000 0.067333 0.300000
755 42.768000 0.498333 0.121333 0.343333
423 42.900000 0.505000 0.156000 0.490000
563 43.031333 0.505000 0.126667 0.270000
484 43.149000 0.498333 0.123333 0.456667
420 43.244333 0.500000 0.086000 0.340000
813 43.339333 0.490000 0.117333 0.300000
606 43.445333 0.501667 0.110667 0.356667
371 43.573667 0.508333 0.163333 0.816667
419 43.694333 0.490000 0.096667 0.466667
12 43.786667 0.505000 0.108000 0.363333
988 43.847000 0.490000 0.032667 0.260000
864 43.912000 0.498333 0.110667 0.443333
633 44.047333 0.490000 0.173333 0.486667
40 44.170667 0.496667 0.092000 0.333333
32 44.269333 0.490000 0.118667 0.406667
711 44.415333 0.505000 0.192000 0.490000
778 44.550333 0.503333 0.094000 0.593333
943 44.609667 0.490000 0.038000 0.306667
604 44.688667 0.488333 0.138667 0.416667
28 44.790667 0.503333 0.082667 0.293333
97 44.944000 0.488333 0.241333 0.510000
405 45.104333 0.508333 0.094000 0.363333
833 45.192000 0.506667 0.101333 0.413333
525 45.291333 0.506667 0.112000 0.366667
611 45.377667 0.493333 0.080667 0.313333
541 45.523333 0.496667 0.225333 1.126667
360 45.706667 0.510000 0.157333 0.786667
596 45.840333 0.503333 0.128667 0.386667
375 45.967667 0.496667 0.144667 0.380000
963 46.053667 0.491667 0.046000 0.370000
520 46.134667 0.508333 0.134667 0.423333
203 46.242333 0.498333 0.094000 0.423333
807 46.387667 0.508333 0.212667 0.496667
298 46.527333 0.498333 0.082667 0.416667
14 46.612667 0.496667 0.106667 0.373333
197 46.720000 0.496667 0.126667 0.513333
302 46.806333 0.503333 0.062000 0.353333
936 46.854000 0.505000 0.050667 0.376667
659 46.919000 0.501667 0.098000 0.390000
161 47.011333 0.490000 0.105333 0.386667
43 47.120000 0.500000 0.128000 0.513333
312 47.236000 0.493333 0.122667 0.453333
655 47.337333 0.496667 0.100000 0.413333
905 47.451000 0.505000 0.140667 0.463333
247 47.555000 0.510000 0.082000 0.320000
733 47.629667 0.493333 0.082000 0.480000
817 47.727667 0.500000 0.134000 0.400000
162 47.839667 0.503333 0.107333 0.380000
658 47.924333 0.510000 0.075333 0.446667
119 47.996000 0.496667 0.084000 0.500000
782 48.085333 0.496667 0.112000 0.540000
762 48.165667 0.496667 0.067333 0.286667
362 48.253667 0.505000 0.127333 0.396667
305 48.345667 0.495000 0.075333 0.430000
56 48.410000 0.508333 0.070667 0.103333
579 48.523000 0.495000 0.168667 0.396667
92 48.681667 0.500000 0.166000 0.353333
307 48.786000 0.501667 0.057333 0.323333
94 48.891333 0.506667 0.173333 0.380000
810 49.026000 0.491667 0.116000 0.510000
425 49.127667 0.500000 0.100667 0.593333
726 49.206333 0.490000 0.074000 0.400000
267 49.339000 0.491667 0.204667 1.023333
523 49.497333 0.491667 0.125333 0.396667
297 49.592000 0.501667 0.078667 0.423333
497 49.698333 0.505000 0.154000 0.396667
529 49.815000 0.500000 0.099333 0.386667
736 49.895000 0.498333 0.075333 0.510000
1020 49.948667 0.506667 0.045333 0.360000
882 50.006667 0.505000 0.090667 0.363333
82 50.085333 0.490000 0.080000 0.540000
473 50.150333 0.510000 0.068667 0.393333
888 50.232000 0.510000 0.112000 0.380000
192 50.336000 0.501667 0.112000 0.550000
1018 50.403333 0.510000 0.040000 0.293333
735 50.473667 0.490000 0.119333 0.486667
568 50.576000 0.496667 0.102667 0.513333
183 50.678667 0.510000 0.121333 0.493333
677 50.777667 0.503333 0.095333 0.306667
30 50.881333 0.498333 0.128000 0.370000
955 50.956667 0.488333 0.038667 0.310000
872 51.027333 0.491667 0.120000 0.343333
492 51.121667 0.506667 0.088667 0.413333
512 51.220667 0.510000 0.124000 0.420000
847 51.323000 0.498333 0.096667 0.290000
628 51.469000 0.498333 0.211333 1.056667
73 51.648333 0.498333 0.163333 0.510000
422 51.767667 0.488333 0.090000 0.323333
165 51.853000 0.498333 0.094000 0.363333
153 51.940000 0.495000 0.100000 0.456667
148 52.048667 0.508333 0.130667 0.376667
303 52.137000 0.491667 0.059333 0.330000
875 52.226667 0.495000 0.140000 0.350000
588 52.345333 0.500000 0.110667 0.500000
680 52.451333 0.505000 0.118667 0.436667
621 52.525667 0.510000 0.047333 0.500000
145 52.593000 0.505000 0.100667 0.523333
873 52.672333 0.491667 0.078000 0.370000
838 52.750333 0.501667 0.094000 0.383333
956 52.805667 0.496667 0.036667 0.293333
975 52.835333 0.491667 0.037333 0.276667
789 52.874333 0.493333 0.059333 0.366667
474 52.942333 0.508333 0.090000 0.463333
449 53.016333 0.506667 0.071333 0.426667
102 53.133333 0.506667 0.180000 0.900000
370 53.270667 0.505000 0.114667 0.310000
511 53.374333 0.503333 0.108667 0.366667
335 53.475333 0.495000 0.110667 0.350000
163 53.591333 0.501667 0.134667 0.516667
719 53.735000 0.501667 0.170000 0.850000
532 53.865667 0.506667 0.104667 0.533333
972 53.927333 0.500000 0.038667 0.333333
483 53.970333 0.505000 0.060667 0.316667
585 54.071000 0.488333 0.155333 0.450000
273 54.167667 0.505000 0.052667 0.343333
967 54.211333 0.490000 0.048000 0.360000
688 54.270667 0.506667 0.086667 0.426667
544 54.346667 0.496667 0.080000 0.293333
1 54.412000 0.500000 0.068000 0.340000
582 54.526000 0.510000 0.173333 0.866667
261 54.699000 0.488333 0.190000 0.950000
678 54.842000 0.491667 0.116000 0.383333
996 54.908667 0.491667 0.034667 0.263333
332 55.007333 0.510000 0.177333 0.886667
166 55.158000 0.495000 0.137333 0.476667
871 55.252000 0.501667 0.065333 0.343333
930 55.291667 0.501667 0.031333 0.250000
295 55.361333 0.510000 0.122667 0.526667
452 55.458667 0.503333 0.085333 0.433333
919 55.535667 0.496667 0.087333 0.366667
244 55.649667 0.501667 0.154000 0.416667
852 55.762667 0.495000 0.086667 0.370000
436 55.844667 0.506667 0.097333 0.273333
634 55.937333 0.500000 0.101333 0.420000
796 56.045000 0.498333 0.127333 0.523333
741 56.155000 0.490000 0.112667 0.386667
499 56.232000 0.496667 0.056000 0.340000
845 56.310333 0.500000 0.115333 0.480000
342 56.394667 0.510000 0.073333 0.340000
0 56.451333 0.510000 0.054667 0.420000
415 56.561000 0.501667 0.184667 0.923333
135 56.710667 0.493333 0.129333 0.413333
229 56.815333 0.500000 0.098667 0.433333
924 56.875000 0.495000 0.034000 0.283333
204 56.943000 0.491667 0.119333 0.496667
486 57.025667 0.501667 0.066000 0.383333
536 57.115333 0.488333 0.130667 0.510000
773 57.254333 0.491667 0.160667 0.443333
149 57.418667 0.500000 0.186667 0.933333
553 57.554000 0.503333 0.104000 0.360000
997 57.619333 0.498333 0.044000 0.330000
444 57.672000 0.495000 0.074667 0.443333
795 57.737667 0.490000 0.075333 0.460000
435 57.797000 0.495000 0.058000 0.296667
804 57.900333 0.498333 0.162000 0.510000
188 58.023667 0.490000 0.098000 0.493333
296 58.103333 0.500000 0.077333 0.300000
85 58.189333 0.506667 0.112000 0.433333
662 58.282000 0.488333 0.092000 0.343333
25 58.392333 0.505000 0.143333 0.523333
664 58.525333 0.490000 0.137333 0.466667
429 58.643333 0.505000 0.116000 0.416667
276 58.718667 0.506667 0.049333 0.320000
299 58.772000 0.488333 0.074667 0.290000
269 58.886667 0.490000 0.172000 0.540000
274 59.023333 0.495000 0.118667 0.576667
275 59.096667 0.495000 0.048000 0.310000
978 59.134000 0.490000 0.041333 0.346667
1022 59.164333 0.498333 0.039333 0.310000
479 59.204333 0.503333 0.059333 0.360000
5 59.263333 0.490000 0.077333 0.346667
289 59.395000 0.495000 0.200667 1.003333
737 59.512000 0.498333 0.046667 0.336667
860 59.624333 0.491667 0.191333 0.956667
825 59.757000 0.490000 0.092667 0.460000
81 59.857000 0.491667 0.120667 0.490000
194 59.974000 0.506667 0.133333 0.540000
831 60.085667 0.493333 0.106000 0.433333
159 60.154333 0.510000 0.046000 0.373333
697 60.198333 0.496667 0.060667 0.306667
549 60.265667 0.508333 0.087333 0.303333
412 60.353333 0.490000 0.108000 0.540000
748 60.442000 0.500000 0.088000 0.320000
999 60.494667 0.508333 0.030667 0.250000
469 60.530667 0.488333 0.056000 0.336667
68 60.618333 0.488333 0.132667 0.376667
850 60.734333 0.496667 0.116667 0.480000
214 60.842333 0.488333 0.119333 0.516667
80 60.950333 0.495000 0.115333 0.576667
45 61.039333 0.506667 0.081333 0.413333
26 61.138333 0.488333 0.130000 0.443333
960 61.214000 0.501667 0.036000 0.276667
116 61.276333 0.508333 0.108667 0.323333
260 61.388333 0.495000 0.130000 0.330000
110 61.512333 0.491667 0.132667 0.476667
971 61.588000 0.503333 0.037333 0.273333
64 61.628000 0.498333 0.061333 0.296667
642 61.703667 0.491667 0.104667 0.423333
644 61.790667 0.490000 0.084000 0.380000
169 61.887333 0.491667 0.122667 0.450000
253 61.964667 0.488333 0.046667 0.403333
343 62.038667 0.503333 0.121333 0.353333
578 62.138333 0.495000 0.096667 0.376667
104 62.281000 0.505000 0.208667 1.043333
482 62.406667 0.505000 0.061333 0.316667
1000 62.450667 0.493333 0.044000 0.333333
47 62.515000 0.490000 0.103333 0.486667
144 62.605667 0.490000 0.092667 0.393333
195 62.691333 0.496667 0.098667 0.393333
841 62.786000 0.505000 0.110667 0.456667
443 62.867333 0.498333 0.072000 0.403333
251 62.928000 0.508333 0.068000 0.383333
657 62.991333 0.510000 0.076000 0.320000
458 63.052000 0.496667 0.061333 0.360000
613 63.134667 0.506667 0.120000 0.320000
877 63.228000 0.493333 0.081333 0.406667
693 63.310667 0.490000 0.101333 0.500000
329 63.441667 0.498333 0.176667 0.616667
779 63.545000 0.493333 0.044667 0.386667
550 63.593333 0.508333 0.068000 0.343333
716 63.718667 0.495000 0.201333 0.503333
738 63.845333 0.510000 0.070667 0.340000
395 63.935000 0.490000 0.126000 0.353333
687 64.036000 0.495000 0.089333 0.436667
475 64.103333 0.500000 0.060000 0.320000
909 64.179333 0.500000 0.108000 0.473333
983 64.240667 0.498333 0.034667 0.263333
600 64.319000 0.510000 0.139333 0.433333
461 64.418333 0.508333 0.079333 0.403333
712 64.521333 0.496667 0.144000 0.426667
168 64.647667 0.498333 0.126000 0.470000
732 64.749000 0.500000 0.090000 0.466667
590 64.865667 0.498333 0.158000 0.563333
96 65.030000 0.508333 0.188000 0.396667
653 65.173000 0.498333 0.118000 0.383333
389 65.282000 0.493333 0.117333 0.313333
331 65.446000 0.503333 0.225333 1.126667
211 65.596000 0.493333 0.092000 0.406667
692 65.680000 0.510000 0.092000 0.453333
118 65.769667 0.488333 0.106000 0.410000
170 65.864333 0.490000 0.098000 0.366667
409 65.962667 0.488333 0.113333 0.576667
603 66.126333 0.495000 0.228667 1.143333
358 66.302333 0.495000 0.138000 0.410000
792 66.414333 0.503333 0.103333 0.420000
392 66.537333 0.510000 0.158667 0.793333
421 66.691667 0.506667 0.163333 0.486667
356 66.845333 0.488333 0.157333 0.436667
739 66.940333 0.493333 0.050000 0.440000
16 67.007333 0.498333 0.097333 0.316667
820 67.090333 0.495000 0.084667 0.356667
103 67.234667 0.503333 0.218667 0.473333
607 67.406333 0.503333 0.143333 0.433333
722 67.538667 0.510000 0.136000 0.393333
270 67.701333 0.496667 0.208000 1.040000
857 67.897333 0.490000 0.198667 0.446667
306 68.025000 0.496667 0.071333 0.400000
715 68.151000 0.493333 0.195333 0.513333
818 68.303333 0.506667 0.128000 0.286667
136 68.426333 0.493333 0.131333 0.566667
790 68.522667 0.496667 0.078667 0.460000
754 68.618667 0.491667 0.129333 0.630000
761 68.730333 0.510000 0.110000 0.373333
661 68.836000 0.495000 0.120000 0.456667
207 68.939667 0.493333 0.100667 0.493333
973 68.998000 0.510000 0.036000 0.266667
540 69.103667 0.498333 0.194000 0.970000
248 69.234667 0.505000 0.084000 0.456667
962 69.290667 0.503333 0.046667 0.360000
524 69.375000 0.498333 0.138000 0.436667
190 69.478000 0.508333 0.088000 0.376667
874 69.561000 0.505000 0.092667 0.416667
284 69.657667 0.506667 0.116667 0.420000
994 69.727333 0.500000 0.041333 0.320000
783 69.779667 0.495000 0.079333 0.423333
179 69.872000 0.498333 0.118667 0.430000
152 69.957667 0.503333 0.066000 0.326667
313 70.034000 0.491667 0.105333 0.410000
189 70.133667 0.501667 0.108667 0.450000
489 70.206333 0.500000 0.056667 0.333333
535 70.322000 0.508333 0.192000 0.463333
542 70.489667 0.488333 0.162000 0.810000
433 70.646000 0.491667 0.166667 0.456667
643 70.763333 0.495000 0.085333 0.310000
987 70.815333 0.505000 0.036000 0.283333
601 70.889667 0.506667 0.132667 0.400000
140 71.011000 0.495000 0.128667 0.696667
177 71.126000 0.491667 0.120000 0.456667
707 71.229333 0.493333 0.101333 0.466667
133 71.333000 0.503333 0.126000 0.413333
196 71.445000 0.500000 0.114000 0.540000
156 71.559333 0.495000 0.130667 0.363333
749 71.658000 0.496667 0.084000 0.340000
51 71.754333 0.501667 0.127333 0.463333
966 71.830667 0.491667 0.042667 0.336667
605 71.912333 0.490000 0.135333 0.353333
9 72.020667 0.495000 0.097333 0.396667
675 72.119333 0.495000 0.113333 0.383333
961 72.183000 0.508333 0.032667 0.263333
383 72.252667 0.510000 0.120000 0.340000
953 72.325333 0.491667 0.045333 0.343333
572 72.380667 0.500000 0.080000 0.340000
759 72.473667 0.505000 0.124667 0.356667
221 72.593667 0.505000 0.130000 0.523333
17 72.699667 0.498333 0.098000 0.343333
827 72.793333 0.498333 0.106667 0.470000
558 72.878667 0.490000 0.077333 0.386667
33 72.958000 0.491667 0.094667 0.356667
291 73.067333 0.491667 0.140000 0.536667
799 73.180333 0.493333 0.106000 0.393333
671 73.285333 0.503333 0.121333 0.420000
948 73.358000 0.491667 0.042667 0.310000
477 73.402000 0.506667 0.062667 0.320000
138 73.465000 0.495000 0.082000 0.476667
128 73.597333 0.510000 0.201333 0.660000
209 73.802000 0.496667 0.221333 1.106667
522 73.960000 0.508333 0.108000 0.356667
505 74.040333 0.503333 0.068667 0.293333
84 74.114000 0.493333 0.096000 0.266667
925 74.175333 0.501667 0.045333 0.363333
384 74.252333 0.488333 0.123333 0.350000
636 74.360667 0.508333 0.113333 0.276667
126 74.520000 0.490000 0.222667 1.113333
1014 74.649667 0.491667 0.051333 0.370000
401 74.706333 0.503333 0.078000 0.393333
397 74.784000 0.503333 0.092000 0.373333
835 74.873000 0.493333 0.102000 0.453333
1012 74.936667 0.510000 0.040000 0.320000
1007 74.970000 0.498333 0.040000 0.290000
821 75.069000 0.488333 0.176667 0.883333
891 75.173333 0.505000 0.049333 0.250000
984 75.211667 0.500000 0.040667 0.320000
410 75.273333 0.505000 0.102667 0.396667
822 75.370333 0.495000 0.110000 0.330000
950 75.436000 0.493333 0.038667 0.286667
586 75.509667 0.488333 0.127333 0.356667
407 75.622333 0.488333 0.116667 0.436667
172 75.730000 0.498333 0.117333 0.430000
212 75.842000 0.493333 0.121333 0.493333
989 75.917333 0.491667 0.045333 0.343333
160 75.959000 0.493333 0.055333 0.313333
353 76.059000 0.491667 0.164667 0.476667
35 76.182333 0.505000 0.102000 0.390000
364 76.316667 0.506667 0.180000 0.900000
766 76.463000 0.491667 0.128667 0.376667
640 76.558000 0.496667 0.076000 0.386667
648 76.627000 0.506667 0.082000 0.346667
559 76.701667 0.501667 0.082000 0.403333
219 76.783000 0.498333 0.094000 0.383333
912 76.863333 0.506667 0.084000 0.360000
834 76.940667 0.505000 0.086667 0.376667
326 77.010000 0.496667 0.072000 0.326667
751 77.096333 0.496667 0.114000 0.460000
414 77.242667 0.490000 0.197333 0.986667
439 77.397667 0.495000 0.126000 0.530000
377 77.528333 0.496667 0.148667 0.460000
287 77.637667 0.508333 0.090000 0.336667
373 77.741667 0.500000 0.138000 0.433333
1002 77.824667 0.491667 0.041333 0.303333
318 77.901667 0.510000 0.128667 0.520000
237 77.997667 0.491667 0.082000 0.596667
977 78.047333 0.503333 0.034667 0.260000
417 78.102333 0.503333 0.094000 0.460000
581 78.192000 0.503333 0.100000 0.426667
320 78.295333 0.490000 0.120000 0.413333
498 78.381333 0.490000 0.068000 0.413333
645 78.447667 0.501667 0.078000 0.350000
124 78.521333 0.495000 0.088000 0.310000
385 78.626333 0.490000 0.138000 0.433333
213 78.736333 0.500000 0.095333 0.480000
774 78.810667 0.495000 0.073333 0.383333
861 78.860000 0.488333 0.038667 0.310000
151 78.912000 0.491667 0.078667 0.403333
702 79.026000 0.493333 0.168000 0.526667
432 79.160000 0.488333 0.113333 0.243333
981 79.223000 0.490000 0.032667 0.266667
321 79.274000 0.505000 0.088000 0.436667
60 79.346000 0.488333 0.073333 0.303333
146 79.467000 0.495000 0.182000 0.910000
727 79.575667 0.488333 0.054000 0.343333
222 79.643000 0.495000 0.099333 0.503333
316 79.735667 0.491667 0.100667 0.383333
441 79.816000 0.500000 0.074667 0.433333
521 79.925333 0.510000 0.160000 0.413333
705 80.053333 0.493333 0.114667 0.366667
723 80.163667 0.498333 0.119333 0.410000
137 80.247000 0.491667 0.064667 0.383333
288 80.337000 0.496667 0.131333 0.506667
991 80.412333 0.493333 0.039333 0.286667
282 80.478667 0.495000 0.106667 0.383333
922 80.545000 0.496667 0.039333 0.320000
69 80.609333 0.506667 0.104000 0.540000
1015 80.675667 0.493333 0.043333 0.353333
49 80.775333 0.503333 0.173333 0.866667
923 80.872000 0.488333 0.038667 0.296667
445 80.918667 0.501667 0.068000 0.350000
333 81.029333 0.510000 0.168000 0.840000
931 81.124333 0.503333 0.039333 0.306667
566 81.201000 0.501667 0.134000 0.536667
58 81.287333 0.503333 0.057333 0.326667
438 81.381333 0.488333 0.148000 0.450000
230 81.515333 0.500000 0.137333 0.533333
921 81.600333 0.496667 0.050000 0.300000
728 81.652333 0.501667 0.067333 0.610000
304 81.714667 0.490000 0.074667 0.426667
338 81.814000 0.493333 0.142667 0.733333
181 81.941667 0.490000 0.128667 0.426667
887 82.055333 0.506667 0.114667 0.366667
393 82.164333 0.495000 0.118000 0.330000
132 82.250667 0.498333 0.074667 0.316667
610 82.340000 0.490000 0.122667 0.380000
915 82.424333 0.490000 0.064667 0.526667
889 82.511333 0.491667 0.129333 0.510000
747 82.628667 0.491667 0.124000 0.496667
890 82.793333 0.493333 0.224000 1.120000
216 82.946000 0.495000 0.101333 0.410000
840 83.044667 0.500000 0.113333 0.506667
336 83.145333 0.495000 0.102667 0.490000
570 83.233000 0.491667 0.091333 0.383333
618 83.309667 0.490000 0.080667 0.513333
828 83.394667 0.491667 0.108000 0.450000
143 83.475333 0.508333 0.072000 0.356667
351 83.578667 0.491667 0.148000 0.463333
413 83.715333 0.493333 0.145333 0.613333
368 83.853333 0.495000 0.145333 0.403333
500 83.953333 0.496667 0.068000 0.320000
155 84.024333 0.506667 0.087333 0.473333
330 84.101333 0.500000 0.082667 0.313333
290 84.189667 0.490000 0.112667 0.333333
157 84.306667 0.495000 0.141333 0.596667
672 84.432000 0.500000 0.129333 0.426667
569 84.535000 0.503333 0.092667 0.380000
233 84.631333 0.506667 0.116000 0.500000
809 84.737333 0.500000 0.109333 0.593333
876 84.853333 0.508333 0.138667 0.350000
608 84.974333 0.500000 0.119333 0.420000
941 85.046667 0.495000 0.045333 0.363333
859 85.112000 0.508333 0.100000 0.283333
576 85.210333 0.505000 0.111333 0.430000
13 85.307667 0.496667 0.103333 0.340000
123 85.397667 0.501667 0.092667 0.556667
239 85.498000 0.490000 0.124000 0.760000
982 85.573000 0.495000 0.043333 0.330000
806 85.673333 0.505000 0.177333 0.430000
867 85.814667 0.501667 0.124000 0.443333
120 85.976333 0.488333 0.216667 0.470000
555 86.092333 0.498333 0.031333 0.290000
349 86.167333 0.490000 0.133333 0.373333
704 86.297667 0.491667 0.143333 0.530000
832 86.427000 0.505000 0.130000 0.570000
866 86.568333 0.495000 0.172667 0.510000
86 86.689000 0.493333 0.088667 0.400000
99 86.837667 0.500000 0.222000 0.480000
635 86.986000 0.493333 0.094667 0.393333
319 87.068333 0.508333 0.084667 0.316667
66 87.159000 0.510000 0.110000 0.500000
942 87.226333 0.505000 0.043333 0.330000
314 87.302667 0.488333 0.126667 0.456667
361 87.414000 0.495000 0.114667 0.336667
462 87.498667 0.491667 0.072000 0.370000
502 87.572000 0.493333 0.090667 0.440000
447 87.652000 0.510000 0.084000 0.426667
231 87.747333 0.508333 0.120000 0.503333
232 87.848667 0.490000 0.102667 0.506667
660 87.949000 0.500000 0.111333 0.373333
496 88.041333 0.491667 0.092000 0.376667
650 88.166000 0.510000 0.177333 0.580000
858 88.307667 0.506667 0.126000 0.400000
481 88.393000 0.491667 0.062000 0.363333
366 88.484000 0.498333 0.140000 0.396667
758 88.621333 0.506667 0.154667 0.453333
694 88.733000 0.491667 0.087333 0.430000
629 88.848333 0.503333 0.159333 0.546667
430 88.974667 0.510000 0.110667 0.473333
564 89.097333 0.501667 0.149333 0.310000
220 89.212333 0.488333 0.100667 0.423333
277 89.296667 0.510000 0.081333 0.386667
855 89.370667 0.500000 0.084000 0.213333
868 89.453667 0.493333 0.098000 0.553333
622 89.579000 0.488333 0.172667 0.863333
185 89.699667 0.493333 0.087333 0.420000
986 89.750667 0.500000 0.034667 0.253333
246 89.833667 0.506667 0.146000 0.520000
394 89.976667 0.495000 0.153333 0.443333
453 90.085667 0.501667 0.078000 0.403333
463 90.152000 0.503333 0.072000 0.380000
346 90.239667 0.496667 0.123333 0.380000
878 90.339667 0.501667 0.094000 0.483333
519 90.479333 0.490000 0.201333 1.006667
411 90.657667 0.505000 0.174000 0.870000
21 90.784667 0.488333 0.098667 0.363333
426 90.856667 0.493333 0.062667 0.380000
1017 90.902333 0.491667 0.043333 0.356667
939 90.933000 0.506667 0.034000 0.266667
466 90.970333 0.508333 0.059333 0.336667
717 91.076333 0.503333 0.170000 0.440000
388 91.246667 0.500000 0.184000 0.920000
235 91.383000 0.505000 0.108667 0.463333
756 91.489667 0.508333 0.124667 0.370000
974 91.565000 0.488333 0.044667 0.323333
448 91.617000 0.500000 0.074000 0.400000
20 91.704333 0.500000 0.116667 0.420000
357 91.808000 0.506667 0.108000 0.313333
933 91.875000 0.493333 0.039333 0.306667
363 91.957333 0.495000 0.140000 0.383333
902 92.094333 0.498333 0.148667 0.416667
38 92.224667 0.510000 0.128000 0.406667
561 92.372667 0.501667 0.182667 0.476667
668 92.523000 0.490000 0.132667 0.433333
808 92.626667 0.496667 0.092000 0.326667
485 92.695333 0.498333 0.065333 0.336667
843 92.781333 0.498333 0.120000 0.496667
917 92.857333 0.498333 0.052000 0.370000
240 92.905667 0.501667 0.064667 0.336667
531 93.017667 0.495000 0.178000 0.890000
533 93.160667 0.510000 0.128000 0.460000
3 93.260000 0.510000 0.086667 0.386667
617 93.348000 0.496667 0.109333 0.440000
317 93.450667 0.490000 0.110667 0.446667
382 93.562333 0.498333 0.126000 0.336667
698 93.640667 0.496667 0.048000 0.246667
378 93.717000 0.503333 0.124667 0.340000
29 93.839667 0.510000 0.134000 0.366667
376 93.959333 0.496667 0.122667 0.360000
158 94.077000 0.491667 0.131333 0.423333
107 94.223333 0.510000 0.174667 0.373333
993 94.324667 0.501667 0.041333 0.330000
665 94.390333 0.506667 0.108667 0.373333
757 94.512333 0.505000 0.150000 0.450000
794 94.613333 0.498333 0.068000 0.416667
478 94.670333 0.501667 0.059333 0.310000
344 94.777667 0.498333 0.175333 0.876667
895 94.935667 0.501667 0.155333 0.483333
527 95.064333 0.496667 0.118000 0.380000
995 95.129000 0.508333 0.031333 0.263333
65 95.176667 0.488333 0.078667 0.203333
837 95.261667 0.493333 0.106000 0.446667
112 95.366333 0.501667 0.118000 0.396667
560 95.513000 0.491667 0.191333 0.956667
851 95.659667 0.501667 0.115333 0.476667
106 95.806000 0.503333 0.194667 0.973333
745 95.949333 0.500000 0.108000 0.400000
369 96.059333 0.508333 0.125333 0.390000
701 96.225667 0.498333 0.223333 1.116667
573 96.370667 0.490000 0.081333 0.333333
663 96.447667 0.491667 0.088667 0.316667
262 96.536667 0.508333 0.108000 0.536667
575 96.644667 0.496667 0.121333 0.426667
667 96.746000 0.505000 0.096000 0.350000
700 96.861333 0.501667 0.150667 0.603333
686 96.965667 0.501667 0.078000 0.383333
798 97.042000 0.506667 0.090667 0.353333
340 97.143000 0.493333 0.130000 0.386667
224 97.248000 0.500000 0.093333 0.373333
577 97.336000 0.496667 0.097333 0.373333
849 97.418333 0.496667 0.087333 0.360000
597 97.507000 0.496667 0.103333 0.306667
508 97.579333 0.500000 0.058667 0.306667
710 97.686667 0.500000 0.169333 0.846667
829 97.813333 0.510000 0.102667 0.426667
690 97.906000 0.490000 0.096000 0.466667
437 97.994333 0.510000 0.095333 0.493333
916 98.128333 0.508333 0.188667 0.436667
797 98.269333 0.501667 0.110667 0.410000
310 98.351667 0.508333 0.072667 0.410000
1003 98.403000 0.506667 0.048667 0.360000
95 98.508333 0.488333 0.180667 0.903333
272 98.669333 0.488333 0.158667 0.470000
4 98.791333 0.491667 0.098667 0.383333
679 98.879333 0.490000 0.096000 0.553333
517 98.980333 0.508333 0.123333 0.403333
547 99.067667 0.491667 0.067333 0.390000
22 99.163667 0.501667 0.143333 0.483333
777 99.274667 0.500000 0.098667 0.420000
254 99.378667 0.488333 0.128000 0.490000
464 99.467333 0.508333 0.064000 0.330000
706 99.519333 0.490000 0.057333 0.286667
129 99.612333 0.495000 0.142000 0.536667
131 99.735000 0.488333 0.116667 0.456667
472 99.811667 0.506667 0.054000 0.306667
1004 99.855000 0.501667 0.047333 0.363333
79 99.974000 0.488333 0.205333 0.356667
367 100.163000 0.501667 0.186000 0.930000
6 100.297000 0.501667 0.096667 0.403333
775 100.379000 0.510000 0.082000 0.393333
341 100.452333 0.510000 0.084667 0.366667
968 100.507667 0.505000 0.040667 0.323333
249 100.553000 0.496667 0.066000 0.466667
744 100.694333 0.508333 0.231333 1.156667
225 100.855000 0.508333 0.103333 0.423333
969 100.915333 0.510000 0.037333 0.286667
776 101.014333 0.488333 0.174000 0.396667
403 101.166667 0.510000 0.146667 0.453333
879 101.288333 0.501667 0.115333 0.330000
37 101.391333 0.506667 0.109333 0.340000
592 101.548667 0.506667 0.221333 1.106667
609 101.687333 0.510000 0.074667 0.306667
418 101.760667 0.491667 0.086667 0.423333
854 101.882667 0.490000 0.176000 0.513333
591 102.027667 0.510000 0.128667 0.366667
602 102.157667 0.495000 0.146000 0.443333
938 102.246667 0.488333 0.048000 0.356667
431 102.318333 0.501667 0.111333 0.383333
880 102.427000 0.506667 0.120667 0.446667
259 102.527667 0.503333 0.095333 0.473333
781 102.599000 0.500000 0.064667 0.333333
720 102.710000 0.510000 0.173333 0.526667
89 102.905333 0.510000 0.237333 0.506667
127 103.095667 0.510000 0.158000 0.546667
940 103.180667 0.503333 0.032000 0.266667
656 103.272000 0.491667 0.168000 0.443333
805 103.415333 0.490000 0.138667 0.400000
892 103.566333 0.490000 0.179333 0.526667
965 103.664000 0.500000 0.036000 0.293333
638 103.730000 0.508333 0.112000 0.443333
223 103.834667 0.501667 0.117333 0.590000
