673 0.062000 0.503333 0.117333 0.420000
651 0.193333 0.490000 0.162667 0.526667
603 0.372333 0.493333 0.210000 0.426667
701 0.567000 0.498333 0.194000 0.970000
156 0.719333 0.495000 0.130667 0.390000
660 0.825000 0.496667 0.100667 0.366667
34 0.918333 0.500000 0.099333 0.340000
64 0.988667 0.496667 0.058667 0.326667
173 1.051333 0.503333 0.081333 0.366667
77 1.152667 0.500000 0.138667 0.346667
452 1.244000 0.495000 0.060000 0.310000
498 1.292333 0.495000 0.054000 0.336667
435 1.340333 0.501667 0.062000 0.296667
936 1.380000 0.505000 0.030667 0.256667
62 1.425333 0.496667 0.073333 0.333333
1022 1.476667 0.498333 0.046667 0.336667
833 1.547667 0.501667 0.114000 0.490000
969 1.614333 0.493333 0.032667 0.260000
670 1.684333 0.491667 0.122000 0.416667
766 1.794333 0.498333 0.111333 0.323333
978 1.863333 0.506667 0.044000 0.353333
695 1.971667 0.493333 0.187333 0.546667
488 2.098667 0.495000 0.082667 0.403333
122 2.179000 0.493333 0.092667 0.373333
436 2.275667 0.501667 0.119333 0.316667
332 2.405667 0.495000 0.159333 0.796667
514 2.536000 0.503333 0.114667 0.360000
571 2.629000 0.500000 0.090000 0.386667
994 2.684333 0.508333 0.034000 0.256667
872 2.760667 0.491667 0.138667 0.390000
582 2.887000 0.496667 0.130000 0.486667
224 3.008667 0.503333 0.129333 0.520000
365 3.142667 0.496667 0.156000 0.440000
646 3.245667 0.508333 0.067333 0.310000
109 3.355667 0.495000 0.166000 0.363333
619 3.474333 0.491667 0.091333 0.496667
53 3.569667 0.501667 0.112667 0.383333
256 3.662000 0.498333 0.089333 0.323333
23 3.788333 0.501667 0.180667 0.903333
1018 3.889667 0.488333 0.035333 0.290000
546 3.955000 0.495000 0.110000 0.403333
635 4.052333 0.488333 0.099333 0.423333
12 4.134000 0.488333 0.084000 0.310000
929 4.184000 0.495000 0.034667 0.263333
409 4.245000 0.508333 0.103333 0.523333
343 4.369333 0.493333 0.158667 0.480000
926 4.459667 0.498333 0.035333 0.276667
973 4.488333 0.493333 0.039333 0.320000
784 4.529667 0.496667 0.062000 0.520000
402 4.628667 0.491667 0.150667 0.383333
905 4.776667 0.495000 0.160000 0.523333
492 4.888667 0.510000 0.080000 0.426667
413 4.990667 0.495000 0.141333 0.596667
148 5.128667 0.506667 0.152000 0.426667
838 5.247000 0.505000 0.100667 0.430000
268 5.381000 0.501667 0.187333 0.936667
88 5.563333 0.496667 0.194667 0.413333
860 5.749333 0.505000 0.190667 0.490000
940 5.851333 0.493333 0.029333 0.240000
180 5.911000 0.500000 0.110000 0.386667
727 5.990333 0.488333 0.063333 0.390000
521 6.071000 0.490000 0.115333 0.326667
213 6.177333 0.495000 0.114667 0.576667
234 6.277667 0.500000 0.099333 0.406667
37 6.375333 0.500000 0.116000 0.373333
106 6.529000 0.501667 0.211333 1.056667
820 6.670667 0.505000 0.088000 0.370000
321 6.755000 0.506667 0.094000 0.426667
824 6.856000 0.500000 0.122667 0.506667
33 6.958667 0.488333 0.097333 0.310000
1003 7.019000 0.510000 0.043333 0.320000
236 7.078333 0.490000 0.092667 0.460000
562 7.203333 0.498333 0.173333 0.356667
960 7.302000 0.493333 0.037333 0.286667
910 7.370667 0.508333 0.114667 0.403333
996 7.443000 0.501667 0.050000 0.356667
421 7.554333 0.488333 0.188667 0.943333
819 7.712000 0.490000 0.146667 0.446667
382 7.850333 0.491667 0.143333 0.390000
715 8.002000 0.506667 0.176000 0.880000
554 8.191000 0.495000 0.220667 1.103333
974 8.315333 0.488333 0.041333 0.336667
621 8.361333 0.500000 0.065333 0.606667
551 8.456667 0.495000 0.145333 0.443333
854 8.621333 0.510000 0.198667 0.580000
463 8.744667 0.490000 0.061333 0.360000
123 8.828333 0.505000 0.120667 0.783333
523 8.930333 0.490000 0.098000 0.306667
633 9.077333 0.510000 0.209333 0.586667
102 9.257000 0.505000 0.164667 0.823333
848 9.383000 0.505000 0.106000 0.356667
328 9.499667 0.493333 0.142000 0.353333
516 9.627333 0.510000 0.129333 0.426667
337 9.779333 0.496667 0.189333 0.946667
737 9.888333 0.491667 0.044667 0.330000
158 9.991667 0.505000 0.179333 0.896667
732 10.112667 0.498333 0.080000 0.396667
883 10.249333 0.506667 0.209333 1.046667
880 10.391667 0.510000 0.094000 0.326667
770 10.493000 0.495000 0.124667 0.376667
211 10.604000 0.488333 0.114667 0.576667
266 10.741667 0.491667 0.178000 0.590000
24 10.884667 0.495000 0.122667 0.410000
456 10.971333 0.498333 0.068000 0.356667
922 11.016333 0.496667 0.035333 0.286667
2 11.060667 0.506667 0.069333 0.340000
699 11.151000 0.508333 0.126000 0.356667
687 11.246333 0.500000 0.079333 0.393333
569 11.324333 0.495000 0.092667 0.376667
588 11.402333 0.503333 0.083333 0.360000
899 11.518333 0.490000 0.162000 0.466667
346 11.694000 0.496667 0.206667 1.033333
967 11.807000 0.505000 0.035333 0.256667
902 11.881000 0.505000 0.127333 0.336667
693 11.986333 0.501667 0.099333 0.483333
367 12.104667 0.496667 0.150667 0.393333
141 12.211333 0.510000 0.082667 0.360000
199 12.300667 0.491667 0.110667 0.463333
761 12.406333 0.505000 0.116667 0.350000
359 12.518667 0.498333 0.126667 0.376667
674 12.618667 0.501667 0.092000 0.343333
810 12.705000 0.491667 0.095333 0.396667
457 12.776333 0.505000 0.063333 0.323333
515 12.867333 0.508333 0.138667 0.436667
591 12.985000 0.491667 0.116667 0.343333
930 13.061000 0.500000 0.048667 0.373333
618 13.116000 0.498333 0.080000 0.516667
950 13.171333 0.496667 0.044000 0.320000
589 13.240333 0.500000 0.112667 0.546667
459 13.332333 0.498333 0.090000 0.456667
481 13.402667 0.500000 0.064000 0.340000
681 13.442667 0.496667 0.036000 0.306667
797 13.505667 0.506667 0.103333 0.393333
472 13.582333 0.488333 0.063333 0.350000
615 13.656000 0.490000 0.101333 0.440000
864 13.749333 0.508333 0.104000 0.410000
537 13.902333 0.505000 0.215333 1.076667
477 14.042333 0.490000 0.082000 0.420000
188 14.125333 0.503333 0.097333 0.406667
170 14.220333 0.491667 0.111333 0.390000
476 14.305000 0.500000 0.072667 0.380000
447 14.362667 0.490000 0.058667 0.306667
260 14.456333 0.491667 0.146000 0.376667
433 14.587667 0.488333 0.135333 0.323333
965 14.668667 0.490000 0.046667 0.340000
765 14.720667 0.500000 0.074667 0.380000
676 14.801333 0.488333 0.100000 0.336667
304 14.883000 0.488333 0.076667 0.430000
512 14.962667 0.496667 0.098667 0.326667
118 15.053333 0.510000 0.102667 0.413333
150 15.161000 0.488333 0.130000 0.510000
444 15.256000 0.500000 0.073333 0.386667
915 15.330667 0.490000 0.092000 0.746667
453 15.398000 0.498333 0.062667 0.376667
192 15.475000 0.508333 0.104667 0.430000
620 15.594333 0.508333 0.150000 0.643333
829 15.717667 0.500000 0.110000 0.473333
218 15.823000 0.500000 0.120667 0.506667
484 15.928667 0.508333 0.110667 0.403333
814 16.028333 0.498333 0.108667 0.283333
32 16.140000 0.501667 0.129333 0.430000
134 16.238333 0.488333 0.087333 0.343333
875 16.364000 0.490000 0.178667 0.446667
666 16.506000 0.495000 0.118667 0.443333
983 16.578333 0.495000 0.044667 0.350000
289 16.684667 0.490000 0.182667 0.913333
547 16.795667 0.488333 0.059333 0.343333
127 16.912333 0.501667 0.188667 0.943333
592 17.073000 0.508333 0.148667 0.430000
137 17.171333 0.506667 0.065333 0.393333
703 17.259667 0.490000 0.128667 0.466667
719 17.401000 0.508333 0.168667 0.843333
214 17.520000 0.495000 0.089333 0.436667
14 17.600667 0.506667 0.088000 0.286667
510 17.701000 0.488333 0.130000 0.443333
79 17.852667 0.496667 0.190667 0.953333
653 18.007000 0.498333 0.132667 0.436667
263 18.126333 0.510000 0.124667 0.400000
938 18.200667 0.493333 0.044000 0.333333
707 18.272333 0.496667 0.115333 0.473333
1007 18.337333 0.510000 0.033333 0.280000
505 18.379000 0.493333 0.070000 0.293333
278 18.476667 0.495000 0.145333 0.436667
105 18.626333 0.500000 0.171333 0.366667
682 18.755667 0.508333 0.106000 0.396667
947 18.823000 0.496667 0.048667 0.366667
968 18.863333 0.508333 0.045333 0.350000
101 18.977000 0.508333 0.198000 0.423333
513 19.117667 0.501667 0.100667 0.323333
464 19.189000 0.498333 0.062000 0.323333
48 19.350333 0.510000 0.278000 0.606667
228 19.521667 0.503333 0.084667 0.433333
834 19.605333 0.496667 0.102667 0.426667
859 19.716667 0.506667 0.137333 0.433333
285 19.834000 0.505000 0.117333 0.390000
315 19.937000 0.506667 0.104667 0.386667
200 20.038000 0.506667 0.114667 0.460000
393 20.141000 0.503333 0.108667 0.313333
920 20.247000 0.495000 0.118000 0.443333
319 20.349667 0.488333 0.107333 0.383333
154 20.440000 0.498333 0.089333 0.403333
129 20.535667 0.505000 0.118000 0.436667
381 20.677000 0.505000 0.182000 0.910000
671 20.807333 0.508333 0.097333 0.336667
355 20.913000 0.496667 0.134000 0.400000
979 20.996667 0.501667 0.046667 0.343333
255 21.080667 0.495000 0.137333 0.530000
404 21.187667 0.496667 0.091333 0.466667
182 21.275000 0.500000 0.102000 0.340000
113 21.354333 0.510000 0.076667 0.380000
160 21.419333 0.495000 0.072000 0.376667
326 21.479333 0.505000 0.064000 0.296667
423 21.606667 0.490000 0.206667 1.033333
714 21.797333 0.506667 0.194667 0.973333
273 21.913667 0.495000 0.052667 0.323333
143 21.973333 0.508333 0.084000 0.416667
272 22.085333 0.501667 0.160000 0.456667
639 22.200333 0.501667 0.087333 0.423333
338 22.305000 0.506667 0.136667 0.706667
882 22.428667 0.493333 0.125333 0.506667
658 22.509333 0.500000 0.054667 0.326667
465 22.560667 0.503333 0.061333 0.313333
799 22.630333 0.508333 0.095333 0.350000
323 22.789667 0.503333 0.238000 0.460000
949 22.919000 0.506667 0.036667 0.286667
647 22.971333 0.495000 0.088000 0.436667
162 23.061333 0.496667 0.106667 0.393333
314 23.155333 0.493333 0.097333 0.326667
533 23.262667 0.493333 0.132000 0.473333
1015 23.341667 0.498333 0.043333 0.363333
855 23.389333 0.488333 0.072000 0.183333
629 23.509667 0.495000 0.183333 0.916667
813 23.662333 0.505000 0.135333 0.316667
734 23.815333 0.493333 0.185333 0.506667
768 23.939333 0.506667 0.077333 0.166667
895 24.071333 0.500000 0.205333 1.026667
128 24.233333 0.503333 0.138667 0.400000
614 24.373333 0.510000 0.157333 0.400000
685 24.495000 0.498333 0.104667 0.396667
110 24.594333 0.503333 0.114000 0.406667
46 24.663000 0.503333 0.043333 0.386667
611 24.725667 0.488333 0.100667 0.383333
482 24.801667 0.498333 0.068667 0.370000
171 24.891000 0.506667 0.128667 0.453333
473 24.980333 0.496667 0.066000 0.346667
26 25.076333 0.498333 0.143333 0.483333
281 25.198667 0.501667 0.116000 0.410000
557 25.293333 0.500000 0.093333 0.646667
686 25.380667 0.490000 0.097333 0.473333
193 25.477333 0.493333 0.110667 0.473333
747 25.578333 0.505000 0.110000 0.483333
254 25.691333 0.491667 0.129333 0.496667
867 25.792667 0.505000 0.090667 0.316667
90 25.912000 0.500000 0.166667 0.833333
480 26.019667 0.505000 0.064667 0.343333
378 26.110000 0.493333 0.133333 0.353333
310 26.207000 0.503333 0.076667 0.433333
301 26.279000 0.501667 0.082000 0.463333
347 26.385333 0.496667 0.144000 0.400000
553 26.495333 0.488333 0.090667 0.316667
644 26.579333 0.506667 0.096000 0.433333
525 26.674000 0.510000 0.109333 0.366667
425 26.770667 0.488333 0.098667 0.543333
400 26.840333 0.498333 0.056667 0.456667
503 26.965000 0.495000 0.212667 1.063333
1019 27.082333 0.500000 0.038000 0.293333
749 27.136000 0.506667 0.082667 0.360000
38 27.217000 0.490000 0.096667 0.333333
694 27.304000 0.491667 0.092000 0.456667
755 27.399667 0.500000 0.119333 0.360000
391 27.522667 0.490000 0.142667 0.426667
431 27.646000 0.503333 0.122667 0.413333
493 27.739667 0.500000 0.084667 0.373333
313 27.836000 0.488333 0.121333 0.416667
538 27.982667 0.508333 0.190667 0.450000
429 28.122667 0.503333 0.106667 0.366667
876 28.239000 0.495000 0.146000 0.383333
399 28.356333 0.510000 0.107333 0.393333
995 28.420667 0.496667 0.036000 0.300000
980 28.451000 0.490000 0.038000 0.300000
29 28.536667 0.503333 0.146667 0.420000
438 28.667000 0.495000 0.128667 0.390000
825 28.776667 0.508333 0.110667 0.463333
609 28.867000 0.500000 0.084667 0.346667
878 28.946667 0.503333 0.094667 0.480000
356 29.039333 0.491667 0.110667 0.350000
68 29.161000 0.488333 0.147333 0.423333
240 29.259333 0.491667 0.068000 0.363333
539 29.322000 0.508333 0.076000 0.330000
479 29.396333 0.503333 0.088667 0.453333
144 29.488000 0.506667 0.108000 0.453333
221 29.596000 0.501667 0.121333 0.510000
163 29.706000 0.493333 0.116000 0.406667
414 29.848000 0.510000 0.188000 0.940000
1010 29.950000 0.493333 0.033333 0.253333
931 29.972333 0.501667 0.031333 0.263333
258 30.036667 0.490000 0.110667 0.406667
1012 30.099667 0.488333 0.034000 0.263333
81 30.153667 0.510000 0.090000 0.360000
754 30.255667 0.501667 0.134000 0.650000
841 30.373667 0.505000 0.119333 0.556667
812 30.474667 0.491667 0.101333 0.330000
172 30.564333 0.508333 0.091333 0.343333
408 30.657000 0.498333 0.112667 0.423333
986 30.724667 0.508333 0.040000 0.316667
728 30.762000 0.490000 0.052000 0.453333
944 30.799000 0.506667 0.036667 0.286667
524 30.856333 0.496667 0.096667 0.313333
605 30.976000 0.496667 0.158667 0.426667
604 31.110667 0.498333 0.126667 0.383333
977 31.186667 0.493333 0.040000 0.326667
577 31.247000 0.510000 0.100667 0.400000
535 31.364667 0.505000 0.153333 0.343333
778 31.488333 0.496667 0.114000 0.720000
467 31.570667 0.506667 0.064000 0.320000
1021 31.618667 0.500000 0.046667 0.360000
165 31.680000 0.510000 0.096000 0.360000
566 31.768667 0.508333 0.100000 0.410000
807 31.901333 0.493333 0.182667 0.913333
563 32.075000 0.498333 0.183333 0.376667
245 32.187000 0.491667 0.059333 0.290000
844 32.270667 0.493333 0.122667 0.580000
60 32.356667 0.506667 0.068000 0.293333
305 32.422667 0.506667 0.081333 0.460000
891 32.477000 0.490000 0.044667 0.233333
804 32.551333 0.488333 0.122667 0.350000
146 32.654333 0.493333 0.100667 0.440000
742 32.797333 0.490000 0.202667 1.013333
628 32.993000 0.508333 0.207333 1.036667
196 33.144667 0.491667 0.114667 0.490000
20 33.240667 0.496667 0.094667 0.320000
597 33.343667 0.495000 0.124667 0.383333
418 33.438667 0.491667 0.081333 0.390000
131 33.525333 0.505000 0.106667 0.416667
596 33.639667 0.508333 0.139333 0.443333
417 33.738667 0.495000 0.078667 0.383333
71 33.801333 0.501667 0.060000 0.323333
198 33.884667 0.498333 0.121333 0.503333
904 33.980667 0.510000 0.084000 0.446667
849 34.062333 0.496667 0.092667 0.380000
917 34.124333 0.488333 0.048667 0.336667
668 34.207000 0.508333 0.134000 0.450000
55 34.320333 0.503333 0.107333 0.260000
406 34.413000 0.500000 0.096667 0.380000
793 34.509000 0.491667 0.114000 0.470000
845 34.618000 0.488333 0.121333 0.510000
354 34.728000 0.488333 0.112000 0.330000
851 34.830000 0.506667 0.105333 0.433333
187 34.926333 0.508333 0.103333 0.410000
1000 34.992000 0.508333 0.048000 0.350000
395 35.068000 0.501667 0.118667 0.370000
873 35.170000 0.508333 0.100000 0.476667
462 35.244667 0.510000 0.062667 0.373333
386 35.353333 0.506667 0.174667 0.873333
379 35.505667 0.490000 0.143333 0.440000
145 35.605667 0.505000 0.071333 0.376667
782 35.696667 0.510000 0.125333 0.600000
98 35.848667 0.508333 0.193333 0.416667
1005 35.953333 0.498333 0.036000 0.290000
716 36.058667 0.490000 0.193333 0.966667
138 36.182667 0.496667 0.073333 0.426667
72 36.256333 0.490000 0.094000 0.446667
204 36.344333 0.505000 0.099333 0.410000
470 36.414000 0.508333 0.054667 0.296667
117 36.509000 0.498333 0.155333 0.456667
432 36.653667 0.498333 0.154000 0.296667
76 36.784000 0.496667 0.120000 0.366667
398 36.871000 0.506667 0.067333 0.366667
177 37.000333 0.488333 0.211333 1.056667
159 37.118333 0.508333 0.039333 0.310000
555 37.151000 0.495000 0.039333 0.390000
287 37.215333 0.503333 0.108000 0.393333
856 37.338667 0.491667 0.154667 0.383333
416 37.458333 0.505000 0.099333 0.483333
298 37.541667 0.495000 0.086000 0.436667
115 37.603000 0.505000 0.056667 0.303333
739 37.648000 0.490000 0.049333 0.426667
202 37.717000 0.495000 0.107333 0.436667
528 37.816000 0.503333 0.109333 0.380000
594 37.929333 0.496667 0.132000 0.420000
911 38.038000 0.505000 0.105333 0.390000
966 38.103667 0.503333 0.043333 0.346667
312 38.174000 0.491667 0.113333 0.396667
572 38.273000 0.488333 0.104667 0.450000
339 38.360000 0.498333 0.089333 0.456667
957 38.422333 0.496667 0.052667 0.386667
16 38.493000 0.503333 0.108667 0.386667
576 38.589333 0.503333 0.104000 0.413333
52 38.675667 0.495000 0.086000 0.290000
828 38.758333 0.506667 0.099333 0.406667
455 38.829333 0.503333 0.061333 0.366667
407 38.908333 0.493333 0.112667 0.446667
25 39.012667 0.501667 0.109333 0.376667
250 39.133333 0.500000 0.148000 0.713333
184 39.254000 0.493333 0.112000 0.560000
697 39.329667 0.490000 0.056667 0.286667
275 39.372000 0.500000 0.048000 0.293333
564 39.461667 0.493333 0.147333 0.306667
549 39.583333 0.501667 0.110667 0.376667
384 39.744333 0.495000 0.230000 1.150000
358 39.915333 0.491667 0.128000 0.343333
42 39.998667 0.490000 0.057333 0.326667
579 40.099000 0.510000 0.163333 0.433333
284 40.230667 0.508333 0.116000 0.416667
166 40.352000 0.500000 0.140000 0.506667
259 40.469000 0.498333 0.114000 0.570000
442 40.548333 0.491667 0.060667 0.356667
294 40.680000 0.500000 0.221333 1.106667
385 40.863333 0.488333 0.162667 0.456667
70 41.039667 0.505000 0.208667 1.043333
772 41.241000 0.488333 0.208667 1.043333
990 41.353667 0.510000 0.035333 0.286667
776 41.453333 0.488333 0.181333 0.416667
631 41.613667 0.495000 0.156667 0.783333
623 41.779667 0.510000 0.188667 0.620000
212 41.921667 0.495000 0.114000 0.570000
961 41.988667 0.498333 0.036000 0.283333
837 42.059000 0.493333 0.119333 0.533333
750 42.154667 0.510000 0.089333 0.333333
203 42.232000 0.490000 0.084000 0.426667
327 42.333667 0.508333 0.134000 0.363333
1016 42.410333 0.495000 0.034000 0.263333
293 42.456333 0.501667 0.075333 0.290000
927 42.503667 0.500000 0.038000 0.306667
147 42.559000 0.495000 0.090000 0.470000
752 42.631667 0.505000 0.074000 0.203333
664 42.718667 0.498333 0.118667 0.376667
309 42.806333 0.503333 0.074000 0.413333
842 42.886667 0.493333 0.105333 0.493333
655 42.982000 0.508333 0.105333 0.443333
120 43.122667 0.510000 0.194667 0.973333
924 43.234000 0.505000 0.045333 0.363333
769 43.315000 0.495000 0.130000 0.430000
59 43.462667 0.493333 0.184000 0.920000
787 43.588667 0.508333 0.081333 0.496667
63 43.662333 0.495000 0.086000 0.310000
518 43.758333 0.506667 0.120667 0.380000
640 43.844000 0.506667 0.068000 0.340000
104 43.947667 0.488333 0.159333 0.796667
943 44.035667 0.490000 0.031333 0.246667
318 44.091667 0.493333 0.099333 0.486667
580 44.199000 0.501667 0.134000 0.316667
209 44.336333 0.488333 0.159333 0.796667
649 44.449333 0.505000 0.080000 0.416667
729 44.497000 0.508333 0.034000 0.416667
276 44.537333 0.488333 0.065333 0.376667
249 44.595667 0.493333 0.064667 0.520000
871 44.647000 0.490000 0.051333 0.266667
789 44.701000 0.510000 0.076667 0.460000
889 44.794000 0.500000 0.122667 0.373333
10 44.895667 0.510000 0.098000 0.333333
485 44.970333 0.491667 0.067333 0.363333
288 45.057667 0.498333 0.126000 0.476667
439 45.171333 0.503333 0.121333 0.473333
233 45.284667 0.488333 0.120000 0.603333
392 45.402000 0.500000 0.129333 0.346667
36 45.512000 0.498333 0.104000 0.330000
826 45.606667 0.490000 0.101333 0.486667
401 45.684000 0.498333 0.070667 0.370000
805 45.782667 0.498333 0.146667 0.423333
722 45.905333 0.501667 0.113333 0.330000
705 46.006667 0.491667 0.102667 0.323333
863 46.100667 0.506667 0.098667 0.473333
136 46.190667 0.498333 0.098667 0.410000
333 46.312333 0.503333 0.158000 0.406667
61 46.433333 0.510000 0.101333 0.506667
494 46.505000 0.500000 0.059333 0.320000
552 46.552333 0.496667 0.050000 0.340000
40 46.627667 0.488333 0.115333 0.410000
132 46.715333 0.508333 0.080000 0.343333
919 46.787333 0.501667 0.078667 0.330000
886 46.895333 0.495000 0.153333 0.530000
427 47.010000 0.501667 0.090667 0.456667
853 47.096667 0.491667 0.097333 0.443333
49 47.227333 0.493333 0.178667 0.893333
636 47.374667 0.490000 0.129333 0.286667
542 47.484000 0.491667 0.105333 0.423333
794 47.568333 0.503333 0.078000 0.473333
140 47.697000 0.506667 0.195333 0.980000
265 47.847000 0.503333 0.122000 0.466667
918 47.953333 0.493333 0.106667 0.406667
959 48.017667 0.496667 0.035333 0.280000
415 48.092000 0.498333 0.133333 0.443333
751 48.203333 0.503333 0.106667 0.466667
302 48.283667 0.493333 0.071333 0.406667
874 48.360667 0.510000 0.096000 0.473333
792 48.449333 0.495000 0.096000 0.390000
349 48.554000 0.500000 0.132000 0.373333
745 48.650667 0.490000 0.078667 0.306667
625 48.775667 0.490000 0.187333 0.626667
540 48.946667 0.506667 0.174667 0.873333
718 49.116000 0.490000 0.178667 0.893333
981 49.216667 0.496667 0.038667 0.320000
6 49.280667 0.488333 0.108000 0.436667
958 49.346000 0.503333 0.040000 0.320000
295 49.416000 0.491667 0.117333 0.503333
30 49.524000 0.506667 0.117333 0.340000
486 49.601667 0.501667 0.054000 0.323333
733 49.666333 0.495000 0.090000 0.543333
1 49.740667 0.503333 0.072000 0.353333
868 49.813667 0.500000 0.092667 0.526667
985 49.866667 0.493333 0.033333 0.260000
420 49.920667 0.493333 0.089333 0.340000
956 49.980667 0.501667 0.044000 0.336667
796 50.048333 0.505000 0.107333 0.436667
545 50.150000 0.491667 0.114667 0.403333
541 50.313000 0.495000 0.224667 1.123333
601 50.469000 0.506667 0.106000 0.320000
798 50.567000 0.498333 0.110000 0.410000
892 50.683333 0.493333 0.138667 0.400000
584 50.810000 0.490000 0.133333 0.426667
370 50.949667 0.496667 0.159333 0.440000
247 51.063667 0.503333 0.088667 0.413333
993 51.125667 0.493333 0.050000 0.373333
779 51.158333 0.500000 0.032667 0.320000
383 51.247667 0.498333 0.164667 0.476667
530 51.368000 0.506667 0.089333 0.426667
82 51.443000 0.493333 0.079333 0.573333
971 51.490333 0.500000 0.032667 0.260000
380 51.560667 0.500000 0.122667 0.353333
17 51.660333 0.496667 0.090000 0.320000
771 51.734333 0.500000 0.072667 0.380000
570 51.817333 0.493333 0.109333 0.466667
133 51.905333 0.510000 0.081333 0.306667
622 52.040667 0.493333 0.206667 1.033333
517 52.205333 0.491667 0.137333 0.430000
616 52.350667 0.500000 0.166667 0.420000
167 52.477667 0.490000 0.103333 0.360000
75 52.576667 0.495000 0.113333 0.356667
300 52.661000 0.505000 0.075333 0.236667
720 52.806667 0.503333 0.229333 1.146667
531 52.996667 0.491667 0.170667 0.390000
735 53.142667 0.506667 0.141333 0.566667
66 53.251333 0.501667 0.092000 0.643333
558 53.320000 0.490000 0.062667 0.306667
50 53.397333 0.498333 0.110667 0.323333
112 53.518667 0.491667 0.146667 0.496667
953 53.600000 0.500000 0.033333 0.273333
962 53.622667 0.495000 0.030667 0.256667
565 53.707333 0.498333 0.154667 0.330000
357 53.835333 0.508333 0.118667 0.316667
403 53.981667 0.491667 0.191333 0.956667
585 54.158667 0.493333 0.176000 0.880000
7 54.293000 0.491667 0.107333 0.363333
801 54.396333 0.496667 0.114000 0.460000
861 54.464667 0.508333 0.038667 0.296667
1009 54.492333 0.506667 0.035333 0.286667
296 54.554000 0.493333 0.105333 0.380000
73 54.663333 0.506667 0.128000 0.413333
80 54.769667 0.503333 0.100667 0.513333
643 54.854333 0.505000 0.084667 0.303333
519 54.942000 0.493333 0.106667 0.353333
495 55.031333 0.505000 0.089333 0.396667
179 55.134000 0.508333 0.133333 0.483333
536 55.297000 0.488333 0.206000 1.030000
121 55.403333 0.508333 0.021333 0.376667
69 55.455667 0.491667 0.096667 0.516667
888 55.558667 0.491667 0.128000 0.423333
344 55.694667 0.493333 0.161333 0.806667
181 55.818000 0.498333 0.105333 0.376667
702 55.977000 0.488333 0.227333 1.136667
185 56.141333 0.488333 0.118667 0.490000
941 56.211667 0.506667 0.039333 0.300000
989 56.241000 0.498333 0.039333 0.290000
215 56.302000 0.490000 0.102667 0.440000
31 56.422333 0.500000 0.154000 0.453333
441 56.523667 0.490000 0.066000 0.340000
626 56.634333 0.491667 0.171333 0.576667
916 56.823000 0.495000 0.220667 1.103333
667 56.978333 0.496667 0.107333 0.353333
475 57.064000 0.490000 0.078667 0.406667
595 57.145667 0.510000 0.100667 0.313333
865 57.232333 0.488333 0.086000 0.283333
890 57.315333 0.506667 0.098667 0.433333
466 57.385000 0.490000 0.056667 0.320000
169 57.455667 0.496667 0.100667 0.353333
896 57.581000 0.508333 0.167333 0.836667
509 57.707667 0.498333 0.106000 0.336667
291 57.805000 0.488333 0.106000 0.403333
377 57.923000 0.490000 0.150000 0.406667
832 58.052667 0.495000 0.122667 0.536667
195 58.157333 0.493333 0.106667 0.486667
602 58.263000 0.493333 0.122000 0.366667
847 58.386333 0.506667 0.140667 0.420000
869 58.483000 0.491667 0.066000 0.376667
96 58.614333 0.505000 0.216667 1.083333
527 58.784667 0.501667 0.142667 0.456667
508 58.877000 0.495000 0.062000 0.370000
970 58.921333 0.500000 0.044000 0.346667
223 58.984333 0.488333 0.102000 0.503333
909 59.073000 0.493333 0.094000 0.406667
984 59.129000 0.505000 0.036667 0.276667
522 59.200000 0.493333 0.121333 0.400000
239 59.316000 0.493333 0.125333 0.760000
717 59.446333 0.501667 0.154000 0.396667
125 59.555000 0.493333 0.082000 0.393333
955 59.612333 0.501667 0.047333 0.370000
9 59.683000 0.493333 0.112667 0.460000
130 59.810667 0.510000 0.162667 0.346667
474 59.912667 0.508333 0.061333 0.323333
491 59.986333 0.488333 0.100667 0.490000
657 60.079667 0.508333 0.102000 0.416667
241 60.157333 0.505000 0.069333 0.390000
446 60.215667 0.498333 0.060667 0.316667
976 60.257333 0.501667 0.040000 0.336667
543 60.352000 0.510000 0.162667 0.813333
529 60.487333 0.496667 0.126667 0.533333
126 60.595667 0.503333 0.106000 0.360000
713 60.731333 0.501667 0.185333 0.470000
992 60.837000 0.503333 0.040667 0.306667
1006 60.872333 0.488333 0.044667 0.330000
44 60.940667 0.491667 0.112000 0.443333
397 61.038000 0.496667 0.102667 0.420000
151 61.121333 0.488333 0.084000 0.396667
238 61.205667 0.488333 0.102000 0.396667
264 61.355333 0.493333 0.212000 1.060000
556 61.511000 0.498333 0.118000 0.483333
164 61.608333 0.506667 0.095333 0.333333
277 61.682333 0.510000 0.067333 0.300000
946 61.726000 0.491667 0.036000 0.276667
478 61.771667 0.488333 0.074000 0.443333
822 61.858667 0.491667 0.113333 0.396667
526 61.986667 0.503333 0.162667 0.420000
93 62.172667 0.500000 0.224000 0.473333
65 62.329000 0.501667 0.108667 0.276667
190 62.428333 0.498333 0.110000 0.443333
786 62.507000 0.510000 0.060667 0.373333
641 62.565667 0.503333 0.074000 0.360000
139 62.629333 0.508333 0.069333 0.376667
645 62.696667 0.488333 0.081333 0.370000
208 62.772333 0.506667 0.087333 0.400000
659 62.850333 0.490000 0.088667 0.366667
975 62.908000 0.503333 0.045333 0.353333
894 63.031667 0.508333 0.218000 1.090000
661 63.191667 0.491667 0.115333 0.396667
252 63.343333 0.503333 0.208000 1.040000
428 63.475333 0.491667 0.074667 0.516667
502 63.547667 0.503333 0.087333 0.406667
207 63.625333 0.500000 0.086667 0.386667
460 63.702000 0.488333 0.082667 0.430000
630 63.826667 0.493333 0.184000 0.626667
282 63.962000 0.491667 0.105333 0.356667
100 64.101000 0.501667 0.188667 0.943333
299 64.235333 0.493333 0.097333 0.380000
652 64.344333 0.493333 0.134000 0.446667
624 64.510333 0.498333 0.216667 1.083333
710 64.684667 0.506667 0.148000 0.386667
599 64.808000 0.508333 0.113333 0.356667
168 64.904333 0.496667 0.092667 0.326667
308 64.972333 0.498333 0.058000 0.330000
815 65.063000 0.503333 0.139333 0.433333
205 65.175667 0.498333 0.100667 0.476667
610 65.281667 0.496667 0.126000 0.386667
89 65.422000 0.490000 0.174667 0.366667
3 65.541333 0.493333 0.078667 0.353333
501 65.614333 0.496667 0.082000 0.366667
665 65.702667 0.493333 0.113333 0.406667
1008 65.768333 0.503333 0.032667 0.253333
925 65.795333 0.488333 0.036000 0.296667
468 65.839333 0.491667 0.069333 0.416667
217 65.929000 0.506667 0.124667 0.506667
67 66.072667 0.493333 0.176000 0.880000
306 66.183667 0.496667 0.063333 0.353333
680 66.266333 0.491667 0.122000 0.450000
99 66.416667 0.503333 0.193333 0.966667
469 66.539667 0.508333 0.070000 0.383333
45 66.604667 0.488333 0.077333 0.383333
286 66.698667 0.508333 0.128000 0.463333
119 66.803333 0.496667 0.094667 0.553333
607 66.914667 0.510000 0.141333 0.440000
290 67.056333 0.500000 0.160667 0.426667
721 67.215333 0.488333 0.172000 0.463333
773 67.352333 0.503333 0.120667 0.320000
222 67.460333 0.490000 0.110000 0.466667
334 67.582667 0.495000 0.150667 0.523333
836 67.709000 0.493333 0.115333 0.480000
449 67.785000 0.495000 0.055333 0.296667
723 67.860000 0.501667 0.108000 0.370000
389 67.966667 0.491667 0.125333 0.356667
297 68.058333 0.503333 0.075333 0.393333
322 68.129667 0.510000 0.082000 0.080000
839 68.204333 0.501667 0.087333 0.450000
51 68.296667 0.490000 0.112000 0.380000
586 68.399000 0.495000 0.107333 0.330000
1020 68.465333 0.498333 0.040000 0.296667
700 68.536333 0.503333 0.119333 0.486667
731 68.627000 0.500000 0.080667 0.406667
57 68.686667 0.496667 0.054667 0.273333
746 68.772333 0.508333 0.136667 0.436667
257 68.924667 0.490000 0.185333 0.926667
376 69.070000 0.491667 0.124000 0.330000
251 69.150333 0.505000 0.051333 0.303333
587 69.232333 0.493333 0.126000 0.393333
982 69.302333 0.493333 0.034000 0.280000
817 69.362000 0.500000 0.101333 0.313333
303 69.442667 0.488333 0.078667 0.443333
375 69.563000 0.488333 0.175333 0.876667
504 69.710333 0.501667 0.135333 0.390000
445 69.808000 0.501667 0.073333 0.443333
780 69.904667 0.510000 0.137333 0.426667
921 69.995667 0.491667 0.062000 0.356667
114 70.062667 0.490000 0.085333 0.420000
317 70.142333 0.493333 0.091333 0.366667
311 70.227000 0.490000 0.096667 0.420000
11 70.317333 0.488333 0.098667 0.323333
103 70.438667 0.490000 0.158667 0.793333
331 70.592333 0.498333 0.162000 0.810000
471 70.694667 0.498333 0.061333 0.310000
987 70.738667 0.495000 0.044000 0.336667
422 70.796000 0.503333 0.089333 0.346667
642 70.874333 0.496667 0.080667 0.320000
1002 70.920000 0.488333 0.030667 0.256667
881 70.981667 0.501667 0.112667 0.376667
210 71.081333 0.500000 0.100000 0.506667
320 71.180667 0.488333 0.116000 0.336667
490 71.260000 0.495000 0.058667 0.303333
781 71.319667 0.500000 0.074000 0.380000
419 71.394667 0.506667 0.090667 0.440000
336 71.485333 0.508333 0.105333 0.503333
679 71.574000 0.505000 0.092000 0.570000
178 71.671667 0.508333 0.123333 0.430000
948 71.743000 0.506667 0.035333 0.273333
352 71.817333 0.501667 0.129333 0.396667
767 71.940333 0.506667 0.135333 0.386667
189 72.046000 0.488333 0.092000 0.390000
788 72.167000 0.508333 0.170000 0.850000
410 72.290000 0.500000 0.096000 0.360000
342 72.369667 0.503333 0.078000 0.366667
866 72.467667 0.506667 0.131333 0.353333
454 72.559333 0.498333 0.070667 0.423333
95 72.675667 0.505000 0.176667 0.883333
324 72.819333 0.493333 0.124000 0.606667
307 72.908667 0.503333 0.069333 0.386667
691 72.982667 0.510000 0.098667 0.480000
675 73.069333 0.491667 0.089333 0.330000
451 73.141333 0.495000 0.074667 0.383333
197 73.226000 0.496667 0.109333 0.553333
581 73.317667 0.495000 0.087333 0.370000
487 73.383333 0.500000 0.060000 0.313333
216 73.453000 0.496667 0.099333 0.400000
448 73.530000 0.488333 0.072000 0.370000
613 73.623000 0.500000 0.130000 0.340000
186 73.729000 0.493333 0.095333 0.393333
741 73.830333 0.495000 0.126000 0.443333
560 73.964000 0.496667 0.161333 0.806667
593 74.125000 0.498333 0.174000 0.503333
561 74.298333 0.508333 0.191333 0.410000
91 74.478000 0.490000 0.181333 0.393333
74 74.641000 0.506667 0.158000 0.493333
22 74.764333 0.501667 0.103333 0.343333
1013 74.827000 0.508333 0.042000 0.323333
903 74.901667 0.506667 0.123333 0.326667
19 75.016667 0.501667 0.120000 0.403333
654 75.176000 0.503333 0.217333 1.086667
725 75.339333 0.501667 0.126667 0.536667
759 75.470000 0.501667 0.154667 0.443333
704 75.605000 0.505000 0.128667 0.390000
835 75.710333 0.506667 0.100667 0.393333
87 75.859000 0.510000 0.215333 0.460000
907 76.016000 0.490000 0.114667 0.380000
740 76.138667 0.501667 0.150667 0.343333
884 76.264667 0.508333 0.121333 0.450000
852 76.360000 0.508333 0.086667 0.403333
157 76.483667 0.503333 0.175333 0.693333
885 76.608333 0.488333 0.092667 0.423333
366 76.719000 0.500000 0.144667 0.446667
271 76.862667 0.498333 0.162667 0.496667
583 76.965000 0.490000 0.062000 0.380000
914 77.049333 0.496667 0.126667 0.373333
726 77.153000 0.496667 0.095333 0.506667
412 77.242333 0.506667 0.096667 0.500000
28 77.325333 0.503333 0.089333 0.346667
606 77.430333 0.498333 0.138000 0.410000
4 77.544333 0.498333 0.104667 0.436667
688 77.626667 0.510000 0.080000 0.393333
153 77.702000 0.490000 0.086667 0.386667
945 77.758333 0.501667 0.044667 0.336667
13 77.821333 0.498333 0.097333 0.316667
712 77.941000 0.498333 0.156667 0.783333
988 78.031333 0.505000 0.037333 0.290000
932 78.064333 0.496667 0.048667 0.353333
574 78.126000 0.488333 0.093333 0.376667
617 78.208000 0.490000 0.086667 0.346667
857 78.332667 0.493333 0.182667 0.393333
598 78.473667 0.488333 0.114000 0.350000
879 78.580667 0.501667 0.113333 0.310000
774 78.659667 0.490000 0.062000 0.366667
373 78.755667 0.498333 0.146000 0.416667
753 78.903667 0.501667 0.163333 0.816667
934 78.999333 0.503333 0.045333 0.360000
758 79.092667 0.495000 0.157333 0.456667
0 79.191667 0.505000 0.056667 0.436667
632 79.290667 0.491667 0.154667 0.510000
913 79.434333 0.490000 0.150000 0.466667
783 79.543000 0.488333 0.082000 0.456667
387 79.651000 0.506667 0.152667 0.460000
678 79.778333 0.500000 0.119333 0.393333
800 79.881667 0.510000 0.104667 0.380000
634 79.965000 0.496667 0.082000 0.353333
267 80.105667 0.498333 0.219333 1.096667
756 80.271000 0.496667 0.130000 0.373333
942 80.344000 0.506667 0.034667 0.260000
5 80.396000 0.495000 0.086667 0.390000
939 80.452667 0.503333 0.041333 0.320000
692 80.512333 0.510000 0.096667 0.473333
330 80.595667 0.498333 0.083333 0.316667
937 80.651000 0.496667 0.043333 0.366667
107 80.748000 0.490000 0.164000 0.353333
823 80.866667 0.508333 0.086667 0.390000
348 80.966333 0.491667 0.126000 0.356667
775 81.057333 0.508333 0.069333 0.336667
802 81.183000 0.490000 0.200667 0.433333
928 81.300000 0.501667 0.046667 0.350000
362 81.379333 0.498333 0.125333 0.343333
41 81.493000 0.501667 0.119333 0.330000
858 81.596333 0.490000 0.102000 0.326667
544 81.685333 0.498333 0.090667 0.336667
161 81.774000 0.508333 0.100000 0.383333
18 81.863000 0.510000 0.095333 0.320000
791 81.942333 0.503333 0.082000 0.493333
56 82.012667 0.500000 0.073333 0.106667
142 82.128000 0.500000 0.177333 0.886667
846 82.251000 0.505000 0.087333 0.436667
690 82.331667 0.495000 0.092667 0.456667
372 82.446667 0.488333 0.152000 0.436667
316 82.565000 0.500000 0.098000 0.353333
345 82.676333 0.493333 0.139333 0.386667
124 82.788667 0.498333 0.101333 0.376667
388 82.906333 0.503333 0.154000 0.480000
830 83.015667 0.490000 0.080667 0.366667
743 83.095000 0.510000 0.094000 0.406667
283 83.190667 0.488333 0.114667 0.383333
840 83.280667 0.490000 0.081333 0.400000
246 83.390667 0.490000 0.154667 0.546667
730 83.510667 0.500000 0.102667 0.440000
827 83.605667 0.488333 0.102000 0.430000
227 83.714000 0.501667 0.130667 0.530000
669 83.819333 0.491667 0.097333 0.336667
424 83.936333 0.491667 0.155333 0.490000
292 84.056000 0.493333 0.098667 0.393333
689 84.135333 0.495000 0.073333 0.363333
567 84.274000 0.503333 0.221333 1.106667
220 84.433667 0.498333 0.112667 0.556667
237 84.511667 0.491667 0.058000 0.430000
893 84.613667 0.488333 0.160667 0.476667
764 84.721000 0.508333 0.068667 0.363333
405 84.807000 0.503333 0.116667 0.453333
862 84.893000 0.490000 0.070000 0.340000
1004 84.941667 0.491667 0.040667 0.316667
777 85.011333 0.501667 0.118667 0.483333
230 85.116667 0.501667 0.106667 0.456667
935 85.183000 0.506667 0.044667 0.353333
155 85.241333 0.493333 0.090667 0.526667
627 85.366667 0.510000 0.180000 0.900000
507 85.485333 0.508333 0.077333 0.403333
368 85.604000 0.506667 0.180000 0.900000
724 85.725667 0.491667 0.080667 0.370000
760 85.838333 0.506667 0.159333 0.473333
461 85.943000 0.498333 0.063333 0.336667
608 86.012667 0.493333 0.092000 0.333333
573 86.098333 0.496667 0.092667 0.386667
991 86.158333 0.501667 0.042000 0.350000
92 86.273667 0.501667 0.206000 1.030000
912 86.421333 0.506667 0.108000 0.466667
785 86.499667 0.491667 0.067333 0.283333
325 86.606333 0.500000 0.162000 0.593333
86 86.734667 0.501667 0.109333 0.483333
78 86.873000 0.505000 0.182000 0.910000
280 87.016667 0.498333 0.125333 0.423333
8 87.132000 0.498333 0.120000 0.443333
534 87.224333 0.495000 0.083333 0.323333
972 87.279000 0.496667 0.042000 0.340000
437 87.340667 0.508333 0.101333 0.456667
496 87.435667 0.490000 0.106000 0.440000
578 87.532333 0.510000 0.107333 0.420000
648 87.611667 0.505000 0.067333 0.303333
997 87.660667 0.493333 0.046667 0.360000
350 87.753000 0.510000 0.155333 0.460000
908 87.866000 0.491667 0.086667 0.323333
748 87.945000 0.490000 0.088667 0.313333
434 88.028333 0.488333 0.094000 0.316667
612 88.157667 0.501667 0.179333 0.510000
191 88.290333 0.496667 0.099333 0.500000
94 88.443667 0.503333 0.220667 0.473333
1011 88.564333 0.503333 0.034000 0.260000
520 88.640333 0.490000 0.132667 0.446667
369 88.776333 0.496667 0.158000 0.426667
97 88.935333 0.490000 0.177333 0.380000
672 89.067000 0.496667 0.100667 0.346667
906 89.173000 0.503333 0.127333 0.346667
1001 89.244000 0.505000 0.034667 0.290000
390 89.313333 0.506667 0.121333 0.333333
698 89.399333 0.495000 0.065333 0.336667
656 89.496333 0.498333 0.148667 0.396667
253 89.585000 0.491667 0.044667 0.390000
843 89.661667 0.508333 0.122000 0.503333
637 89.744667 0.490000 0.062667 0.320000
923 89.785667 0.501667 0.038000 0.290000
933 89.816667 0.506667 0.038667 0.306667
999 89.855333 0.495000 0.053333 0.390000
684 89.931333 0.505000 0.113333 0.383333
683 90.042333 0.501667 0.128667 0.363333
897 90.169000 0.505000 0.144667 0.383333
443 90.264000 0.501667 0.058667 0.303333
84 90.339000 0.490000 0.111333 0.313333
808 90.435333 0.495000 0.100000 0.363333
511 90.535667 0.488333 0.120667 0.376667
83 90.631333 0.510000 0.084000 0.406667
219 90.725000 0.500000 0.120667 0.506667
738 90.814667 0.505000 0.078667 0.390000
568 90.901667 0.493333 0.108667 0.540000
111 91.000000 0.505000 0.101333 0.430000
816 91.098333 0.500000 0.112667 0.393333
877 91.195667 0.508333 0.098000 0.476667
696 91.292000 0.500000 0.113333 0.260000
351 91.457000 0.505000 0.231333 1.156667
1017 91.585000 0.493333 0.039333 0.300000
489 91.624000 0.506667 0.054667 0.326667
638 91.688667 0.505000 0.093333 0.363333
262 91.834667 0.506667 0.214667 1.073333
225 91.993000 0.491667 0.116667 0.470000
270 92.129000 0.503333 0.175333 0.533333
499 92.240667 0.501667 0.062667 0.363333
803 92.331667 0.498333 0.132667 0.416667
559 92.430000 0.508333 0.080000 0.390000
244 92.536667 0.493333 0.152000 0.413333
650 92.666000 0.493333 0.120000 0.393333
497 92.789333 0.491667 0.146667 0.383333
440 92.887333 0.493333 0.066667 0.373333
870 92.943333 0.491667 0.058667 0.290000
900 93.039333 0.503333 0.150667 0.480000
108 93.200000 0.490000 0.188000 0.940000
1023 93.303333 0.503333 0.034667 0.273333
242 93.368000 0.501667 0.109333 0.423333
39 93.473000 0.500000 0.120667 0.386667
371 93.600333 0.505000 0.148667 0.463333
811 93.726000 0.505000 0.121333 0.396667
500 93.816000 0.488333 0.072000 0.316667
85 93.895000 0.501667 0.106000 0.430000
708 93.984667 0.490000 0.088000 0.353333
506 94.040667 0.496667 0.041333 0.473333
21 94.099333 0.490000 0.089333 0.293333
47 94.182333 0.491667 0.090000 0.423333
363 94.275667 0.488333 0.116667 0.310000
411 94.428000 0.496667 0.205333 1.026667
176 94.583667 0.508333 0.123333 0.450000
532 94.684667 0.505000 0.093333 0.476667
374 94.780333 0.490000 0.118000 0.333333
550 94.864667 0.496667 0.070667 0.353333
364 94.971667 0.501667 0.162000 0.810000
329 95.123333 0.493333 0.161333 0.546667
795 95.229667 0.501667 0.064667 0.390000
135 95.319667 0.505000 0.134000 0.516667
430 95.435000 0.500000 0.111333 0.473333
27 95.538000 0.506667 0.109333 0.366667
152 95.618667 0.495000 0.066667 0.323333
235 95.696667 0.493333 0.109333 0.500000
274 95.793667 0.493333 0.102000 0.486667
806 95.920000 0.500000 0.165333 0.440000
677 96.037667 0.505000 0.090000 0.323333
575 96.136667 0.493333 0.125333 0.406667
963 96.214333 0.491667 0.048667 0.356667
269 96.307000 0.495000 0.151333 0.456667
174 96.430000 0.490000 0.110667 0.393333
360 96.549667 0.503333 0.144667 0.440000
952 96.634000 0.490000 0.038667 0.300000
54 96.677000 0.505000 0.067333 0.370000
116 96.778667 0.495000 0.153333 0.456667
175 96.911667 0.491667 0.131333 0.456667
762 97.007000 0.498333 0.074000 0.330000
757 97.099000 0.490000 0.130000 0.373333
58 97.182333 0.488333 0.052667 0.230000
663 97.258667 0.506667 0.114667 0.393333
964 97.329000 0.506667 0.043333 0.346667
744 97.451000 0.501667 0.214000 1.070000
483 97.590333 0.493333 0.082000 0.413333
951 97.638000 0.496667 0.033333 0.253333
15 97.709333 0.500000 0.124000 0.413333
887 97.829333 0.488333 0.134667 0.416667
809 97.951000 0.488333 0.124667 0.676667
35 98.068000 0.510000 0.124000 0.400000
43 98.167333 0.500000 0.088000 0.346667
458 98.242667 0.510000 0.077333 0.413333
450 98.302333 0.490000 0.062000 0.320000
394 98.397000 0.500000 0.147333 0.440000
821 98.508667 0.503333 0.094667 0.586667
243 98.619333 0.490000 0.142667 0.473333
353 98.751333 0.500000 0.136000 0.373333
736 98.838667 0.501667 0.057333 0.343333
183 98.903667 0.498333 0.090000 0.370000
954 98.966667 0.505000 0.050667 0.370000
600 99.041333 0.503333 0.118667 0.360000
662 99.144333 0.490000 0.104667 0.346667
706 99.224000 0.496667 0.073333 0.406667
850 99.309000 0.500000 0.114000 0.466667
231 99.413667 0.500000 0.112667 0.480000
232 99.518667 0.488333 0.114667 0.470000
590 99.633333 0.508333 0.132000 0.476667
790 99.723000 0.488333 0.062000 0.363333
426 99.778000 0.503333 0.062667 0.426667
711 99.874333 0.493333 0.144667 0.413333
206 99.999000 0.496667 0.120667 0.493333
898 100.123333 0.496667 0.144000 0.413333
1014 100.207667 0.508333 0.044667 0.330000
763 100.246667 0.495000 0.048000 0.390000
341 100.300333 0.510000 0.078000 0.340000
831 100.386333 0.496667 0.111333 0.533333
709 100.489667 0.501667 0.111333 0.483333
194 100.580000 0.490000 0.085333 0.413333
901 100.726667 0.510000 0.226667 1.133333
340 100.883000 0.498333 0.100667 0.290000
261 101.029000 0.488333 0.206000 1.030000
279 101.170667 0.490000 0.096000 0.553333
335 101.269667 0.491667 0.118000 0.396667
229 101.425000 0.501667 0.210000 1.050000
818 101.585333 0.506667 0.130667 0.366667
248 101.690000 0.510000 0.092000 0.493333
548 101.803333 0.505000 0.148000 0.516667
361 101.951667 0.500000 0.162000 0.480000
226 102.067000 0.510000 0.086000 0.373333
998 102.123667 0.496667 0.044667 0.353333
149 102.226667 0.500000 0.174667 0.453333
396 102.390000 0.506667 0.170667 0.853333
201 102.515333 0.493333 0.100000 0.406667
