335 0.083667 0.490000 0.160667 0.553333
600 0.221667 0.490000 0.134000 0.406667
619 0.330667 0.490000 0.098667 0.526667
547 0.399333 0.501667 0.058667 0.343333
488 0.462667 0.510000 0.084000 0.433333
147 0.553000 0.496667 0.110000 0.460000
765 0.635333 0.493333 0.073333 0.393333
185 0.710333 0.498333 0.094000 0.383333
45 0.779667 0.498333 0.062000 0.310000
1010 0.821333 0.501667 0.038667 0.290000
446 0.871000 0.506667 0.074000 0.440000
729 0.915333 0.496667 0.029333 0.386667
405 0.981667 0.493333 0.116667 0.453333
779 1.054000 0.503333 0.044000 0.400000
766 1.139000 0.506667 0.140667 0.413333
4 1.246667 0.500000 0.090667 0.360000
506 1.302000 0.506667 0.036000 0.386667
342 1.358333 0.508333 0.095333 0.396667
489 1.427667 0.508333 0.059333 0.356667
258 1.500000 0.501667 0.102667 0.350000
458 1.576333 0.501667 0.067333 0.350000
706 1.639000 0.491667 0.075333 0.383333
118 1.720333 0.506667 0.102000 0.366667
90 1.867333 0.505000 0.212000 0.450000
939 1.988000 0.490000 0.042667 0.340000
207 2.049000 0.495000 0.095333 0.470000
986 2.111333 0.503333 0.044000 0.320000
460 2.164333 0.506667 0.078000 0.413333
261 2.306000 0.500000 0.220000 1.100000
826 2.462333 0.506667 0.107333 0.446667
442 2.536667 0.503333 0.058667 0.333333
762 2.595000 0.506667 0.072667 0.333333
787 2.653000 0.488333 0.063333 0.383333
925 2.692000 0.501667 0.034667 0.263333
182 2.774667 0.506667 0.148000 0.500000
52 2.903000 0.508333 0.122000 0.403333
311 3.009333 0.510000 0.106667 0.453333
796 3.118667 0.496667 0.132000 0.513333
160 3.222000 0.498333 0.094667 0.490000
743 3.300000 0.493333 0.081333 0.340000
848 3.397667 0.500000 0.130000 0.393333
727 3.484000 0.491667 0.061333 0.290000
790 3.547333 0.491667 0.082667 0.496667
257 3.643000 0.490000 0.122000 0.373333
527 3.774667 0.501667 0.157333 0.456667
828 3.889333 0.490000 0.089333 0.426667
977 3.947000 0.498333 0.043333 0.356667
86 4.016333 0.490000 0.108667 0.460000
906 4.133000 0.510000 0.144667 0.393333
303 4.226333 0.510000 0.056667 0.320000
736 4.284667 0.510000 0.080000 0.433333
534 4.361667 0.488333 0.091333 0.356667
148 4.502667 0.510000 0.210667 1.053333
804 4.696000 0.493333 0.193333 0.966667
587 4.895000 0.491667 0.223333 1.116667
415 5.074000 0.506667 0.149333 0.493333
96 5.254000 0.490000 0.228000 0.486667
130 5.453333 0.495000 0.184000 0.396667
154 5.568667 0.503333 0.065333 0.313333
464 5.629000 0.501667 0.074000 0.436667
19 5.708000 0.508333 0.101333 0.356667
252 5.822333 0.506667 0.147333 0.586667
835 5.944333 0.488333 0.115333 0.476667
549 6.055667 0.505000 0.122000 0.416667
642 6.143667 0.506667 0.072667 0.286667
30 6.230333 0.490000 0.120667 0.353333
370 6.357667 0.493333 0.150000 0.460000
277 6.468000 0.503333 0.089333 0.426667
420 6.557333 0.490000 0.104000 0.413333
383 6.682333 0.496667 0.159333 0.466667
152 6.788667 0.493333 0.072000 0.326667
505 6.849667 0.510000 0.067333 0.280000
698 6.902000 0.506667 0.054667 0.293333
312 6.985667 0.500000 0.126000 0.433333
529 7.091667 0.510000 0.099333 0.460000
176 7.234333 0.488333 0.206000 1.030000
558 7.372667 0.508333 0.085333 0.416667
575 7.459333 0.501667 0.102667 0.336667
972 7.523333 0.506667 0.041333 0.320000
305 7.574333 0.490000 0.078000 0.433333
128 7.695667 0.505000 0.183333 0.916667
231 7.838000 0.500000 0.116000 0.480000
883 7.984667 0.510000 0.193333 0.966667
394 8.151667 0.503333 0.160667 0.480000
145 8.268333 0.488333 0.091333 0.470000
843 8.360333 0.508333 0.111333 0.550000
111 8.447333 0.495000 0.076000 0.330000
321 8.537333 0.496667 0.117333 0.473333
102 8.699667 0.491667 0.224667 1.123333
498 8.830667 0.500000 0.053333 0.306667
326 8.888000 0.505000 0.080000 0.363333
1008 8.937667 0.503333 0.034000 0.266667
913 9.018667 0.495000 0.142667 0.443333
577 9.122333 0.503333 0.079333 0.306667
132 9.197667 0.488333 0.087333 0.376667
526 9.315333 0.501667 0.164000 0.430000
648 9.436333 0.500000 0.096667 0.433333
969 9.493000 0.491667 0.032667 0.250000
722 9.574000 0.500000 0.146667 0.426667
983 9.660000 0.488333 0.044000 0.323333
589 9.731333 0.508333 0.113333 0.483333
678 9.831000 0.501667 0.099333 0.376667
755 9.927000 0.488333 0.108667 0.343333
286 10.032333 0.490000 0.115333 0.420000
774 10.115333 0.496667 0.066667 0.400000
763 10.169000 0.490000 0.058000 0.386667
51 10.249667 0.490000 0.118000 0.386667
584 10.360667 0.508333 0.118667 0.336667
144 10.467333 0.508333 0.112000 0.510000
35 10.576333 0.505000 0.120667 0.383333
833 10.673000 0.491667 0.087333 0.363333
444 10.744000 0.510000 0.070667 0.366667
618 10.806667 0.508333 0.072000 0.463333
639 10.875000 0.505000 0.082000 0.403333
815 10.971667 0.493333 0.126000 0.393333
937 11.047000 0.495000 0.038000 0.270000
893 11.140667 0.506667 0.169333 0.533333
754 11.283333 0.505000 0.133333 0.650000
16 11.397000 0.500000 0.108667 0.360000
594 11.502667 0.503333 0.117333 0.360000
1014 11.570667 0.501667 0.034667 0.283333
423 11.637333 0.501667 0.112000 0.350000
396 11.757667 0.500000 0.143333 0.386667
320 11.876333 0.506667 0.114000 0.353333
739 11.952667 0.500000 0.058667 0.520000
823 12.030000 0.488333 0.113333 0.490000
476 12.106333 0.496667 0.058000 0.340000
241 12.173333 0.498333 0.090667 0.503333
677 12.273000 0.490000 0.128667 0.446667
469 12.374000 0.495000 0.089333 0.456667
631 12.489000 0.496667 0.158000 0.526667
195 12.610667 0.496667 0.101333 0.413333
735 12.712667 0.500000 0.121333 0.486667
920 12.813333 0.490000 0.094667 0.366667
255 12.924667 0.510000 0.141333 0.540000
907 13.048667 0.503333 0.120000 0.393333
83 13.137667 0.488333 0.076667 0.376667
276 13.199333 0.508333 0.066667 0.410000
945 13.243667 0.508333 0.036667 0.263333
531 13.331333 0.506667 0.156000 0.780000
236 13.457000 0.493333 0.112667 0.460000
832 13.568333 0.490000 0.124667 0.553333
903 13.695333 0.488333 0.149333 0.396667
156 13.852667 0.496667 0.180000 0.553333
822 13.987000 0.495000 0.107333 0.330000
931 14.056333 0.508333 0.044667 0.336667
719 14.166667 0.493333 0.189333 0.946667
955 14.270333 0.501667 0.034000 0.270000
509 14.340333 0.491667 0.120667 0.376667
315 14.446333 0.500000 0.108667 0.380000
852 14.546000 0.506667 0.108000 0.493333
789 14.625333 0.510000 0.064000 0.393333
300 14.688667 0.508333 0.082667 0.263333
135 14.790000 0.495000 0.138667 0.423333
999 14.873000 0.498333 0.040667 0.316667
565 14.954333 0.490000 0.140667 0.300000
107 15.128667 0.500000 0.228000 1.140000
748 15.278667 0.493333 0.089333 0.306667
532 15.368333 0.490000 0.108667 0.553333
692 15.462000 0.496667 0.092000 0.446667
979 15.524333 0.508333 0.047333 0.350000
169 15.600667 0.488333 0.124000 0.463333
578 15.713000 0.488333 0.114000 0.443333
545 15.819000 0.505000 0.111333 0.430000
656 15.943000 0.488333 0.151333 0.383333
946 16.027333 0.505000 0.034667 0.283333
716 16.115667 0.503333 0.159333 0.400000
198 16.280333 0.508333 0.187333 0.936667
1020 16.384000 0.510000 0.033333 0.286667
63 16.446667 0.491667 0.109333 0.390000
806 16.584000 0.510000 0.185333 0.926667
32 16.717000 0.488333 0.095333 0.330000
432 16.811333 0.495000 0.112000 0.230000
628 16.950333 0.503333 0.182000 0.600000
954 17.053667 0.501667 0.039333 0.283333
753 17.173333 0.490000 0.220000 1.100000
862 17.306667 0.510000 0.061333 0.293333
741 17.373333 0.500000 0.085333 0.300000
53 17.455333 0.510000 0.096000 0.320000
821 17.549000 0.493333 0.104667 0.693333
180 17.643667 0.495000 0.104667 0.390000
20 17.727333 0.506667 0.081333 0.280000
800 17.817667 0.508333 0.112667 0.423333
1011 17.888667 0.498333 0.048000 0.356667
239 18.017667 0.505000 0.226000 1.130000
1003 18.142333 0.491667 0.036667 0.290000
409 18.236000 0.500000 0.165333 0.826667
436 18.377000 0.505000 0.132667 0.336667
265 18.532000 0.500000 0.197333 0.986667
752 18.655000 0.498333 0.064667 0.170000
889 18.781000 0.508333 0.206000 1.030000
418 18.930000 0.505000 0.105333 0.510000
139 19.002000 0.495000 0.057333 0.330000
395 19.125333 0.496667 0.205333 1.026667
959 19.238333 0.498333 0.038000 0.303333
296 19.293667 0.506667 0.086000 0.313333
358 19.423333 0.510000 0.188000 0.940000
608 19.557667 0.490000 0.095333 0.326667
933 19.615333 0.495000 0.040000 0.290000
39 19.678667 0.501667 0.100000 0.316667
487 19.752000 0.490000 0.066667 0.386667
389 19.845333 0.488333 0.134667 0.403333
749 19.952667 0.505000 0.094667 0.376667
268 20.097333 0.503333 0.214667 1.073333
222 20.247667 0.508333 0.106000 0.430000
318 20.336333 0.498333 0.084667 0.430000
401 20.406667 0.510000 0.072000 0.380000
203 20.499333 0.503333 0.132000 0.533333
760 20.611000 0.490000 0.111333 0.326667
14 20.702000 0.488333 0.086667 0.310000
115 20.768333 0.503333 0.063333 0.346667
1001 20.814333 0.490000 0.046000 0.353333
909 20.869000 0.491667 0.082000 0.403333
171 20.961000 0.493333 0.115333 0.433333
127 21.068000 0.508333 0.112000 0.390000
709 21.166000 0.488333 0.098667 0.430000
525 21.261667 0.500000 0.112667 0.373333
275 21.332000 0.498333 0.048000 0.316667
523 21.415667 0.496667 0.139333 0.440000
841 21.525000 0.498333 0.094000 0.403333
858 21.617333 0.490000 0.104000 0.333333
5 21.704333 0.501667 0.083333 0.383333
59 21.834667 0.496667 0.196000 0.493333
831 21.982333 0.505000 0.114000 0.523333
809 22.093000 0.496667 0.126000 0.666667
872 22.219000 0.501667 0.143333 0.403333
562 22.353667 0.506667 0.144667 0.313333
802 22.498000 0.503333 0.164000 0.340000
481 22.598333 0.495000 0.052667 0.316667
601 22.673333 0.493333 0.112000 0.353333
187 22.777333 0.493333 0.113333 0.573333
495 22.856333 0.501667 0.063333 0.296667
518 22.935667 0.491667 0.114000 0.383333
360 23.049667 0.505000 0.127333 0.343333
886 23.200667 0.503333 0.188000 0.940000
105 23.401667 0.495000 0.228667 1.143333
192 23.551667 0.503333 0.087333 0.440000
573 23.640000 0.500000 0.106667 0.406667
737 23.713333 0.501667 0.057333 0.370000
688 23.770000 0.505000 0.072000 0.350000
533 23.852000 0.510000 0.106667 0.366667
431 23.946667 0.498333 0.098667 0.323333
1019 24.007000 0.493333 0.039333 0.300000
65 24.056000 0.488333 0.077333 0.196667
674 24.144000 0.496667 0.112000 0.380000
445 24.221333 0.491667 0.062667 0.330000
497 24.315667 0.493333 0.140667 0.360000
108 24.459000 0.508333 0.162000 0.810000
715 24.626000 0.510000 0.190667 0.473333
368 24.775667 0.496667 0.124667 0.380000
643 24.879667 0.508333 0.100667 0.350000
49 25.000333 0.488333 0.156667 0.783333
961 25.092667 0.506667 0.045333 0.333333
116 25.163667 0.488333 0.114000 0.356667
861 25.235333 0.510000 0.048000 0.366667
36 25.316667 0.495000 0.129333 0.430000
550 25.403000 0.508333 0.056667 0.283333
1000 25.439000 0.491667 0.031333 0.250000
611 25.490333 0.508333 0.087333 0.323333
657 25.567333 0.505000 0.086667 0.363333
530 25.646333 0.505000 0.087333 0.416667
772 25.783667 0.491667 0.206000 1.030000
398 25.911000 0.496667 0.066000 0.340000
491 25.981333 0.488333 0.094667 0.463333
269 26.100000 0.496667 0.157333 0.473333
337 26.258667 0.510000 0.177333 0.886667
928 26.362667 0.500000 0.046667 0.366667
235 26.424000 0.493333 0.090667 0.366667
117 26.522333 0.498333 0.120667 0.383333
942 26.593000 0.510000 0.039333 0.293333
914 26.662667 0.488333 0.116000 0.356667
775 26.745667 0.488333 0.063333 0.316667
638 26.810667 0.496667 0.085333 0.340000
551 26.921000 0.500000 0.148667 0.466667
211 27.038000 0.493333 0.104000 0.526667
79 27.173000 0.501667 0.179333 0.896667
614 27.334000 0.501667 0.162667 0.450000
479 27.445000 0.505000 0.079333 0.410000
325 27.568000 0.503333 0.181333 0.906667
597 27.711667 0.490000 0.119333 0.360000
910 27.820667 0.506667 0.112000 0.346667
960 27.883667 0.508333 0.034000 0.283333
950 27.911667 0.496667 0.036667 0.273333
973 27.940333 0.488333 0.036667 0.283333
507 27.984667 0.495000 0.072000 0.363333
811 28.084333 0.510000 0.144667 0.413333
323 28.229000 0.493333 0.164667 0.320000
345 28.377667 0.503333 0.151333 0.473333
329 28.537667 0.488333 0.187333 0.683333
873 28.666000 0.500000 0.085333 0.406667
649 28.750333 0.495000 0.102000 0.530000
272 28.871000 0.508333 0.152667 0.430000
788 29.025333 0.498333 0.173333 0.470000
352 29.177333 0.510000 0.148000 0.406667
89 29.334667 0.490000 0.181333 0.906667
838 29.466667 0.488333 0.096000 0.430000
923 29.526000 0.500000 0.036000 0.300000
174 29.598333 0.495000 0.126000 0.443333
72 29.699000 0.505000 0.092667 0.443333
572 29.783000 0.505000 0.094000 0.376667
184 29.875333 0.490000 0.106667 0.446667
361 29.992333 0.503333 0.144667 0.393333
221 30.104667 0.501667 0.100000 0.503333
367 30.210333 0.501667 0.130000 0.350000
92 30.380333 0.491667 0.224667 0.476667
22 30.557667 0.501667 0.147333 0.496667
429 30.668333 0.510000 0.087333 0.313333
869 30.734333 0.506667 0.058000 0.393333
426 30.788000 0.493333 0.068000 0.400000
704 30.883000 0.488333 0.138000 0.430000
2 30.982000 0.498333 0.080000 0.403333
267 31.100000 0.506667 0.174667 0.573333
690 31.226000 0.508333 0.092000 0.450000
683 31.339333 0.503333 0.150667 0.466667
710 31.484000 0.491667 0.152000 0.403333
101 31.653333 0.500000 0.200000 1.000000
801 31.794667 0.503333 0.097333 0.353333
598 31.905000 0.493333 0.138000 0.413333
373 32.029333 0.496667 0.128000 0.366667
138 32.127000 0.491667 0.083333 0.463333
84 32.221000 0.488333 0.123333 0.350000
782 32.337667 0.501667 0.123333 0.563333
964 32.413667 0.508333 0.042000 0.330000
544 32.482000 0.493333 0.108000 0.446667
9 32.568000 0.501667 0.081333 0.330000
635 32.650667 0.498333 0.097333 0.443333
1005 32.707667 0.503333 0.035333 0.266667
313 32.784000 0.490000 0.130667 0.453333
439 32.894333 0.506667 0.103333 0.420000
621 32.974000 0.493333 0.069333 0.633333
528 33.054000 0.500000 0.104000 0.353333
199 33.154000 0.503333 0.110667 0.506667
486 33.234667 0.498333 0.068000 0.370000
33 33.305333 0.488333 0.092000 0.290000
146 33.389000 0.505000 0.094000 0.443333
640 33.467667 0.491667 0.076667 0.390000
827 33.545667 0.506667 0.099333 0.440000
69 33.638333 0.490000 0.106000 0.560000
301 33.719333 0.491667 0.069333 0.396667
694 33.784333 0.493333 0.080667 0.400000
76 33.882333 0.500000 0.131333 0.406667
474 33.972000 0.491667 0.066667 0.343333
78 34.090333 0.503333 0.187333 0.473333
435 34.201000 0.490000 0.048667 0.260000
264 34.307667 0.498333 0.184667 0.923333
12 34.438333 0.493333 0.091333 0.306667
794 34.509667 0.493333 0.071333 0.440000
245 34.567333 0.510000 0.062667 0.346667
548 34.660000 0.510000 0.140000 0.440000
590 34.789667 0.498333 0.134000 0.456667
849 34.895000 0.498333 0.092667 0.423333
208 34.993333 0.495000 0.117333 0.596667
963 35.068000 0.495000 0.045333 0.343333
938 35.101667 0.491667 0.038000 0.276667
837 35.169333 0.500000 0.116000 0.480000
228 35.261667 0.508333 0.083333 0.423333
771 35.339333 0.490000 0.086667 0.426667
708 35.463000 0.498333 0.178000 0.890000
934 35.562333 0.510000 0.036667 0.266667
384 35.653333 0.501667 0.158667 0.503333
633 35.809667 0.491667 0.170000 0.496667
721 35.971000 0.508333 0.172667 0.863333
571 36.090000 0.506667 0.085333 0.346667
672 36.183333 0.500000 0.121333 0.420000
391 36.290333 0.501667 0.108667 0.290000
792 36.387667 0.510000 0.100667 0.413333
375 36.487667 0.510000 0.115333 0.333333
80 36.578333 0.506667 0.083333 0.420000
67 36.693000 0.501667 0.160667 0.803333
834 36.809667 0.503333 0.091333 0.380000
339 36.888333 0.501667 0.083333 0.416667
825 36.977333 0.508333 0.108000 0.443333
149 37.113667 0.501667 0.184667 0.503333
98 37.311333 0.490000 0.226667 1.133333
881 37.478333 0.495000 0.122000 0.410000
902 37.607333 0.503333 0.152000 0.433333
159 37.697333 0.510000 0.045333 0.346667
515 37.776333 0.495000 0.126000 0.416667
353 37.896000 0.493333 0.129333 0.360000
905 38.016333 0.505000 0.126000 0.416667
867 38.125333 0.490000 0.105333 0.360000
390 38.237667 0.495000 0.138000 0.363333
421 38.367000 0.488333 0.135333 0.450000
40 38.482000 0.490000 0.109333 0.346667
266 38.626333 0.505000 0.195333 0.976667
780 38.778667 0.488333 0.124000 0.396667
54 38.863667 0.495000 0.059333 0.336667
582 38.952667 0.491667 0.138667 0.556667
989 39.034000 0.508333 0.038667 0.310000
742 39.111000 0.496667 0.132667 0.526667
166 39.235667 0.495000 0.134000 0.470000
675 39.362000 0.496667 0.132000 0.440000
997 39.437000 0.500000 0.038000 0.300000
183 39.496333 0.500000 0.096667 0.486667
592 39.612000 0.503333 0.152000 0.433333
576 39.731667 0.493333 0.100667 0.400000
327 39.834000 0.503333 0.122667 0.366667
109 39.978667 0.500000 0.184000 0.920000
553 40.111667 0.503333 0.096667 0.353333
224 40.211333 0.510000 0.118667 0.513333
915 40.295333 0.491667 0.066667 0.543333
962 40.347667 0.495000 0.051333 0.383333
757 40.439667 0.508333 0.152667 0.443333
279 40.565333 0.508333 0.112000 0.643333
908 40.659000 0.501667 0.094000 0.343333
365 40.775333 0.503333 0.153333 0.453333
194 40.892333 0.496667 0.098000 0.493333
247 40.987333 0.506667 0.110667 0.426667
302 41.073333 0.510000 0.080000 0.453333
475 41.139333 0.493333 0.066667 0.393333
952 41.186000 0.501667 0.041333 0.323333
932 41.217333 0.503333 0.034667 0.273333
91 41.334667 0.510000 0.216000 1.080000
253 41.462333 0.501667 0.055333 0.543333
998 41.497333 0.495000 0.032000 0.276667
204 41.560000 0.505000 0.112000 0.536667
483 41.642000 0.488333 0.072000 0.370000
457 41.707000 0.496667 0.075333 0.393333
581 41.779000 0.508333 0.083333 0.350000
703 41.868333 0.503333 0.110000 0.366667
158 41.984000 0.505000 0.137333 0.410000
244 42.124333 0.510000 0.162000 0.446667
781 42.239000 0.506667 0.083333 0.433333
591 42.347000 0.498333 0.151333 0.456667
956 42.434333 0.506667 0.036667 0.300000
880 42.511333 0.496667 0.130667 0.426667
237 42.616667 0.510000 0.093333 0.666667
317 42.718333 0.508333 0.126000 0.503333
966 42.799000 0.510000 0.048667 0.353333
472 42.848667 0.491667 0.070667 0.363333
731 42.921333 0.488333 0.090667 0.456667
328 43.030000 0.501667 0.145333 0.376667
422 43.153333 0.498333 0.116000 0.410000
967 43.226000 0.498333 0.048000 0.370000
6 43.287333 0.510000 0.088000 0.366667
434 43.369000 0.505000 0.092667 0.316667
786 43.438000 0.508333 0.065333 0.410000
406 43.507667 0.508333 0.094000 0.370000
751 43.591000 0.500000 0.088667 0.380000
246 43.718667 0.496667 0.185333 0.646667
864 43.862667 0.490000 0.120000 0.473333
193 43.962333 0.508333 0.095333 0.383333
112 44.102333 0.505000 0.203333 1.016667
397 44.249000 0.508333 0.103333 0.430000
568 44.343000 0.498333 0.098000 0.490000
38 44.454000 0.503333 0.138667 0.473333
805 44.594667 0.490000 0.158667 0.460000
25 44.758000 0.496667 0.186667 0.933333
738 44.887333 0.490000 0.088000 0.426667
299 44.959667 0.491667 0.075333 0.290000
895 45.050333 0.496667 0.124667 0.386667
626 45.195667 0.488333 0.179333 0.896667
725 45.337667 0.501667 0.122000 0.516667
863 45.435667 0.498333 0.091333 0.436667
223 45.528333 0.496667 0.114000 0.460000
217 45.643000 0.501667 0.130000 0.523333
865 45.741667 0.493333 0.084667 0.280000
645 45.810333 0.506667 0.071333 0.326667
892 45.908000 0.495000 0.140000 0.436667
412 46.003333 0.491667 0.069333 0.356667
341 46.065333 0.496667 0.074667 0.313333
746 46.160333 0.495000 0.131333 0.430000
655 46.257667 0.496667 0.082000 0.340000
471 46.325333 0.501667 0.070667 0.423333
179 46.415333 0.490000 0.126667 0.493333
606 46.525000 0.508333 0.111333 0.350000
393 46.642333 0.490000 0.140667 0.380000
103 46.810333 0.491667 0.215333 1.076667
842 46.967333 0.501667 0.117333 0.490000
417 47.064333 0.506667 0.092667 0.453333
535 47.181333 0.493333 0.160000 0.340000
687 47.290000 0.508333 0.077333 0.383333
70 47.385667 0.498333 0.132667 0.463333
851 47.500667 0.501667 0.116000 0.550000
468 47.585333 0.496667 0.069333 0.346667
904 47.646333 0.490000 0.066000 0.340000
812 47.747000 0.510000 0.151333 0.420000
347 47.888667 0.501667 0.145333 0.450000
293 47.995333 0.510000 0.082667 0.320000
31 48.099000 0.501667 0.138000 0.403333
681 48.184333 0.488333 0.047333 0.423333
773 48.260667 0.496667 0.124000 0.340000
410 48.361667 0.498333 0.094000 0.450000
853 48.452333 0.506667 0.103333 0.473333
41 48.603333 0.506667 0.217333 1.086667
791 48.745333 0.488333 0.084000 0.496667
797 48.821333 0.501667 0.084000 0.330000
380 48.922000 0.498333 0.133333 0.356667
758 49.041000 0.510000 0.122000 0.393333
512 49.159667 0.500000 0.130000 0.440000
278 49.292333 0.498333 0.151333 0.463333
700 49.472000 0.496667 0.222667 1.113333
970 49.598333 0.495000 0.047333 0.350000
490 49.652333 0.495000 0.080667 0.423333
711 49.786333 0.510000 0.204667 0.513333
227 49.924000 0.503333 0.084000 0.360000
615 50.025667 0.510000 0.134000 0.620000
126 50.196000 0.493333 0.222667 1.113333
897 50.406000 0.496667 0.214667 1.073333
508 50.540667 0.503333 0.068000 0.346667
124 50.627000 0.493333 0.118000 0.413333
911 50.723333 0.493333 0.093333 0.340000
921 50.791000 0.491667 0.058000 0.336667
377 50.895000 0.501667 0.164667 0.823333
336 51.025000 0.501667 0.112667 0.530000
632 51.170667 0.501667 0.192000 0.610000
256 51.318667 0.490000 0.117333 0.400000
399 51.417333 0.508333 0.097333 0.370000
682 51.515667 0.501667 0.114000 0.423333
407 51.614000 0.488333 0.097333 0.370000
912 51.703000 0.505000 0.100667 0.403333
769 51.798000 0.503333 0.109333 0.306667
416 51.884000 0.490000 0.080000 0.380000
379 52.029333 0.506667 0.230667 1.153333
634 52.181000 0.498333 0.092667 0.396667
141 52.268333 0.510000 0.098000 0.440000
564 52.379667 0.491667 0.143333 0.296667
306 52.473000 0.491667 0.060667 0.343333
976 52.515333 0.488333 0.037333 0.316667
473 52.558000 0.500000 0.061333 0.353333
402 52.641000 0.510000 0.124667 0.320000
74 52.759667 0.510000 0.126000 0.386667
283 52.876667 0.503333 0.128000 0.453333
414 53.039333 0.500000 0.216000 1.080000
359 53.211667 0.503333 0.142000 0.420000
583 53.303000 0.500000 0.056667 0.346667
164 53.383667 0.506667 0.120667 0.420000
599 53.484000 0.498333 0.097333 0.296667
871 53.552000 0.498333 0.053333 0.263333
366 53.628000 0.510000 0.118667 0.366667
178 53.737000 0.501667 0.115333 0.443333
122 53.843667 0.496667 0.112667 0.386667
1004 53.911667 0.501667 0.039333 0.323333
308 53.963333 0.491667 0.081333 0.456667
767 54.047667 0.506667 0.106000 0.300000
1018 54.114333 0.490000 0.047333 0.360000
8 54.177667 0.488333 0.096667 0.336667
517 54.268333 0.500000 0.102000 0.333333
369 54.391000 0.510000 0.159333 0.466667
248 54.515333 0.508333 0.102667 0.503333
125 54.612667 0.503333 0.112000 0.480000
713 54.754667 0.506667 0.188000 0.940000
309 54.881000 0.503333 0.078000 0.440000
728 54.937000 0.498333 0.047333 0.416667
676 55.009667 0.495000 0.115333 0.390000
1002 55.077333 0.496667 0.040000 0.326667
123 55.139000 0.491667 0.102000 0.663333
378 55.257000 0.488333 0.154000 0.430000
860 55.431000 0.488333 0.208667 1.043333
447 55.559000 0.496667 0.062000 0.320000
940 55.603667 0.508333 0.042000 0.343333
392 55.672333 0.498333 0.112667 0.310000
874 55.761333 0.503333 0.085333 0.380000
191 55.837667 0.506667 0.084667 0.360000
724 55.910000 0.505000 0.078667 0.516667
650 56.024333 0.491667 0.163333 0.523333
978 56.117000 0.503333 0.042000 0.353333
984 56.154333 0.506667 0.046000 0.340000
854 56.250667 0.490000 0.161333 0.806667
539 56.364333 0.510000 0.083333 0.373333
484 56.451667 0.510000 0.111333 0.393333
707 56.544000 0.508333 0.093333 0.383333
143 56.627667 0.503333 0.090000 0.386667
271 56.751000 0.503333 0.175333 0.586667
355 56.903667 0.498333 0.148667 0.430000
121 56.978333 0.493333 0.020667 0.340000
454 57.017333 0.501667 0.077333 0.396667
249 57.085000 0.505000 0.076667 0.610000
566 57.170000 0.505000 0.112000 0.450000
273 57.250000 0.503333 0.064000 0.420000
381 57.348000 0.501667 0.146667 0.390000
162 57.478000 0.498333 0.132000 0.476667
958 57.555333 0.501667 0.037333 0.310000
793 57.615000 0.506667 0.099333 0.406667
557 57.701667 0.496667 0.091333 0.593333
732 57.786000 0.510000 0.094667 0.493333
44 57.878667 0.505000 0.106667 0.416667
712 58.023000 0.496667 0.199333 0.546667
263 58.171333 0.505000 0.113333 0.390000
929 58.243667 0.500000 0.044667 0.346667
292 58.308000 0.505000 0.102667 0.390000
541 58.426333 0.500000 0.151333 0.320000
413 58.545667 0.498333 0.103333 0.416667
218 58.678667 0.510000 0.176000 0.880000
673 58.808333 0.498333 0.096667 0.356667
1006 58.869333 0.508333 0.042667 0.350000
968 58.900333 0.508333 0.035333 0.276667
652 58.984667 0.491667 0.152000 0.496667
452 59.090000 0.510000 0.076000 0.406667
546 59.165000 0.490000 0.092667 0.340000
437 59.240000 0.491667 0.077333 0.383333
783 59.310667 0.508333 0.081333 0.436667
453 59.368667 0.508333 0.053333 0.283333
996 59.407000 0.500000 0.036667 0.280000
136 59.483000 0.488333 0.132667 0.590000
197 59.593667 0.506667 0.102000 0.513333
847 59.694667 0.500000 0.120000 0.360000
935 59.767333 0.491667 0.041333 0.336667
27 59.841667 0.503333 0.124667 0.420000
64 59.924000 0.506667 0.058667 0.326667
975 59.962333 0.498333 0.035333 0.283333
807 60.060333 0.501667 0.175333 0.876667
616 60.228667 0.503333 0.178667 0.460000
555 60.326667 0.508333 0.036000 0.356667
307 60.371333 0.491667 0.069333 0.390000
679 60.446667 0.488333 0.094667 0.556667
254 60.559000 0.501667 0.147333 0.570000
563 60.694000 0.506667 0.140000 0.293333
799 60.812333 0.503333 0.115333 0.440000
350 60.921667 0.501667 0.116667 0.356667
362 61.031000 0.495000 0.115333 0.363333
542 61.130333 0.505000 0.103333 0.423333
15 61.227667 0.490000 0.104667 0.380000
663 61.323333 0.508333 0.101333 0.350000
896 61.436000 0.503333 0.137333 0.400000
175 61.559333 0.505000 0.129333 0.470000
66 61.668000 0.498333 0.105333 0.730000
693 61.750333 0.488333 0.072667 0.356667
654 61.900333 0.508333 0.242000 0.443333
232 62.070667 0.496667 0.112000 0.500000
26 62.184333 0.506667 0.128667 0.433333
686 62.290000 0.508333 0.101333 0.496667
177 62.381333 0.498333 0.101333 0.383333
411 62.505000 0.500000 0.162000 0.353333
658 62.612333 0.491667 0.070000 0.410000
18 62.691000 0.488333 0.100667 0.350000
304 62.773333 0.508333 0.082667 0.463333
494 62.840000 0.488333 0.070667 0.310000
982 62.886667 0.490000 0.041333 0.313333
795 62.929667 0.493333 0.060667 0.366667
290 63.028667 0.495000 0.150667 0.403333
260 63.165000 0.500000 0.140667 0.373333
987 63.243667 0.510000 0.031333 0.253333
868 63.302333 0.508333 0.099333 0.556667
386 63.425333 0.495000 0.160000 0.470000
333 63.576000 0.498333 0.157333 0.376667
922 63.669000 0.508333 0.048667 0.376667
664 63.743333 0.493333 0.120000 0.400000
480 63.830667 0.490000 0.069333 0.353333
21 63.903667 0.493333 0.095333 0.313333
521 64.012333 0.501667 0.140667 0.363333
899 64.164000 0.503333 0.178667 0.893333
988 64.260667 0.488333 0.034667 0.270000
701 64.347000 0.505000 0.152667 0.450000
617 64.463000 0.491667 0.095333 0.383333
770 64.557333 0.503333 0.110667 0.326667
1017 64.621000 0.493333 0.036667 0.273333
142 64.672333 0.488333 0.080667 0.410000
814 64.765333 0.495000 0.124000 0.330000
13 64.865000 0.506667 0.095333 0.306667
750 64.960667 0.501667 0.114667 0.423333
344 65.066000 0.488333 0.109333 0.290000
695 65.200333 0.501667 0.172667 0.470000
784 65.308333 0.508333 0.062000 0.476667
186 65.380333 0.493333 0.098000 0.466667
172 65.477333 0.500000 0.109333 0.420000
338 65.581333 0.490000 0.113333 0.586667
388 65.709000 0.510000 0.155333 0.446667
170 65.889333 0.490000 0.224000 1.120000
374 66.049000 0.503333 0.111333 0.333333
189 66.158333 0.508333 0.120667 0.503333
157 66.282333 0.488333 0.147333 0.603333
624 66.428333 0.488333 0.163333 0.816667
106 66.586333 0.491667 0.168667 0.843333
543 66.745667 0.488333 0.163333 0.523333
866 66.898667 0.506667 0.162667 0.500000
875 67.043667 0.500000 0.144667 0.360000
285 67.169333 0.508333 0.122667 0.396667
882 67.285667 0.491667 0.123333 0.490000
55 67.394333 0.490000 0.111333 0.280000
234 67.499667 0.500000 0.119333 0.473333
819 67.607667 0.505000 0.116667 0.430000
400 67.689000 0.508333 0.064667 0.490000
808 67.766333 0.503333 0.106000 0.426667
927 67.832667 0.495000 0.044000 0.323333
238 67.908333 0.510000 0.120667 0.466667
503 68.029333 0.500000 0.136000 0.340000
697 68.201667 0.498333 0.226000 1.130000
830 68.351667 0.500000 0.087333 0.426667
284 68.443667 0.506667 0.116667 0.420000
778 68.542333 0.495000 0.096667 0.623333
604 68.636333 0.496667 0.104667 0.313333
363 68.738667 0.488333 0.120000 0.363333
104 68.906333 0.488333 0.230000 0.490000
777 69.071667 0.496667 0.116667 0.513333
161 69.170333 0.505000 0.096667 0.343333
46 69.243000 0.496667 0.062000 0.573333
567 69.322667 0.495000 0.112000 0.450000
924 69.390333 0.496667 0.040667 0.340000
7 69.459333 0.508333 0.113333 0.390000
653 69.567667 0.500000 0.119333 0.393333
294 69.734667 0.493333 0.229333 1.146667
991 69.856667 0.510000 0.030667 0.260000
501 69.901667 0.505000 0.074000 0.356667
684 69.990333 0.498333 0.122000 0.463333
744 70.131667 0.498333 0.178000 0.890000
167 70.257000 0.506667 0.091333 0.346667
641 70.339667 0.493333 0.091333 0.433333
1 70.411667 0.488333 0.068667 0.330000
478 70.479333 0.491667 0.085333 0.436667
137 70.542000 0.493333 0.058667 0.286667
702 70.637000 0.505000 0.151333 0.470000
670 70.772000 0.501667 0.134667 0.470000
259 70.927333 0.506667 0.193333 0.966667
511 71.072667 0.500000 0.110667 0.346667
470 71.148667 0.498333 0.057333 0.336667
957 71.189000 0.501667 0.043333 0.316667
310 71.239000 0.491667 0.074000 0.423333
768 71.307000 0.505000 0.080667 0.196667
689 71.389000 0.500000 0.102000 0.506667
113 71.476333 0.496667 0.086000 0.433333
466 71.547667 0.496667 0.074000 0.446667
730 71.655000 0.488333 0.160667 0.576667
230 71.786000 0.495000 0.121333 0.550000
371 71.924000 0.503333 0.173333 0.866667
485 72.029333 0.495000 0.054667 0.296667
29 72.122000 0.508333 0.149333 0.416667
985 72.207000 0.505000 0.036667 0.310000
669 72.265333 0.495000 0.097333 0.323333
651 72.391667 0.505000 0.168667 0.843333
662 72.518667 0.508333 0.105333 0.343333
993 72.584333 0.488333 0.046000 0.336667
629 72.693667 0.510000 0.190000 0.646667
34 72.828333 0.496667 0.098000 0.340000
196 72.927667 0.495000 0.119333 0.496667
785 73.022000 0.500000 0.085333 0.353333
270 73.154000 0.493333 0.194667 0.973333
829 73.303000 0.488333 0.120667 0.503333
559 73.394333 0.501667 0.082000 0.403333
68 73.488333 0.508333 0.119333 0.343333
740 73.601000 0.508333 0.119333 0.276667
1016 73.677000 0.488333 0.050000 0.356667
119 73.741667 0.505000 0.099333 0.583333
332 73.883000 0.498333 0.199333 0.996667
537 74.090000 0.500000 0.229333 1.146667
155 74.241667 0.503333 0.094000 0.506667
667 74.348333 0.505000 0.138000 0.476667
81 74.461333 0.508333 0.102667 0.410000
585 74.572667 0.506667 0.134667 0.386667
745 74.672667 0.500000 0.084000 0.313333
3 74.745000 0.501667 0.076667 0.316667
536 74.875000 0.501667 0.198000 0.990000
364 75.046000 0.500000 0.160000 0.406667
262 75.228000 0.490000 0.224000 1.120000
666 75.386000 0.496667 0.108000 0.360000
595 75.490333 0.510000 0.120667 0.360000
331 75.670333 0.503333 0.254000 0.606667
733 75.835667 0.490000 0.095333 0.566667
73 75.945333 0.488333 0.141333 0.430000
499 76.035333 0.500000 0.058667 0.360000
496 76.100333 0.491667 0.091333 0.376667
602 76.188667 0.500000 0.098667 0.313333
110 76.300667 0.501667 0.140000 0.523333
918 76.428000 0.496667 0.128000 0.440000
449 76.518333 0.505000 0.070000 0.390000
314 76.592667 0.500000 0.096000 0.373333
1012 76.654333 0.495000 0.042000 0.316667
387 76.750000 0.510000 0.162667 0.453333
75 76.897667 0.503333 0.146000 0.453333
153 77.010000 0.501667 0.092000 0.416667
201 77.092333 0.500000 0.091333 0.373333
560 77.236667 0.503333 0.213333 1.066667
97 77.439000 0.491667 0.208667 1.043333
609 77.576000 0.491667 0.078667 0.323333
441 77.647333 0.490000 0.084000 0.440000
47 77.743000 0.505000 0.122000 0.570000
1022 77.814333 0.495000 0.040667 0.296667
817 77.895333 0.491667 0.136000 0.450000
459 77.997000 0.488333 0.080667 0.423333
440 78.058000 0.510000 0.061333 0.340000
855 78.121667 0.495000 0.080667 0.210000
514 78.214667 0.500000 0.118667 0.373333
343 78.338333 0.496667 0.142000 0.420000
287 78.465000 0.493333 0.126000 0.473333
17 78.576000 0.505000 0.114667 0.370000
870 78.657000 0.495000 0.067333 0.356667
134 78.743333 0.503333 0.120000 0.393333
844 78.854333 0.495000 0.122000 0.536667
691 78.953000 0.490000 0.088667 0.440000
981 79.011000 0.491667 0.040667 0.336667
610 79.095333 0.510000 0.146667 0.453333
56 79.194333 0.505000 0.070000 0.096667
965 79.236333 0.506667 0.031333 0.260000
850 79.300333 0.500000 0.116667 0.506667
953 79.371667 0.491667 0.044667 0.350000
424 79.464667 0.510000 0.160000 0.513333
433 79.606667 0.488333 0.144000 0.283333
461 79.704667 0.510000 0.068000 0.346667
88 79.829000 0.488333 0.195333 0.976667
408 79.966667 0.510000 0.094667 0.366667
552 80.030000 0.488333 0.046667 0.330000
524 80.096000 0.505000 0.100000 0.316667
588 80.189333 0.510000 0.105333 0.473333
181 80.307000 0.506667 0.150000 0.513333
894 80.448000 0.496667 0.152000 0.460000
885 80.554000 0.508333 0.080000 0.356667
930 80.599333 0.490000 0.029333 0.246667
212 80.647000 0.508333 0.084667 0.376667
281 80.747000 0.495000 0.130000 0.443333
99 80.917000 0.500000 0.226000 0.486667
500 81.061667 0.493333 0.083333 0.380000
430 81.154000 0.495000 0.116000 0.503333
579 81.275667 0.495000 0.146000 0.443333
10 81.384000 0.508333 0.086667 0.303333
482 81.455000 0.488333 0.070000 0.356667
513 81.545667 0.503333 0.130000 0.406667
856 81.690333 0.498333 0.176667 0.436667
705 81.838000 0.501667 0.138667 0.443333
836 81.945333 0.510000 0.092000 0.400000
561 82.061667 0.501667 0.156667 0.343333
839 82.178667 0.488333 0.090667 0.443333
630 82.292000 0.496667 0.150667 0.500000
428 82.406667 0.501667 0.098667 0.656667
1007 82.468667 0.503333 0.042667 0.340000
403 82.548667 0.498333 0.130667 0.410000
289 82.684667 0.490000 0.156000 0.780000
636 82.806000 0.495000 0.104000 0.230000
298 82.892333 0.491667 0.083333 0.416667
94 83.022333 0.488333 0.194000 0.410000
603 83.221000 0.495000 0.219333 1.096667
671 83.380667 0.501667 0.120000 0.450000
540 83.525667 0.503333 0.190000 0.693333
891 83.634333 0.508333 0.042000 0.250000
1013 83.670000 0.503333 0.042667 0.313333
646 83.734667 0.491667 0.100000 0.430000
926 83.798333 0.498333 0.040667 0.336667
316 83.872000 0.498333 0.122667 0.470000
887 83.998333 0.508333 0.146000 0.503333
1009 84.083000 0.490000 0.040667 0.346667
726 84.142333 0.491667 0.096667 0.516667
357 84.256000 0.493333 0.145333 0.406667
644 84.365667 0.488333 0.092667 0.430000
1023 84.422333 0.508333 0.035333 0.256667
150 84.486667 0.505000 0.106667 0.436667
943 84.548000 0.505000 0.036000 0.270000
992 84.576000 0.491667 0.036000 0.303333
878 84.632333 0.490000 0.096667 0.500000
37 84.734333 0.491667 0.123333 0.416667
280 84.846000 0.508333 0.116000 0.376667
219 84.952667 0.506667 0.114667 0.580000
493 85.030667 0.508333 0.061333 0.330000
761 85.117000 0.510000 0.131333 0.380000
61 85.222000 0.496667 0.093333 0.453333
717 85.356667 0.503333 0.189333 0.473333
685 85.494333 0.503333 0.104667 0.400000
776 85.609667 0.488333 0.139333 0.350000
129 85.733000 0.505000 0.120667 0.476667
699 85.858333 0.500000 0.150000 0.420000
620 85.991333 0.491667 0.130667 0.563333
385 86.122667 0.506667 0.145333 0.413333
210 86.241000 0.493333 0.111333 0.460000
251 86.319000 0.500000 0.064667 0.380000
948 86.371000 0.498333 0.054000 0.390000
824 86.448667 0.493333 0.114667 0.500000
225 86.541000 0.493333 0.086000 0.406667
0 86.596000 0.488333 0.044000 0.343333
612 86.709333 0.496667 0.198667 0.993333
888 86.913667 0.491667 0.226000 1.130000
723 87.075667 0.508333 0.115333 0.396667
574 87.161333 0.500000 0.073333 0.293333
324 87.262667 0.503333 0.148000 0.726667
349 87.405667 0.488333 0.158000 0.450000
971 87.500000 0.503333 0.045333 0.340000
890 87.554667 0.488333 0.081333 0.410000
570 87.630333 0.510000 0.087333 0.386667
151 87.703333 0.503333 0.073333 0.353333
622 87.801000 0.508333 0.142000 0.470000
448 87.891000 0.495000 0.058000 0.350000
120 88.016333 0.508333 0.207333 1.036667
205 88.175333 0.505000 0.126667 0.503333
516 88.280000 0.501667 0.102667 0.343333
764 88.356667 0.496667 0.065333 0.333333
404 88.439667 0.495000 0.118000 0.583333
425 88.531000 0.496667 0.079333 0.473333
556 88.613667 0.508333 0.100667 0.410000
131 88.708333 0.503333 0.107333 0.420000
884 88.823000 0.495000 0.138000 0.483333
114 88.918667 0.495000 0.072000 0.356667
163 89.014000 0.501667 0.138667 0.483333
747 89.121667 0.503333 0.095333 0.386667
510 89.210333 0.490000 0.096667 0.300000
901 89.326000 0.510000 0.154667 0.460000
661 89.456000 0.496667 0.121333 0.393333
857 89.613000 0.498333 0.208667 1.043333
951 89.729667 0.500000 0.042000 0.353333
372 89.819333 0.508333 0.153333 0.423333
877 89.926667 0.508333 0.077333 0.383333
898 90.028667 0.496667 0.146667 0.386667
354 90.156333 0.498333 0.128667 0.370000
216 90.252000 0.490000 0.081333 0.406667
637 90.310000 0.508333 0.053333 0.283333
665 90.380333 0.510000 0.106000 0.333333
845 90.476333 0.503333 0.102000 0.513333
215 90.575333 0.510000 0.113333 0.500000
60 90.654000 0.501667 0.060000 0.256667
876 90.777000 0.505000 0.206000 1.030000
319 90.926000 0.505000 0.110667 0.390000
919 91.013667 0.500000 0.080667 0.333333
93 91.159333 0.496667 0.228000 1.140000
846 91.307667 0.510000 0.084667 0.406667
200 91.401333 0.508333 0.116000 0.530000
504 91.531000 0.498333 0.156667 0.456667
274 91.658667 0.500000 0.114667 0.566667
28 91.754333 0.506667 0.094000 0.306667
282 91.866000 0.505000 0.148000 0.516667
220 91.982667 0.496667 0.104000 0.420000
465 92.061000 0.493333 0.071333 0.420000
140 92.199333 0.503333 0.218667 1.093333
840 92.360667 0.496667 0.117333 0.486667
900 92.485000 0.500000 0.146000 0.386667
623 92.629000 0.508333 0.162000 0.810000
492 92.739000 0.495000 0.072667 0.323333
586 92.834000 0.491667 0.134667 0.396667
348 92.969333 0.503333 0.156000 0.426667
680 93.094667 0.493333 0.113333 0.400000
627 93.238000 0.508333 0.193333 0.656667
659 93.378333 0.498333 0.104667 0.436667
77 93.496667 0.490000 0.146667 0.366667
133 93.619667 0.495000 0.114000 0.423333
346 93.736667 0.510000 0.140000 0.420000
554 93.856667 0.506667 0.118667 0.326667
974 93.926667 0.488333 0.040000 0.296667
522 94.003667 0.501667 0.134000 0.416667
580 94.136333 0.490000 0.148667 0.386667
322 94.252333 0.491667 0.098000 0.170000
756 94.349000 0.498333 0.112667 0.323333
916 94.473667 0.495000 0.152667 0.316667
859 94.613333 0.505000 0.140000 0.396667
696 94.740000 0.510000 0.132000 0.300000
213 94.848667 0.498333 0.101333 0.496667
1015 94.912667 0.491667 0.042667 0.350000
759 94.997333 0.495000 0.145333 0.423333
62 95.105000 0.500000 0.087333 0.426667
173 95.185667 0.493333 0.087333 0.393333
202 95.279667 0.495000 0.120667 0.536667
820 95.371667 0.505000 0.080667 0.336667
188 95.457667 0.488333 0.106000 0.510000
334 95.582000 0.495000 0.158667 0.556667
944 95.672333 0.505000 0.035333 0.256667
443 95.715333 0.491667 0.068000 0.396667
502 95.777000 0.491667 0.071333 0.316667
477 95.843000 0.488333 0.076667 0.430000
947 95.888333 0.503333 0.034000 0.286667
456 95.932333 0.510000 0.070000 0.393333
462 95.988000 0.505000 0.057333 0.310000
455 96.050000 0.501667 0.081333 0.410000
229 96.134667 0.506667 0.102667 0.513333
297 96.218000 0.491667 0.081333 0.416667
994 96.268667 0.500000 0.036000 0.273333
226 96.343000 0.488333 0.126000 0.523333
538 96.483000 0.491667 0.171333 0.436667
340 96.608000 0.490000 0.097333 0.280000
917 96.674333 0.491667 0.048667 0.350000
995 96.712000 0.501667 0.040000 0.323333
949 96.747667 0.493333 0.044667 0.360000
330 96.805667 0.510000 0.087333 0.333333
714 96.919000 0.493333 0.156667 0.473333
569 97.031667 0.503333 0.086000 0.380000
58 97.092000 0.500000 0.052000 0.293333
50 97.186333 0.510000 0.152667 0.453333
605 97.314667 0.498333 0.117333 0.303333
376 97.476000 0.510000 0.218667 1.093333
95 97.662667 0.490000 0.174667 0.873333
356 97.818000 0.503333 0.156000 0.446667
660 97.948667 0.496667 0.122667 0.413333
351 98.107333 0.506667 0.213333 1.066667
42 98.233667 0.508333 0.058000 0.330000
438 98.338333 0.510000 0.164667 0.500000
240 98.440000 0.510000 0.054667 0.293333
243 98.546000 0.505000 0.173333 0.576667
1021 98.643333 0.495000 0.038667 0.310000
467 98.694000 0.493333 0.082667 0.460000
625 98.819667 0.508333 0.187333 0.936667
209 98.959667 0.491667 0.110000 0.463333
87 99.127333 0.508333 0.241333 0.516667
242 99.288000 0.491667 0.093333 0.370000
382 99.396667 0.506667 0.140000 0.400000
11 99.516667 0.506667 0.117333 0.440000
451 99.598000 0.498333 0.062667 0.323333
720 99.713333 0.498333 0.188000 0.503333
718 99.875333 0.505000 0.153333 0.390000
100 100.044333 0.493333 0.203333 0.433333
250 100.251333 0.506667 0.230667 1.153333
82 100.388667 0.508333 0.064000 0.490000
990 100.430333 0.495000 0.036667 0.303333
190 100.489667 0.506667 0.098000 0.473333
596 100.577000 0.498333 0.096667 0.290000
668 100.681667 0.496667 0.131333 0.446667
941 100.758333 0.500000 0.038000 0.306667
206 100.819333 0.498333 0.100000 0.483333
463 100.898000 0.493333 0.070667 0.420000
427 100.971667 0.490000 0.096667 0.480000
813 101.082333 0.495000 0.144667 0.443333
980 101.170333 0.498333 0.046000 0.356667
936 101.204333 0.490000 0.042000 0.320000
291 101.281000 0.508333 0.124667 0.496667
810 101.386333 0.498333 0.102000 0.470000
288 101.498333 0.505000 0.138000 0.530000
613 101.637333 0.506667 0.160000 0.800000
520 101.757667 0.503333 0.098000 0.306667
879 101.853667 0.490000 0.108667 0.293333
48 102.031333 0.491667 0.261333 0.430000
647 102.197333 0.506667 0.084000 0.440000
233 102.287667 0.498333 0.116667 0.490000
165 102.405667 0.501667 0.132667 0.503333
85 102.515667 0.510000 0.102000 0.393333
816 102.628667 0.490000 0.141333 0.460000
593 102.777000 0.503333 0.168667 0.486667
57 102.880000 0.496667 0.056000 0.300000
419 102.944333 0.493333 0.087333 0.426667
519 103.044000 0.490000 0.126667 0.426667
818 103.160333 0.501667 0.124667 0.416667
214 103.280000 0.490000 0.132000 0.540000
168 103.389667 0.505000 0.100667 0.370000
24 103.495000 0.491667 0.130000 0.443333
295 103.611667 0.496667 0.118000 0.500000
450 103.687667 0.506667 0.051333 0.293333
23 103.790667 0.490000 0.173333 0.866667
798 103.915667 0.491667 0.096667 0.363333
43 104.007333 0.510000 0.102667 0.400000
803 104.131333 0.491667 0.164000 0.476667
607 104.261667 0.501667 0.115333 0.350000
71 104.338667 0.506667 0.056000 0.293333
734 104.457667 0.500000 0.200667 0.533333
