89 0.086000 0.503333 0.165333 0.826667
684 0.219667 0.488333 0.118000 0.450000
67 0.377000 0.508333 0.211333 0.430000
574 0.518333 0.503333 0.084667 0.340000
212 0.607667 0.491667 0.108667 0.496667
545 0.710000 0.506667 0.113333 0.413333
801 0.818000 0.501667 0.120000 0.450000
706 0.908000 0.506667 0.074667 0.406667
79 1.021667 0.501667 0.168667 0.843333
39 1.140667 0.488333 0.089333 0.343333
780 1.259000 0.508333 0.163333 0.470000
264 1.384667 0.510000 0.101333 0.386667
856 1.502667 0.493333 0.148000 0.366667
603 1.678000 0.510000 0.221333 1.106667
920 1.829333 0.488333 0.097333 0.370000
660 1.923000 0.493333 0.104667 0.380000
636 2.024667 0.488333 0.116000 0.303333
175 2.137000 0.510000 0.122000 0.466667
122 2.230000 0.506667 0.082667 0.313333
341 2.296667 0.500000 0.064000 0.273333
923 2.339333 0.493333 0.037333 0.273333
120 2.455667 0.491667 0.211333 1.056667
349 2.641333 0.503333 0.174667 0.873333
917 2.745333 0.500000 0.050667 0.360000
566 2.831333 0.506667 0.136000 0.546667
983 2.911000 0.496667 0.040667 0.340000
727 2.957000 0.493333 0.071333 0.446667
249 3.021333 0.500000 0.073333 0.586667
104 3.140333 0.501667 0.179333 0.383333
562 3.313000 0.508333 0.184667 0.383333
942 3.419333 0.505000 0.046667 0.363333
734 3.525667 0.496667 0.186000 0.500000
769 3.690333 0.508333 0.158000 0.790000
799 3.813667 0.508333 0.103333 0.383333
2 3.898000 0.493333 0.081333 0.406667
654 4.026333 0.501667 0.194000 0.970000
892 4.225000 0.498333 0.218000 1.090000
823 4.379333 0.498333 0.104000 0.550000
306 4.458667 0.493333 0.070667 0.393333
394 4.547667 0.510000 0.122000 0.346667
967 4.615333 0.488333 0.030667 0.256667
924 4.643000 0.508333 0.040667 0.316667
631 4.733667 0.496667 0.158000 0.526667
32 4.860000 0.505000 0.110667 0.376667
732 4.947000 0.505000 0.078000 0.403333
533 5.029000 0.498333 0.104667 0.363333
935 5.089333 0.506667 0.032000 0.253333
286 5.157667 0.500000 0.123333 0.466667
903 5.291667 0.506667 0.158000 0.473333
440 5.404000 0.490000 0.081333 0.413333
691 5.472000 0.488333 0.073333 0.356667
1000 5.526667 0.491667 0.049333 0.370000
244 5.620667 0.491667 0.152000 0.416667
875 5.771667 0.503333 0.166000 0.420000
304 5.883000 0.503333 0.076667 0.426667
6 5.966667 0.491667 0.109333 0.456667
588 6.070333 0.501667 0.116667 0.530000
168 6.184667 0.506667 0.132000 0.493333
189 6.302333 0.510000 0.119333 0.566667
307 6.391333 0.496667 0.076000 0.420000
630 6.500667 0.506667 0.162667 0.540000
938 6.590333 0.491667 0.035333 0.276667
1022 6.616000 0.500000 0.034667 0.260000
144 6.669000 0.491667 0.091333 0.403333
453 6.739667 0.488333 0.068667 0.350000
48 6.883000 0.491667 0.232667 0.376667
196 7.039333 0.500000 0.096000 0.413333
289 7.183333 0.506667 0.208000 1.040000
130 7.387667 0.495000 0.220667 1.103333
322 7.537333 0.490000 0.093333 0.100000
832 7.628333 0.496667 0.107333 0.493333
888 7.735333 0.496667 0.122667 0.406667
782 7.836667 0.506667 0.098667 0.453333
435 7.901000 0.503333 0.046000 0.253333
738 7.952000 0.501667 0.073333 0.343333
316 8.029000 0.506667 0.100667 0.366667
191 8.135667 0.488333 0.127333 0.516667
70 8.250000 0.491667 0.117333 0.383333
73 8.383333 0.506667 0.162667 0.513333
45 8.493000 0.503333 0.070000 0.353333
495 8.551667 0.498333 0.063333 0.343333
503 8.644667 0.496667 0.137333 0.353333
162 8.765333 0.503333 0.118667 0.413333
472 8.850000 0.505000 0.064000 0.383333
269 8.965333 0.491667 0.180000 0.543333
31 9.106333 0.488333 0.119333 0.343333
900 9.220667 0.508333 0.124000 0.363333
998 9.293000 0.503333 0.036667 0.286667
840 9.353667 0.503333 0.104667 0.433333
447 9.435667 0.510000 0.075333 0.386667
47 9.516333 0.510000 0.104667 0.500000
683 9.616000 0.508333 0.114667 0.363333
284 9.716000 0.495000 0.104000 0.370000
211 9.812667 0.500000 0.102667 0.520000
646 9.899667 0.496667 0.087333 0.406667
454 9.969333 0.493333 0.072000 0.366667
158 10.097667 0.508333 0.204667 1.023333
193 10.245333 0.496667 0.109333 0.506667
886 10.402333 0.495000 0.218000 1.090000
974 10.525333 0.510000 0.042667 0.353333
863 10.591667 0.510000 0.110000 0.526667
214 10.683667 0.495000 0.092667 0.436667
8 10.773333 0.500000 0.106667 0.393333
18 10.875333 0.505000 0.112000 0.410000
430 10.983333 0.503333 0.118667 0.506667
101 11.122667 0.496667 0.176000 0.880000
554 11.257667 0.488333 0.112667 0.323333
426 11.333000 0.490000 0.058000 0.386667
1010 11.381667 0.498333 0.054000 0.390000
693 11.451000 0.488333 0.100667 0.496667
695 11.605667 0.498333 0.228667 1.143333
807 11.811667 0.490000 0.198000 0.453333
328 11.978333 0.495000 0.155333 0.356667
192 12.108333 0.505000 0.118000 0.603333
500 12.200667 0.488333 0.086667 0.383333
803 12.313333 0.508333 0.153333 0.463333
477 12.413667 0.488333 0.063333 0.316667
881 12.510333 0.508333 0.146000 0.496667
539 12.618333 0.488333 0.083333 0.370000
100 12.768333 0.503333 0.230000 0.486667
207 12.938333 0.488333 0.130000 0.523333
62 13.039333 0.488333 0.090667 0.423333
847 13.137333 0.503333 0.121333 0.360000
28 13.249000 0.506667 0.120667 0.466667
342 13.332333 0.495000 0.062000 0.283333
246 13.419000 0.491667 0.131333 0.470000
763 13.504667 0.496667 0.056000 0.420000
439 13.584667 0.491667 0.120000 0.470000
860 13.744667 0.490000 0.217333 1.086667
302 13.874000 0.510000 0.058667 0.333333
836 13.937000 0.491667 0.080667 0.396667
226 14.015667 0.490000 0.096667 0.393333
266 14.157000 0.510000 0.199333 0.633333
457 14.287667 0.508333 0.080667 0.423333
334 14.392667 0.505000 0.145333 0.436667
547 14.491000 0.496667 0.068667 0.366667
224 14.571000 0.506667 0.108667 0.433333
173 14.659667 0.488333 0.088667 0.396667
43 14.760333 0.490000 0.132667 0.533333
245 14.844667 0.491667 0.056000 0.250000
274 14.923667 0.496667 0.119333 0.573333
469 15.004000 0.500000 0.057333 0.340000
109 15.108333 0.508333 0.168667 0.356667
755 15.263667 0.505000 0.156667 0.456667
1002 15.350000 0.488333 0.033333 0.270000
510 15.427000 0.506667 0.135333 0.453333
874 15.534667 0.488333 0.093333 0.450000
559 15.604000 0.506667 0.064000 0.313333
14 15.680333 0.503333 0.106000 0.373333
879 15.799000 0.495000 0.147333 0.423333
537 15.946000 0.490000 0.165333 0.826667
422 16.077667 0.495000 0.111333 0.403333
811 16.196667 0.506667 0.144000 0.413333
213 16.323000 0.506667 0.126000 0.506667
132 16.420667 0.496667 0.089333 0.386667
680 16.514333 0.488333 0.114000 0.390000
750 16.627333 0.491667 0.132000 0.490000
223 16.745333 0.510000 0.118667 0.493333
397 16.842000 0.508333 0.094667 0.396667
325 16.971667 0.488333 0.182000 0.910000
764 17.088000 0.495000 0.070667 0.356667
620 17.177667 0.496667 0.126000 0.546667
681 17.255000 0.498333 0.044667 0.403333
178 17.334667 0.496667 0.129333 0.460000
523 17.458333 0.496667 0.134000 0.420000
436 17.566000 0.490000 0.097333 0.246667
534 17.656000 0.498333 0.098667 0.430000
981 17.718667 0.490000 0.045333 0.346667
765 17.773667 0.501667 0.080667 0.436667
673 17.868667 0.510000 0.122667 0.440000
57 17.952000 0.496667 0.058667 0.313333
845 18.025667 0.500000 0.103333 0.426667
754 18.134000 0.505000 0.128000 0.623333
465 18.222333 0.500000 0.062000 0.313333
855 18.288333 0.503333 0.083333 0.220000
337 18.456333 0.490000 0.271333 0.720000
501 18.624000 0.508333 0.082667 0.376667
593 18.718333 0.496667 0.122000 0.400000
956 18.787333 0.490000 0.034667 0.260000
616 18.893667 0.498333 0.191333 0.496667
716 19.058667 0.490000 0.152000 0.380000
713 19.224000 0.503333 0.197333 0.986667
564 19.388000 0.496667 0.149333 0.340000
399 19.502333 0.505000 0.096667 0.350000
29 19.597333 0.490000 0.110667 0.300000
378 19.708333 0.498333 0.124667 0.383333
90 19.861000 0.505000 0.200667 1.003333
528 20.007000 0.493333 0.111333 0.366667
509 20.108667 0.496667 0.110667 0.346667
64 20.184333 0.490000 0.056667 0.280000
1012 20.225667 0.501667 0.043333 0.323333
872 20.352333 0.498333 0.228667 1.143333
36 20.521667 0.506667 0.127333 0.466667
444 20.609667 0.498333 0.067333 0.383333
12 20.682667 0.490000 0.094667 0.326667
766 20.784667 0.510000 0.126667 0.373333
364 20.912333 0.496667 0.148667 0.346667
94 21.062333 0.500000 0.167333 0.353333
345 21.230667 0.503333 0.184000 0.920000
993 21.335667 0.505000 0.044667 0.330000
367 21.418667 0.503333 0.134667 0.373333
859 21.549000 0.508333 0.139333 0.403333
115 21.646667 0.498333 0.073333 0.356667
151 21.717333 0.505000 0.086667 0.423333
650 21.826333 0.493333 0.146000 0.473333
108 21.995667 0.493333 0.212667 0.453333
567 22.144667 0.498333 0.098667 0.403333
692 22.229333 0.510000 0.088000 0.433333
354 22.319000 0.506667 0.111333 0.306667
602 22.432333 0.498333 0.131333 0.403333
711 22.565667 0.488333 0.152667 0.383333
355 22.704000 0.510000 0.138667 0.386667
241 22.802667 0.505000 0.073333 0.410000
952 22.849333 0.490000 0.038667 0.326667
502 22.901000 0.503333 0.082000 0.366667
257 22.988667 0.506667 0.109333 0.353333
786 23.064333 0.501667 0.062000 0.383333
471 23.119667 0.491667 0.068667 0.370000
97 23.228667 0.503333 0.166667 0.833333
508 23.334333 0.505000 0.059333 0.343333
775 23.395333 0.503333 0.077333 0.373333
374 23.522667 0.493333 0.194667 0.973333
674 23.674667 0.490000 0.129333 0.426667
395 23.795000 0.500000 0.128667 0.360000
902 23.921667 0.500000 0.143333 0.413333
606 24.040000 0.501667 0.108000 0.323333
1021 24.102000 0.491667 0.036000 0.263333
373 24.178667 0.493333 0.134667 0.380000
806 24.343000 0.508333 0.212667 1.063333
696 24.501667 0.488333 0.120667 0.276667
5 24.603000 0.488333 0.095333 0.450000
139 24.676000 0.496667 0.068000 0.393333
359 24.754000 0.505000 0.106667 0.276667
793 24.848667 0.505000 0.101333 0.410000
229 24.968333 0.505000 0.158000 0.790000
751 25.076667 0.510000 0.078667 0.340000
624 25.177333 0.506667 0.136000 0.460000
499 25.261000 0.493333 0.048667 0.293333
235 25.317333 0.493333 0.082667 0.420000
581 25.399333 0.498333 0.101333 0.430000
730 25.500667 0.501667 0.116000 0.463333
468 25.581667 0.501667 0.064667 0.370000
671 25.656000 0.500000 0.098667 0.346667
607 25.767667 0.488333 0.142000 0.416667
488 25.870333 0.503333 0.082000 0.400000
781 25.947667 0.503333 0.088667 0.460000
387 26.089667 0.488333 0.212667 1.063333
22 26.246000 0.488333 0.114667 0.383333
647 26.324333 0.495000 0.059333 0.296667
701 26.449000 0.488333 0.206000 1.030000
540 26.629333 0.496667 0.169333 0.846667
195 26.756000 0.488333 0.102667 0.496667
1011 26.820333 0.501667 0.042000 0.330000
339 26.873333 0.500000 0.084000 0.460000
446 26.935333 0.510000 0.058667 0.306667
452 26.994000 0.508333 0.074667 0.383333
318 27.079333 0.505000 0.116000 0.483333
857 27.247333 0.503333 0.233333 0.500000
298 27.392000 0.510000 0.070667 0.360000
27 27.484667 0.496667 0.132000 0.446667
959 27.559000 0.506667 0.032667 0.266667
134 27.618667 0.508333 0.100000 0.363333
315 27.715000 0.491667 0.111333 0.416667
361 27.846333 0.505000 0.170000 0.850000
979 27.945667 0.488333 0.044667 0.356667
957 27.976333 0.508333 0.036667 0.296667
152 28.024667 0.505000 0.080000 0.370000
664 28.116667 0.496667 0.117333 0.406667
41 28.231333 0.495000 0.125333 0.350000
4 28.326333 0.496667 0.080667 0.333333
135 28.405667 0.501667 0.098000 0.370000
312 28.505000 0.508333 0.120667 0.443333
217 28.668000 0.493333 0.225333 1.126667
678 28.815000 0.490000 0.087333 0.326667
634 28.899667 0.495000 0.095333 0.403333
733 28.987333 0.505000 0.093333 0.556667
825 29.066667 0.493333 0.080000 0.366667
600 29.161333 0.508333 0.125333 0.383333
51 29.278333 0.505000 0.124667 0.410000
375 29.390000 0.501667 0.114667 0.356667
609 29.480000 0.510000 0.080000 0.326667
637 29.542333 0.508333 0.058000 0.296667
317 29.628333 0.501667 0.127333 0.476667
287 29.727333 0.508333 0.085333 0.316667
85 29.802667 0.501667 0.085333 0.336667
861 29.864000 0.501667 0.054667 0.423333
167 29.941333 0.500000 0.118667 0.420000
652 30.093667 0.501667 0.203333 1.016667
236 30.248000 0.503333 0.118667 0.493333
882 30.341333 0.508333 0.084000 0.336667
370 30.434667 0.495000 0.120000 0.350000
590 30.561000 0.495000 0.152667 0.630000
279 30.678333 0.508333 0.099333 0.550000
63 30.775667 0.490000 0.108667 0.386667
194 30.889667 0.496667 0.135333 0.540000
865 30.993333 0.498333 0.092000 0.303333
787 31.068000 0.498333 0.072000 0.443333
992 31.114333 0.506667 0.035333 0.280000
71 31.152667 0.493333 0.057333 0.306667
336 31.228333 0.490000 0.107333 0.513333
125 31.329667 0.500000 0.111333 0.480000
627 31.446333 0.491667 0.136667 0.456667
516 31.557000 0.491667 0.098000 0.323333
91 31.703000 0.495000 0.212667 1.063333
421 31.872333 0.496667 0.140667 0.406667
740 31.991333 0.500000 0.114667 0.260000
182 32.103000 0.495000 0.127333 0.423333
690 32.195667 0.510000 0.071333 0.346667
645 32.269000 0.505000 0.090000 0.410000
978 32.328000 0.500000 0.046667 0.360000
462 32.388333 0.505000 0.090000 0.456667
181 32.519000 0.488333 0.191333 0.956667
835 32.667333 0.505000 0.118667 0.476667
745 32.765667 0.503333 0.092667 0.380000
737 32.824000 0.505000 0.042667 0.290000
672 32.898333 0.498333 0.120667 0.416667
61 32.997333 0.491667 0.092000 0.470000
263 33.116667 0.493333 0.162667 0.513333
78 33.278000 0.503333 0.176000 0.880000
830 33.407333 0.506667 0.097333 0.466667
141 33.483000 0.510000 0.071333 0.313333
157 33.598333 0.506667 0.178000 0.746667
206 33.731000 0.510000 0.106000 0.446667
753 33.848333 0.493333 0.147333 0.506667
239 33.997000 0.498333 0.164667 0.823333
482 34.106667 0.496667 0.074667 0.433333
521 34.207000 0.505000 0.139333 0.376667
308 34.307333 0.508333 0.078667 0.443333
595 34.393667 0.508333 0.112667 0.343333
586 34.519333 0.510000 0.153333 0.446667
52 34.633667 0.496667 0.095333 0.346667
758 34.742667 0.498333 0.142667 0.410000
955 34.825000 0.500000 0.039333 0.286667
626 34.917333 0.493333 0.164000 0.553333
390 35.046000 0.506667 0.112000 0.340000
941 35.115333 0.493333 0.041333 0.346667
431 35.173667 0.505000 0.095333 0.330000
11 35.270000 0.491667 0.117333 0.410000
376 35.435667 0.505000 0.227333 1.136667
174 35.598333 0.506667 0.118000 0.413333
321 35.706333 0.496667 0.111333 0.486667
970 35.780333 0.503333 0.051333 0.373333
490 35.834667 0.505000 0.070667 0.390000
113 35.899667 0.488333 0.075333 0.403333
613 36.005000 0.500000 0.155333 0.400000
850 36.119000 0.503333 0.091333 0.373333
242 36.222000 0.495000 0.132000 0.523333
416 36.330000 0.491667 0.097333 0.470000
248 36.422333 0.498333 0.102000 0.543333
662 36.507333 0.508333 0.086667 0.330000
987 36.557333 0.493333 0.029333 0.246667
464 36.596667 0.493333 0.066667 0.393333
479 36.649667 0.505000 0.052667 0.303333
759 36.744000 0.488333 0.154667 0.450000
587 36.868667 0.491667 0.112000 0.330000
657 36.959333 0.508333 0.089333 0.336667
661 37.056667 0.503333 0.118667 0.386667
1013 37.121333 0.498333 0.029333 0.243333
434 37.184000 0.508333 0.109333 0.370000
642 37.281667 0.500000 0.106000 0.420000
640 37.365333 0.510000 0.076000 0.380000
456 37.435667 0.503333 0.078000 0.400000
491 37.527333 0.501667 0.121333 0.590000
111 37.624000 0.500000 0.086667 0.380000
814 37.713667 0.508333 0.111333 0.276667
40 37.808000 0.490000 0.096000 0.320000
997 37.867667 0.491667 0.042000 0.303333
467 37.915667 0.498333 0.071333 0.356667
219 37.997333 0.501667 0.105333 0.536667
773 38.111333 0.503333 0.136000 0.400000
867 38.234000 0.501667 0.126667 0.430000
532 38.343667 0.493333 0.112667 0.580000
234 38.440000 0.493333 0.097333 0.393333
72 38.583667 0.498333 0.210000 1.050000
918 38.729667 0.490000 0.098000 0.313333
815 38.832333 0.498333 0.127333 0.363333
584 38.937333 0.500000 0.102667 0.313333
552 39.005000 0.491667 0.048667 0.296667
50 39.084333 0.488333 0.126000 0.416667
210 39.194333 0.508333 0.112667 0.450000
385 39.309333 0.495000 0.130667 0.376667
463 39.400000 0.495000 0.068000 0.376667
663 39.472667 0.506667 0.097333 0.340000
103 39.605667 0.505000 0.188667 0.943333
300 39.732000 0.495000 0.084000 0.270000
934 39.784333 0.506667 0.036667 0.280000
140 39.852333 0.490000 0.116667 0.566667
425 39.958333 0.498333 0.112667 0.630000
58 40.039000 0.501667 0.063333 0.296667
494 40.103333 0.505000 0.084000 0.456667
788 40.205667 0.498333 0.139333 0.376667
953 40.291667 0.495000 0.046000 0.363333
862 40.348667 0.495000 0.081333 0.443333
848 40.447000 0.493333 0.130000 0.440000
149 40.589000 0.508333 0.174000 0.870000
621 40.699333 0.506667 0.065333 0.586667
819 40.797667 0.505000 0.146000 0.463333
995 40.884667 0.501667 0.045333 0.343333
561 40.987000 0.496667 0.172667 0.353333
776 41.136000 0.505000 0.141333 0.390000
558 41.246333 0.496667 0.092667 0.460000
1016 41.310000 0.498333 0.050667 0.370000
247 41.375333 0.505000 0.094667 0.376667
897 41.479333 0.508333 0.133333 0.376667
880 41.594000 0.496667 0.110667 0.373333
1 41.672333 0.510000 0.060667 0.313333
954 41.709667 0.495000 0.032667 0.256667
994 41.743000 0.488333 0.050000 0.370000
707 41.809667 0.500000 0.096667 0.446667
117 41.908667 0.506667 0.114667 0.360000
59 42.029000 0.493333 0.146000 0.386667
578 42.141000 0.510000 0.094000 0.360000
570 42.219000 0.498333 0.080667 0.350000
169 42.310333 0.491667 0.122000 0.463333
65 42.410000 0.503333 0.097333 0.253333
126 42.555667 0.495000 0.207333 1.036667
852 42.707000 0.510000 0.111333 0.460000
410 42.800000 0.496667 0.093333 0.373333
98 42.930333 0.505000 0.184667 0.923333
538 43.105667 0.496667 0.183333 0.453333
87 43.285000 0.508333 0.194000 0.970000
717 43.467333 0.500000 0.186667 0.933333
23 43.635667 0.498333 0.164667 0.470000
1008 43.730667 0.501667 0.045333 0.323333
760 43.822667 0.495000 0.158667 0.483333
937 43.916000 0.491667 0.041333 0.316667
908 43.973000 0.491667 0.091333 0.323333
290 44.087667 0.495000 0.158000 0.423333
906 44.220667 0.500000 0.126667 0.340000
348 44.343000 0.491667 0.134000 0.350000
441 44.434000 0.501667 0.061333 0.363333
1004 44.475333 0.510000 0.040000 0.320000
49 44.601000 0.501667 0.228667 1.143333
623 44.791333 0.503333 0.165333 0.826667
931 44.884667 0.503333 0.034667 0.280000
605 44.973667 0.506667 0.160667 0.420000
601 45.112667 0.490000 0.132000 0.400000
319 45.212667 0.493333 0.086667 0.320000
580 45.313667 0.510000 0.128667 0.313333
475 45.404000 0.496667 0.070667 0.360000
517 45.500000 0.493333 0.134667 0.446667
544 45.614333 0.508333 0.108667 0.396667
497 45.739000 0.505000 0.154000 0.390000
81 45.873333 0.488333 0.128000 0.510000
622 46.005333 0.488333 0.149333 0.516667
221 46.130000 0.493333 0.117333 0.506667
283 46.250333 0.488333 0.140667 0.503333
709 46.360000 0.500000 0.092000 0.393333
417 46.445333 0.503333 0.093333 0.453333
281 46.538667 0.493333 0.112000 0.406667
451 46.617333 0.503333 0.062667 0.333333
86 46.687333 0.488333 0.090667 0.423333
728 46.756667 0.506667 0.065333 0.580000
790 46.818000 0.505000 0.072000 0.443333
231 46.955000 0.501667 0.219333 1.096667
853 47.107667 0.505000 0.100667 0.443333
556 47.201000 0.498333 0.102000 0.416667
641 47.277667 0.510000 0.066000 0.313333
676 47.357000 0.495000 0.110000 0.356667
350 47.475333 0.500000 0.141333 0.400000
384 47.644333 0.495000 0.211333 1.056667
715 47.824667 0.508333 0.168000 0.436667
66 47.996667 0.496667 0.194667 0.973333
649 48.131000 0.488333 0.087333 0.456667
172 48.249333 0.503333 0.166667 0.833333
480 48.368333 0.503333 0.084667 0.426667
429 48.452667 0.495000 0.102667 0.343333
489 48.528333 0.506667 0.063333 0.320000
258 48.616333 0.505000 0.128667 0.443333
524 48.727667 0.498333 0.110000 0.376667
265 48.848667 0.501667 0.152000 0.583333
38 48.982333 0.506667 0.131333 0.440000
629 49.108333 0.506667 0.140667 0.466667
656 49.260000 0.510000 0.176000 0.406667
332 49.455333 0.501667 0.230667 0.550000
961 49.579333 0.491667 0.032000 0.256667
535 49.659333 0.500000 0.141333 0.360000
589 49.771667 0.488333 0.103333 0.496667
898 49.872667 0.506667 0.114667 0.326667
905 49.992667 0.490000 0.145333 0.466667
414 50.110333 0.495000 0.106000 0.510000
666 50.216000 0.498333 0.125333 0.410000
837 50.312000 0.496667 0.086667 0.360000
13 50.394333 0.508333 0.092667 0.310000
204 50.497333 0.498333 0.132000 0.523333
505 50.590333 0.503333 0.071333 0.300000
121 50.627667 0.508333 0.016667 0.316667
817 50.701000 0.510000 0.143333 0.413333
945 50.782667 0.501667 0.036000 0.296667
326 50.821333 0.498333 0.061333 0.283333
392 50.912667 0.503333 0.140000 0.380000
838 51.027000 0.495000 0.106000 0.436667
770 51.132000 0.510000 0.117333 0.346667
890 51.231333 0.506667 0.101333 0.406667
461 51.309000 0.488333 0.071333 0.370000
272 51.412000 0.501667 0.148000 0.430000
293 51.535667 0.508333 0.116667 0.450000
106 51.700333 0.493333 0.228667 0.486667
925 51.824333 0.488333 0.034000 0.256667
542 51.883667 0.501667 0.102000 0.396667
548 51.991000 0.495000 0.128667 0.403333
404 52.128000 0.493333 0.161333 0.806667
802 52.302000 0.495000 0.205333 0.436667
1023 52.414333 0.498333 0.032667 0.263333
735 52.485667 0.488333 0.127333 0.510000
976 52.556000 0.505000 0.028000 0.236667
69 52.614000 0.490000 0.104000 0.513333
519 52.713333 0.491667 0.110667 0.363333
313 52.819333 0.508333 0.118667 0.403333
116 52.948000 0.498333 0.153333 0.483333
688 53.066000 0.495000 0.096000 0.470000
142 53.161000 0.496667 0.108667 0.460000
99 53.292667 0.498333 0.172000 0.370000
351 53.443000 0.496667 0.143333 0.453333
960 53.529333 0.501667 0.044000 0.363333
448 53.569333 0.508333 0.054667 0.296667
851 53.645667 0.508333 0.111333 0.496667
255 53.749667 0.500000 0.110000 0.420000
251 53.829000 0.488333 0.062000 0.356667
297 53.887000 0.496667 0.074000 0.380000
618 53.957333 0.490000 0.080000 0.506667
450 54.024667 0.506667 0.074667 0.446667
382 54.129667 0.510000 0.152667 0.453333
736 54.226333 0.506667 0.058000 0.386667
372 54.320333 0.501667 0.150000 0.403333
252 54.460333 0.493333 0.144667 0.580000
986 54.541333 0.490000 0.036000 0.273333
437 54.589667 0.495000 0.080667 0.403333
25 54.678333 0.495000 0.114000 0.396667
331 54.810333 0.493333 0.166000 0.826667
1009 54.903333 0.488333 0.037333 0.310000
311 54.965667 0.505000 0.103333 0.450000
513 55.067667 0.505000 0.119333 0.390000
582 55.180000 0.500000 0.118667 0.446667
569 55.277667 0.506667 0.092667 0.366667
705 55.378000 0.508333 0.122667 0.396667
615 55.525000 0.501667 0.187333 0.936667
291 55.679333 0.498333 0.138667 0.530000
744 55.813667 0.496667 0.148667 0.626667
583 55.906667 0.488333 0.052000 0.303333
522 55.990667 0.508333 0.129333 0.403333
873 56.097000 0.488333 0.102000 0.456667
102 56.226667 0.503333 0.173333 0.373333
314 56.354667 0.496667 0.098667 0.386667
232 56.445667 0.503333 0.103333 0.520000
159 56.513667 0.505000 0.046000 0.370000
84 56.579667 0.503333 0.104667 0.293333
669 56.675667 0.503333 0.100667 0.326667
154 56.756333 0.510000 0.078000 0.373333
110 56.860000 0.508333 0.144000 0.510000
990 56.948000 0.498333 0.050667 0.370000
105 57.083333 0.501667 0.237333 0.503333
659 57.243000 0.498333 0.096667 0.390000
876 57.362333 0.491667 0.162000 0.430000
743 57.480000 0.491667 0.086667 0.376667
557 57.557667 0.498333 0.083333 0.536667
822 57.653000 0.498333 0.123333 0.376667
591 57.791333 0.498333 0.168000 0.476667
985 57.890667 0.493333 0.048000 0.360000
129 57.960333 0.491667 0.108667 0.403333
878 58.055333 0.510000 0.100000 0.513333
653 58.179000 0.488333 0.164667 0.536667
171 58.315667 0.500000 0.123333 0.433333
492 58.403667 0.505000 0.067333 0.296667
665 58.479000 0.490000 0.100667 0.353333
391 58.599333 0.490000 0.157333 0.460000
3 58.708333 0.510000 0.074000 0.333333
402 58.825333 0.500000 0.174667 0.453333
34 58.966667 0.501667 0.128000 0.436667
424 59.091000 0.501667 0.138000 0.430000
576 59.201333 0.506667 0.098667 0.386667
299 59.289333 0.498333 0.093333 0.363333
849 59.386667 0.498333 0.120000 0.490000
747 59.479000 0.488333 0.079333 0.336667
228 59.556333 0.505000 0.088667 0.450000
112 59.658333 0.501667 0.135333 0.450000
962 59.736333 0.498333 0.035333 0.290000
948 59.769667 0.495000 0.044667 0.350000
571 59.830000 0.506667 0.096000 0.420000
698 59.899667 0.493333 0.058000 0.300000
511 59.974000 0.500000 0.110667 0.353333
15 60.064333 0.505000 0.086000 0.303333
841 60.156000 0.491667 0.113333 0.483333
972 60.225333 0.506667 0.041333 0.340000
794 60.266333 0.510000 0.059333 0.360000
895 60.362000 0.510000 0.145333 0.460000
254 60.501000 0.506667 0.151333 0.573333
685 60.619333 0.510000 0.098667 0.373333
969 60.678667 0.495000 0.036000 0.296667
551 60.763333 0.503333 0.148000 0.446667
784 60.862333 0.495000 0.066000 0.543333
470 60.913333 0.510000 0.056000 0.313333
565 61.011667 0.491667 0.159333 0.376667
386 61.152000 0.500000 0.138667 0.433333
771 61.255000 0.493333 0.086000 0.446667
785 61.327000 0.495000 0.074000 0.316667
804 61.418667 0.505000 0.126667 0.370000
26 61.539667 0.490000 0.131333 0.446667
460 61.638667 0.505000 0.085333 0.430000
1018 61.693667 0.506667 0.044667 0.346667
525 61.770000 0.493333 0.128000 0.433333
199 61.889000 0.508333 0.127333 0.530000
818 62.007333 0.496667 0.122667 0.433333
83 62.099333 0.506667 0.077333 0.380000
614 62.204667 0.503333 0.150667 0.406667
16 62.314667 0.495000 0.085333 0.290000
644 62.394333 0.496667 0.088667 0.400000
824 62.474333 0.505000 0.090000 0.370000
419 62.550667 0.510000 0.078667 0.380000
742 62.658000 0.493333 0.149333 0.593333
360 62.799333 0.501667 0.150667 0.470000
820 62.913333 0.505000 0.092000 0.390000
752 62.985000 0.506667 0.067333 0.180000
834 63.064000 0.493333 0.108000 0.453333
408 63.162333 0.501667 0.104667 0.396667
280 63.265000 0.503333 0.118000 0.386667
963 63.331667 0.495000 0.030000 0.243333
433 63.412000 0.491667 0.148000 0.350000
922 63.495333 0.493333 0.037333 0.273333
655 63.555667 0.488333 0.099333 0.423333
809 63.662333 0.503333 0.132667 0.680000
427 63.767333 0.491667 0.094667 0.443333
201 63.850000 0.498333 0.088000 0.443333
854 63.957333 0.506667 0.141333 0.420000
270 64.119667 0.491667 0.202000 1.010000
190 64.263333 0.500000 0.101333 0.413333
573 64.356333 0.490000 0.104667 0.420000
329 64.495667 0.505000 0.190000 0.950000
138 64.617333 0.506667 0.068000 0.393333
498 64.673000 0.503333 0.060667 0.366667
184 64.739000 0.506667 0.088667 0.453333
679 64.805333 0.490000 0.062667 0.386667
926 64.849333 0.493333 0.040000 0.306667
710 64.955000 0.500000 0.188667 0.500000
896 65.101333 0.503333 0.121333 0.346667
940 65.179333 0.493333 0.048000 0.353333
768 65.223667 0.503333 0.059333 0.173333
160 65.279333 0.495000 0.072000 0.383333
74 65.386000 0.490000 0.160000 0.486667
575 65.517667 0.493333 0.123333 0.406667
352 65.648667 0.493333 0.152000 0.413333
720 65.820333 0.491667 0.204667 1.023333
377 65.982000 0.500000 0.133333 0.366667
137 66.076000 0.488333 0.068000 0.336667
340 66.157667 0.498333 0.111333 0.330000
256 66.251667 0.500000 0.091333 0.326667
20 66.348000 0.495000 0.114667 0.383333
209 66.442000 0.500000 0.090667 0.420000
383 66.547667 0.506667 0.134000 0.366667
670 66.665333 0.500000 0.116000 0.386667
907 66.770333 0.508333 0.108667 0.356667
596 66.877667 0.496667 0.124667 0.366667
320 66.986000 0.496667 0.110667 0.326667
338 67.096667 0.496667 0.129333 0.666667
227 67.206333 0.508333 0.104667 0.430000
887 67.355333 0.510000 0.208000 1.040000
965 67.476000 0.498333 0.050667 0.376667
409 67.604667 0.496667 0.220000 1.100000
381 67.765000 0.501667 0.115333 0.343333
913 67.881333 0.488333 0.134667 0.396667
610 67.991333 0.508333 0.102667 0.316667
401 68.084667 0.490000 0.098667 0.533333
697 68.156333 0.491667 0.064667 0.323333
400 68.207000 0.491667 0.050000 0.463333
899 68.303000 0.488333 0.156667 0.783333
478 68.402000 0.493333 0.057333 0.333333
839 68.480333 0.498333 0.115333 0.496667
161 68.587000 0.510000 0.114000 0.400000
481 68.672667 0.491667 0.072000 0.370000
44 68.751667 0.496667 0.104667 0.406667
989 68.812667 0.498333 0.034667 0.263333
155 68.877667 0.508333 0.108667 0.583333
585 68.991667 0.498333 0.138000 0.416667
233 69.114000 0.506667 0.121333 0.506667
403 69.233667 0.500000 0.131333 0.386667
466 69.324000 0.505000 0.069333 0.383333
514 69.403000 0.510000 0.107333 0.340000
483 69.476000 0.506667 0.053333 0.313333
870 69.524667 0.501667 0.061333 0.283333
208 69.599667 0.491667 0.104667 0.423333
17 69.697667 0.491667 0.107333 0.383333
353 69.803667 0.496667 0.120667 0.320000
205 69.906333 0.501667 0.098000 0.436667
438 70.029667 0.488333 0.166000 0.496667
598 70.160333 0.490000 0.111333 0.333333
846 70.261333 0.491667 0.105333 0.523333
550 70.341667 0.488333 0.074000 0.370000
484 70.425333 0.501667 0.108000 0.436667
30 70.549667 0.496667 0.154000 0.473333
146 70.667667 0.506667 0.095333 0.426667
398 70.751000 0.508333 0.086000 0.443333
911 70.832000 0.488333 0.090667 0.343333
1017 70.894333 0.498333 0.050000 0.370000
294 71.025000 0.501667 0.224667 0.356667
877 71.165667 0.508333 0.074000 0.370000
330 71.240333 0.501667 0.094000 0.356667
179 71.330667 0.506667 0.100000 0.346667
549 71.424667 0.498333 0.108000 0.370000
909 71.517667 0.490000 0.092667 0.426667
323 71.659667 0.501667 0.211333 1.056667
682 71.802333 0.500000 0.088667 0.340000
668 71.886000 0.490000 0.098667 0.326667
1001 71.952333 0.508333 0.050000 0.363333
722 72.026000 0.505000 0.114667 0.330000
805 72.144000 0.501667 0.140000 0.403333
572 72.251667 0.510000 0.095333 0.420000
68 72.353000 0.510000 0.124667 0.353333
724 72.454000 0.501667 0.092000 0.516667
599 72.562000 0.493333 0.141333 0.426667
119 72.670667 0.500000 0.090667 0.526667
594 72.773000 0.501667 0.127333 0.390000
869 72.860333 0.488333 0.064667 0.370000
910 72.934333 0.500000 0.103333 0.373333
143 73.027000 0.495000 0.096667 0.503333
604 73.136667 0.506667 0.141333 0.420000
527 73.254333 0.498333 0.108667 0.310000
796 73.367333 0.501667 0.133333 0.496667
643 73.467333 0.503333 0.084000 0.300000
96 73.610000 0.496667 0.214667 1.073333
658 73.740667 0.493333 0.062667 0.366667
218 73.812333 0.508333 0.099333 0.476667
473 73.887333 0.501667 0.068000 0.356667
442 73.943667 0.501667 0.058000 0.343333
611 74.014000 0.498333 0.100000 0.370000
10 74.103667 0.506667 0.094000 0.320000
560 74.231000 0.508333 0.175333 0.876667
828 74.353667 0.488333 0.083333 0.403333
33 74.444667 0.496667 0.116000 0.440000
371 74.568333 0.500000 0.151333 0.420000
772 74.707000 0.500000 0.140667 0.426667
675 74.822000 0.505000 0.104000 0.376667
153 74.901000 0.488333 0.070000 0.316667
687 74.975333 0.503333 0.098667 0.480000
844 75.067667 0.496667 0.102000 0.460000
579 75.199000 0.500000 0.178000 0.440000
225 75.373333 0.510000 0.185333 0.926667
487 75.489000 0.488333 0.062000 0.350000
1005 75.525667 0.496667 0.030000 0.246667
1020 75.553667 0.495000 0.042000 0.330000
729 75.581333 0.488333 0.028000 0.343333
271 75.692333 0.505000 0.214000 1.070000
628 75.893333 0.506667 0.208000 1.040000
932 76.009333 0.500000 0.038667 0.280000
1015 76.040000 0.490000 0.041333 0.346667
774 76.078667 0.495000 0.050667 0.310000
80 76.147000 0.505000 0.100667 0.496667
943 76.208333 0.505000 0.039333 0.290000
813 76.273333 0.508333 0.105333 0.376667
699 76.423000 0.498333 0.212667 1.063333
379 76.606000 0.506667 0.166667 0.833333
267 76.766000 0.491667 0.170667 0.550000
966 76.865000 0.491667 0.043333 0.316667
512 76.936000 0.505000 0.116000 0.376667
19 77.039333 0.495000 0.105333 0.350000
365 77.156333 0.508333 0.146000 0.410000
933 77.236000 0.493333 0.032000 0.246667
980 77.270000 0.501667 0.050667 0.376667
220 77.331667 0.501667 0.091333 0.376667
555 77.389000 0.506667 0.042000 0.400000
35 77.458333 0.510000 0.112667 0.413333
703 77.557667 0.510000 0.102000 0.326667
333 77.710333 0.495000 0.220667 1.103333
991 77.835000 0.490000 0.048667 0.353333
412 77.894000 0.491667 0.084000 0.423333
54 77.959000 0.498333 0.059333 0.323333
638 78.025000 0.491667 0.092667 0.363333
694 78.105000 0.488333 0.082000 0.396667
262 78.181667 0.500000 0.087333 0.446667
327 78.291333 0.506667 0.145333 0.393333
458 78.390333 0.508333 0.070000 0.416667
92 78.509333 0.503333 0.181333 0.380000
346 78.650667 0.488333 0.118667 0.363333
369 78.758000 0.498333 0.114667 0.323333
999 78.825667 0.493333 0.040667 0.306667
689 78.878667 0.493333 0.080000 0.393333
546 78.957333 0.491667 0.093333 0.383333
1003 79.020000 0.496667 0.046667 0.346667
186 79.099333 0.506667 0.126667 0.506667
798 79.202333 0.496667 0.096667 0.380000
428 79.274333 0.506667 0.067333 0.453333
411 79.378667 0.496667 0.160000 0.800000
504 79.523333 0.495000 0.149333 0.436667
723 79.637333 0.496667 0.097333 0.333333
0 79.697333 0.505000 0.040000 0.310000
719 79.807000 0.491667 0.198000 0.563333
746 79.970667 0.488333 0.149333 0.430000
396 80.115000 0.490000 0.154000 0.460000
592 80.259667 0.495000 0.148667 0.423333
200 80.409667 0.488333 0.164667 0.823333
541 80.559667 0.495000 0.152667 0.330000
608 80.677667 0.508333 0.103333 0.370000
901 80.799667 0.505000 0.155333 0.463333
114 80.918000 0.493333 0.100000 0.493333
282 81.024000 0.495000 0.132000 0.476667
789 81.116000 0.501667 0.068000 0.423333
929 81.161333 0.488333 0.042667 0.350000
324 81.238667 0.495000 0.125333 0.610000
726 81.326333 0.500000 0.068667 0.366667
222 81.410667 0.490000 0.117333 0.593333
921 81.497333 0.491667 0.074667 0.436667
37 81.578333 0.496667 0.107333 0.353333
423 81.684333 0.498333 0.122000 0.443333
389 81.850333 0.495000 0.230000 1.150000
686 81.996333 0.491667 0.079333 0.390000
388 82.095000 0.501667 0.134000 0.390000
476 82.184333 0.503333 0.060667 0.333333
303 82.240000 0.490000 0.068000 0.380000
156 82.370667 0.506667 0.206667 1.033333
778 82.501000 0.495000 0.074000 0.510000
783 82.569667 0.506667 0.082000 0.446667
203 82.646667 0.508333 0.088000 0.443333
215 82.751667 0.488333 0.136667 0.543333
677 82.869000 0.500000 0.115333 0.393333
800 82.959667 0.490000 0.079333 0.320000
866 83.066667 0.500000 0.154667 0.420000
9 83.189667 0.490000 0.110000 0.446667
493 83.267333 0.510000 0.061333 0.333333
762 83.335333 0.490000 0.088000 0.386667
635 83.411000 0.488333 0.076667 0.316667
704 83.506333 0.498333 0.130000 0.443333
259 83.671333 0.493333 0.218667 1.093333
619 83.831000 0.488333 0.115333 0.583333
714 83.965000 0.488333 0.167333 0.456667
131 84.092333 0.493333 0.106000 0.406667
187 84.185000 0.493333 0.095333 0.406667
343 84.302667 0.503333 0.157333 0.433333
885 84.421667 0.500000 0.095333 0.433333
485 84.486667 0.498333 0.054667 0.323333
563 84.568667 0.491667 0.126667 0.263333
362 84.677000 0.505000 0.108667 0.296667
165 84.781333 0.510000 0.114667 0.433333
651 84.892000 0.491667 0.126667 0.410000
147 84.986667 0.500000 0.077333 0.406667
777 85.077667 0.501667 0.124667 0.536667
405 85.190667 0.495000 0.117333 0.463333
335 85.318333 0.506667 0.156667 0.500000
1007 85.409333 0.505000 0.040000 0.290000
739 85.452000 0.496667 0.064000 0.500000
949 85.495333 0.498333 0.040000 0.296667
415 85.590667 0.495000 0.164000 0.576667
833 85.717000 0.495000 0.106000 0.496667
7 85.815667 0.498333 0.111333 0.363333
60 85.903000 0.496667 0.078000 0.320000
829 85.981333 0.505000 0.098667 0.403333
520 86.077333 0.498333 0.112000 0.350000
166 86.177000 0.491667 0.104667 0.370000
731 86.253000 0.501667 0.067333 0.343333
827 86.318333 0.491667 0.079333 0.390000
821 86.394000 0.493333 0.089333 0.606667
455 86.473667 0.498333 0.086000 0.436667
474 86.539000 0.500000 0.059333 0.353333
42 86.600000 0.508333 0.076000 0.430000
261 86.705333 0.510000 0.154667 0.773333
648 86.809667 0.505000 0.068667 0.303333
230 86.898333 0.506667 0.123333 0.480000
188 87.001000 0.495000 0.099333 0.403333
496 87.090333 0.493333 0.094000 0.386667
712 87.230667 0.503333 0.204000 0.553333
1014 87.345000 0.491667 0.040667 0.310000
916 87.451333 0.506667 0.189333 0.946667
971 87.555000 0.503333 0.034000 0.260000
996 87.578667 0.508333 0.030667 0.243333
250 87.676667 0.493333 0.181333 0.906667
459 87.791333 0.500000 0.068000 0.366667
55 87.866667 0.510000 0.098667 0.253333
831 87.962667 0.491667 0.108000 0.476667
407 88.051000 0.501667 0.087333 0.330000
639 88.123000 0.493333 0.070000 0.346667
358 88.206000 0.506667 0.114667 0.320000
240 88.283333 0.503333 0.058667 0.293333
928 88.323667 0.495000 0.042000 0.303333
531 88.431000 0.491667 0.188667 0.943333
24 88.585333 0.488333 0.133333 0.456667
816 88.715667 0.500000 0.146000 0.460000
632 88.860667 0.505000 0.158667 0.510000
21 88.985667 0.506667 0.111333 0.366667
893 89.134667 0.493333 0.200000 1.000000
700 89.278000 0.498333 0.100000 0.396667
420 89.369333 0.496667 0.098667 0.406667
947 89.435333 0.495000 0.046667 0.370000
797 89.504000 0.501667 0.105333 0.396667
889 89.606667 0.500000 0.117333 0.466667
305 89.686333 0.508333 0.062000 0.350000
53 89.766000 0.508333 0.117333 0.396667
418 89.855000 0.505000 0.074000 0.356667
285 89.988667 0.500000 0.209333 1.046667
432 90.165333 0.488333 0.164000 0.336667
347 90.311667 0.496667 0.146000 0.433333
858 90.421333 0.506667 0.093333 0.286667
883 90.564667 0.500000 0.206667 0.440000
868 90.709333 0.508333 0.096000 0.536667
795 90.786000 0.488333 0.074667 0.463333
625 90.884333 0.490000 0.142000 0.473333
904 90.979667 0.505000 0.067333 0.316667
951 91.031667 0.495000 0.050000 0.363333
216 91.096000 0.501667 0.094667 0.450000
128 91.244000 0.506667 0.221333 1.106667
183 91.401667 0.488333 0.110000 0.556667
1006 91.469000 0.505000 0.039333 0.296667
812 91.529667 0.505000 0.102000 0.343333
988 91.596333 0.506667 0.047333 0.353333
296 91.654000 0.495000 0.086667 0.323333
301 91.718667 0.500000 0.057333 0.320000
553 91.788667 0.490000 0.100000 0.340000
977 91.847333 0.490000 0.037333 0.306667
667 91.910333 0.488333 0.106000 0.390000
253 91.984000 0.495000 0.057333 0.483333
133 92.055000 0.501667 0.102000 0.316667
718 92.213333 0.493333 0.228000 1.140000
506 92.339000 0.495000 0.040667 0.430000
748 92.401667 0.510000 0.100667 0.340000
914 92.513333 0.496667 0.138667 0.420000
808 92.632000 0.495000 0.116000 0.516667
368 92.742333 0.503333 0.123333 0.353333
721 92.903000 0.488333 0.216667 1.083333
568 93.061333 0.501667 0.120000 0.603333
268 93.216667 0.490000 0.209333 1.046667
543 93.399000 0.510000 0.174000 0.586667
842 93.540000 0.498333 0.128000 0.523333
871 93.618667 0.500000 0.048000 0.253333
529 93.695667 0.493333 0.122000 0.453333
894 93.823000 0.506667 0.151333 0.440000
197 93.947333 0.496667 0.114667 0.553333
950 94.011667 0.506667 0.032667 0.266667
202 94.074333 0.503333 0.110000 0.426667
260 94.187000 0.488333 0.131333 0.356667
243 94.325000 0.488333 0.159333 0.796667
185 94.447000 0.500000 0.099333 0.500000
984 94.510333 0.495000 0.046000 0.356667
107 94.618333 0.491667 0.186000 0.396667
757 94.779667 0.505000 0.154000 0.483333
56 94.877667 0.510000 0.056667 0.080000
136 94.964667 0.493333 0.132000 0.533333
46 95.053667 0.495000 0.063333 0.556667
288 95.144000 0.498333 0.132000 0.503333
443 95.236667 0.508333 0.072000 0.430000
617 95.310333 0.498333 0.094000 0.410000
597 95.405000 0.505000 0.110000 0.350000
356 95.527000 0.490000 0.150000 0.473333
577 95.651333 0.491667 0.117333 0.450000
486 95.740000 0.501667 0.076000 0.443333
82 95.814000 0.495000 0.088000 0.596667
163 95.906333 0.508333 0.110000 0.390000
767 96.022667 0.488333 0.141333 0.410000
756 96.161333 0.510000 0.149333 0.433333
826 96.277000 0.498333 0.102000 0.436667
124 96.368333 0.501667 0.095333 0.330000
946 96.421000 0.488333 0.030000 0.250000
930 96.448333 0.496667 0.039333 0.313333
413 96.515667 0.501667 0.108667 0.456667
344 96.617000 0.493333 0.112667 0.346667
741 96.710667 0.505000 0.088000 0.316667
445 96.778333 0.493333 0.066000 0.393333
792 96.853333 0.506667 0.098667 0.406667
93 97.008333 0.490000 0.224667 0.473333
310 97.148333 0.490000 0.074000 0.413333
118 97.233000 0.495000 0.112667 0.423333
1019 97.301667 0.500000 0.040667 0.306667
406 97.354667 0.496667 0.084000 0.326667
939 97.406333 0.506667 0.035333 0.253333
958 97.438667 0.500000 0.046667 0.346667
968 97.470667 0.495000 0.033333 0.256667
380 97.551667 0.500000 0.142000 0.426667
749 97.664000 0.488333 0.097333 0.423333
145 97.744333 0.505000 0.082000 0.363333
536 97.853667 0.493333 0.155333 0.580000
449 97.963667 0.500000 0.080667 0.420000
150 98.059000 0.495000 0.127333 0.503333
393 98.177333 0.506667 0.126667 0.366667
725 98.286667 0.510000 0.105333 0.453333
237 98.373000 0.495000 0.084667 0.530000
915 98.438333 0.505000 0.062000 0.503333
77 98.509333 0.491667 0.100000 0.250000
127 98.650667 0.496667 0.200000 1.000000
176 98.809333 0.508333 0.133333 0.470000
515 98.917000 0.501667 0.098000 0.316667
518 99.004000 0.498333 0.094667 0.310000
702 99.144000 0.503333 0.204000 1.020000
944 99.255000 0.501667 0.036667 0.276667
964 99.285667 0.506667 0.043333 0.320000
975 99.315333 0.501667 0.034667 0.276667
75 99.379667 0.503333 0.112667 0.346667
843 99.533667 0.498333 0.208667 1.043333
708 99.686333 0.501667 0.112667 0.523333
973 99.759333 0.496667 0.048000 0.366667
276 99.803333 0.505000 0.058667 0.383333
919 99.868333 0.505000 0.086000 0.363333
292 99.958333 0.501667 0.112667 0.436667
530 100.051667 0.506667 0.087333 0.406667
164 100.190333 0.508333 0.208667 1.043333
238 100.334333 0.505000 0.095333 0.370000
633 100.467000 0.501667 0.186000 0.930000
810 100.611333 0.495000 0.118667 0.550000
177 100.724000 0.501667 0.120000 0.423333
936 100.791667 0.503333 0.032667 0.266667
366 100.878000 0.493333 0.153333 0.480000
884 100.998333 0.510000 0.102000 0.360000
779 101.058000 0.488333 0.037333 0.343333
927 101.089000 0.506667 0.040667 0.353333
278 101.177667 0.496667 0.151333 0.453333
273 101.271000 0.490000 0.055333 0.333333
357 101.390333 0.488333 0.196667 0.983333
180 101.528000 0.508333 0.093333 0.350000
88 101.647333 0.493333 0.165333 0.826667
148 101.803667 0.490000 0.163333 0.473333
363 101.945000 0.491667 0.132667 0.370000
277 102.051000 0.510000 0.094000 0.426667
982 102.114333 0.508333 0.046000 0.350000
198 102.222000 0.500000 0.182667 0.913333
309 102.344333 0.488333 0.079333 0.450000
123 102.428000 0.506667 0.106667 0.693333
791 102.516667 0.501667 0.084000 0.510000
891 102.577667 0.498333 0.058000 0.270000
76 102.656333 0.488333 0.116667 0.370000
612 102.785667 0.495000 0.155333 0.776667
95 102.933667 0.510000 0.160667 0.346667
507 103.043000 0.496667 0.075333 0.446667
761 103.139000 0.506667 0.132667 0.393333
295 103.257333 0.503333 0.120000 0.513333
526 103.376333 0.498333 0.135333 0.390000
864 103.476000 0.505000 0.082667 0.330000
275 103.535333 0.510000 0.052000 0.320000
912 103.610333 0.488333 0.115333 0.463333
170 103.708333 0.501667 0.094000 0.350000
