387 0.065667 0.510000 0.124667 0.340000
961 0.143000 0.490000 0.044667 0.333333
828 0.200667 0.488333 0.085333 0.370000
467 0.278000 0.505000 0.082667 0.416667
25 0.370667 0.490000 0.122667 0.446667
265 0.503667 0.495000 0.163333 0.816667
49 0.671333 0.490000 0.186667 0.933333
17 0.807333 0.506667 0.104000 0.360000
478 0.894000 0.488333 0.082667 0.430000
783 0.977000 0.501667 0.102000 0.550000
841 1.057667 0.510000 0.079333 0.380000
91 1.205333 0.503333 0.230667 1.153333
925 1.328667 0.495000 0.032000 0.250000
194 1.383333 0.503333 0.092000 0.466667
766 1.473667 0.501667 0.104667 0.303333
872 1.577667 0.491667 0.118000 0.343333
71 1.653667 0.498333 0.054000 0.290000
883 1.776000 0.491667 0.209333 0.436667
375 1.937000 0.493333 0.132667 0.380000
451 2.030333 0.498333 0.067333 0.350000
594 2.117333 0.490000 0.124000 0.373333
800 2.228000 0.501667 0.110667 0.430000
42 2.304333 0.493333 0.062000 0.346667
485 2.360000 0.488333 0.066667 0.350000
913 2.442000 0.493333 0.116000 0.360000
207 2.534000 0.503333 0.086667 0.386667
725 2.623333 0.498333 0.105333 0.443333
267 2.757000 0.491667 0.180667 0.590000
206 2.895000 0.490000 0.108667 0.446667
618 2.976667 0.508333 0.068000 0.403333
121 3.010333 0.490000 0.018000 0.280000
371 3.116000 0.500000 0.210667 1.053333
392 3.276000 0.490000 0.126667 0.400000
435 3.363000 0.510000 0.063333 0.300000
918 3.447333 0.503333 0.120000 0.420000
751 3.547667 0.498333 0.099333 0.430000
139 3.627333 0.510000 0.080000 0.453333
446 3.687333 0.510000 0.053333 0.320000
515 3.761000 0.490000 0.112667 0.353333
1021 3.831000 0.508333 0.042000 0.323333
874 3.881333 0.508333 0.072000 0.316667
541 4.014333 0.508333 0.210000 0.436667
419 4.152333 0.505000 0.083333 0.403333
420 4.226667 0.496667 0.082667 0.300000
539 4.300667 0.510000 0.078667 0.346667
564 4.397667 0.496667 0.128667 0.266667
374 4.551667 0.495000 0.199333 0.996667
465 4.671000 0.503333 0.055333 0.300000
756 4.761333 0.510000 0.145333 0.453333
855 4.860000 0.488333 0.068000 0.170000
301 4.925000 0.501667 0.075333 0.423333
860 5.068000 0.490000 0.230667 1.153333
83 5.214000 0.498333 0.076000 0.370000
332 5.345000 0.498333 0.204667 0.483333
16 5.486333 0.508333 0.092667 0.336667
770 5.597667 0.503333 0.143333 0.433333
823 5.701000 0.505000 0.079333 0.356667
214 5.778667 0.510000 0.093333 0.466667
638 5.870667 0.491667 0.110667 0.436667
745 5.965000 0.501667 0.095333 0.363333
346 6.087667 0.506667 0.164667 0.486667
646 6.206000 0.490000 0.086667 0.380000
165 6.310000 0.495000 0.137333 0.490000
945 6.391333 0.501667 0.041333 0.296667
538 6.481667 0.495000 0.154000 0.383333
27 6.625667 0.491667 0.151333 0.510000
354 6.757667 0.491667 0.127333 0.356667
112 6.891333 0.506667 0.160000 0.526667
548 7.015667 0.510000 0.106000 0.340000
210 7.105333 0.503333 0.093333 0.466667
574 7.196667 0.498333 0.104000 0.416667
143 7.275000 0.510000 0.071333 0.326667
545 7.348333 0.495000 0.088667 0.316667
134 7.446000 0.491667 0.126667 0.403333
268 7.580333 0.495000 0.162000 0.810000
312 7.701000 0.488333 0.092667 0.316667
634 7.779000 0.505000 0.082000 0.336667
54 7.838333 0.500000 0.052667 0.293333
127 7.949333 0.503333 0.184000 0.920000
475 8.059000 0.508333 0.054000 0.323333
648 8.114000 0.495000 0.076000 0.343333
695 8.221667 0.510000 0.158000 0.486667
743 8.335667 0.488333 0.084667 0.363333
48 8.478667 0.510000 0.217333 1.086667
76 8.654000 0.495000 0.152000 0.483333
353 8.790000 0.495000 0.133333 0.370000
198 8.892333 0.491667 0.084667 0.356667
914 8.998333 0.501667 0.140667 0.430000
273 9.088000 0.510000 0.054667 0.340000
106 9.220333 0.488333 0.230000 1.150000
741 9.373333 0.500000 0.092000 0.313333
318 9.473667 0.508333 0.127333 0.530000
795 9.556667 0.488333 0.058667 0.350000
162 9.640333 0.503333 0.126000 0.460000
51 9.762333 0.496667 0.135333 0.446667
1020 9.849333 0.505000 0.052000 0.376667
101 9.973333 0.496667 0.213333 1.066667
696 10.143333 0.510000 0.145333 0.333333
193 10.249667 0.505000 0.080667 0.410000
624 10.372333 0.501667 0.180667 0.596667
1 10.490333 0.491667 0.072667 0.370000
390 10.592000 0.488333 0.144000 0.396667
694 10.699333 0.496667 0.086667 0.426667
78 10.831333 0.498333 0.193333 0.476667
682 10.976333 0.496667 0.114000 0.426667
896 11.107667 0.493333 0.162000 0.473333
937 11.198000 0.493333 0.033333 0.280000
633 11.323667 0.493333 0.231333 0.646667
45 11.467333 0.510000 0.070667 0.353333
966 11.515000 0.493333 0.042000 0.306667
635 11.570000 0.498333 0.085333 0.390000
172 11.714667 0.510000 0.222667 1.113333
314 11.874000 0.505000 0.110667 0.396667
930 11.945000 0.503333 0.048667 0.346667
882 12.014667 0.490000 0.110667 0.440000
971 12.084333 0.496667 0.044667 0.353333
14 12.143667 0.505000 0.091333 0.303333
326 12.225000 0.500000 0.087333 0.393333
186 12.320000 0.503333 0.116000 0.480000
985 12.389667 0.496667 0.043333 0.333333
428 12.442667 0.498333 0.077333 0.523333
523 12.528667 0.501667 0.113333 0.356667
996 12.592333 0.488333 0.034000 0.270000
404 12.650333 0.508333 0.100667 0.510000
255 12.759000 0.510000 0.132667 0.506667
116 12.894000 0.508333 0.150667 0.443333
864 13.016333 0.488333 0.107333 0.430000
909 13.111333 0.503333 0.096000 0.420000
932 13.168333 0.488333 0.032667 0.256667
422 13.220000 0.491667 0.086667 0.310000
894 13.314000 0.510000 0.120000 0.353333
291 13.437667 0.488333 0.140667 0.556667
804 13.578333 0.491667 0.160667 0.490000
53 13.706667 0.510000 0.116000 0.386667
910 13.813000 0.510000 0.111333 0.386667
740 13.922000 0.500000 0.125333 0.286667
63 14.021000 0.493333 0.092667 0.333333
99 14.159333 0.488333 0.198667 0.423333
735 14.308000 0.510000 0.113333 0.446667
147 14.394333 0.501667 0.075333 0.396667
421 14.510667 0.500000 0.174667 0.873333
298 14.634000 0.508333 0.085333 0.423333
640 14.706333 0.508333 0.076667 0.383333
532 14.797000 0.508333 0.120667 0.616667
811 14.912000 0.496667 0.124000 0.320000
590 15.019667 0.496667 0.110000 0.413333
408 15.109000 0.500000 0.083333 0.326667
582 15.212000 0.503333 0.140000 0.506667
271 15.362000 0.496667 0.178667 0.893333
595 15.505333 0.496667 0.124000 0.386667
391 15.634333 0.500000 0.154000 0.466667
201 15.745000 0.488333 0.086000 0.430000
892 15.863000 0.488333 0.166000 0.476667
489 15.973000 0.495000 0.070000 0.363333
980 16.020333 0.510000 0.039333 0.280000
482 16.068333 0.491667 0.072667 0.370000
531 16.186000 0.506667 0.181333 0.906667
824 16.330333 0.505000 0.122000 0.503333
986 16.401667 0.503333 0.040667 0.313333
839 16.452000 0.506667 0.074667 0.380000
571 16.535667 0.500000 0.108667 0.440000
241 16.617667 0.490000 0.074000 0.413333
520 16.701333 0.508333 0.112000 0.376667
7 16.813667 0.498333 0.131333 0.483333
105 16.965667 0.510000 0.191333 0.413333
526 17.121333 0.506667 0.136000 0.366667
572 17.235333 0.491667 0.106667 0.436667
906 17.345000 0.506667 0.132667 0.373333
440 17.429333 0.495000 0.052000 0.310000
685 17.494333 0.500000 0.091333 0.346667
270 17.608000 0.510000 0.156000 0.780000
948 17.698000 0.488333 0.038667 0.310000
46 17.743000 0.493333 0.064667 0.580000
513 17.818000 0.503333 0.102667 0.333333
578 17.903000 0.500000 0.086000 0.340000
951 17.956000 0.503333 0.033333 0.253333
546 18.009667 0.505000 0.087333 0.323333
693 18.089333 0.510000 0.092000 0.453333
761 18.194667 0.506667 0.136000 0.420000
93 18.375667 0.503333 0.239333 0.506667
362 18.547000 0.496667 0.122000 0.340000
588 18.649333 0.488333 0.100000 0.443333
849 18.746667 0.498333 0.108000 0.443333
113 18.832667 0.490000 0.081333 0.440000
211 18.922000 0.491667 0.114667 0.523333
213 19.020667 0.510000 0.098667 0.500000
219 19.117333 0.503333 0.112000 0.526667
448 19.202000 0.508333 0.073333 0.370000
847 19.295667 0.501667 0.131333 0.443333
1010 19.378333 0.505000 0.050000 0.370000
938 19.417000 0.501667 0.042000 0.310000
619 19.479667 0.491667 0.102000 0.503333
433 19.585333 0.503333 0.124000 0.266667
307 19.671333 0.493333 0.064000 0.360000
443 19.726333 0.503333 0.060667 0.346667
477 19.788667 0.495000 0.082667 0.423333
819 19.886667 0.500000 0.128000 0.366667
958 19.966000 0.488333 0.045333 0.370000
962 19.999333 0.498333 0.034667 0.276667
300 20.048667 0.510000 0.080000 0.253333
782 20.127333 0.505000 0.096000 0.443333
117 20.224333 0.510000 0.116667 0.346667
352 20.334333 0.493333 0.122000 0.340000
368 20.454333 0.508333 0.135333 0.370000
832 20.575667 0.503333 0.126000 0.513333
37 20.684667 0.493333 0.108000 0.353333
407 20.776000 0.491667 0.088000 0.330000
708 20.865333 0.500000 0.108000 0.500000
360 20.982000 0.491667 0.141333 0.390000
15 21.091333 0.500000 0.097333 0.326667
641 21.174333 0.501667 0.083333 0.376667
38 21.260000 0.495000 0.106667 0.410000
238 21.370333 0.498333 0.132667 0.516667
1013 21.449000 0.488333 0.043333 0.323333
233 21.509667 0.503333 0.098000 0.406667
20 21.609667 0.490000 0.116667 0.380000
710 21.749000 0.490000 0.182000 0.546667
386 21.888000 0.506667 0.110667 0.300000
208 21.974000 0.505000 0.080000 0.383333
43 22.058000 0.498333 0.106667 0.423333
481 22.138667 0.496667 0.069333 0.366667
6 22.213333 0.498333 0.096000 0.370000
512 22.313000 0.506667 0.120667 0.400000
40 22.411333 0.495000 0.093333 0.323333
576 22.491667 0.491667 0.087333 0.343333
794 22.558000 0.505000 0.064000 0.390000
777 22.631667 0.496667 0.102000 0.426667
748 22.727333 0.493333 0.106667 0.366667
487 22.806333 0.508333 0.066000 0.376667
74 22.904333 0.508333 0.147333 0.463333
762 23.008333 0.503333 0.075333 0.333333
239 23.086667 0.498333 0.098667 0.603333
709 23.177333 0.501667 0.097333 0.403333
57 23.244667 0.505000 0.050667 0.250000
4 23.304000 0.488333 0.081333 0.330000
450 23.380333 0.505000 0.086000 0.436667
598 23.471667 0.505000 0.111333 0.330000
221 23.561667 0.495000 0.088667 0.376667
936 23.613000 0.493333 0.034000 0.260000
747 23.678333 0.496667 0.111333 0.460000
8 23.778667 0.505000 0.109333 0.423333
899 23.907000 0.490000 0.160667 0.466667
497 24.060000 0.505000 0.162667 0.416667
274 24.180333 0.510000 0.095333 0.453333
69 24.270333 0.495000 0.102000 0.530000
808 24.357000 0.508333 0.090000 0.410000
702 24.504333 0.505000 0.224667 1.123333
58 24.636667 0.500000 0.053333 0.326667
810 24.713333 0.496667 0.113333 0.506667
612 24.854000 0.495000 0.184000 0.470000
410 24.993000 0.505000 0.114000 0.563333
873 25.083667 0.491667 0.086000 0.376667
175 25.174333 0.498333 0.111333 0.390000
645 25.260000 0.490000 0.077333 0.346667
254 25.343667 0.505000 0.110000 0.416667
885 25.431000 0.493333 0.078000 0.373333
505 25.493667 0.490000 0.066000 0.273333
664 25.564000 0.488333 0.090667 0.296667
141 25.644667 0.490000 0.085333 0.366667
719 25.777333 0.493333 0.197333 0.986667
253 25.893667 0.496667 0.055333 0.486667
611 25.958333 0.496667 0.088667 0.326667
801 26.052000 0.508333 0.113333 0.423333
366 26.175333 0.496667 0.153333 0.440000
413 26.302000 0.508333 0.118667 0.490000
994 26.370000 0.508333 0.032000 0.250000
411 26.453667 0.495000 0.155333 0.776667
843 26.585667 0.488333 0.126000 0.523333
73 26.721000 0.500000 0.160667 0.500000
877 26.827667 0.501667 0.072667 0.363333
474 26.891667 0.490000 0.068667 0.406667
473 26.956667 0.491667 0.076000 0.396667
222 27.044333 0.493333 0.115333 0.480000
697 27.131000 0.495000 0.075333 0.376667
133 27.219333 0.506667 0.117333 0.440000
949 27.288667 0.491667 0.036000 0.296667
444 27.338000 0.505000 0.076000 0.456667
287 27.421667 0.495000 0.111333 0.410000
192 27.514667 0.510000 0.094667 0.380000
401 27.602000 0.501667 0.093333 0.496667
596 27.708333 0.500000 0.139333 0.413333
931 27.788667 0.496667 0.034667 0.286667
355 27.861000 0.500000 0.126000 0.333333
857 27.997333 0.506667 0.162667 0.346667
954 28.088667 0.496667 0.040000 0.293333
378 28.153333 0.506667 0.105333 0.313333
662 28.260333 0.491667 0.122000 0.396667
230 28.410667 0.493333 0.193333 0.966667
730 28.574333 0.508333 0.150000 0.550000
739 28.674333 0.491667 0.063333 0.516667
284 28.756667 0.508333 0.121333 0.443333
376 28.866667 0.503333 0.118667 0.346667
269 29.030333 0.495000 0.224667 1.123333
299 29.186000 0.495000 0.100000 0.390000
684 29.275000 0.510000 0.096667 0.333333
373 29.381000 0.493333 0.130000 0.380000
217 29.486333 0.508333 0.100667 0.416667
722 29.603667 0.506667 0.150000 0.446667
29 29.729667 0.505000 0.119333 0.350000
466 29.808333 0.508333 0.056667 0.303333
960 29.850667 0.496667 0.041333 0.320000
957 29.878000 0.500000 0.030667 0.253333
656 29.961667 0.503333 0.150000 0.353333
686 30.068333 0.503333 0.076667 0.380000
797 30.143667 0.498333 0.087333 0.323333
30 30.249000 0.508333 0.138000 0.403333
119 30.349333 0.488333 0.078667 0.463333
225 30.431333 0.491667 0.104000 0.443333
227 30.518667 0.491667 0.084000 0.376667
388 30.628333 0.488333 0.155333 0.463333
2 30.739667 0.493333 0.084667 0.433333
492 30.819333 0.490000 0.088000 0.433333
749 30.904333 0.491667 0.100667 0.410000
827 30.987667 0.510000 0.083333 0.406667
423 31.083000 0.508333 0.126000 0.410000
429 31.179333 0.500000 0.086667 0.300000
174 31.278667 0.506667 0.125333 0.480000
750 31.389000 0.491667 0.110000 0.410000
329 31.509000 0.491667 0.150000 0.556667
442 31.605000 0.506667 0.058000 0.340000
148 31.692667 0.505000 0.130667 0.376667
704 31.817333 0.500000 0.134667 0.460000
537 32.026667 0.496667 0.298667 0.520000
163 32.236333 0.506667 0.139333 0.506667
167 32.357667 0.488333 0.119333 0.450000
552 32.441667 0.495000 0.064667 0.416667
480 32.492667 0.510000 0.053333 0.313333
738 32.556333 0.505000 0.091333 0.443333
92 32.692333 0.498333 0.195333 0.976667
581 32.829000 0.493333 0.096667 0.426667
555 32.889667 0.510000 0.038000 0.380000
616 32.987333 0.498333 0.172000 0.463333
323 33.153000 0.495000 0.179333 0.356667
377 33.340667 0.496667 0.210667 1.053333
649 33.481000 0.508333 0.086000 0.483333
22 33.590667 0.498333 0.148000 0.496667
687 33.702333 0.490000 0.094000 0.453333
5 33.774000 0.506667 0.066667 0.286667
969 33.826667 0.503333 0.052000 0.373333
243 33.936000 0.510000 0.182667 0.913333
183 34.072667 0.490000 0.109333 0.500000
32 34.183667 0.500000 0.126000 0.453333
1001 34.260667 0.495000 0.041333 0.303333
415 34.338667 0.500000 0.132000 0.460000
878 34.435667 0.503333 0.075333 0.386667
650 34.541333 0.495000 0.149333 0.490000
365 34.668000 0.500000 0.121333 0.373333
760 34.792000 0.490000 0.141333 0.406667
437 34.903333 0.495000 0.096000 0.450000
888 34.999333 0.495000 0.113333 0.343333
691 35.096000 0.496667 0.098667 0.486667
65 35.190333 0.498333 0.107333 0.276667
107 35.339333 0.493333 0.210667 0.453333
680 35.479000 0.491667 0.088667 0.323333
776 35.591333 0.500000 0.150667 0.346667
924 35.677667 0.501667 0.042000 0.336667
666 35.738333 0.500000 0.098000 0.360000
278 35.833000 0.510000 0.108667 0.333333
524 35.936000 0.501667 0.112000 0.356667
807 36.068667 0.496667 0.173333 0.866667
535 36.230667 0.488333 0.168000 0.376667
907 36.359667 0.490000 0.103333 0.346667
755 36.460333 0.503333 0.115333 0.333333
850 36.559333 0.495000 0.098667 0.423333
311 36.638667 0.503333 0.078667 0.340000
981 36.687333 0.496667 0.032000 0.246667
396 36.762667 0.490000 0.136000 0.373333
202 36.932000 0.510000 0.220000 1.100000
901 37.092333 0.491667 0.115333 0.303333
344 37.206667 0.510000 0.129333 0.366667
406 37.321000 0.506667 0.119333 0.466667
875 37.473667 0.495000 0.206000 1.030000
140 37.657333 0.500000 0.178667 0.893333
506 37.755000 0.488333 0.034000 0.383333
940 37.783000 0.488333 0.038000 0.296667
549 37.843000 0.503333 0.098000 0.326667
333 37.979333 0.496667 0.188000 0.940000
345 38.128333 0.503333 0.128667 0.366667
118 38.228000 0.490000 0.085333 0.313333
1007 38.280000 0.495000 0.033333 0.256667
259 38.400333 0.508333 0.227333 1.136667
788 38.598667 0.505000 0.186667 0.516667
61 38.736333 0.506667 0.103333 0.526667
235 38.835667 0.490000 0.114000 0.486667
701 38.996667 0.503333 0.225333 1.126667
50 39.163667 0.490000 0.124667 0.386667
455 39.256000 0.500000 0.080000 0.406667
340 39.350000 0.500000 0.128000 0.393333
9 39.449667 0.496667 0.084667 0.380000
654 39.569000 0.508333 0.170000 0.850000
970 39.663667 0.493333 0.038000 0.280000
929 39.692333 0.496667 0.035333 0.273333
138 39.738333 0.488333 0.074000 0.416667
81 39.819667 0.501667 0.106000 0.416667
459 39.892000 0.493333 0.058667 0.306667
339 39.950000 0.490000 0.074667 0.393333
115 40.006667 0.498333 0.053333 0.296667
204 40.081000 0.510000 0.111333 0.480000
600 40.193000 0.501667 0.127333 0.383333
734 40.317333 0.501667 0.138667 0.376667
294 40.489000 0.505000 0.219333 1.096667
1012 40.612333 0.505000 0.047333 0.343333
920 40.671000 0.490000 0.083333 0.300000
302 40.741000 0.491667 0.070000 0.396667
975 40.786000 0.490000 0.036000 0.300000
436 40.858333 0.490000 0.127333 0.326667
266 41.009667 0.488333 0.192667 0.590000
100 41.196667 0.503333 0.197333 0.426667
89 41.400333 0.495000 0.227333 1.136667
510 41.564000 0.488333 0.117333 0.363333
190 41.665667 0.500000 0.099333 0.446667
891 41.742000 0.508333 0.070667 0.310000
592 41.852667 0.491667 0.165333 0.496667
516 41.992000 0.491667 0.129333 0.436667
98 42.148667 0.503333 0.201333 0.426667
191 42.297333 0.498333 0.116000 0.483333
964 42.366667 0.501667 0.042667 0.343333
439 42.429000 0.500000 0.102000 0.406667
405 42.520333 0.501667 0.095333 0.370000
151 42.602667 0.490000 0.082667 0.420000
488 42.669000 0.500000 0.068667 0.333333
915 42.738000 0.495000 0.085333 0.690000
321 42.826333 0.500000 0.107333 0.426667
1000 42.894667 0.510000 0.042667 0.346667
771 42.955667 0.506667 0.094000 0.493333
250 43.082667 0.493333 0.180000 0.900000
426 43.191000 0.506667 0.052667 0.353333
652 43.296667 0.493333 0.173333 0.866667
457 43.405000 0.493333 0.063333 0.333333
869 43.461000 0.506667 0.062000 0.406667
792 43.544333 0.505000 0.124667 0.510000
36 43.654000 0.510000 0.109333 0.353333
468 43.731333 0.501667 0.060000 0.350000
673 43.807000 0.495000 0.110000 0.356667
698 43.884667 0.488333 0.064000 0.336667
764 43.952667 0.506667 0.089333 0.446667
856 44.072000 0.500000 0.162667 0.400000
215 44.196667 0.495000 0.101333 0.410000
887 44.308667 0.495000 0.142667 0.456667
334 44.440667 0.498333 0.138667 0.490000
679 44.546667 0.506667 0.088000 0.540000
364 44.672000 0.506667 0.178667 0.453333
630 44.864000 0.496667 0.218667 1.093333
103 45.064667 0.508333 0.198667 0.423333
187 45.212000 0.501667 0.112000 0.563333
671 45.314667 0.505000 0.110667 0.383333
449 45.393333 0.495000 0.061333 0.316667
331 45.550333 0.501667 0.272667 0.643333
120 45.753333 0.495000 0.153333 0.363333
330 45.870333 0.508333 0.095333 0.363333
247 45.963000 0.506667 0.106000 0.433333
85 46.060000 0.495000 0.108000 0.430000
325 46.220000 0.496667 0.230667 1.153333
152 46.369000 0.506667 0.082000 0.406667
319 46.447333 0.496667 0.094667 0.353333
341 46.526333 0.508333 0.083333 0.370000
356 46.635667 0.490000 0.151333 0.460000
394 46.782333 0.501667 0.160667 0.803333
796 46.922333 0.496667 0.134000 0.473333
252 47.048667 0.505000 0.136000 0.530000
718 47.176000 0.500000 0.136000 0.380000
789 47.277000 0.501667 0.082000 0.503333
1023 47.332333 0.505000 0.042000 0.330000
584 47.400667 0.491667 0.112000 0.330000
453 47.491333 0.498333 0.082667 0.430000
161 47.584667 0.500000 0.121333 0.460000
660 47.680333 0.505000 0.086000 0.310000
240 47.758333 0.496667 0.083333 0.400000
653 47.856333 0.493333 0.126000 0.413333
176 47.960333 0.510000 0.096667 0.346667
434 48.069000 0.501667 0.135333 0.463333
927 48.149667 0.500000 0.046000 0.366667
560 48.254000 0.501667 0.178667 0.543333
1009 48.353667 0.500000 0.036667 0.273333
921 48.400000 0.510000 0.070667 0.413333
290 48.493333 0.498333 0.130667 0.350000
398 48.583000 0.490000 0.067333 0.366667
589 48.660667 0.510000 0.106667 0.486667
568 48.750000 0.508333 0.088000 0.443333
642 48.837000 0.501667 0.100667 0.403333
171 48.941000 0.506667 0.124667 0.460000
108 49.084000 0.493333 0.177333 0.886667
995 49.183667 0.498333 0.040667 0.330000
367 49.268000 0.491667 0.142667 0.416667
224 49.374000 0.493333 0.088000 0.360000
72 49.451333 0.488333 0.085333 0.410000
508 49.524000 0.488333 0.073333 0.376667
784 49.586333 0.506667 0.066000 0.560000
359 49.685667 0.488333 0.151333 0.416667
260 49.836333 0.510000 0.166000 0.446667
806 49.996667 0.503333 0.169333 0.846667
916 50.158333 0.493333 0.168667 0.393333
622 50.322333 0.508333 0.178000 0.890000
44 50.460333 0.495000 0.111333 0.436667
142 50.549000 0.498333 0.084667 0.450000
327 50.658000 0.500000 0.152000 0.426667
838 50.783667 0.496667 0.112667 0.486667
781 50.869667 0.503333 0.072667 0.373333
276 50.926000 0.503333 0.058667 0.366667
677 50.994000 0.490000 0.093333 0.326667
928 51.052000 0.490000 0.041333 0.313333
803 51.135333 0.506667 0.138667 0.400000
178 51.243333 0.488333 0.090667 0.350000
472 51.323000 0.510000 0.082000 0.413333
297 51.393333 0.500000 0.074667 0.406667
166 51.488000 0.506667 0.134667 0.500000
313 51.598333 0.501667 0.103333 0.370000
967 51.668000 0.493333 0.049333 0.360000
430 51.734333 0.506667 0.099333 0.426667
12 51.825333 0.500000 0.098667 0.340000
418 51.913000 0.510000 0.094000 0.460000
562 52.022000 0.495000 0.137333 0.283333
631 52.175667 0.495000 0.183333 0.603333
111 52.304667 0.491667 0.089333 0.410000
263 52.454000 0.493333 0.229333 1.146667
456 52.592000 0.496667 0.061333 0.373333
525 52.674667 0.491667 0.120000 0.396667
862 52.768667 0.506667 0.085333 0.420000
580 52.883000 0.505000 0.162000 0.396667
24 53.022000 0.510000 0.136000 0.460000
370 53.161333 0.496667 0.162667 0.813333
104 53.335000 0.500000 0.198000 0.420000
157 53.512667 0.500000 0.177333 0.886667
441 53.626667 0.501667 0.070667 0.363333
324 53.731000 0.510000 0.151333 0.740000
158 53.883333 0.503333 0.169333 0.846667
389 54.025333 0.508333 0.133333 0.396667
496 54.135333 0.500000 0.101333 0.413333
491 54.239667 0.510000 0.122000 0.600000
47 54.349333 0.510000 0.114667 0.560000
835 54.455667 0.491667 0.118000 0.463333
228 54.554000 0.506667 0.098667 0.453333
144 54.641000 0.500000 0.095333 0.400000
67 54.781333 0.503333 0.201333 1.006667
955 54.896333 0.506667 0.046000 0.353333
288 54.967000 0.503333 0.111333 0.413333
717 55.113000 0.501667 0.199333 0.583333
432 55.264000 0.498333 0.120000 0.236667
471 55.351333 0.496667 0.072000 0.380000
779 55.393667 0.500000 0.032667 0.320000
1017 55.419000 0.508333 0.032667 0.270000
1015 55.452000 0.498333 0.048000 0.370000
608 55.525333 0.498333 0.114667 0.403333
305 55.599667 0.505000 0.054000 0.310000
737 55.638333 0.496667 0.040667 0.306667
742 55.714333 0.505000 0.130000 0.530000
852 55.818667 0.508333 0.092000 0.416667
498 55.887000 0.505000 0.059333 0.356667
659 55.951333 0.503333 0.084000 0.340000
988 56.009333 0.495000 0.045333 0.336667
904 56.064667 0.491667 0.078667 0.370000
70 56.177667 0.495000 0.166000 0.830000
136 56.300000 0.488333 0.098667 0.403333
621 56.368667 0.500000 0.056000 0.586667
977 56.407667 0.508333 0.035333 0.270000
889 56.503000 0.510000 0.171333 0.533333
815 56.642000 0.503333 0.120000 0.420000
397 56.741000 0.488333 0.096667 0.416667
293 56.829667 0.510000 0.095333 0.366667
188 56.908667 0.505000 0.081333 0.410000
519 57.007000 0.490000 0.134000 0.460000
550 57.101667 0.503333 0.068667 0.346667
64 57.165000 0.506667 0.076667 0.380000
195 57.249333 0.500000 0.110667 0.560000
831 57.338667 0.503333 0.085333 0.413333
809 57.438000 0.500000 0.130667 0.686667
385 57.565000 0.508333 0.136667 0.383333
530 57.671000 0.488333 0.090000 0.416667
699 57.788667 0.488333 0.162667 0.450000
328 57.958667 0.496667 0.190667 0.453333
908 58.086667 0.491667 0.082667 0.310000
989 58.141667 0.496667 0.042000 0.346667
984 58.178333 0.510000 0.046000 0.333333
658 58.223000 0.496667 0.059333 0.326667
912 58.293333 0.508333 0.097333 0.423333
122 58.389667 0.495000 0.110000 0.376667
514 58.496000 0.510000 0.117333 0.393333
336 58.598667 0.501667 0.108000 0.516667
897 58.720667 0.495000 0.154667 0.456667
609 58.822667 0.500000 0.065333 0.266667
82 58.887667 0.496667 0.080667 0.613333
585 58.991667 0.495000 0.140667 0.423333
282 59.113667 0.506667 0.122000 0.440000
507 59.201667 0.510000 0.074000 0.380000
68 59.283333 0.501667 0.106667 0.303333
289 59.412000 0.510000 0.170667 0.853333
700 59.542000 0.496667 0.108000 0.426667
31 59.657000 0.505000 0.142000 0.416667
854 59.796000 0.491667 0.154667 0.476667
726 59.902667 0.506667 0.074667 0.393333
863 59.989000 0.493333 0.112667 0.540000
637 60.063333 0.506667 0.054667 0.280000
503 60.166000 0.500000 0.165333 0.420000
209 60.343333 0.500000 0.205333 1.026667
842 60.487000 0.493333 0.100667 0.500000
965 60.551333 0.495000 0.041333 0.316667
380 60.639333 0.491667 0.148000 0.430000
1016 60.723333 0.503333 0.033333 0.273333
369 60.846000 0.503333 0.229333 1.146667
880 61.001333 0.505000 0.101333 0.363333
431 61.105000 0.495000 0.123333 0.403333
941 61.179333 0.488333 0.038667 0.276667
536 61.261333 0.501667 0.138667 0.516667
130 61.396667 0.495000 0.148000 0.303333
518 61.513333 0.491667 0.098667 0.316667
34 61.612667 0.508333 0.114667 0.436667
1002 61.683667 0.506667 0.043333 0.340000
486 61.732667 0.508333 0.073333 0.376667
96 61.872333 0.491667 0.222000 0.483333
558 62.019333 0.488333 0.090667 0.436667
978 62.073333 0.501667 0.033333 0.256667
529 62.122333 0.488333 0.084667 0.376667
711 62.241333 0.510000 0.172000 0.860000
587 62.433667 0.488333 0.228667 1.143333
10 62.594333 0.490000 0.112667 0.373333
775 62.681000 0.491667 0.076667 0.370000
793 62.763000 0.493333 0.100667 0.406667
156 62.875000 0.503333 0.143333 0.393333
0 62.960333 0.510000 0.047333 0.386667
232 63.015000 0.506667 0.080667 0.393333
774 63.087667 0.488333 0.078000 0.403333
858 63.169333 0.503333 0.102667 0.366667
94 63.293667 0.498333 0.160667 0.350000
657 63.407667 0.491667 0.080667 0.336667
379 63.495000 0.493333 0.107333 0.313333
836 63.590667 0.488333 0.101333 0.470000
713 63.714333 0.501667 0.160667 0.803333
1008 63.808000 0.506667 0.040000 0.306667
886 63.871667 0.503333 0.100667 0.340000
559 63.959667 0.490000 0.091333 0.453333
939 64.018333 0.488333 0.040667 0.316667
483 64.065000 0.491667 0.070000 0.376667
56 64.123000 0.510000 0.060667 0.086667
123 64.193333 0.488333 0.097333 0.576667
963 64.252667 0.503333 0.040000 0.286667
943 64.279667 0.488333 0.028667 0.243333
934 64.308667 0.510000 0.045333 0.346667
264 64.408667 0.490000 0.174667 0.873333
942 64.506333 0.491667 0.039333 0.290000
613 64.585000 0.488333 0.131333 0.350000
52 64.692333 0.510000 0.096667 0.346667
620 64.798333 0.495000 0.134000 0.576667
84 64.913000 0.495000 0.112667 0.316667
1011 64.979000 0.493333 0.036667 0.266667
28 65.034333 0.488333 0.090000 0.316667
170 65.135000 0.493333 0.131333 0.460000
790 65.230667 0.501667 0.074667 0.450000
534 65.297667 0.505000 0.079333 0.323333
1003 65.354000 0.488333 0.046667 0.336667
244 65.437333 0.500000 0.140000 0.373333
615 65.564000 0.503333 0.133333 0.606667
911 65.682333 0.503333 0.118000 0.460000
262 65.841333 0.503333 0.213333 1.066667
216 65.990333 0.501667 0.102000 0.423333
632 66.123000 0.505000 0.179333 0.590000
716 66.289333 0.493333 0.168000 0.840000
381 66.427667 0.491667 0.127333 0.363333
919 66.527000 0.510000 0.087333 0.400000
672 66.619000 0.491667 0.111333 0.403333
416 66.706667 0.505000 0.084000 0.410000
853 66.782000 0.505000 0.080000 0.370000
935 66.830667 0.500000 0.036000 0.273333
834 66.901000 0.495000 0.118000 0.543333
791 66.984000 0.488333 0.062667 0.370000
729 67.020667 0.510000 0.026667 0.406667
75 67.087333 0.501667 0.122667 0.376667
261 67.235667 0.495000 0.188667 0.943333
504 67.390667 0.501667 0.140000 0.410000
895 67.542667 0.506667 0.181333 0.906667
154 67.662000 0.495000 0.072000 0.323333
231 67.749333 0.498333 0.121333 0.616667
452 67.826333 0.503333 0.051333 0.300000
303 67.879333 0.503333 0.068000 0.386667
97 68.006667 0.500000 0.202667 1.013333
35 68.152667 0.493333 0.106667 0.353333
490 68.224667 0.491667 0.054667 0.316667
258 68.290333 0.496667 0.090000 0.320000
338 68.385667 0.501667 0.116667 0.596667
527 68.502000 0.496667 0.130667 0.413333
667 68.620667 0.510000 0.121333 0.453333
281 68.726333 0.503333 0.103333 0.373333
13 68.831000 0.498333 0.124667 0.403333
703 68.954667 0.490000 0.136000 0.440000
19 69.066000 0.506667 0.100000 0.340000
86 69.158667 0.508333 0.101333 0.436667
752 69.234333 0.500000 0.068667 0.186667
337 69.349667 0.501667 0.176667 0.883333
424 69.484667 0.510000 0.112000 0.353333
668 69.580333 0.508333 0.094000 0.310000
959 69.638000 0.508333 0.041333 0.303333
683 69.725000 0.495000 0.150000 0.450000
470 69.821667 0.488333 0.056667 0.316667
229 69.931000 0.508333 0.178000 0.890000
11 70.067333 0.488333 0.108000 0.343333
603 70.193333 0.490000 0.161333 0.806667
983 70.282333 0.488333 0.036667 0.270000
33 70.342000 0.493333 0.098667 0.333333
315 70.427667 0.490000 0.090000 0.306667
521 70.546333 0.491667 0.166000 0.436667
785 70.658333 0.501667 0.071333 0.310000
145 70.733667 0.503333 0.098000 0.433333
126 70.887000 0.495000 0.223333 1.116667
754 71.055667 0.488333 0.132667 0.643333
168 71.204333 0.488333 0.179333 0.896667
59 71.390333 0.493333 0.206000 0.533333
780 71.539000 0.498333 0.108667 0.323333
561 71.687667 0.500000 0.206000 0.433333
257 71.851333 0.508333 0.134667 0.403333
825 71.967333 0.510000 0.112000 0.480000
639 72.047000 0.493333 0.067333 0.333333
223 72.135667 0.491667 0.128667 0.536667
861 72.209000 0.506667 0.038000 0.300000
614 72.319667 0.508333 0.203333 1.016667
606 72.474000 0.501667 0.121333 0.370000
881 72.597000 0.491667 0.142000 0.476667
320 72.717333 0.503333 0.114667 0.380000
80 72.816333 0.510000 0.100667 0.506667
947 72.877000 0.495000 0.039333 0.310000
720 72.992333 0.491667 0.204667 0.550000
296 73.142667 0.510000 0.110667 0.413333
41 73.259667 0.493333 0.142000 0.393333
177 73.375333 0.503333 0.109333 0.400000
628 73.509667 0.490000 0.179333 0.606667
998 73.611333 0.503333 0.037333 0.320000
322 73.664667 0.503333 0.085333 0.113333
400 73.731000 0.491667 0.062000 0.550000
153 73.796333 0.488333 0.088667 0.403333
251 73.858667 0.491667 0.049333 0.283333
309 73.903667 0.491667 0.055333 0.310000
973 73.944000 0.508333 0.040000 0.330000
950 73.973667 0.488333 0.039333 0.316667
902 74.044000 0.501667 0.117333 0.316667
169 74.163000 0.495000 0.135333 0.496667
361 74.299000 0.493333 0.154000 0.433333
647 74.408333 0.496667 0.080667 0.413333
304 74.476000 0.488333 0.073333 0.416667
837 74.564000 0.508333 0.116000 0.483333
829 74.668333 0.505000 0.110000 0.490000
769 74.781333 0.500000 0.130667 0.373333
292 74.898667 0.488333 0.122667 0.463333
728 74.985667 0.491667 0.067333 0.576667
605 75.093000 0.495000 0.162000 0.423333
705 75.256000 0.500000 0.182667 0.913333
363 75.416667 0.506667 0.157333 0.453333
277 75.524667 0.500000 0.077333 0.360000
993 75.571333 0.506667 0.034667 0.286667
128 75.673000 0.495000 0.184667 0.576667
599 75.807000 0.506667 0.100667 0.306667
557 75.886333 0.490000 0.071333 0.506667
461 75.950333 0.495000 0.074000 0.376667
744 76.038000 0.510000 0.120000 0.500000
675 76.149333 0.495000 0.116000 0.383333
295 76.256333 0.495000 0.111333 0.470000
23 76.368667 0.508333 0.132000 0.376667
279 76.474000 0.500000 0.098667 0.553333
543 76.615333 0.496667 0.200000 1.000000
636 76.768333 0.495000 0.120667 0.283333
812 76.885667 0.510000 0.132667 0.360000
758 77.024667 0.500000 0.158667 0.453333
522 77.157333 0.503333 0.120000 0.373333
846 77.258000 0.495000 0.096000 0.423333
670 77.349667 0.488333 0.104667 0.343333
317 77.439667 0.495000 0.095333 0.376667
569 77.532333 0.505000 0.108667 0.463333
884 77.635667 0.488333 0.112667 0.416667
678 77.745333 0.506667 0.122667 0.406667
66 77.855667 0.496667 0.118000 0.546667
840 77.965000 0.500000 0.114000 0.473333
544 78.063000 0.491667 0.099333 0.396667
383 78.170000 0.503333 0.132000 0.360000
818 78.294667 0.490000 0.130667 0.446667
234 78.396667 0.501667 0.092000 0.383333
395 78.501333 0.498333 0.133333 0.370000
180 78.625000 0.508333 0.128667 0.456667
567 78.731333 0.508333 0.098667 0.410000
402 78.857667 0.490000 0.167333 0.520000
822 78.984667 0.490000 0.102667 0.373333
763 79.052667 0.500000 0.050667 0.373333
196 79.112667 0.491667 0.089333 0.376667
454 79.178333 0.501667 0.059333 0.310000
991 79.216667 0.488333 0.037333 0.283333
715 79.328333 0.498333 0.206000 0.510000
494 79.467667 0.496667 0.090000 0.446667
570 79.558333 0.496667 0.104667 0.433333
310 79.638333 0.493333 0.074000 0.413333
55 79.733000 0.500000 0.132667 0.333333
866 79.884000 0.505000 0.184000 0.483333
714 80.070000 0.496667 0.204000 1.020000
179 80.226667 0.493333 0.122667 0.466667
778 80.323333 0.500000 0.085333 0.586667
131 80.466000 0.496667 0.218667 1.093333
399 80.627667 0.495000 0.124667 0.416667
409 80.779333 0.490000 0.194667 0.973333
733 80.906000 0.510000 0.076000 0.453333
1014 80.959333 0.498333 0.044000 0.330000
509 81.035333 0.500000 0.126667 0.400000
358 81.176000 0.490000 0.169333 0.846667
816 81.323333 0.490000 0.144000 0.453333
999 81.401667 0.505000 0.032667 0.276667
833 81.461333 0.510000 0.104000 0.466667
692 81.553333 0.501667 0.100000 0.490000
135 81.655000 0.493333 0.123333 0.373333
242 81.770667 0.503333 0.128000 0.500000
1004 81.844667 0.505000 0.040000 0.316667
39 81.903333 0.498333 0.094667 0.303333
625 82.031667 0.488333 0.180667 0.610000
601 82.171333 0.493333 0.113333 0.333333
146 82.269333 0.501667 0.102667 0.483333
946 82.332000 0.493333 0.041333 0.313333
87 82.433667 0.500000 0.179333 0.386667
218 82.558667 0.488333 0.085333 0.430000
205 82.650000 0.493333 0.116000 0.553333
114 82.740000 0.493333 0.078667 0.393333
944 82.796000 0.493333 0.048000 0.353333
476 82.842333 0.491667 0.060667 0.356667
723 82.911000 0.495000 0.092667 0.316667
460 82.977000 0.488333 0.056667 0.310000
990 83.020333 0.501667 0.050000 0.370000
870 83.064000 0.498333 0.057333 0.283333
479 83.117333 0.501667 0.068000 0.350000
724 83.183333 0.495000 0.084000 0.443333
674 83.265333 0.488333 0.098667 0.336667
923 83.332667 0.488333 0.050667 0.370000
830 83.393667 0.493333 0.087333 0.360000
499 83.464000 0.508333 0.069333 0.416667
688 83.530333 0.498333 0.078000 0.383333
799 83.620000 0.490000 0.121333 0.453333
820 83.713000 0.498333 0.083333 0.350000
845 83.787000 0.496667 0.083333 0.413333
417 83.870000 0.495000 0.101333 0.496667
21 83.960667 0.501667 0.093333 0.336667
280 84.054000 0.508333 0.106667 0.396667
463 84.126333 0.505000 0.058000 0.350000
655 84.199333 0.506667 0.105333 0.433333
547 84.281333 0.508333 0.076000 0.436667
236 84.369000 0.508333 0.115333 0.583333
952 84.440667 0.488333 0.045333 0.330000
316 84.514333 0.508333 0.118000 0.410000
890 84.626333 0.500000 0.126000 0.500000
149 84.777333 0.506667 0.196000 0.980000
427 84.958333 0.498333 0.184667 0.923333
500 85.078333 0.503333 0.070000 0.313333
767 85.164333 0.501667 0.115333 0.336667
900 85.277667 0.503333 0.127333 0.340000
1019 85.353333 0.500000 0.041333 0.313333
926 85.386667 0.498333 0.041333 0.296667
464 85.439333 0.506667 0.078667 0.406667
629 85.585333 0.503333 0.226667 1.133333
554 85.795667 0.498333 0.210000 1.050000
979 85.913333 0.510000 0.041333 0.306667
493 85.957667 0.505000 0.063333 0.336667
246 86.049000 0.505000 0.135333 0.476667
1022 86.129000 0.495000 0.038000 0.276667
137 86.165000 0.503333 0.051333 0.260000
826 86.229333 0.506667 0.093333 0.386667
765 86.304667 0.498333 0.073333 0.336667
447 86.368667 0.495000 0.073333 0.390000
237 86.436333 0.495000 0.078000 0.543333
3 86.514000 0.508333 0.094667 0.430000
690 86.588000 0.501667 0.072000 0.350000
357 86.694333 0.503333 0.160667 0.440000
626 86.879000 0.488333 0.223333 1.116667
272 87.081000 0.501667 0.194000 0.970000
511 87.217000 0.508333 0.094000 0.310000
644 87.301000 0.510000 0.087333 0.440000
533 87.389667 0.495000 0.110000 0.376667
350 87.510333 0.500000 0.146000 0.420000
706 87.609333 0.503333 0.072000 0.360000
786 87.669000 0.493333 0.062000 0.386667
597 87.744333 0.495000 0.106000 0.316667
393 87.844333 0.491667 0.108667 0.296667
62 87.939667 0.505000 0.095333 0.436667
623 88.075667 0.501667 0.196667 0.983333
768 88.204000 0.493333 0.078667 0.166667
732 88.267000 0.488333 0.066000 0.316667
591 88.379667 0.488333 0.174000 0.510000
203 88.502333 0.498333 0.086000 0.430000
342 88.574000 0.510000 0.070667 0.333333
1018 88.616333 0.491667 0.032667 0.250000
575 88.678667 0.498333 0.106667 0.350000
245 88.754000 0.491667 0.057333 0.323333
1006 88.794667 0.505000 0.038667 0.303333
150 88.865000 0.508333 0.118000 0.463333
868 88.957333 0.501667 0.085333 0.483333
651 89.058333 0.490000 0.130000 0.420000
602 89.174667 0.490000 0.121333 0.373333
844 89.288667 0.500000 0.122667 0.560000
736 89.368667 0.510000 0.052000 0.346667
922 89.412000 0.491667 0.053333 0.390000
286 89.490000 0.503333 0.116000 0.420000
566 89.606000 0.491667 0.134667 0.543333
787 89.696667 0.500000 0.065333 0.393333
181 89.793000 0.490000 0.140667 0.473333
798 89.911000 0.506667 0.114000 0.453333
753 90.061667 0.505000 0.202000 1.010000
343 90.219333 0.501667 0.129333 0.350000
517 90.324000 0.510000 0.096000 0.326667
746 90.426000 0.503333 0.126667 0.433333
542 90.554000 0.508333 0.144000 0.510000
607 90.686000 0.496667 0.134667 0.406667
1005 90.768333 0.495000 0.044667 0.330000
563 90.853000 0.510000 0.143333 0.320000
125 90.978333 0.506667 0.126000 0.533333
256 91.086000 0.506667 0.108000 0.393333
88 91.211000 0.501667 0.162000 0.810000
665 91.334667 0.505000 0.104000 0.350000
933 91.393333 0.500000 0.032000 0.266667
972 91.423000 0.496667 0.047333 0.346667
248 91.488667 0.510000 0.100000 0.526667
968 91.548333 0.495000 0.038000 0.290000
577 91.603333 0.491667 0.090667 0.350000
306 91.679333 0.498333 0.076000 0.430000
501 91.752667 0.490000 0.084000 0.373333
60 91.825000 0.500000 0.080667 0.340000
26 91.929000 0.501667 0.142000 0.476667
643 92.043000 0.488333 0.106000 0.383333
865 92.146000 0.506667 0.117333 0.440000
992 92.213333 0.506667 0.036000 0.280000
189 92.269000 0.496667 0.092667 0.466667
676 92.361333 0.508333 0.112000 0.363333
102 92.526000 0.491667 0.230667 0.496667
95 92.733667 0.501667 0.198000 0.990000
859 92.890667 0.498333 0.136000 0.423333
617 93.000333 0.501667 0.098000 0.403333
579 93.118667 0.490000 0.153333 0.380000
976 93.205000 0.498333 0.038000 0.303333
707 93.261667 0.508333 0.088667 0.410000
185 93.356000 0.488333 0.118667 0.476667
721 93.498000 0.498333 0.180000 0.463333
551 93.657333 0.498333 0.153333 0.510000
681 93.748667 0.491667 0.042667 0.390000
412 93.802000 0.501667 0.082667 0.416667
458 93.864000 0.503333 0.056000 0.293333
802 93.981333 0.495000 0.198667 0.403333
565 94.163667 0.493333 0.182000 0.373333
182 94.302333 0.493333 0.110000 0.373333
249 94.380333 0.491667 0.066000 0.443333
772 94.510333 0.498333 0.208667 1.043333
528 94.658000 0.503333 0.102667 0.340000
553 94.798000 0.496667 0.194667 0.973333
335 94.948333 0.501667 0.119333 0.410000
903 95.064333 0.495000 0.127333 0.350000
586 95.190000 0.510000 0.142667 0.406667
556 95.310667 0.496667 0.118667 0.506667
308 95.396333 0.496667 0.070000 0.393333
669 95.489000 0.500000 0.130000 0.453333
627 95.616000 0.498333 0.137333 0.463333
445 95.706333 0.510000 0.063333 0.326667
469 95.763333 0.490000 0.066667 0.373333
285 95.853333 0.495000 0.130667 0.423333
173 95.965000 0.508333 0.110000 0.503333
372 96.085000 0.496667 0.146000 0.386667
160 96.182000 0.506667 0.064000 0.333333
109 96.315667 0.491667 0.218000 1.090000
275 96.452333 0.495000 0.068667 0.416667
610 96.530333 0.488333 0.103333 0.316667
759 96.639333 0.498333 0.132000 0.403333
893 96.800667 0.493333 0.208000 1.040000
879 96.952667 0.505000 0.113333 0.356667
110 97.066000 0.503333 0.126667 0.440000
199 97.166667 0.501667 0.089333 0.376667
351 97.303333 0.506667 0.198667 0.993333
805 97.458000 0.488333 0.125333 0.390000
821 97.566333 0.493333 0.108667 0.686667
663 97.661667 0.501667 0.100667 0.363333
155 97.759333 0.500000 0.109333 0.546667
484 97.860000 0.510000 0.106667 0.406667
604 97.969333 0.506667 0.132000 0.400000
867 98.085667 0.506667 0.115333 0.366667
731 98.172333 0.493333 0.076667 0.373333
220 98.257667 0.495000 0.107333 0.543333
425 98.340000 0.503333 0.073333 0.446667
848 98.434000 0.501667 0.134667 0.443333
348 98.552000 0.496667 0.118667 0.353333
540 98.680667 0.510000 0.154667 0.773333
502 98.794333 0.506667 0.086000 0.386667
18 98.876000 0.491667 0.096000 0.316667
917 98.932667 0.510000 0.037333 0.280000
159 98.968000 0.501667 0.048000 0.383333
773 99.058000 0.510000 0.152000 0.433333
384 99.180667 0.503333 0.112000 0.333333
212 99.275667 0.505000 0.092667 0.443333
349 99.368333 0.490000 0.110000 0.340000
462 99.443000 0.488333 0.058000 0.336667
757 99.530333 0.496667 0.132667 0.440000
129 99.695667 0.508333 0.215333 1.076667
851 99.851333 0.496667 0.110667 0.446667
817 99.967333 0.501667 0.137333 0.476667
898 100.086333 0.510000 0.115333 0.313333
226 100.188667 0.505000 0.109333 0.550000
438 100.320667 0.496667 0.174667 0.526667
974 100.415667 0.490000 0.034000 0.280000
689 100.474333 0.506667 0.100667 0.493333
77 100.570000 0.490000 0.108000 0.266667
727 100.655667 0.488333 0.076667 0.376667
876 100.769333 0.493333 0.164000 0.820000
573 100.892000 0.491667 0.094667 0.410000
347 101.021333 0.496667 0.184000 0.920000
583 101.128667 0.501667 0.046667 0.303333
661 101.196000 0.490000 0.102667 0.326667
197 101.287000 0.510000 0.095333 0.460000
905 101.390000 0.498333 0.126667 0.416667
956 101.460333 0.508333 0.034000 0.283333
953 101.490000 0.491667 0.040000 0.296667
382 101.577667 0.490000 0.155333 0.426667
987 101.664333 0.500000 0.036667 0.300000
593 101.752000 0.496667 0.154667 0.773333
414 101.889000 0.510000 0.138000 0.653333
184 102.047000 0.498333 0.194000 0.970000
132 102.177667 0.490000 0.087333 0.380000
982 102.233333 0.501667 0.041333 0.330000
813 102.305667 0.495000 0.123333 0.316667
814 102.416000 0.491667 0.112000 0.416667
283 102.511000 0.491667 0.098000 0.336667
124 102.595000 0.491667 0.090000 0.330000
403 102.694333 0.510000 0.124667 0.360000
712 102.844000 0.506667 0.193333 0.493333
90 103.046000 0.510000 0.225333 1.126667
997 103.170333 0.505000 0.040667 0.343333
164 103.241667 0.496667 0.119333 0.426667
495 103.326333 0.505000 0.070000 0.376667
871 103.384333 0.498333 0.062000 0.283333
79 103.496667 0.493333 0.180000 0.900000
200 103.621000 0.488333 0.088667 0.370000
