12 0.052333 0.493333 0.098000 0.340000
827 0.145667 0.488333 0.107333 0.443333
123 0.247667 0.495000 0.115333 0.690000
265 0.379333 0.506667 0.161333 0.806667
716 0.548000 0.500000 0.194667 0.480000
998 0.658667 0.490000 0.046667 0.353333
467 0.713667 0.495000 0.080667 0.396667
626 0.816000 0.495000 0.137333 0.463333
190 0.928667 0.496667 0.105333 0.426667
526 1.048000 0.506667 0.150667 0.406667
942 1.137333 0.493333 0.044000 0.353333
337 1.254667 0.496667 0.206667 1.033333
166 1.396667 0.496667 0.096000 0.360000
132 1.476667 0.490000 0.078667 0.320000
559 1.548667 0.493333 0.078667 0.380000
819 1.632333 0.501667 0.108667 0.363333
98 1.767000 0.500000 0.174000 0.373333
1019 1.865000 0.506667 0.038000 0.300000
801 1.926000 0.506667 0.102667 0.386667
249 1.995667 0.508333 0.056667 0.396667
866 2.081000 0.491667 0.127333 0.350000
47 2.191000 0.500000 0.108667 0.513333
372 2.308000 0.488333 0.141333 0.396667
823 2.415333 0.503333 0.092000 0.466667
709 2.508333 0.498333 0.108667 0.483333
50 2.625667 0.488333 0.143333 0.450000
240 2.723667 0.505000 0.068667 0.350000
863 2.803667 0.510000 0.111333 0.533333
564 2.940667 0.491667 0.181333 0.403333
198 3.112667 0.500000 0.178667 0.893333
411 3.301333 0.506667 0.218667 0.433333
92 3.501667 0.495000 0.195333 0.976667
6 3.646000 0.500000 0.110667 0.426667
849 3.749667 0.491667 0.115333 0.476667
437 3.846667 0.508333 0.092000 0.456667
602 3.935333 0.490000 0.102667 0.306667
37 4.032000 0.491667 0.105333 0.396667
476 4.110000 0.505000 0.066667 0.396667
86 4.182000 0.510000 0.097333 0.413333
245 4.249667 0.498333 0.056667 0.363333
903 4.332000 0.501667 0.121333 0.336667
266 4.478667 0.493333 0.192000 0.613333
247 4.607667 0.500000 0.084667 0.326667
785 4.685333 0.490000 0.085333 0.373333
205 4.771667 0.508333 0.104667 0.436667
523 4.873000 0.496667 0.111333 0.360000
909 4.963667 0.508333 0.088667 0.390000
156 5.069667 0.488333 0.143333 0.403333
961 5.154667 0.505000 0.045333 0.330000
184 5.215333 0.490000 0.094667 0.480000
982 5.277333 0.500000 0.042667 0.320000
323 5.404333 0.510000 0.226000 0.480000
875 5.586667 0.500000 0.156000 0.780000
25 5.708667 0.495000 0.104000 0.363333
272 5.827667 0.488333 0.151333 0.443333
162 5.959000 0.506667 0.126000 0.460000
275 6.049000 0.496667 0.070000 0.406667
686 6.123333 0.506667 0.094667 0.460000
901 6.240667 0.498333 0.154667 0.476667
962 6.330000 0.506667 0.040000 0.306667
887 6.412333 0.495000 0.143333 0.456667
867 6.522667 0.488333 0.096000 0.336667
43 6.619000 0.490000 0.111333 0.433333
355 6.743667 0.505000 0.151333 0.470000
618 6.852000 0.505000 0.084000 0.503333
535 6.975333 0.506667 0.177333 0.380000
10 7.111000 0.498333 0.107333 0.356667
778 7.194000 0.508333 0.073333 0.476667
624 7.315333 0.510000 0.188000 0.940000
675 7.466667 0.490000 0.128000 0.413333
916 7.604667 0.506667 0.165333 0.826667
698 7.710000 0.495000 0.062667 0.330000
623 7.838000 0.496667 0.209333 1.046667
223 7.978333 0.508333 0.087333 0.363333
683 8.104667 0.506667 0.178667 0.893333
760 8.245333 0.501667 0.121333 0.350000
339 8.345000 0.508333 0.091333 0.470000
576 8.427333 0.510000 0.089333 0.353333
890 8.516333 0.495000 0.106000 0.536667
19 8.616000 0.506667 0.112000 0.360000
578 8.718333 0.493333 0.108667 0.426667
305 8.802333 0.493333 0.076667 0.426667
538 8.907667 0.488333 0.154000 0.390000
520 9.022000 0.490000 0.092000 0.293333
579 9.151000 0.491667 0.186000 0.450000
684 9.291333 0.501667 0.114667 0.396667
426 9.368000 0.510000 0.054667 0.353333
967 9.406333 0.506667 0.035333 0.293333
11 9.474000 0.498333 0.117333 0.430000
780 9.599000 0.503333 0.146000 0.420000
970 9.683333 0.491667 0.042667 0.336667
142 9.729000 0.498333 0.067333 0.350000
954 9.771000 0.491667 0.034000 0.270000
895 9.851000 0.493333 0.140667 0.433333
436 9.969000 0.500000 0.114000 0.293333
282 10.071333 0.500000 0.104000 0.380000
609 10.142333 0.495000 0.058000 0.236667
227 10.222000 0.496667 0.118667 0.486667
235 10.324000 0.498333 0.105333 0.430000
575 10.432333 0.498333 0.124667 0.430000
837 10.533000 0.508333 0.096667 0.403333
530 10.631333 0.488333 0.117333 0.536667
734 10.768333 0.488333 0.172667 0.483333
378 10.908333 0.498333 0.127333 0.356667
310 10.991667 0.506667 0.058000 0.326667
222 11.076667 0.503333 0.132000 0.533333
661 11.191333 0.498333 0.112000 0.383333
800 11.280000 0.505000 0.084000 0.316667
836 11.371667 0.495000 0.115333 0.516667
571 11.471667 0.501667 0.098000 0.396667
7 11.584000 0.491667 0.141333 0.470000
886 11.756667 0.496667 0.224000 1.120000
763 11.885000 0.488333 0.046000 0.390000
689 11.941333 0.493333 0.082667 0.400000
501 12.024667 0.506667 0.101333 0.493333
347 12.146000 0.510000 0.161333 0.460000
376 12.286000 0.495000 0.132000 0.363333
136 12.390667 0.508333 0.096000 0.370000
308 12.466333 0.490000 0.068667 0.386667
178 12.549667 0.493333 0.116667 0.426667
1009 12.621667 0.503333 0.044667 0.360000
130 12.732667 0.508333 0.197333 0.416667
393 12.910000 0.506667 0.176000 0.880000
111 13.031000 0.501667 0.084667 0.363333
280 13.128667 0.491667 0.125333 0.423333
68 13.247667 0.495000 0.128667 0.370000
798 13.363333 0.490000 0.122667 0.453333
862 13.448333 0.498333 0.063333 0.323333
42 13.504333 0.496667 0.067333 0.386667
563 13.600667 0.503333 0.138667 0.286667
298 13.697000 0.498333 0.071333 0.363333
122 13.765667 0.501667 0.079333 0.323333
642 13.838333 0.493333 0.082000 0.320000
408 13.917333 0.495000 0.096000 0.363333
616 14.039333 0.490000 0.164000 0.820000
335 14.191667 0.500000 0.158000 0.500000
382 14.339000 0.498333 0.150000 0.463333
367 14.498333 0.501667 0.182000 0.910000
474 14.619000 0.495000 0.076667 0.403333
964 14.668000 0.503333 0.041333 0.300000
301 14.708333 0.495000 0.058000 0.323333
851 14.783333 0.495000 0.110667 0.503333
143 14.865333 0.498333 0.069333 0.350000
532 14.942667 0.491667 0.102667 0.523333
440 15.018667 0.488333 0.065333 0.336667
283 15.100000 0.498333 0.116000 0.410000
574 15.201333 0.510000 0.100000 0.400000
842 15.290000 0.488333 0.093333 0.423333
744 15.398000 0.510000 0.140000 0.573333
654 15.585000 0.505000 0.248667 0.536667
273 15.724667 0.488333 0.046667 0.310000
768 15.774000 0.488333 0.068000 0.183333
103 15.882333 0.501667 0.162000 0.810000
397 16.007667 0.503333 0.102000 0.426667
663 16.101667 0.488333 0.100667 0.370000
442 16.181333 0.508333 0.074667 0.443333
208 16.272000 0.501667 0.126667 0.516667
258 16.384000 0.495000 0.113333 0.423333
236 16.478333 0.501667 0.094000 0.376667
588 16.565000 0.510000 0.096667 0.440000
1 16.646000 0.501667 0.084000 0.416667
83 16.717000 0.506667 0.072667 0.360000
512 16.814667 0.505000 0.136000 0.423333
715 16.949000 0.490000 0.146000 0.360000
639 17.049000 0.498333 0.071333 0.350000
732 17.112333 0.503333 0.070000 0.346667
191 17.196667 0.510000 0.116000 0.593333
380 17.310667 0.506667 0.125333 0.346667
423 17.442000 0.488333 0.154667 0.536667
948 17.531000 0.488333 0.036667 0.263333
646 17.582000 0.495000 0.085333 0.383333
777 17.666000 0.496667 0.100000 0.440000
196 17.757333 0.505000 0.096000 0.396667
456 17.824000 0.491667 0.053333 0.296667
592 17.926667 0.488333 0.169333 0.483333
4 18.054667 0.503333 0.106667 0.426667
766 18.161000 0.503333 0.126000 0.366667
985 18.236667 0.500000 0.042667 0.353333
1021 18.269000 0.508333 0.042000 0.303333
110 18.342000 0.496667 0.118667 0.440000
369 18.455000 0.508333 0.122000 0.356667
976 18.528667 0.510000 0.041333 0.320000
608 18.596000 0.508333 0.109333 0.363333
695 18.733667 0.505000 0.184667 0.530000
344 18.884333 0.496667 0.132667 0.393333
1000 18.967333 0.508333 0.049333 0.363333
255 19.062000 0.498333 0.160000 0.610000
40 19.197333 0.501667 0.124000 0.450000
764 19.287333 0.490000 0.074667 0.366667
667 19.362667 0.496667 0.089333 0.313333
82 19.431000 0.501667 0.067333 0.456667
665 19.520000 0.500000 0.126667 0.440000
749 19.629333 0.510000 0.105333 0.453333
374 19.739333 0.493333 0.128000 0.366667
543 19.892000 0.510000 0.196000 0.653333
189 20.027667 0.491667 0.092667 0.396667
462 20.093000 0.510000 0.052667 0.293333
159 20.127333 0.493333 0.036000 0.300000
395 20.197000 0.496667 0.120667 0.373333
572 20.288667 0.488333 0.078667 0.310000
792 20.379667 0.488333 0.122000 0.496667
521 20.505667 0.493333 0.143333 0.373333
262 20.625333 0.491667 0.114667 0.596667
430 20.734000 0.493333 0.121333 0.526667
735 20.841333 0.501667 0.108000 0.443333
451 20.921667 0.508333 0.068667 0.396667
797 20.994333 0.510000 0.092667 0.346667
696 21.092333 0.491667 0.122000 0.276667
229 21.190333 0.498333 0.087333 0.430000
1010 21.246000 0.490000 0.040000 0.333333
960 21.279667 0.503333 0.040667 0.313333
59 21.402667 0.506667 0.225333 1.126667
820 21.562333 0.493333 0.110000 0.466667
795 21.644333 0.506667 0.070000 0.420000
38 21.731000 0.495000 0.116667 0.450000
71 21.814333 0.505000 0.066000 0.343333
945 21.862000 0.505000 0.048000 0.363333
296 21.934000 0.505000 0.110667 0.403333
117 22.036667 0.488333 0.110667 0.330000
617 22.125333 0.501667 0.082667 0.323333
634 22.202333 0.503333 0.087333 0.373333
938 22.259667 0.505000 0.042000 0.330000
631 22.387000 0.491667 0.227333 1.136667
135 22.560000 0.510000 0.132000 0.406667
294 22.717000 0.491667 0.196667 0.983333
314 22.872667 0.505000 0.132000 0.470000
494 22.963333 0.508333 0.064000 0.330000
958 23.009333 0.510000 0.042667 0.340000
550 23.064667 0.496667 0.082667 0.406667
286 23.153000 0.493333 0.110000 0.400000
557 23.241333 0.491667 0.085333 0.596667
704 23.332000 0.503333 0.116000 0.406667
80 23.421000 0.505000 0.082000 0.403333
688 23.499667 0.496667 0.094000 0.460000
149 23.610667 0.490000 0.148000 0.386667
219 23.725000 0.495000 0.095333 0.396667
741 23.810000 0.496667 0.092000 0.320000
670 23.897333 0.500000 0.102667 0.380000
14 23.986000 0.500000 0.090667 0.320000
144 24.061000 0.506667 0.079333 0.333333
213 24.153333 0.506667 0.118667 0.606667
583 24.237000 0.501667 0.062000 0.410000
673 24.318000 0.506667 0.118667 0.420000
22 24.441333 0.491667 0.144000 0.483333
719 24.601333 0.490000 0.189333 0.946667
504 24.769000 0.508333 0.163333 0.470000
885 24.891667 0.508333 0.098000 0.443333
492 24.967333 0.505000 0.073333 0.323333
920 25.042000 0.488333 0.093333 0.343333
152 25.116333 0.510000 0.071333 0.353333
876 25.233000 0.498333 0.182000 0.910000
666 25.375333 0.503333 0.117333 0.406667
879 25.485667 0.503333 0.116667 0.340000
87 25.651667 0.508333 0.231333 1.156667
620 25.809667 0.500000 0.099333 0.426667
959 25.871333 0.500000 0.040000 0.313333
419 25.926000 0.495000 0.089333 0.436667
528 26.030333 0.510000 0.134000 0.446667
848 26.146667 0.508333 0.118667 0.370000
453 26.233667 0.501667 0.075333 0.383333
742 26.328333 0.510000 0.128667 0.513333
1014 26.407667 0.501667 0.043333 0.316667
1001 26.440667 0.495000 0.040000 0.290000
753 26.536000 0.500000 0.168000 0.840000
309 26.643667 0.506667 0.060667 0.346667
896 26.724333 0.503333 0.120667 0.320000
317 26.822333 0.508333 0.094000 0.343333
699 26.933333 0.490000 0.142667 0.433333
147 27.031667 0.493333 0.072667 0.386667
230 27.107000 0.490000 0.094000 0.373333
499 27.171333 0.491667 0.054667 0.330000
215 27.237000 0.505000 0.096667 0.436667
471 27.309000 0.496667 0.060667 0.360000
556 27.380333 0.493333 0.098000 0.406667
279 27.459333 0.490000 0.080000 0.460000
73 27.558667 0.495000 0.136000 0.436667
726 27.656333 0.506667 0.076667 0.413333
826 27.742000 0.498333 0.112000 0.476667
420 27.829333 0.490000 0.080000 0.293333
1006 27.880333 0.505000 0.039333 0.316667
595 27.954000 0.505000 0.128000 0.390000
439 28.064667 0.490000 0.106667 0.446667
607 28.166333 0.498333 0.111333 0.330000
720 28.296000 0.503333 0.164000 0.420000
291 28.432667 0.488333 0.125333 0.483333
541 28.591000 0.505000 0.211333 1.056667
304 28.724667 0.488333 0.072000 0.403333
313 28.804000 0.503333 0.100000 0.353333
943 28.861000 0.491667 0.030000 0.263333
192 28.913333 0.501667 0.088000 0.370000
831 29.003667 0.510000 0.107333 0.446667
488 29.091667 0.508333 0.088667 0.423333
126 29.185333 0.506667 0.114667 0.386667
807 29.346000 0.503333 0.225333 1.126667
333 29.565333 0.493333 0.229333 1.146667
138 29.702333 0.503333 0.059333 0.346667
392 29.795667 0.491667 0.147333 0.423333
929 29.875000 0.505000 0.030000 0.250000
630 29.960667 0.490000 0.157333 0.526667
703 30.147000 0.491667 0.231333 1.156667
802 30.324000 0.506667 0.140000 0.320000
151 30.423000 0.508333 0.071333 0.350000
407 30.502667 0.498333 0.105333 0.403333
220 30.603333 0.505000 0.110667 0.456667
988 30.671000 0.500000 0.038000 0.293333
461 30.725333 0.510000 0.088000 0.446667
100 30.877000 0.498333 0.231333 1.156667
26 31.060000 0.510000 0.148000 0.506667
891 31.155333 0.493333 0.057333 0.306667
97 31.259667 0.505000 0.166000 0.350000
830 31.376667 0.495000 0.082667 0.363333
724 31.439667 0.496667 0.063333 0.366667
477 31.495333 0.488333 0.068000 0.383333
116 31.589333 0.498333 0.134667 0.403333
892 31.732000 0.493333 0.168000 0.480000
547 31.840667 0.500000 0.069333 0.393333
739 31.892667 0.498333 0.049333 0.430000
118 31.948000 0.508333 0.081333 0.323333
463 32.012333 0.496667 0.063333 0.320000
765 32.070000 0.493333 0.072000 0.373333
664 32.160000 0.503333 0.121333 0.446667
643 32.254333 0.488333 0.087333 0.303333
201 32.334667 0.503333 0.090667 0.446667
458 32.401000 0.505000 0.059333 0.310000
320 32.494667 0.498333 0.144000 0.423333
853 32.607000 0.495000 0.099333 0.436667
577 32.692333 0.488333 0.088667 0.350000
127 32.786333 0.496667 0.118000 0.393333
1008 32.853333 0.510000 0.034667 0.253333
708 32.926000 0.503333 0.124000 0.500000
505 33.013000 0.493333 0.064667 0.266667
813 33.110000 0.500000 0.146667 0.340000
455 33.207000 0.491667 0.062000 0.343333
687 33.270333 0.503333 0.080667 0.393333
401 33.341000 0.503333 0.075333 0.420000
685 33.408667 0.510000 0.077333 0.306667
746 33.491667 0.491667 0.106000 0.383333
346 33.597333 0.500000 0.125333 0.360000
468 33.693000 0.503333 0.079333 0.400000
754 33.801000 0.505000 0.151333 0.736667
869 33.902000 0.508333 0.069333 0.430000
88 34.012667 0.493333 0.172000 0.860000
710 34.181667 0.508333 0.180667 0.903333
288 34.331333 0.488333 0.137333 0.523333
76 34.458000 0.498333 0.134667 0.416667
937 34.543333 0.500000 0.049333 0.366667
636 34.624667 0.510000 0.129333 0.293333
738 34.713333 0.506667 0.066667 0.320000
782 34.789333 0.490000 0.102667 0.480000
252 34.903000 0.510000 0.142000 0.553333
269 35.051667 0.490000 0.172667 0.520000
293 35.177667 0.510000 0.094000 0.366667
64 35.247333 0.495000 0.064000 0.356667
340 35.318333 0.505000 0.098000 0.283333
362 35.417333 0.493333 0.113333 0.333333
434 35.526333 0.503333 0.118000 0.406667
852 35.632000 0.490000 0.112000 0.460000
581 35.729000 0.493333 0.095333 0.406667
287 35.816667 0.496667 0.094667 0.360000
409 35.944667 0.500000 0.181333 0.906667
218 36.084333 0.490000 0.112667 0.466667
690 36.177333 0.503333 0.090667 0.446667
54 36.253333 0.493333 0.077333 0.400000
285 36.337667 0.491667 0.106000 0.363333
917 36.403000 0.493333 0.040667 0.293333
518 36.468333 0.491667 0.106000 0.356667
27 36.575667 0.508333 0.126000 0.423333
84 36.700000 0.496667 0.137333 0.386667
60 36.795333 0.500000 0.068000 0.286667
66 36.862000 0.498333 0.084000 0.570000
635 36.942667 0.490000 0.097333 0.420000
793 37.044667 0.491667 0.124000 0.503333
971 37.116000 0.500000 0.038667 0.320000
497 37.202333 0.506667 0.148667 0.386667
302 37.307667 0.491667 0.080667 0.450000
99 37.439000 0.498333 0.198000 0.430000
614 37.610000 0.506667 0.164000 0.440000
986 37.707333 0.493333 0.050667 0.386667
24 37.790000 0.488333 0.129333 0.436667
332 37.950667 0.506667 0.210667 1.053333
32 38.093333 0.508333 0.093333 0.316667
884 38.183000 0.496667 0.102000 0.360000
522 38.271000 0.498333 0.094000 0.310000
770 38.378000 0.501667 0.140000 0.436667
479 38.479667 0.495000 0.076667 0.390000
969 38.530333 0.500000 0.039333 0.300000
681 38.561333 0.505000 0.037333 0.330000
299 38.608667 0.503333 0.077333 0.300000
531 38.739333 0.510000 0.204000 1.020000
271 38.935000 0.501667 0.202000 1.010000
650 39.107333 0.501667 0.158667 0.516667
784 39.204000 0.501667 0.049333 0.403333
207 39.281667 0.493333 0.119333 0.520000
787 39.361000 0.500000 0.056667 0.340000
233 39.437667 0.505000 0.112667 0.576667
844 39.532000 0.493333 0.093333 0.386667
134 39.621000 0.490000 0.100667 0.400000
464 39.693333 0.490000 0.064000 0.340000
700 39.779667 0.488333 0.126000 0.510000
183 39.893000 0.498333 0.119333 0.483333
170 40.007000 0.508333 0.122000 0.430000
400 40.082333 0.488333 0.048667 0.443333
953 40.115000 0.493333 0.036667 0.273333
238 40.242000 0.500000 0.230667 1.153333
237 40.379000 0.493333 0.058000 0.426667
444 40.429000 0.508333 0.060667 0.356667
601 40.499000 0.488333 0.099333 0.303333
75 40.617000 0.503333 0.156667 0.486667
908 40.741667 0.491667 0.108667 0.423333
789 40.819667 0.498333 0.063333 0.390000
389 40.910000 0.508333 0.130667 0.416667
17 41.011000 0.500000 0.090000 0.300000
555 41.061000 0.495000 0.030000 0.303333
56 41.101333 0.505000 0.069333 0.096667
326 41.164000 0.500000 0.076000 0.346667
612 41.279667 0.506667 0.174000 0.466667
277 41.393000 0.496667 0.072667 0.340000
232 41.466000 0.506667 0.090667 0.406667
246 41.579333 0.506667 0.153333 0.526667
567 41.712333 0.506667 0.131333 0.526667
63 41.828667 0.490000 0.116000 0.413333
835 41.935667 0.510000 0.118000 0.493333
141 42.023667 0.490000 0.078000 0.380000
496 42.106000 0.503333 0.105333 0.393333
910 42.198333 0.500000 0.096667 0.313333
214 42.284000 0.495000 0.090667 0.383333
930 42.341000 0.505000 0.042000 0.323333
653 42.426667 0.505000 0.149333 0.490000
966 42.510000 0.510000 0.030667 0.253333
645 42.558000 0.491667 0.081333 0.370000
745 42.635333 0.506667 0.093333 0.353333
94 42.762333 0.503333 0.174000 0.380000
949 42.859667 0.490000 0.036667 0.293333
256 42.930333 0.500000 0.123333 0.413333
594 43.051667 0.501667 0.138000 0.410000
799 43.158333 0.510000 0.094000 0.340000
244 43.275000 0.488333 0.159333 0.436667
483 43.376333 0.493333 0.062000 0.366667
352 43.455000 0.510000 0.112667 0.333333
565 43.577667 0.493333 0.146000 0.300000
35 43.698667 0.510000 0.116000 0.366667
513 43.816333 0.495000 0.132667 0.416667
251 43.912000 0.503333 0.077333 0.440000
270 44.010667 0.508333 0.134667 0.410000
679 44.105667 0.503333 0.070000 0.400000
832 44.176000 0.491667 0.088000 0.410000
1016 44.229333 0.490000 0.036000 0.300000
1023 44.254667 0.505000 0.032000 0.263333
171 44.314333 0.495000 0.103333 0.403333
351 44.453333 0.496667 0.194667 0.973333
733 44.585667 0.505000 0.088667 0.536667
913 44.673000 0.503333 0.099333 0.293333
950 44.731667 0.510000 0.032667 0.273333
533 44.804667 0.501667 0.132000 0.456667
856 44.932667 0.498333 0.142667 0.356667
542 45.060667 0.510000 0.132000 0.540000
859 45.170000 0.488333 0.104000 0.296667
21 45.256000 0.498333 0.082667 0.283333
459 45.318333 0.505000 0.062000 0.330000
584 45.398667 0.503333 0.118667 0.380000
412 45.493333 0.488333 0.090667 0.463333
996 45.548333 0.493333 0.038000 0.300000
281 45.623000 0.503333 0.130000 0.466667
872 45.742667 0.506667 0.129333 0.366667
475 45.824333 0.488333 0.051333 0.296667
524 45.903667 0.491667 0.127333 0.403333
507 45.999000 0.493333 0.083333 0.433333
972 46.052000 0.506667 0.040000 0.333333
824 46.113333 0.488333 0.102667 0.503333
840 46.212333 0.498333 0.111333 0.470000
656 46.335667 0.491667 0.148667 0.376667
300 46.432333 0.510000 0.060667 0.193333
843 46.504000 0.496667 0.097333 0.420000
429 46.606667 0.508333 0.126667 0.456667
381 46.772667 0.493333 0.222667 1.113333
774 46.915667 0.490000 0.078000 0.406667
721 47.037667 0.490000 0.180667 0.466667
882 47.182000 0.493333 0.125333 0.493333
946 47.253000 0.506667 0.031333 0.253333
549 47.304667 0.510000 0.092000 0.306667
0 47.367000 0.490000 0.051333 0.420000
527 47.439000 0.506667 0.111333 0.320000
956 47.506000 0.491667 0.036000 0.296667
81 47.576667 0.496667 0.124000 0.486667
509 47.678667 0.503333 0.096000 0.306667
180 47.813000 0.501667 0.186000 0.930000
109 48.018333 0.506667 0.239333 0.506667
674 48.191000 0.503333 0.124667 0.433333
398 48.292667 0.503333 0.094667 0.493333
160 48.366667 0.498333 0.068000 0.390000
18 48.437333 0.506667 0.086667 0.300000
898 48.557333 0.503333 0.168000 0.840000
209 48.693333 0.501667 0.120000 0.476667
182 48.853000 0.491667 0.216667 1.083333
757 49.025333 0.488333 0.146667 0.416667
498 49.123333 0.501667 0.068000 0.430000
676 49.203333 0.508333 0.108000 0.370000
951 49.267000 0.500000 0.032667 0.260000
325 49.333667 0.503333 0.120667 0.426667
124 49.429333 0.498333 0.089333 0.310000
226 49.514333 0.501667 0.098000 0.483333
465 49.587000 0.488333 0.062000 0.316667
585 49.718333 0.488333 0.219333 1.096667
927 49.837333 0.500000 0.036000 0.260000
805 49.918333 0.495000 0.142000 0.410000
627 50.069333 0.491667 0.173333 0.590000
470 50.179667 0.500000 0.067333 0.353333
671 50.268667 0.500000 0.128000 0.440000
955 50.351667 0.495000 0.051333 0.376667
371 50.466000 0.490000 0.192000 0.960000
44 50.611667 0.491667 0.114000 0.456667
743 50.702000 0.506667 0.081333 0.353333
377 50.826667 0.500000 0.186667 0.933333
416 50.950333 0.496667 0.080667 0.393333
93 51.093000 0.508333 0.222000 1.110000
718 51.289333 0.506667 0.184000 0.920000
234 51.423667 0.490000 0.098000 0.460000
65 51.516000 0.505000 0.100000 0.256667
173 51.606000 0.508333 0.100000 0.450000
816 51.714333 0.496667 0.136667 0.413333
587 51.842333 0.496667 0.138000 0.420000
725 51.955667 0.508333 0.108667 0.456667
403 52.082667 0.501667 0.164000 0.476667
28 52.198000 0.501667 0.085333 0.296667
211 52.273667 0.496667 0.083333 0.420000
771 52.350333 0.495000 0.086000 0.443333
889 52.450667 0.495000 0.129333 0.430000
712 52.610667 0.510000 0.209333 1.046667
941 52.730000 0.498333 0.042667 0.343333
349 52.811667 0.496667 0.135333 0.393333
388 52.934333 0.508333 0.124667 0.363333
140 53.077333 0.510000 0.174667 0.873333
199 53.199333 0.508333 0.082667 0.396667
611 53.284667 0.490000 0.104000 0.446667
105 53.422333 0.488333 0.188667 0.403333
49 53.593667 0.508333 0.168667 0.843333
70 53.736000 0.508333 0.132000 0.470000
648 53.832000 0.491667 0.076000 0.363333
424 53.929000 0.505000 0.138000 0.436667
907 54.036667 0.506667 0.093333 0.313333
185 54.129333 0.496667 0.105333 0.433333
495 54.219667 0.495000 0.090000 0.410000
783 54.306333 0.488333 0.098000 0.510000
413 54.413667 0.491667 0.134000 0.570000
457 54.505000 0.496667 0.062000 0.366667
582 54.637333 0.503333 0.217333 1.086667
669 54.786333 0.510000 0.095333 0.326667
62 54.866667 0.493333 0.082667 0.380000
114 54.939667 0.498333 0.076667 0.376667
613 55.040000 0.490000 0.142667 0.386667
13 55.164667 0.488333 0.126667 0.410000
759 55.283000 0.505000 0.123333 0.356667
729 55.349000 0.506667 0.028667 0.406667
108 55.451333 0.500000 0.189333 0.946667
847 55.605000 0.490000 0.136667 0.413333
570 55.711000 0.501667 0.088667 0.370000
649 55.795333 0.491667 0.093333 0.523333
828 55.879333 0.498333 0.089333 0.410000
918 55.965333 0.510000 0.097333 0.326667
228 56.064333 0.510000 0.118000 0.600000
391 56.185000 0.493333 0.138000 0.393333
356 56.304667 0.501667 0.120000 0.336667
596 56.420667 0.490000 0.128000 0.380000
902 56.535667 0.500000 0.119333 0.313333
658 56.614667 0.491667 0.052000 0.310000
858 56.692000 0.495000 0.118667 0.363333
603 56.848000 0.500000 0.210667 0.493333
278 57.014333 0.498333 0.135333 0.410000
268 57.165333 0.496667 0.185333 0.926667
334 57.316333 0.496667 0.135333 0.480000
625 57.466333 0.506667 0.183333 0.613333
994 57.568000 0.503333 0.036000 0.273333
957 57.597667 0.491667 0.038000 0.290000
30 57.686000 0.488333 0.154667 0.456667
164 57.823333 0.501667 0.133333 0.483333
254 57.938000 0.490000 0.110667 0.433333
677 58.040333 0.505000 0.112667 0.383333
231 58.132333 0.490000 0.091333 0.380000
662 58.230667 0.505000 0.122667 0.463333
489 58.317000 0.510000 0.063333 0.373333
736 58.371333 0.496667 0.064000 0.353333
1015 58.417667 0.510000 0.044667 0.320000
154 58.470667 0.508333 0.076000 0.350000
242 58.556333 0.508333 0.110000 0.416667
921 58.635667 0.498333 0.067333 0.403333
940 58.682667 0.510000 0.042667 0.313333
548 58.763000 0.493333 0.135333 0.506667
104 58.913667 0.501667 0.184667 0.923333
536 59.065333 0.505000 0.137333 0.516667
102 59.238667 0.496667 0.228000 1.140000
569 59.392000 0.508333 0.096000 0.403333
112 59.518000 0.510000 0.169333 0.580000
990 59.611333 0.508333 0.032000 0.256667
473 59.651333 0.498333 0.068000 0.383333
755 59.755000 0.498333 0.152667 0.483333
1011 59.845333 0.488333 0.048000 0.350000
404 59.918333 0.496667 0.115333 0.566667
96 60.076333 0.501667 0.214000 0.456667
384 60.240667 0.493333 0.129333 0.400000
506 60.319333 0.501667 0.041333 0.476667
417 60.382000 0.503333 0.097333 0.473333
762 60.465333 0.501667 0.088000 0.376667
217 60.555000 0.498333 0.104667 0.423333
321 60.636000 0.508333 0.077333 0.363333
348 60.723000 0.508333 0.111333 0.323333
267 60.841333 0.508333 0.138667 0.430000
761 60.977667 0.505000 0.152667 0.443333
727 61.084000 0.500000 0.073333 0.360000
257 61.169667 0.505000 0.111333 0.376667
923 61.239000 0.501667 0.046000 0.330000
1017 61.269333 0.496667 0.033333 0.273333
561 61.348667 0.501667 0.145333 0.303333
221 61.454667 0.495000 0.085333 0.370000
922 61.512000 0.500000 0.044000 0.340000
133 61.578667 0.488333 0.109333 0.343333
418 61.671000 0.506667 0.092667 0.446667
573 61.746333 0.505000 0.078000 0.296667
95 61.870000 0.488333 0.185333 0.403333
993 61.974333 0.495000 0.043333 0.336667
69 62.032000 0.510000 0.092000 0.480000
772 62.179000 0.488333 0.220667 1.103333
8 62.326000 0.500000 0.093333 0.326667
210 62.409667 0.493333 0.087333 0.366667
781 62.477000 0.500000 0.062000 0.320000
546 62.552667 0.495000 0.105333 0.383333
593 62.660000 0.496667 0.129333 0.386667
809 62.778000 0.510000 0.120000 0.653333
558 62.861667 0.490000 0.064667 0.313333
977 62.906000 0.493333 0.041333 0.306667
693 62.963333 0.510000 0.093333 0.453333
973 63.016667 0.490000 0.033333 0.260000
490 63.055333 0.498333 0.058667 0.350000
678 63.127000 0.495000 0.104667 0.350000
469 63.198000 0.510000 0.054667 0.326667
29 63.282333 0.510000 0.132667 0.373333
682 63.396333 0.498333 0.115333 0.450000
89 63.547000 0.498333 0.200667 1.003333
487 63.672333 0.490000 0.068667 0.353333
534 63.740333 0.508333 0.082000 0.323333
181 63.832667 0.506667 0.117333 0.386667
224 63.928667 0.488333 0.088000 0.416667
157 64.055333 0.493333 0.182667 0.720000
806 64.218667 0.510000 0.161333 0.806667
74 64.349333 0.508333 0.117333 0.356667
161 64.466000 0.495000 0.132000 0.463333
936 64.544333 0.493333 0.043333 0.353333
345 64.632333 0.498333 0.152667 0.436667
454 64.734333 0.495000 0.067333 0.350000
1020 64.780333 0.490000 0.038000 0.293333
153 64.831667 0.490000 0.078000 0.360000
539 64.908333 0.493333 0.094000 0.413333
906 65.024667 0.498333 0.156000 0.483333
822 65.143667 0.508333 0.096667 0.336667
225 65.294333 0.495000 0.219333 1.096667
410 65.444000 0.501667 0.094667 0.443333
773 65.548333 0.490000 0.132667 0.353333
915 65.643000 0.491667 0.074000 0.596667
387 65.731333 0.498333 0.120000 0.323333
500 65.819333 0.510000 0.069333 0.306667
1013 65.863667 0.503333 0.036667 0.266667
717 65.971333 0.510000 0.196000 0.980000
502 66.109000 0.500000 0.096667 0.446667
353 66.261000 0.488333 0.224667 1.123333
172 66.412000 0.496667 0.097333 0.346667
888 66.512333 0.496667 0.119333 0.393333
857 66.644667 0.491667 0.165333 0.370000
316 66.774000 0.500000 0.113333 0.426667
924 66.842667 0.505000 0.037333 0.276667
983 66.877000 0.493333 0.047333 0.353333
932 66.914667 0.510000 0.041333 0.333333
433 67.007000 0.493333 0.160667 0.373333
855 67.112667 0.510000 0.068000 0.173333
810 67.190000 0.493333 0.100000 0.426667
443 67.279333 0.493333 0.092000 0.466667
77 67.383000 0.498333 0.130000 0.323333
263 67.512000 0.510000 0.141333 0.486667
775 67.616333 0.500000 0.084667 0.413333
485 67.688667 0.503333 0.077333 0.413333
324 67.774333 0.506667 0.112667 0.553333
250 67.922000 0.500000 0.197333 0.986667
659 68.051333 0.501667 0.077333 0.316667
336 68.139333 0.503333 0.117333 0.560000
750 68.246667 0.488333 0.117333 0.436667
562 68.382667 0.495000 0.172000 0.390000
481 68.491667 0.491667 0.059333 0.303333
322 68.559667 0.508333 0.096667 0.130000
897 68.687000 0.488333 0.175333 0.876667
386 68.842667 0.510000 0.149333 0.426667
517 68.969000 0.510000 0.122000 0.406667
553 69.069333 0.488333 0.097333 0.350000
137 69.143333 0.493333 0.064000 0.320000
861 69.190000 0.491667 0.042667 0.330000
165 69.249000 0.496667 0.094000 0.326667
36 69.342333 0.506667 0.112667 0.366667
358 69.505667 0.498333 0.227333 1.136667
179 69.676333 0.491667 0.134000 0.476667
121 69.747000 0.506667 0.027333 0.420000
307 69.788333 0.500000 0.072667 0.400000
540 69.905000 0.508333 0.174000 0.703333
414 70.049000 0.503333 0.134000 0.633333
752 70.148667 0.510000 0.081333 0.213333
899 70.285667 0.505000 0.208667 1.043333
992 70.402000 0.490000 0.038667 0.313333
580 70.481000 0.500000 0.138000 0.346667
449 70.578333 0.496667 0.071333 0.366667
427 70.655000 0.506667 0.100667 0.473333
756 70.776667 0.496667 0.156000 0.473333
306 70.883667 0.510000 0.071333 0.400000
115 70.938333 0.501667 0.058000 0.283333
864 71.020333 0.498333 0.119333 0.483333
980 71.092667 0.506667 0.045333 0.346667
514 71.172333 0.490000 0.132667 0.440000
366 71.313333 0.495000 0.164000 0.476667
825 71.445000 0.506667 0.115333 0.506667
919 71.532667 0.493333 0.078667 0.373333
935 71.585667 0.501667 0.043333 0.336667
590 71.662333 0.491667 0.123333 0.443333
399 71.770667 0.491667 0.110667 0.410000
422 71.869667 0.508333 0.103333 0.376667
58 71.948000 0.498333 0.070667 0.310000
568 72.036667 0.506667 0.120000 0.600000
292 72.154000 0.490000 0.132000 0.506667
803 72.296000 0.505000 0.166667 0.490000
46 72.399333 0.490000 0.054667 0.486667
997 72.436000 0.501667 0.037333 0.296667
243 72.534333 0.495000 0.176667 0.570000
701 72.715333 0.510000 0.205333 1.026667
319 72.857333 0.500000 0.096000 0.340000
373 72.956333 0.493333 0.119333 0.340000
48 73.107667 0.495000 0.202000 1.010000
767 73.272667 0.498333 0.141333 0.403333
55 73.389333 0.510000 0.105333 0.280000
315 73.495000 0.503333 0.119333 0.426667
350 73.623333 0.506667 0.156000 0.433333
318 73.746000 0.488333 0.105333 0.436667
259 73.880667 0.496667 0.178667 0.893333
480 73.997000 0.510000 0.067333 0.346667
544 74.075000 0.496667 0.102000 0.366667
791 74.158667 0.505000 0.082667 0.516667
78 74.296333 0.495000 0.211333 1.056667
368 74.472000 0.508333 0.153333 0.436667
714 74.622333 0.490000 0.162000 0.486667
67 74.775667 0.508333 0.158000 0.790000
984 74.867333 0.495000 0.041333 0.343333
904 74.921000 0.506667 0.084667 0.446667
466 74.997000 0.496667 0.086000 0.446667
438 75.114333 0.498333 0.164667 0.503333
651 75.297000 0.508333 0.216667 1.083333
447 75.435000 0.500000 0.075333 0.453333
197 75.507000 0.503333 0.086000 0.353333
815 75.604667 0.498333 0.128000 0.410000
327 75.740000 0.506667 0.157333 0.420000
516 75.860667 0.496667 0.101333 0.333333
34 75.949667 0.506667 0.095333 0.366667
390 76.044000 0.490000 0.113333 0.333333
529 76.149667 0.503333 0.112667 0.486667
176 76.247000 0.495000 0.095333 0.336667
769 76.348333 0.510000 0.122000 0.360000
79 76.502000 0.506667 0.205333 0.420000
633 76.688333 0.498333 0.180667 0.903333
168 76.819000 0.493333 0.098000 0.373333
342 76.900667 0.496667 0.078667 0.366667
177 77.017667 0.501667 0.168667 0.843333
312 77.142667 0.495000 0.097333 0.330000
926 77.209000 0.495000 0.051333 0.376667
511 77.277333 0.506667 0.104000 0.340000
560 77.422667 0.510000 0.202667 0.606667
33 77.571000 0.495000 0.108667 0.356667
385 77.690333 0.503333 0.148667 0.420000
934 77.772333 0.490000 0.034000 0.273333
295 77.834000 0.496667 0.106667 0.453333
131 77.932667 0.488333 0.109333 0.423333
379 78.044333 0.500000 0.128667 0.360000
657 78.154000 0.491667 0.110667 0.443333
338 78.278000 0.493333 0.156000 0.806667
999 78.374000 0.495000 0.049333 0.356667
991 78.415333 0.501667 0.048000 0.350000
3 78.479000 0.495000 0.095333 0.410000
877 78.556000 0.501667 0.073333 0.383333
860 78.681000 0.488333 0.190000 0.950000
995 78.786333 0.506667 0.038000 0.286667
925 78.817667 0.496667 0.039333 0.300000
53 78.881333 0.488333 0.105333 0.350000
508 78.956000 0.491667 0.064000 0.323333
125 79.021000 0.508333 0.082000 0.390000
200 79.099000 0.508333 0.088667 0.450000
632 79.221000 0.503333 0.170000 0.546667
375 79.360667 0.510000 0.124000 0.360000
5 79.447000 0.496667 0.068667 0.320000
641 79.508667 0.493333 0.072000 0.340000
747 79.587000 0.498333 0.102000 0.443333
290 79.691000 0.503333 0.119333 0.360000
833 79.794333 0.493333 0.106000 0.440000
303 79.876333 0.495000 0.076667 0.430000
363 79.991333 0.508333 0.168000 0.503333
818 80.137333 0.506667 0.138667 0.333333
619 80.245667 0.495000 0.094000 0.470000
817 80.351000 0.503333 0.134000 0.480000
139 80.449333 0.508333 0.081333 0.463333
545 80.535000 0.506667 0.106000 0.400000
361 80.673000 0.498333 0.183333 0.916667
730 80.815333 0.495000 0.116000 0.456667
202 80.944667 0.510000 0.162667 0.813333
57 81.042667 0.510000 0.052000 0.206667
786 81.093667 0.508333 0.064667 0.396667
1007 81.139667 0.498333 0.044667 0.343333
691 81.200667 0.491667 0.096000 0.470000
193 81.303000 0.510000 0.123333 0.500000
606 81.412667 0.496667 0.116000 0.346667
707 81.523000 0.501667 0.123333 0.510000
1003 81.596667 0.503333 0.042667 0.313333
174 81.667667 0.496667 0.119333 0.420000
599 81.780333 0.495000 0.122000 0.370000
402 81.892667 0.493333 0.122667 0.313333
452 81.976667 0.503333 0.061333 0.313333
203 82.055000 0.493333 0.110000 0.540000
186 82.141333 0.505000 0.081333 0.410000
52 82.222667 0.491667 0.097333 0.330000
128 82.344333 0.503333 0.166000 0.553333
441 82.455000 0.510000 0.072667 0.386667
794 82.524667 0.508333 0.082667 0.510000
838 82.608000 0.505000 0.101333 0.463333
31 82.726000 0.496667 0.152000 0.446667
604 82.853333 0.498333 0.117333 0.356667
845 82.963667 0.500000 0.119333 0.493333
702 83.130667 0.500000 0.228000 1.140000
146 83.317667 0.498333 0.162000 0.810000
796 83.454667 0.495000 0.130667 0.496667
216 83.555667 0.500000 0.088667 0.366667
106 83.685333 0.490000 0.184000 0.400000
519 83.821667 0.501667 0.106000 0.343333
788 83.957333 0.505000 0.182667 0.503333
808 84.098333 0.491667 0.115333 0.423333
284 84.200333 0.490000 0.106000 0.380000
448 84.284000 0.501667 0.076000 0.450000
120 84.419667 0.506667 0.210000 0.506667
61 84.567000 0.490000 0.104667 0.520000
968 84.629000 0.503333 0.039333 0.286667
343 84.696000 0.488333 0.109333 0.336667
472 84.773000 0.493333 0.064667 0.333333
1004 84.815000 0.491667 0.036667 0.276667
706 84.863000 0.508333 0.076667 0.396667
148 84.952667 0.500000 0.117333 0.340000
406 85.064667 0.488333 0.120000 0.456667
638 85.171333 0.503333 0.113333 0.440000
510 85.267333 0.500000 0.096000 0.333333
421 85.407333 0.506667 0.201333 1.006667
660 85.557667 0.506667 0.112667 0.406667
552 85.628333 0.488333 0.048667 0.296667
91 85.738667 0.491667 0.189333 0.410000
1022 85.846667 0.508333 0.046667 0.363333
598 85.931333 0.500000 0.137333 0.420000
187 86.042333 0.490000 0.098000 0.500000
605 86.152333 0.495000 0.135333 0.350000
647 86.244333 0.506667 0.063333 0.313333
491 86.312333 0.496667 0.090000 0.446667
445 86.383667 0.490000 0.066000 0.333333
45 86.435667 0.488333 0.058000 0.290000
360 86.534667 0.498333 0.153333 0.456667
722 86.674333 0.505000 0.139333 0.410000
23 86.822667 0.500000 0.177333 0.886667
260 86.974000 0.488333 0.138667 0.383333
359 87.109000 0.493333 0.148667 0.440000
680 87.221333 0.488333 0.090667 0.310000
939 87.276667 0.493333 0.040000 0.313333
905 87.363667 0.491667 0.151333 0.483333
129 87.488333 0.505000 0.115333 0.443333
241 87.587000 0.503333 0.098000 0.526667
194 87.683667 0.508333 0.115333 0.483333
981 87.750333 0.490000 0.031333 0.253333
829 87.819333 0.493333 0.125333 0.520000
728 87.907000 0.488333 0.068667 0.610000
370 88.005667 0.496667 0.144667 0.413333
748 88.117000 0.495000 0.095333 0.350000
965 88.178333 0.503333 0.040667 0.326667
365 88.248667 0.508333 0.118667 0.336667
740 88.379667 0.491667 0.163333 0.370000
931 88.473000 0.500000 0.042000 0.306667
914 88.553667 0.510000 0.135333 0.406667
672 88.661333 0.488333 0.097333 0.363333
331 88.780000 0.503333 0.160000 0.800000
188 88.895000 0.501667 0.087333 0.363333
928 88.950667 0.498333 0.041333 0.336667
396 89.033000 0.510000 0.138000 0.393333
394 89.203333 0.496667 0.216000 1.080000
15 89.346000 0.508333 0.086667 0.303333
812 89.433667 0.496667 0.107333 0.306667
484 89.537667 0.501667 0.116667 0.476667
694 89.641667 0.510000 0.106000 0.520000
16 89.748667 0.510000 0.121333 0.400000
72 89.838333 0.510000 0.072667 0.346667
865 89.925333 0.488333 0.116000 0.423333
41 90.050667 0.496667 0.149333 0.420000
854 90.187667 0.488333 0.143333 0.423333
503 90.314000 0.503333 0.129333 0.360000
163 90.424333 0.490000 0.110000 0.420000
248 90.521333 0.508333 0.098667 0.536667
737 90.590667 0.500000 0.060000 0.373333
900 90.676667 0.505000 0.126667 0.363333
880 90.793333 0.501667 0.121333 0.403333
328 90.934000 0.503333 0.173333 0.460000
357 91.070333 0.493333 0.114000 0.326667
195 91.167333 0.501667 0.093333 0.370000
150 91.261000 0.500000 0.110000 0.446667
834 91.356667 0.506667 0.094667 0.466667
20 91.448000 0.488333 0.108000 0.390000
644 91.533667 0.491667 0.078000 0.356667
551 91.629000 0.488333 0.132667 0.410000
9 91.737333 0.491667 0.102667 0.456667
155 91.831667 0.503333 0.103333 0.506667
169 91.929667 0.503333 0.110000 0.426667
883 92.075333 0.496667 0.198667 0.433333
850 92.210000 0.498333 0.088000 0.363333
253 92.273000 0.493333 0.055333 0.486667
615 92.363333 0.493333 0.140000 0.620000
821 92.474667 0.503333 0.102667 0.720000
586 92.568333 0.496667 0.104667 0.306667
101 92.716667 0.500000 0.210667 1.053333
874 92.852000 0.495000 0.080000 0.396667
894 92.965000 0.496667 0.160667 0.453333
204 93.092000 0.498333 0.110667 0.443333
311 93.181000 0.491667 0.084667 0.370000
811 93.271333 0.505000 0.113333 0.370000
274 93.376333 0.506667 0.115333 0.546667
206 93.475000 0.503333 0.102000 0.440000
175 93.579000 0.493333 0.126000 0.466667
90 93.736000 0.506667 0.208000 1.040000
893 93.918000 0.503333 0.170667 0.553333
341 94.031333 0.490000 0.070667 0.293333
758 94.137667 0.496667 0.155333 0.533333
478 94.244333 0.495000 0.076667 0.403333
731 94.307000 0.508333 0.063333 0.310000
911 94.381000 0.495000 0.103333 0.363333
1002 94.446333 0.500000 0.040667 0.320000
713 94.546333 0.508333 0.178000 0.556667
212 94.670333 0.493333 0.087333 0.386667
974 94.726000 0.508333 0.040000 0.296667
428 94.781333 0.508333 0.084000 0.550000
878 94.859333 0.491667 0.086667 0.443333
525 94.945333 0.490000 0.105333 0.353333
697 95.016000 0.493333 0.056000 0.280000
637 95.072333 0.510000 0.072667 0.373333
289 95.197333 0.510000 0.194667 0.973333
554 95.362000 0.493333 0.148000 0.413333
751 95.472667 0.491667 0.092000 0.403333
870 95.535667 0.505000 0.048667 0.236667
621 95.579000 0.488333 0.054000 0.503333
989 95.617333 0.505000 0.036000 0.290000
597 95.693333 0.493333 0.134667 0.413333
482 95.784000 0.508333 0.062667 0.356667
486 95.838333 0.503333 0.060667 0.320000
933 95.882000 0.496667 0.044000 0.320000
515 95.961667 0.493333 0.131333 0.413333
566 96.067667 0.505000 0.100667 0.416667
493 96.151667 0.506667 0.084667 0.393333
450 96.222000 0.496667 0.076000 0.460000
655 96.299667 0.488333 0.098000 0.410000
51 96.405667 0.490000 0.127333 0.420000
119 96.510333 0.498333 0.100667 0.603333
435 96.579000 0.488333 0.051333 0.276667
846 96.649000 0.503333 0.104667 0.440000
652 96.774667 0.506667 0.160000 0.800000
85 96.895667 0.488333 0.100667 0.403333
276 96.959333 0.490000 0.045333 0.280000
432 97.034333 0.505000 0.120667 0.250000
431 97.142333 0.488333 0.112667 0.383333
297 97.220667 0.488333 0.057333 0.303333
975 97.259667 0.510000 0.035333 0.273333
629 97.345000 0.498333 0.154000 0.516667
2 97.460000 0.500000 0.089333 0.453333
841 97.544000 0.505000 0.093333 0.390000
804 97.652667 0.500000 0.141333 0.406667
1005 97.731000 0.491667 0.034000 0.263333
814 97.798000 0.488333 0.120000 0.310000
113 97.889667 0.491667 0.083333 0.423333
158 98.019667 0.491667 0.191333 0.956667
167 98.162000 0.495000 0.112000 0.403333
871 98.236667 0.488333 0.053333 0.256667
39 98.315667 0.498333 0.124667 0.483333
963 98.395000 0.501667 0.047333 0.350000
952 98.432667 0.508333 0.048000 0.343333
537 98.555000 0.505000 0.210000 1.050000
839 98.705000 0.506667 0.108667 0.460000
330 98.793667 0.496667 0.087333 0.340000
978 98.851667 0.496667 0.043333 0.333333
723 98.928333 0.488333 0.130000 0.450000
1018 99.004000 0.503333 0.040000 0.286667
628 99.104667 0.503333 0.177333 0.600000
239 99.273000 0.498333 0.176667 0.883333
912 99.399333 0.508333 0.094667 0.410000
405 99.480000 0.490000 0.082667 0.326667
987 99.534667 0.506667 0.044000 0.326667
145 99.598667 0.495000 0.098667 0.456667
776 99.720667 0.505000 0.161333 0.430000
790 99.828000 0.508333 0.068000 0.410000
1012 99.872667 0.505000 0.040000 0.290000
415 99.959333 0.503333 0.153333 0.533333
779 100.052333 0.488333 0.046000 0.403333
705 100.137000 0.506667 0.136667 0.440000
873 100.249333 0.496667 0.101333 0.446667
692 100.331333 0.490000 0.078667 0.386667
261 100.415667 0.495000 0.103333 0.496667
881 100.510333 0.503333 0.103333 0.346667
622 100.647667 0.505000 0.188667 0.943333
354 100.838000 0.500000 0.205333 1.026667
947 100.950667 0.490000 0.038667 0.326667
425 101.008000 0.491667 0.094667 0.563333
610 101.113667 0.500000 0.136667 0.420000
364 101.238667 0.488333 0.133333 0.336667
591 101.381000 0.493333 0.171333 0.486667
329 101.535667 0.505000 0.156667 0.523333
589 101.651333 0.493333 0.090667 0.393333
446 101.719333 0.505000 0.065333 0.376667
383 101.821000 0.491667 0.152667 0.483333
107 101.980667 0.495000 0.186667 0.396667
600 102.131000 0.505000 0.131333 0.396667
460 102.229667 0.493333 0.082000 0.453333
979 102.278333 0.491667 0.032667 0.270000
640 102.324333 0.488333 0.079333 0.403333
868 102.401333 0.496667 0.088000 0.493333
264 102.507000 0.491667 0.138000 0.530000
711 102.646000 0.506667 0.160000 0.800000
944 102.738333 0.496667 0.040667 0.333333
668 102.800000 0.508333 0.101333 0.343333
