549 0.056333 0.500000 0.106000 0.360000
971 0.118333 0.498333 0.032667 0.256667
774 0.162667 0.510000 0.073333 0.433333
792 0.242000 0.505000 0.101333 0.416667
377 0.368667 0.510000 0.170667 0.853333
301 0.479000 0.505000 0.064667 0.356667
352 0.564667 0.510000 0.126667 0.353333
159 0.635000 0.500000 0.031333 0.260000
878 0.682000 0.490000 0.077333 0.393333
245 0.748000 0.510000 0.069333 0.333333
304 0.812667 0.508333 0.080000 0.450000
99 0.928333 0.501667 0.171333 0.856667
1016 1.027000 0.500000 0.044667 0.346667
359 1.101333 0.503333 0.124000 0.360000
55 1.216667 0.500000 0.124000 0.333333
237 1.309667 0.491667 0.076667 0.496667
315 1.391333 0.495000 0.101333 0.383333
604 1.493000 0.498333 0.119333 0.350000
1004 1.561333 0.508333 0.036000 0.290000
994 1.592333 0.505000 0.042000 0.310000
3 1.652667 0.488333 0.092000 0.423333
664 1.735667 0.498333 0.091333 0.296667
38 1.827000 0.491667 0.107333 0.383333
93 1.977333 0.498333 0.209333 0.436667
445 2.108000 0.503333 0.066667 0.346667
337 2.211000 0.505000 0.155333 0.776667
568 2.333000 0.501667 0.107333 0.536667
217 2.456667 0.493333 0.154667 0.773333
375 2.588333 0.506667 0.124667 0.340000
226 2.685333 0.491667 0.086667 0.396667
725 2.782333 0.508333 0.126000 0.536667
80 2.888000 0.503333 0.105333 0.540000
923 2.953333 0.500000 0.040000 0.293333
141 2.999000 0.500000 0.070000 0.326667
1 3.060333 0.506667 0.071333 0.380000
941 3.105000 0.490000 0.031333 0.253333
413 3.164667 0.488333 0.104000 0.436667
302 3.238667 0.510000 0.061333 0.346667
781 3.300333 0.508333 0.075333 0.390000
88 3.439000 0.505000 0.222000 1.110000
862 3.585000 0.500000 0.084667 0.420000
957 3.642000 0.500000 0.042667 0.346667
719 3.759333 0.503333 0.212000 1.060000
616 3.951333 0.496667 0.192000 0.960000
64 4.076000 0.493333 0.070667 0.386667
835 4.167333 0.503333 0.130667 0.513333
698 4.253000 0.505000 0.058000 0.303333
890 4.321667 0.495000 0.098000 0.403333
639 4.394333 0.498333 0.064667 0.316667
357 4.497667 0.501667 0.158000 0.416667
405 4.628333 0.510000 0.116667 0.453333
680 4.733000 0.501667 0.107333 0.350000
573 4.825000 0.496667 0.090000 0.353333
700 4.920667 0.496667 0.118667 0.466667
316 5.031667 0.508333 0.123333 0.470000
546 5.125333 0.493333 0.080000 0.326667
930 5.179333 0.510000 0.046667 0.360000
853 5.239000 0.508333 0.088667 0.416667
366 5.365000 0.495000 0.180667 0.903333
181 5.517000 0.488333 0.139333 0.476667
579 5.673333 0.505000 0.193333 0.410000
824 5.817667 0.510000 0.111333 0.553333
845 5.908667 0.505000 0.084000 0.376667
439 5.992667 0.488333 0.102667 0.403333
554 6.104000 0.500000 0.133333 0.360000
838 6.205667 0.496667 0.090000 0.366667
386 6.320667 0.493333 0.157333 0.466667
285 6.444667 0.496667 0.106667 0.380000
331 6.580000 0.493333 0.180000 0.900000
831 6.719000 0.495000 0.111333 0.476667
882 6.830333 0.496667 0.126000 0.500000
345 6.971000 0.498333 0.171333 0.856667
666 7.107000 0.506667 0.119333 0.413333
398 7.197000 0.503333 0.079333 0.400000
943 7.242667 0.498333 0.030667 0.256667
880 7.311333 0.490000 0.124000 0.426667
673 7.414333 0.501667 0.102000 0.350000
171 7.505333 0.493333 0.094667 0.360000
743 7.594000 0.491667 0.101333 0.423333
147 7.677333 0.496667 0.081333 0.433333
155 7.752333 0.501667 0.088667 0.450000
668 7.840667 0.493333 0.106667 0.340000
82 7.929000 0.490000 0.088667 0.640000
712 8.036333 0.508333 0.144667 0.370000
851 8.160333 0.505000 0.120667 0.496667
928 8.229667 0.493333 0.032667 0.253333
466 8.275000 0.491667 0.075333 0.383333
308 8.337667 0.488333 0.070000 0.390000
763 8.397667 0.491667 0.066000 0.470000
541 8.517333 0.490000 0.189333 0.426667
483 8.633333 0.496667 0.057333 0.306667
148 8.719000 0.496667 0.127333 0.346667
810 8.832333 0.510000 0.118000 0.533333
735 8.952667 0.491667 0.138667 0.556667
995 9.032333 0.503333 0.038000 0.273333
101 9.125333 0.498333 0.168000 0.356667
5 9.248000 0.508333 0.092000 0.423333
557 9.319667 0.496667 0.067333 0.460000
709 9.396667 0.496667 0.106667 0.473333
107 9.525333 0.493333 0.165333 0.353333
170 9.697000 0.508333 0.196667 0.983333
449 9.824667 0.506667 0.074667 0.440000
318 9.905333 0.491667 0.106667 0.530000
376 10.030333 0.488333 0.158000 0.430000
154 10.141667 0.506667 0.082000 0.420000
385 10.250000 0.498333 0.149333 0.443333
770 10.388000 0.503333 0.144000 0.420000
840 10.494667 0.490000 0.085333 0.420000
96 10.609333 0.495000 0.161333 0.356667
283 10.741000 0.503333 0.116667 0.400000
645 10.836333 0.491667 0.087333 0.390000
136 10.936333 0.500000 0.126000 0.466667
893 11.082333 0.501667 0.184667 0.923333
784 11.192667 0.506667 0.049333 0.393333
358 11.271000 0.501667 0.126000 0.343333
370 11.402000 0.490000 0.154667 0.426667
520 11.526667 0.496667 0.113333 0.373333
296 11.629667 0.495000 0.112667 0.416667
823 11.738000 0.505000 0.117333 0.503333
895 11.842333 0.500000 0.108667 0.333333
897 11.950000 0.493333 0.121333 0.346667
515 12.050000 0.506667 0.097333 0.306667
609 12.131000 0.508333 0.078000 0.316667
180 12.218000 0.500000 0.110667 0.413333
834 12.317000 0.508333 0.106000 0.463333
111 12.415667 0.505000 0.106000 0.456667
1015 12.482000 0.501667 0.040000 0.316667
458 12.523333 0.495000 0.061333 0.310000
1017 12.567000 0.501667 0.040667 0.343333
230 12.646000 0.488333 0.132000 0.516667
142 12.754667 0.508333 0.105333 0.450000
727 12.834000 0.500000 0.073333 0.366667
916 12.946667 0.501667 0.169333 0.396667
479 13.051000 0.505000 0.058000 0.310000
430 13.117667 0.495000 0.095333 0.403333
980 13.179667 0.491667 0.042000 0.316667
367 13.260667 0.498333 0.138667 0.396667
695 13.417000 0.500000 0.188667 0.480000
58 13.523667 0.491667 0.043333 0.230000
820 13.584667 0.493333 0.094667 0.400000
848 13.682667 0.491667 0.114667 0.350000
68 13.781667 0.506667 0.102000 0.293333
592 13.915000 0.491667 0.179333 0.896667
98 14.078667 0.491667 0.168000 0.363333
600 14.214000 0.506667 0.117333 0.346667
533 14.315667 0.496667 0.104667 0.360000
588 14.406333 0.488333 0.092667 0.403333
157 14.510667 0.503333 0.132000 0.553333
284 14.629333 0.493333 0.122667 0.440000
451 14.716667 0.501667 0.066667 0.350000
879 14.812000 0.501667 0.137333 0.403333
328 14.955000 0.505000 0.167333 0.836667
527 15.085333 0.506667 0.109333 0.320000
696 15.204667 0.501667 0.149333 0.343333
163 15.354333 0.488333 0.166000 0.830000
391 15.533000 0.498333 0.211333 1.056667
694 15.672667 0.506667 0.082667 0.406667
218 15.744667 0.506667 0.081333 0.413333
23 15.848000 0.510000 0.145333 0.413333
209 15.952667 0.506667 0.081333 0.406667
401 16.028333 0.493333 0.090000 0.500000
340 16.112333 0.495000 0.098000 0.290000
705 16.206333 0.496667 0.104667 0.326667
858 16.296333 0.496667 0.092667 0.280000
940 16.356000 0.501667 0.045333 0.330000
327 16.430667 0.490000 0.121333 0.340000
1023 16.504667 0.495000 0.042667 0.350000
344 16.585333 0.488333 0.136000 0.370000
961 16.665333 0.506667 0.040000 0.300000
872 16.758667 0.488333 0.166667 0.490000
363 16.909333 0.490000 0.149333 0.473333
115 17.012000 0.498333 0.073333 0.403333
816 17.111333 0.500000 0.144000 0.433333
591 17.250000 0.495000 0.148000 0.423333
156 17.400333 0.501667 0.172667 0.463333
220 17.521000 0.498333 0.082000 0.410000
537 17.679000 0.498333 0.254000 0.403333
190 17.852667 0.510000 0.112000 0.460000
116 17.973667 0.505000 0.148667 0.470000
333 18.122667 0.496667 0.168000 0.420000
782 18.254667 0.501667 0.114667 0.536667
326 18.344333 0.498333 0.078000 0.356667
659 18.414333 0.500000 0.080667 0.326667
455 18.480000 0.501667 0.065333 0.330000
465 18.533000 0.498333 0.060667 0.316667
166 18.626000 0.488333 0.140000 0.490000
612 18.765667 0.501667 0.154000 0.416667
475 18.870000 0.495000 0.074667 0.416667
282 18.965000 0.491667 0.131333 0.450000
860 19.134000 0.503333 0.225333 1.126667
500 19.279667 0.500000 0.086000 0.426667
804 19.381667 0.496667 0.135333 0.400000
73 19.508667 0.508333 0.138667 0.443333
423 19.667333 0.496667 0.197333 0.986667
462 19.796333 0.506667 0.074000 0.446667
657 19.865667 0.493333 0.079333 0.326667
608 19.948667 0.508333 0.106667 0.396667
570 20.039333 0.508333 0.093333 0.390000
355 20.155333 0.510000 0.154667 0.473333
26 20.295667 0.500000 0.144667 0.486667
12 20.408667 0.501667 0.101333 0.330000
603 20.540667 0.510000 0.177333 0.373333
422 20.661667 0.510000 0.084667 0.306667
417 20.748000 0.500000 0.102667 0.493333
219 20.835333 0.490000 0.085333 0.406667
589 20.925000 0.495000 0.110000 0.436667
613 21.052333 0.488333 0.160667 0.430000
121 21.134667 0.506667 0.018667 0.340000
658 21.171000 0.488333 0.067333 0.403333
908 21.251333 0.491667 0.110667 0.416667
508 21.329667 0.510000 0.066000 0.340000
25 21.418333 0.490000 0.124667 0.433333
453 21.509000 0.510000 0.076667 0.420000
372 21.619000 0.498333 0.160667 0.443333
485 21.722000 0.505000 0.060000 0.323333
476 21.777000 0.488333 0.068667 0.370000
550 21.844667 0.491667 0.081333 0.403333
482 21.914333 0.488333 0.074000 0.396667
239 21.999000 0.503333 0.110000 0.686667
47 22.091667 0.491667 0.095333 0.456667
1005 22.146000 0.488333 0.032000 0.250000
467 22.191333 0.488333 0.078667 0.410000
983 22.242333 0.491667 0.039333 0.290000
857 22.343333 0.500000 0.178667 0.393333
540 22.512667 0.491667 0.173333 0.696667
811 22.664333 0.495000 0.146000 0.376667
414 22.793333 0.505000 0.129333 0.656667
889 22.911667 0.498333 0.123333 0.470000
66 23.007333 0.490000 0.082667 0.453333
827 23.098333 0.503333 0.114000 0.566667
246 23.212667 0.490000 0.129333 0.460000
594 23.317667 0.496667 0.098000 0.293333
227 23.410000 0.508333 0.101333 0.423333
757 23.525000 0.498333 0.142000 0.430000
225 23.648667 0.493333 0.125333 0.520000
702 23.774333 0.506667 0.146000 0.453333
135 23.902000 0.510000 0.128000 0.466667
914 24.010000 0.488333 0.104000 0.316667
30 24.115000 0.491667 0.122000 0.370000
83 24.209667 0.490000 0.080667 0.393333
169 24.300667 0.500000 0.120000 0.460000
354 24.407333 0.495000 0.109333 0.310000
362 24.514333 0.506667 0.124667 0.380000
516 24.623667 0.506667 0.108667 0.346667
969 24.686333 0.500000 0.030000 0.240000
480 24.727000 0.506667 0.068667 0.380000
723 24.816000 0.493333 0.126667 0.433333
397 24.912000 0.495000 0.080000 0.363333
149 25.038000 0.510000 0.190667 0.506667
426 25.154333 0.498333 0.059333 0.410000
704 25.244667 0.498333 0.138667 0.416667
442 25.340667 0.503333 0.066667 0.393333
20 25.416667 0.498333 0.101333 0.370000
70 25.535333 0.503333 0.150667 0.513333
543 25.697000 0.501667 0.191333 0.956667
710 25.873667 0.491667 0.182000 0.563333
195 26.006000 0.505000 0.096000 0.483333
621 26.074333 0.510000 0.060667 0.566667
320 26.146667 0.500000 0.100000 0.293333
837 26.238333 0.495000 0.098000 0.410000
364 26.370333 0.500000 0.179333 0.400000
408 26.493333 0.498333 0.080000 0.303333
846 26.568667 0.490000 0.088000 0.366667
369 26.676000 0.491667 0.140000 0.383333
892 26.816333 0.506667 0.155333 0.453333
4 26.932333 0.506667 0.096667 0.420000
675 27.031333 0.498333 0.121333 0.403333
324 27.161333 0.498333 0.158667 0.783333
626 27.304000 0.496667 0.146667 0.486667
504 27.439333 0.503333 0.137333 0.393333
751 27.551333 0.510000 0.101333 0.426667
652 27.672667 0.501667 0.160000 0.523333
906 27.813667 0.493333 0.136667 0.380000
931 27.888000 0.503333 0.030667 0.246667
722 27.967667 0.488333 0.142000 0.430000
1018 28.046000 0.488333 0.033333 0.256667
532 28.104000 0.508333 0.096000 0.483333
464 28.179000 0.506667 0.071333 0.406667
593 28.281667 0.488333 0.148667 0.436667
662 28.413000 0.501667 0.130000 0.423333
643 28.520333 0.493333 0.099333 0.346667
984 28.583333 0.496667 0.040000 0.333333
992 28.618000 0.505000 0.045333 0.330000
91 28.742333 0.493333 0.218000 0.460000
189 28.904667 0.488333 0.120000 0.490000
974 28.972667 0.505000 0.034667 0.283333
332 29.065667 0.491667 0.171333 0.856667
670 29.196333 0.498333 0.106000 0.343333
460 29.274333 0.498333 0.063333 0.323333
265 29.377000 0.491667 0.160667 0.803333
201 29.491333 0.505000 0.081333 0.410000
161 29.584000 0.501667 0.121333 0.470000
797 29.683333 0.488333 0.097333 0.370000
649 29.764667 0.496667 0.085333 0.486667
885 29.844000 0.508333 0.086667 0.383333
215 29.925667 0.488333 0.096667 0.396667
496 30.020000 0.498333 0.110667 0.423333
796 30.129333 0.496667 0.121333 0.420000
223 30.241000 0.495000 0.119333 0.510000
529 30.346333 0.510000 0.110000 0.413333
214 30.450667 0.495000 0.118667 0.510000
788 30.589333 0.496667 0.178667 0.893333
618 30.708333 0.506667 0.072667 0.413333
152 30.772333 0.488333 0.072667 0.330000
921 30.835333 0.503333 0.068000 0.393333
584 30.930667 0.505000 0.138667 0.403333
929 31.008000 0.498333 0.034667 0.283333
822 31.063333 0.500000 0.096000 0.320000
767 31.157667 0.506667 0.107333 0.306667
399 31.261000 0.508333 0.114000 0.390000
106 31.392667 0.503333 0.162667 0.353333
571 31.509000 0.501667 0.086000 0.356667
656 31.616333 0.508333 0.143333 0.343333
256 31.727667 0.498333 0.098000 0.350000
114 31.816333 0.491667 0.092667 0.456667
683 31.910333 0.501667 0.110000 0.356667
706 31.988333 0.506667 0.060667 0.306667
899 32.069333 0.496667 0.120000 0.313333
910 32.167667 0.498333 0.096667 0.296667
433 32.275333 0.506667 0.133333 0.280000
22 32.405333 0.490000 0.140000 0.473333
179 32.512333 0.500000 0.094000 0.346667
561 32.628000 0.505000 0.150667 0.356667
839 32.736333 0.498333 0.079333 0.390000
518 32.855667 0.491667 0.179333 0.896667
644 32.982333 0.491667 0.087333 0.436667
968 33.037333 0.493333 0.042667 0.313333
729 33.062333 0.490000 0.020667 0.300000
637 33.097667 0.500000 0.066000 0.340000
692 33.158667 0.510000 0.074667 0.366667
351 33.255667 0.491667 0.136667 0.396667
185 33.371667 0.488333 0.110000 0.443333
117 33.475667 0.506667 0.112667 0.333333
484 33.569667 0.506667 0.090000 0.360000
596 33.665333 0.503333 0.116000 0.360000
641 33.761667 0.506667 0.092667 0.433333
815 33.859667 0.506667 0.119333 0.273333
164 33.959000 0.496667 0.095333 0.333333
177 34.047667 0.503333 0.102000 0.386667
173 34.140000 0.508333 0.100000 0.456667
63 34.239667 0.490000 0.118000 0.420000
393 34.367333 0.501667 0.156000 0.476667
933 34.461000 0.488333 0.048667 0.350000
979 34.496000 0.491667 0.036000 0.276667
789 34.542667 0.488333 0.073333 0.443333
182 34.627333 0.506667 0.116000 0.406667
124 34.724000 0.503333 0.092000 0.340000
330 34.802000 0.496667 0.081333 0.306667
638 34.885333 0.498333 0.104000 0.416667
947 34.952667 0.493333 0.044000 0.340000
753 35.028000 0.490000 0.121333 0.446667
808 35.145667 0.505000 0.128667 0.476667
312 35.267333 0.495000 0.129333 0.463333
402 35.393333 0.510000 0.136000 0.353333
581 35.493000 0.488333 0.082000 0.356667
388 35.582333 0.493333 0.116667 0.353333
165 35.679333 0.490000 0.097333 0.360000
939 35.734333 0.493333 0.031333 0.260000
714 35.850667 0.506667 0.218667 1.093333
384 36.021333 0.501667 0.140000 0.370000
234 36.128000 0.503333 0.090667 0.373333
325 36.250333 0.493333 0.171333 0.586667
490 36.359333 0.510000 0.065333 0.333333
342 36.416000 0.488333 0.065333 0.303333
42 36.474000 0.506667 0.065333 0.373333
341 36.537667 0.510000 0.076667 0.320000
689 36.609667 0.505000 0.083333 0.403333
32 36.696667 0.500000 0.110667 0.373333
8 36.803000 0.503333 0.115333 0.433333
526 36.924000 0.503333 0.140000 0.386667
833 37.033333 0.490000 0.098667 0.406667
160 37.112667 0.493333 0.076000 0.433333
619 37.193667 0.506667 0.106000 0.560000
33 37.299333 0.493333 0.124000 0.393333
477 37.386667 0.495000 0.070667 0.376667
44 37.466000 0.491667 0.102667 0.403333
587 37.581667 0.510000 0.147333 0.440000
960 37.665333 0.510000 0.040000 0.286667
1009 37.693333 0.491667 0.036000 0.276667
454 37.747333 0.491667 0.088000 0.450000
1007 37.804333 0.496667 0.046000 0.340000
452 37.850000 0.501667 0.061333 0.316667
812 37.935000 0.488333 0.124667 0.356667
62 38.022667 0.500000 0.070667 0.346667
856 38.136667 0.500000 0.174667 0.440000
877 38.258667 0.508333 0.085333 0.430000
755 38.369333 0.500000 0.152000 0.433333
809 38.500333 0.495000 0.130000 0.696667
536 38.665333 0.503333 0.214667 1.073333
11 38.818000 0.495000 0.105333 0.370000
205 38.913333 0.510000 0.101333 0.406667
847 39.002667 0.510000 0.096000 0.320000
917 39.060333 0.488333 0.035333 0.250000
764 39.098667 0.495000 0.060000 0.310000
415 39.227333 0.490000 0.213333 1.066667
52 39.383333 0.496667 0.114667 0.400000
49 39.524000 0.490000 0.182667 0.913333
144 39.659333 0.508333 0.108000 0.503333
203 39.758333 0.490000 0.108667 0.546667
257 39.859333 0.505000 0.112000 0.336667
13 39.960333 0.488333 0.103333 0.330000
112 40.063000 0.498333 0.116667 0.390000
665 40.163000 0.488333 0.102000 0.383333
191 40.250333 0.496667 0.092667 0.373333
843 40.330000 0.506667 0.085333 0.426667
864 40.421667 0.510000 0.111333 0.446667
132 40.509333 0.488333 0.082667 0.356667
382 40.613667 0.506667 0.139333 0.366667
734 40.749667 0.495000 0.147333 0.396667
472 40.851333 0.490000 0.073333 0.386667
708 40.933000 0.508333 0.104667 0.436667
697 41.007667 0.495000 0.062000 0.310000
153 41.072333 0.490000 0.083333 0.373333
412 41.152333 0.491667 0.092667 0.463333
335 41.271000 0.508333 0.162000 0.510000
635 41.382000 0.491667 0.077333 0.316667
90 41.499000 0.498333 0.171333 0.856667
575 41.629667 0.496667 0.104667 0.346667
749 41.721333 0.498333 0.096000 0.410000
81 41.815667 0.505000 0.108667 0.430000
361 41.931333 0.506667 0.137333 0.433333
523 42.057667 0.501667 0.135333 0.443333
870 42.142333 0.490000 0.052667 0.280000
266 42.246667 0.510000 0.172000 0.860000
556 42.371333 0.493333 0.097333 0.406667
654 42.511667 0.501667 0.198000 0.356667
601 42.665667 0.508333 0.127333 0.390000
216 42.771667 0.491667 0.098000 0.403333
129 42.888333 0.491667 0.152667 0.570000
130 43.059333 0.490000 0.204000 0.466667
775 43.187667 0.488333 0.072667 0.363333
468 43.246000 0.491667 0.061333 0.316667
730 43.350000 0.500000 0.165333 0.600000
558 43.456000 0.501667 0.064000 0.310000
555 43.501333 0.508333 0.044000 0.416667
830 43.566333 0.496667 0.102000 0.473333
425 43.649000 0.493333 0.083333 0.460000
197 43.737000 0.501667 0.107333 0.443333
289 43.913667 0.490000 0.259333 0.506667
902 44.111000 0.506667 0.150000 0.406667
739 44.215333 0.488333 0.077333 0.543333
1022 44.262000 0.501667 0.033333 0.276667
339 44.310667 0.508333 0.081333 0.443333
721 44.412667 0.495000 0.140000 0.390000
771 44.525000 0.506667 0.104667 0.513333
990 44.585333 0.506667 0.034667 0.260000
678 44.659667 0.510000 0.131333 0.446667
966 44.740667 0.501667 0.045333 0.350000
548 44.816333 0.506667 0.123333 0.420000
43 44.911667 0.506667 0.087333 0.353333
100 45.033000 0.505000 0.174000 0.870000
972 45.133000 0.488333 0.043333 0.330000
300 45.181000 0.498333 0.068667 0.216667
471 45.242000 0.508333 0.069333 0.370000
200 45.322000 0.508333 0.105333 0.423333
956 45.390000 0.501667 0.046667 0.343333
221 45.452333 0.488333 0.092667 0.416667
925 45.514333 0.495000 0.044667 0.323333
866 45.615333 0.488333 0.170667 0.490000
997 45.714000 0.493333 0.041333 0.353333
269 45.811333 0.500000 0.166667 0.833333
896 45.975333 0.493333 0.176000 0.880000
420 46.099000 0.508333 0.084667 0.350000
371 46.204333 0.500000 0.140667 0.420000
347 46.321333 0.510000 0.113333 0.306667
267 46.457667 0.491667 0.176667 0.550000
932 46.558000 0.500000 0.044000 0.326667
993 46.590000 0.505000 0.036000 0.263333
194 46.657000 0.501667 0.116667 0.583333
944 46.720667 0.488333 0.030667 0.256667
210 46.773667 0.510000 0.094000 0.400000
9 46.855000 0.493333 0.086000 0.353333
988 46.910333 0.496667 0.044667 0.333333
509 46.974000 0.501667 0.098667 0.316667
1003 47.034333 0.503333 0.042000 0.320000
973 47.063333 0.498333 0.029333 0.256667
605 47.129000 0.488333 0.119333 0.316667
228 47.240333 0.505000 0.120667 0.483333
913 47.356667 0.503333 0.128000 0.386667
298 47.451667 0.510000 0.080667 0.413333
120 47.566333 0.491667 0.164667 0.823333
1011 47.658667 0.506667 0.037333 0.293333
85 47.725000 0.490000 0.110000 0.420000
962 47.791333 0.488333 0.037333 0.270000
684 47.854333 0.491667 0.103333 0.363333
975 47.917667 0.488333 0.042000 0.303333
919 47.965000 0.491667 0.066000 0.276667
904 48.037667 0.498333 0.095333 0.443333
577 48.119667 0.500000 0.086000 0.326667
365 48.243667 0.488333 0.179333 0.896667
427 48.386667 0.490000 0.125333 0.586667
517 48.509667 0.490000 0.138000 0.440000
942 48.590667 0.496667 0.042667 0.340000
21 48.652000 0.505000 0.096000 0.316667
875 48.777333 0.490000 0.173333 0.480000
122 48.904000 0.505000 0.093333 0.343333
314 49.004667 0.493333 0.125333 0.440000
813 49.120333 0.490000 0.119333 0.406667
519 49.242667 0.495000 0.138667 0.463333
150 49.368333 0.498333 0.128667 0.536667
959 49.449000 0.506667 0.047333 0.360000
736 49.497333 0.505000 0.065333 0.396667
852 49.581667 0.488333 0.119333 0.490000
707 49.698000 0.491667 0.126667 0.523333
15 49.801000 0.510000 0.094000 0.320000
610 49.904000 0.508333 0.126667 0.396667
395 50.055000 0.508333 0.188667 0.943333
926 50.157667 0.506667 0.035333 0.293333
94 50.279333 0.491667 0.226667 0.490000
299 50.433667 0.488333 0.099333 0.383333
850 50.521333 0.505000 0.090667 0.370000
646 50.608333 0.501667 0.099333 0.450000
861 50.671000 0.488333 0.040667 0.323333
145 50.719333 0.503333 0.070667 0.366667
432 50.819333 0.510000 0.145333 0.293333
718 50.962000 0.490000 0.154667 0.773333
800 51.088000 0.491667 0.116000 0.456667
777 51.195333 0.496667 0.116000 0.500000
313 51.304000 0.500000 0.118667 0.460000
146 51.402667 0.500000 0.094667 0.480000
951 51.465667 0.488333 0.047333 0.350000
660 51.535000 0.488333 0.110000 0.363333
538 51.683333 0.496667 0.204000 1.020000
416 51.831000 0.501667 0.106000 0.510000
965 51.890333 0.501667 0.032667 0.263333
158 52.007333 0.496667 0.220000 1.100000
108 52.219667 0.491667 0.223333 1.116667
726 52.375333 0.493333 0.102667 0.540000
133 52.470000 0.500000 0.105333 0.333333
271 52.597000 0.493333 0.167333 0.506667
293 52.709333 0.508333 0.073333 0.303333
760 52.800333 0.510000 0.128667 0.366667
679 52.902333 0.488333 0.095333 0.550000
254 53.018000 0.490000 0.156000 0.593333
886 53.186000 0.490000 0.196000 0.980000
207 53.319000 0.508333 0.086000 0.436667
138 53.389667 0.505000 0.070000 0.403333
946 53.436333 0.503333 0.043333 0.320000
381 53.507333 0.510000 0.116000 0.366667
615 53.670333 0.501667 0.227333 1.136667
406 53.828667 0.488333 0.108000 0.416667
632 53.961333 0.503333 0.172000 0.860000
817 54.102333 0.508333 0.123333 0.296667
334 54.234000 0.510000 0.160000 0.540000
270 54.406000 0.490000 0.201333 1.006667
273 54.527000 0.488333 0.058000 0.330000
750 54.606000 0.498333 0.118667 0.436667
622 54.741667 0.510000 0.167333 0.573333
238 54.920333 0.488333 0.207333 1.036667
188 55.075333 0.500000 0.121333 0.533333
336 55.186667 0.505000 0.114667 0.550000
421 55.314000 0.508333 0.157333 0.456667
887 55.459333 0.505000 0.148000 0.450000
0 55.553333 0.510000 0.056000 0.433333
183 55.632000 0.505000 0.117333 0.516667
732 55.723667 0.498333 0.086000 0.450000
512 55.810667 0.496667 0.101333 0.320000
206 55.911000 0.503333 0.115333 0.500000
794 55.996667 0.496667 0.073333 0.453333
261 56.134333 0.501667 0.220667 1.103333
494 56.277000 0.508333 0.083333 0.450000
437 56.354333 0.498333 0.090000 0.410000
935 56.416333 0.503333 0.050000 0.360000
35 56.483667 0.510000 0.102000 0.340000
407 56.565333 0.490000 0.081333 0.313333
249 56.632000 0.508333 0.072000 0.450000
290 56.730667 0.490000 0.145333 0.420000
134 56.844667 0.505000 0.098667 0.456667
560 56.985667 0.505000 0.203333 1.016667
855 57.111000 0.498333 0.062000 0.156667
321 57.179000 0.503333 0.088667 0.360000
773 57.312000 0.490000 0.192000 0.960000
799 57.439333 0.500000 0.078667 0.293333
918 57.535000 0.503333 0.127333 0.433333
720 57.675000 0.510000 0.168667 0.506667
444 57.783667 0.503333 0.067333 0.360000
501 57.848667 0.505000 0.081333 0.363333
260 57.937667 0.505000 0.115333 0.303333
647 58.026000 0.508333 0.081333 0.410000
562 58.150667 0.493333 0.185333 0.380000
429 58.292000 0.496667 0.116000 0.420000
828 58.388000 0.508333 0.090667 0.443333
677 58.482667 0.490000 0.118667 0.433333
762 58.577667 0.493333 0.087333 0.400000
319 58.663333 0.493333 0.098667 0.346667
598 58.760333 0.510000 0.114000 0.346667
765 58.840000 0.503333 0.065333 0.333333
791 58.898333 0.498333 0.066000 0.396667
168 58.989667 0.493333 0.136667 0.493333
934 59.068333 0.488333 0.035333 0.276667
740 59.137000 0.490000 0.120667 0.280000
143 59.229667 0.488333 0.083333 0.410000
901 59.323000 0.496667 0.123333 0.320000
653 59.442333 0.488333 0.130000 0.430000
2 59.533667 0.505000 0.067333 0.343333
447 59.601000 0.505000 0.082000 0.423333
67 59.733333 0.490000 0.201333 1.006667
204 59.868333 0.498333 0.083333 0.416667
766 59.964000 0.493333 0.121333 0.353333
513 60.086667 0.498333 0.137333 0.463333
648 60.183000 0.498333 0.072667 0.323333
36 60.273000 0.491667 0.126000 0.416667
259 60.375000 0.501667 0.091333 0.450000
356 60.477667 0.506667 0.127333 0.373333
196 60.590667 0.503333 0.114667 0.566667
903 60.716000 0.498333 0.150667 0.430000
818 60.854000 0.503333 0.141333 0.426667
488 60.953667 0.501667 0.074000 0.356667
728 61.010333 0.495000 0.059333 0.516667
761 61.085000 0.491667 0.110000 0.370000
481 61.165000 0.500000 0.070000 0.360000
836 61.241000 0.491667 0.098000 0.450000
905 61.366667 0.495000 0.169333 0.543333
564 61.526667 0.496667 0.170667 0.360000
780 61.663333 0.496667 0.118667 0.346667
172 61.780667 0.501667 0.134667 0.503333
963 61.855333 0.495000 0.033333 0.250000
119 61.900333 0.496667 0.075333 0.446667
987 61.954000 0.496667 0.050667 0.366667
938 61.996333 0.510000 0.047333 0.360000
778 62.061333 0.495000 0.102667 0.683333
547 62.141667 0.488333 0.075333 0.423333
884 62.234667 0.500000 0.126667 0.453333
419 62.341333 0.493333 0.104000 0.506667
636 62.440333 0.491667 0.107333 0.256667
949 62.511333 0.506667 0.048000 0.360000
948 62.548000 0.495000 0.045333 0.350000
61 62.600333 0.505000 0.079333 0.410000
655 62.683667 0.510000 0.100667 0.400000
690 62.770667 0.498333 0.086667 0.423333
59 62.889000 0.491667 0.164667 0.823333
27 63.024000 0.506667 0.122667 0.413333
56 63.105000 0.510000 0.059333 0.080000
976 63.142667 0.495000 0.036000 0.296667
186 63.214000 0.496667 0.124000 0.500000
459 63.308667 0.503333 0.078667 0.406667
779 63.361333 0.508333 0.044000 0.383333
912 63.411333 0.495000 0.073333 0.290000
505 63.478333 0.501667 0.076667 0.316667
137 63.538333 0.493333 0.056667 0.306667
307 63.594667 0.493333 0.073333 0.413333
233 63.673000 0.498333 0.096667 0.483333
235 63.776667 0.508333 0.125333 0.516667
952 63.850333 0.488333 0.035333 0.270000
759 63.916667 0.500000 0.116000 0.333333
489 63.995000 0.503333 0.056667 0.313333
280 64.081000 0.490000 0.132667 0.440000
806 64.245667 0.498333 0.216667 1.083333
888 64.414667 0.501667 0.138667 0.456667
1012 64.494333 0.506667 0.036667 0.306667
286 64.563333 0.506667 0.121333 0.446667
631 64.697333 0.498333 0.161333 0.536667
629 64.872000 0.506667 0.201333 1.006667
650 65.053333 0.493333 0.174667 0.566667
874 65.171667 0.501667 0.079333 0.383333
409 65.300000 0.490000 0.196000 0.980000
244 65.482000 0.490000 0.185333 0.513333
346 65.645333 0.493333 0.158667 0.793333
450 65.755667 0.508333 0.076667 0.456667
502 65.822333 0.496667 0.075333 0.340000
950 65.875000 0.508333 0.046000 0.343333
428 65.923000 0.508333 0.066000 0.456667
18 65.988000 0.498333 0.084000 0.296667
627 66.112000 0.495000 0.181333 0.616667
989 66.216000 0.505000 0.041333 0.336667
530 66.281000 0.488333 0.103333 0.516667
559 66.358000 0.500000 0.068000 0.333333
212 66.470333 0.505000 0.172667 0.863333
69 66.613000 0.505000 0.128667 0.630000
551 66.745667 0.498333 0.150000 0.470000
986 66.829667 0.508333 0.035333 0.270000
76 66.905000 0.495000 0.130000 0.403333
955 66.987333 0.510000 0.050667 0.373333
281 67.070667 0.490000 0.136000 0.473333
871 67.162000 0.503333 0.062667 0.333333
758 67.258667 0.505000 0.150667 0.436667
277 67.368000 0.490000 0.084000 0.386667
688 67.442333 0.498333 0.082000 0.403333
738 67.527667 0.505000 0.107333 0.470000
674 67.637333 0.505000 0.130667 0.436667
572 67.742000 0.488333 0.096000 0.383333
45 67.816000 0.496667 0.072000 0.360000
1014 67.865667 0.510000 0.043333 0.360000
825 67.934333 0.503333 0.112667 0.560000
31 68.053000 0.501667 0.139333 0.410000
295 68.159333 0.490000 0.088000 0.373333
945 68.218333 0.488333 0.043333 0.336667
374 68.298333 0.500000 0.132667 0.393333
661 68.405667 0.498333 0.099333 0.376667
503 68.506000 0.491667 0.114667 0.290000
977 68.573333 0.490000 0.036000 0.273333
392 68.639000 0.495000 0.111333 0.310000
262 68.752000 0.501667 0.133333 0.663333
742 68.918667 0.500000 0.214667 1.073333
793 69.071333 0.503333 0.106667 0.426667
497 69.187667 0.491667 0.142000 0.363333
801 69.303667 0.508333 0.104667 0.376667
737 69.375667 0.491667 0.052667 0.323333
75 69.460000 0.490000 0.132000 0.413333
716 69.620000 0.503333 0.201333 1.006667
457 69.746000 0.498333 0.064000 0.343333
985 69.787667 0.508333 0.038000 0.270000
478 69.838667 0.490000 0.077333 0.466667
276 69.893000 0.488333 0.047333 0.290000
849 69.950000 0.510000 0.081333 0.380000
456 70.023000 0.491667 0.079333 0.403333
495 70.091667 0.510000 0.071333 0.326667
104 70.198333 0.508333 0.162000 0.343333
252 70.343667 0.500000 0.146000 0.580000
498 70.434667 0.493333 0.053333 0.333333
574 70.490667 0.496667 0.073333 0.293333
614 70.626667 0.506667 0.216000 1.080000
703 70.838000 0.506667 0.222667 1.113333
507 70.975667 0.491667 0.068667 0.350000
105 71.097333 0.500000 0.193333 0.413333
253 71.213667 0.506667 0.058000 0.553333
71 71.268000 0.490000 0.070667 0.386667
832 71.352667 0.493333 0.114667 0.486667
53 71.461000 0.493333 0.115333 0.400000
552 71.533333 0.505000 0.046667 0.290000
199 71.598000 0.505000 0.100000 0.496667
907 71.694667 0.510000 0.108000 0.366667
606 71.812667 0.506667 0.144000 0.433333
506 71.896667 0.505000 0.042667 0.490000
786 71.939000 0.505000 0.062000 0.383333
338 72.015333 0.491667 0.110667 0.570000
927 72.083000 0.491667 0.042000 0.316667
967 72.114333 0.496667 0.040667 0.320000
213 72.183333 0.490000 0.114667 0.520000
50 72.305333 0.506667 0.142667 0.453333
275 72.407000 0.495000 0.074000 0.416667
669 72.491667 0.500000 0.114000 0.380000
1000 72.554333 0.505000 0.028667 0.243333
396 72.643667 0.490000 0.166000 0.480000
1002 72.740333 0.508333 0.046000 0.356667
891 72.780333 0.500000 0.048667 0.240000
569 72.837333 0.510000 0.080000 0.326667
1020 72.892333 0.491667 0.044667 0.350000
493 72.942667 0.510000 0.069333 0.340000
633 73.081000 0.488333 0.222000 0.663333
814 73.246333 0.503333 0.126000 0.420000
625 73.399000 0.506667 0.194000 0.646667
192 73.567333 0.500000 0.156000 0.780000
329 73.709333 0.506667 0.146667 0.493333
242 73.829667 0.496667 0.112667 0.433333
733 73.914000 0.488333 0.076000 0.463333
95 74.044000 0.510000 0.197333 0.986667
876 74.209667 0.508333 0.147333 0.396667
109 74.364333 0.488333 0.175333 0.876667
964 74.462333 0.495000 0.038000 0.290000
65 74.512667 0.495000 0.076000 0.190000
805 74.625667 0.491667 0.166000 0.830000
630 74.795000 0.508333 0.188667 0.630000
996 74.901333 0.510000 0.042667 0.340000
7 74.967000 0.503333 0.103333 0.333333
525 75.064000 0.498333 0.109333 0.370000
350 75.192333 0.488333 0.164667 0.823333
691 75.313333 0.510000 0.092000 0.453333
724 75.404000 0.495000 0.102667 0.390000
303 75.483000 0.498333 0.068667 0.390000
754 75.585667 0.491667 0.151333 0.736667
60 75.686667 0.501667 0.065333 0.270000
620 75.812333 0.488333 0.204667 1.023333
920 75.956667 0.505000 0.101333 0.370000
854 76.082667 0.488333 0.168000 0.516667
970 76.174333 0.510000 0.035333 0.293333
418 76.237667 0.500000 0.106000 0.513333
599 76.347000 0.498333 0.132667 0.396667
40 76.457000 0.496667 0.107333 0.340000
602 76.573000 0.491667 0.144667 0.436667
752 76.666000 0.501667 0.058667 0.156667
745 76.742667 0.510000 0.109333 0.406667
184 76.829000 0.493333 0.082000 0.373333
844 76.920667 0.493333 0.118667 0.493333
924 76.992000 0.500000 0.042667 0.306667
623 77.087667 0.501667 0.163333 0.530000
89 77.242333 0.491667 0.163333 0.816667
535 77.411333 0.498333 0.193333 0.410000
731 77.543333 0.500000 0.090667 0.460000
469 77.620000 0.495000 0.076000 0.456667
440 77.688333 0.495000 0.078000 0.416667
292 77.772000 0.493333 0.106667 0.426667
379 77.883667 0.500000 0.132667 0.353333
803 78.008667 0.510000 0.133333 0.380000
580 78.155333 0.496667 0.173333 0.426667
28 78.285000 0.501667 0.104667 0.356667
873 78.377667 0.508333 0.098000 0.430000
611 78.456333 0.505000 0.079333 0.336667
250 78.578000 0.490000 0.180000 0.900000
57 78.684667 0.500000 0.048000 0.226667
776 78.766333 0.495000 0.132667 0.336667
687 78.860667 0.498333 0.074667 0.370000
231 78.949000 0.491667 0.115333 0.583333
915 79.040667 0.510000 0.082667 0.673333
597 79.126667 0.491667 0.106667 0.323333
595 79.234333 0.503333 0.122000 0.366667
263 79.368000 0.508333 0.165333 0.523333
701 79.537667 0.495000 0.191333 0.956667
311 79.668000 0.495000 0.085333 0.370000
348 79.765333 0.505000 0.128000 0.383333
798 79.863333 0.501667 0.084000 0.336667
981 79.912667 0.490000 0.033333 0.280000
682 79.977333 0.501667 0.116000 0.436667
841 80.067667 0.491667 0.084667 0.410000
628 80.183333 0.508333 0.166667 0.550000
383 80.342333 0.495000 0.166000 0.483333
534 80.454667 0.498333 0.078667 0.330000
795 80.522333 0.498333 0.074000 0.443333
251 80.589333 0.500000 0.073333 0.420000
387 80.695000 0.493333 0.158000 0.420000
175 80.812667 0.495000 0.096000 0.356667
715 80.936333 0.490000 0.166000 0.440000
869 81.047333 0.491667 0.070667 0.423333
883 81.177333 0.493333 0.204000 0.433333
819 81.344000 0.501667 0.142667 0.456667
821 81.452333 0.508333 0.092667 0.630000
46 81.521667 0.510000 0.066000 0.560000
1019 81.563667 0.500000 0.034000 0.266667
441 81.601667 0.496667 0.058000 0.313333
229 81.690333 0.508333 0.135333 0.550000
72 81.802333 0.488333 0.102000 0.490000
772 81.918667 0.490000 0.149333 0.460000
37 82.052333 0.488333 0.135333 0.456667
222 82.225667 0.488333 0.230000 1.150000
748 82.391000 0.493333 0.116667 0.400000
151 82.479667 0.505000 0.075333 0.363333
443 82.544000 0.493333 0.070667 0.420000
278 82.646667 0.495000 0.153333 0.463333
77 82.773000 0.508333 0.116667 0.290000
900 82.884333 0.498333 0.124667 0.350000
522 82.988333 0.495000 0.096667 0.303333
634 83.068000 0.500000 0.082667 0.346667
461 83.144667 0.496667 0.088000 0.440000
258 83.230667 0.496667 0.102667 0.333333
306 83.312667 0.500000 0.081333 0.460000
255 83.420333 0.495000 0.152667 0.583333
268 83.568333 0.495000 0.160667 0.803333
590 83.700333 0.501667 0.123333 0.463333
531 83.855333 0.505000 0.201333 0.463333
769 84.011000 0.505000 0.128667 0.363333
1001 84.088333 0.491667 0.044667 0.350000
305 84.141333 0.491667 0.078667 0.436667
125 84.229333 0.495000 0.112000 0.536667
640 84.307667 0.501667 0.059333 0.296667
448 84.360000 0.506667 0.060000 0.313333
686 84.421667 0.495000 0.078000 0.376667
1008 84.467333 0.500000 0.030667 0.260000
97 84.561667 0.498333 0.171333 0.856667
514 84.701333 0.505000 0.124000 0.416667
470 84.782000 0.488333 0.053333 0.296667
663 84.861667 0.490000 0.126000 0.413333
54 84.947667 0.508333 0.063333 0.370000
699 85.076000 0.496667 0.210667 1.053333
198 85.276667 0.503333 0.204000 1.020000
998 85.389000 0.490000 0.040667 0.300000
389 85.477000 0.501667 0.155333 0.776667
676 85.611667 0.490000 0.128667 0.433333
783 85.706000 0.496667 0.080000 0.440000
84 85.802333 0.495000 0.127333 0.356667
131 85.912000 0.510000 0.110667 0.433333
651 86.032333 0.510000 0.143333 0.466667
349 86.175333 0.498333 0.158667 0.476667
435 86.269000 0.488333 0.046000 0.243333
1013 86.300333 0.510000 0.035333 0.260000
248 86.344000 0.501667 0.069333 0.363333
317 86.432667 0.506667 0.124000 0.486667
717 86.593667 0.505000 0.215333 1.076667
685 86.741000 0.508333 0.095333 0.356667
566 86.832000 0.496667 0.101333 0.426667
982 86.897000 0.493333 0.042000 0.340000
624 87.023333 0.500000 0.230667 1.153333
1006 87.153667 0.501667 0.046000 0.336667
193 87.209667 0.506667 0.086000 0.353333
747 87.305333 0.505000 0.120000 0.483333
1021 87.370667 0.500000 0.029333 0.246667
247 87.413000 0.503333 0.074000 0.360000
583 87.464000 0.488333 0.046667 0.310000
898 87.536000 0.491667 0.116000 0.316667
410 87.628667 0.505000 0.085333 0.403333
936 87.681667 0.495000 0.039333 0.323333
746 87.758667 0.500000 0.128000 0.460000
865 87.872667 0.508333 0.117333 0.410000
922 87.940000 0.498333 0.036000 0.303333
291 88.003667 0.493333 0.108667 0.420000
110 88.103667 0.501667 0.107333 0.396667
617 88.200333 0.491667 0.103333 0.443333
16 88.304333 0.491667 0.120667 0.403333
681 88.379000 0.496667 0.047333 0.400000
24 88.464333 0.493333 0.139333 0.480000
790 88.564000 0.501667 0.076000 0.476667
863 88.638333 0.491667 0.090000 0.430000
937 88.692333 0.505000 0.034000 0.283333
102 88.778000 0.496667 0.157333 0.786667
264 88.924667 0.501667 0.152000 0.576667
711 89.079333 0.496667 0.173333 0.466667
424 89.232000 0.510000 0.145333 0.460000
671 89.341000 0.495000 0.090000 0.310000
167 89.432000 0.498333 0.110667 0.396667
667 89.536333 0.500000 0.114000 0.386667
436 89.647667 0.500000 0.123333 0.346667
909 89.756333 0.490000 0.107333 0.513333
126 89.889000 0.508333 0.178000 0.890000
578 90.023333 0.491667 0.104000 0.396667
294 90.183000 0.490000 0.235333 0.393333
510 90.349000 0.493333 0.110000 0.340000
394 90.457333 0.501667 0.124000 0.356667
78 90.588000 0.505000 0.157333 0.390000
360 90.722333 0.496667 0.127333 0.366667
545 90.828333 0.501667 0.104667 0.423333
39 90.919667 0.491667 0.095333 0.316667
565 91.025000 0.490000 0.132667 0.273333
323 91.173333 0.496667 0.181333 0.906667
400 91.279333 0.500000 0.048000 0.386667
368 91.370000 0.498333 0.149333 0.403333
958 91.454000 0.505000 0.033333 0.256667
544 91.513333 0.493333 0.104000 0.400000
34 91.619000 0.495000 0.127333 0.410000
118 91.728667 0.498333 0.110667 0.396667
576 91.829000 0.503333 0.110000 0.426667
553 91.943667 0.505000 0.134000 0.456667
744 92.062667 0.508333 0.124000 0.510000
563 92.206667 0.506667 0.182667 0.386667
607 92.352667 0.508333 0.124000 0.370000
51 92.471000 0.505000 0.132667 0.496667
978 92.543333 0.496667 0.029333 0.240000
521 92.621000 0.500000 0.143333 0.380000
187 92.741667 0.496667 0.118000 0.493333
859 92.859667 0.503333 0.135333 0.400000
178 92.971000 0.495000 0.103333 0.363333
585 93.071000 0.500000 0.115333 0.360000
14 93.172000 0.498333 0.102667 0.336667
288 93.286333 0.491667 0.144667 0.556667
127 93.453333 0.500000 0.206667 1.033333
404 93.592333 0.508333 0.091333 0.463333
511 93.677667 0.498333 0.095333 0.316667
894 93.789667 0.495000 0.144667 0.383333
953 93.871000 0.490000 0.032667 0.260000
162 93.935333 0.493333 0.109333 0.386667
243 94.070333 0.503333 0.179333 0.633333
103 94.269333 0.490000 0.233333 0.493333
240 94.413333 0.493333 0.070667 0.340000
539 94.481667 0.503333 0.086000 0.386667
1010 94.538333 0.500000 0.044667 0.326667
17 94.611667 0.495000 0.118000 0.396667
999 94.685333 0.506667 0.044000 0.340000
991 94.718000 0.501667 0.040000 0.296667
236 94.780000 0.501667 0.101333 0.423333
6 94.867333 0.488333 0.092000 0.350000
19 94.951000 0.498333 0.088667 0.283333
487 95.026667 0.510000 0.076000 0.393333
272 95.128333 0.496667 0.140667 0.400000
642 95.240333 0.498333 0.096667 0.370000
868 95.326000 0.488333 0.093333 0.523333
224 95.419000 0.500000 0.110000 0.560000
807 95.573333 0.496667 0.212000 1.060000
768 95.711333 0.491667 0.081333 0.216667
693 95.785333 0.500000 0.082667 0.400000
567 95.867667 0.505000 0.099333 0.396667
274 95.971000 0.493333 0.120667 0.573333
463 96.052000 0.501667 0.058667 0.350000
174 96.178000 0.510000 0.212000 1.060000
322 96.315333 0.498333 0.081333 0.103333
524 96.411667 0.496667 0.130000 0.413333
826 96.509000 0.503333 0.079333 0.393333
309 96.572333 0.496667 0.062000 0.346667
241 96.638333 0.501667 0.088667 0.470000
86 96.728000 0.508333 0.110667 0.476667
297 96.809333 0.505000 0.066667 0.336667
74 96.910667 0.490000 0.149333 0.473333
785 97.015667 0.508333 0.079333 0.343333
113 97.146000 0.503333 0.197333 0.986667
787 97.273000 0.495000 0.075333 0.456667
48 97.419000 0.488333 0.232667 0.416667
139 97.562333 0.490000 0.067333 0.386667
403 97.679333 0.506667 0.180000 0.900000
128 97.843667 0.503333 0.168667 0.506667
954 97.940000 0.506667 0.042667 0.340000
373 98.030000 0.503333 0.156000 0.780000
802 98.192333 0.506667 0.184667 0.406667
438 98.357333 0.510000 0.164000 0.500000
473 98.461333 0.505000 0.061333 0.336667
486 98.523333 0.496667 0.078667 0.413333
431 98.601000 0.503333 0.092667 0.320000
343 98.712667 0.510000 0.149333 0.440000
528 98.832333 0.501667 0.110000 0.363333
380 98.944667 0.498333 0.134667 0.403333
202 99.059333 0.501667 0.113333 0.430000
911 99.149333 0.491667 0.086667 0.316667
41 99.252667 0.510000 0.134667 0.386667
10 99.367333 0.493333 0.112000 0.406667
310 99.449000 0.498333 0.070000 0.396667
756 99.527000 0.491667 0.106000 0.350000
867 99.628000 0.503333 0.116000 0.400000
446 99.706667 0.495000 0.060000 0.310000
542 99.807667 0.491667 0.162000 0.810000
287 99.931000 0.498333 0.098000 0.350000
390 100.042000 0.496667 0.144000 0.420000
176 100.168333 0.508333 0.123333 0.456667
586 100.292333 0.508333 0.142000 0.403333
232 100.405000 0.491667 0.102000 0.450000
208 100.488667 0.490000 0.081333 0.386667
87 100.623333 0.490000 0.205333 1.026667
713 100.797667 0.501667 0.158000 0.790000
582 100.938667 0.501667 0.142667 0.523333
492 101.034000 0.496667 0.068000 0.366667
79 101.174000 0.496667 0.228000 1.140000
842 101.332333 0.496667 0.106000 0.526667
123 101.435667 0.488333 0.114000 0.723333
672 101.545333 0.506667 0.118667 0.420000
353 101.696333 0.508333 0.196667 0.983333
92 101.890333 0.491667 0.207333 1.036667
211 102.039333 0.491667 0.106667 0.430000
491 102.133667 0.495000 0.099333 0.483333
411 102.254667 0.506667 0.162667 0.813333
434 102.385667 0.505000 0.112667 0.383333
140 102.547333 0.500000 0.224000 1.120000
29 102.719333 0.490000 0.138667 0.406667
829 102.827333 0.496667 0.097333 0.400000
881 102.925667 0.498333 0.112667 0.376667
474 103.001000 0.490000 0.056667 0.313333
279 103.077667 0.500000 0.110000 0.626667
499 103.152667 0.500000 0.053333 0.326667
378 103.255667 0.508333 0.166000 0.830000
741 103.386667 0.488333 0.110667 0.390000
