335 0.062000 0.506667 0.117333 0.386667
417 0.162667 0.495000 0.102667 0.490000
30 0.279667 0.491667 0.146000 0.430000
581 0.394667 0.496667 0.097333 0.460000
721 0.535000 0.508333 0.200667 0.510000
305 0.667333 0.503333 0.080000 0.453333
239 0.752000 0.495000 0.106667 0.656667
158 0.882333 0.501667 0.167333 0.516667
575 1.010000 0.490000 0.105333 0.346667
929 1.073333 0.500000 0.037333 0.280000
107 1.195667 0.491667 0.220667 1.103333
881 1.362667 0.490000 0.133333 0.446667
415 1.499667 0.493333 0.160667 0.553333
900 1.636667 0.490000 0.133333 0.353333
693 1.744667 0.498333 0.097333 0.470000
280 1.853333 0.500000 0.138667 0.453333
414 1.978000 0.506667 0.128000 0.640000
643 2.080667 0.510000 0.090667 0.340000
892 2.215000 0.500000 0.191333 0.553333
492 2.338000 0.496667 0.074667 0.353333
1014 2.386000 0.488333 0.040000 0.323333
261 2.490333 0.505000 0.187333 0.936667
347 2.658000 0.500000 0.165333 0.493333
559 2.763667 0.505000 0.066000 0.323333
318 2.847000 0.488333 0.115333 0.530000
576 2.945667 0.505000 0.100667 0.390000
837 3.029333 0.508333 0.082667 0.383333
483 3.096333 0.501667 0.067333 0.343333
278 3.187000 0.498333 0.132667 0.396667
886 3.339333 0.493333 0.190667 0.953333
358 3.542333 0.498333 0.230000 1.150000
258 3.702333 0.496667 0.103333 0.346667
333 3.855667 0.498333 0.216667 1.083333
678 4.008000 0.493333 0.105333 0.400000
607 4.112333 0.510000 0.123333 0.393333
327 4.238333 0.506667 0.143333 0.400000
879 4.376000 0.491667 0.145333 0.443333
329 4.529667 0.495000 0.179333 0.896667
903 4.668000 0.498333 0.110667 0.323333
236 4.771667 0.488333 0.115333 0.470000
127 4.892000 0.496667 0.145333 0.486667
429 5.004333 0.508333 0.099333 0.336667
766 5.106333 0.510000 0.123333 0.366667
477 5.199000 0.508333 0.075333 0.423333
103 5.331000 0.498333 0.206000 1.030000
407 5.466333 0.495000 0.083333 0.330000
220 5.550000 0.488333 0.104000 0.516667
369 5.678000 0.503333 0.166667 0.493333
99 5.847667 0.498333 0.190000 0.950000
549 5.993000 0.500000 0.114000 0.386667
1013 6.057667 0.496667 0.034000 0.280000
13 6.124000 0.495000 0.112000 0.363333
651 6.267000 0.505000 0.188667 0.943333
479 6.382000 0.503333 0.060000 0.360000
748 6.449333 0.510000 0.093333 0.326667
540 6.557667 0.506667 0.138000 0.500000
67 6.714000 0.503333 0.189333 0.946667
853 6.855667 0.488333 0.110000 0.516667
619 6.954667 0.491667 0.106667 0.556667
57 7.036333 0.498333 0.071333 0.323333
603 7.150667 0.510000 0.170667 0.386667
921 7.256667 0.508333 0.056000 0.330000
36 7.332667 0.505000 0.112000 0.403333
934 7.398333 0.491667 0.035333 0.276667
681 7.430000 0.495000 0.046667 0.390000
275 7.473333 0.498333 0.058667 0.370000
930 7.510333 0.496667 0.035333 0.293333
694 7.565333 0.495000 0.089333 0.436667
674 7.661667 0.505000 0.123333 0.430000
718 7.818333 0.503333 0.204667 0.566667
635 7.962000 0.500000 0.096000 0.400000
219 8.056000 0.488333 0.109333 0.456667
142 8.141333 0.506667 0.078667 0.380000
46 8.199667 0.501667 0.051333 0.416667
118 8.264667 0.491667 0.092000 0.356667
122 8.355333 0.501667 0.108000 0.410000
947 8.416667 0.510000 0.032000 0.253333
230 8.473333 0.501667 0.096000 0.370000
1004 8.530333 0.503333 0.035333 0.253333
432 8.606667 0.503333 0.137333 0.280000
467 8.702667 0.498333 0.074667 0.383333
858 8.779000 0.493333 0.096667 0.300000
615 8.890000 0.491667 0.145333 0.663333
156 9.040333 0.500000 0.174000 0.486667
636 9.190333 0.506667 0.143333 0.326667
596 9.325000 0.493333 0.139333 0.426667
701 9.479667 0.498333 0.188667 0.943333
196 9.613333 0.495000 0.094667 0.470000
169 9.704333 0.510000 0.102000 0.353333
314 9.808000 0.500000 0.125333 0.426667
62 9.911000 0.495000 0.099333 0.463333
556 9.996000 0.505000 0.089333 0.363333
901 10.114667 0.508333 0.165333 0.470000
865 10.233667 0.505000 0.087333 0.290000
348 10.330000 0.496667 0.121333 0.320000
712 10.485333 0.510000 0.202667 0.533333
157 10.643000 0.488333 0.131333 0.523333
418 10.739667 0.493333 0.078000 0.373333
77 10.843000 0.495000 0.142000 0.350000
420 10.953333 0.490000 0.093333 0.380000
968 11.008000 0.491667 0.032000 0.270000
75 11.087000 0.491667 0.144667 0.456667
89 11.260000 0.488333 0.217333 0.470000
672 11.410667 0.503333 0.101333 0.366667
981 11.471000 0.508333 0.039333 0.323333
227 11.534000 0.491667 0.106667 0.530000
682 11.636667 0.501667 0.112000 0.416667
238 11.765333 0.510000 0.161333 0.806667
972 11.855667 0.500000 0.039333 0.313333
391 11.936333 0.491667 0.139333 0.430000
5 12.045000 0.505000 0.094000 0.416667
176 12.146000 0.506667 0.126667 0.453333
764 12.243667 0.508333 0.086000 0.430000
246 12.343000 0.506667 0.130000 0.446667
163 12.514000 0.503333 0.229333 1.146667
577 12.664000 0.496667 0.088000 0.353333
68 12.772667 0.510000 0.144000 0.413333
480 12.878333 0.500000 0.080667 0.413333
1017 12.933333 0.501667 0.048000 0.363333
340 13.012000 0.490000 0.122667 0.366667
184 13.123000 0.498333 0.114000 0.576667
660 13.222000 0.510000 0.101333 0.320000
257 13.337000 0.490000 0.147333 0.440000
457 13.441000 0.500000 0.076667 0.393333
464 13.503000 0.500000 0.062000 0.326667
810 13.575333 0.508333 0.102667 0.470000
751 13.679000 0.506667 0.120667 0.500000
301 13.771000 0.498333 0.076667 0.430000
338 13.875000 0.500000 0.151333 0.780000
749 13.994000 0.510000 0.106667 0.460000
980 14.056333 0.496667 0.034000 0.266667
80 14.108667 0.488333 0.088000 0.450000
165 14.205000 0.491667 0.124667 0.436667
2 14.291667 0.493333 0.062000 0.320000
914 14.366000 0.490000 0.100000 0.300000
716 14.517000 0.488333 0.222000 1.110000
123 14.672333 0.505000 0.106000 0.650000
494 14.756000 0.498333 0.081333 0.383333
795 14.826000 0.505000 0.078667 0.470000
531 14.964667 0.496667 0.217333 1.086667
773 15.173000 0.488333 0.212667 1.063333
310 15.300000 0.503333 0.060000 0.340000
937 15.342667 0.488333 0.041333 0.296667
11 15.400000 0.500000 0.086667 0.286667
605 15.503000 0.490000 0.132667 0.346667
633 15.651667 0.508333 0.182000 0.510000
532 15.788333 0.498333 0.107333 0.543333
687 15.873000 0.488333 0.078000 0.383333
233 15.987000 0.498333 0.166000 0.830000
598 16.117000 0.503333 0.111333 0.333333
945 16.186000 0.506667 0.041333 0.340000
621 16.230000 0.493333 0.062667 0.620000
743 16.295333 0.506667 0.081333 0.346667
728 16.363667 0.506667 0.072667 0.633333
1011 16.412000 0.505000 0.038667 0.316667
474 16.459667 0.501667 0.070000 0.423333
608 16.546000 0.505000 0.122667 0.450000
343 16.654667 0.505000 0.108000 0.296667
217 16.752667 0.508333 0.102667 0.416667
440 16.834667 0.508333 0.077333 0.436667
87 16.978667 0.506667 0.225333 1.126667
74 17.156000 0.500000 0.149333 0.473333
834 17.276000 0.496667 0.110667 0.493333
922 17.342667 0.498333 0.038667 0.316667
831 17.405000 0.496667 0.102000 0.453333
778 17.484000 0.503333 0.076000 0.520000
969 17.528000 0.488333 0.032000 0.250000
423 17.609333 0.490000 0.146667 0.453333
788 17.766333 0.488333 0.180667 0.903333
864 17.900333 0.503333 0.102000 0.406667
493 17.980000 0.510000 0.076000 0.406667
591 18.090000 0.510000 0.161333 0.460000
248 18.201333 0.506667 0.077333 0.413333
486 18.263333 0.508333 0.066667 0.383333
316 18.341000 0.503333 0.107333 0.420000
455 18.418333 0.496667 0.060667 0.320000
948 18.462333 0.495000 0.043333 0.316667
861 18.502667 0.510000 0.056000 0.433333
517 18.569000 0.508333 0.096667 0.323333
654 18.735333 0.488333 0.253333 0.463333
954 18.875667 0.496667 0.042000 0.340000
412 18.937000 0.496667 0.098000 0.500000
231 19.021000 0.501667 0.086000 0.363333
187 19.102000 0.500000 0.092000 0.366667
805 19.244333 0.491667 0.208667 1.043333
839 19.391667 0.491667 0.099333 0.516667
413 19.494000 0.496667 0.122667 0.520000
344 19.622333 0.490000 0.151333 0.433333
522 19.753667 0.503333 0.131333 0.440000
386 19.864333 0.491667 0.106000 0.323333
573 19.953333 0.500000 0.092000 0.360000
120 20.093667 0.508333 0.206000 1.030000
64 20.218000 0.491667 0.057333 0.316667
919 20.270333 0.491667 0.066000 0.283333
162 20.362000 0.493333 0.137333 0.500000
95 20.526000 0.503333 0.210667 0.453333
245 20.654333 0.501667 0.059333 0.303333
21 20.718667 0.493333 0.084000 0.300000
770 20.835667 0.505000 0.167333 0.836667
359 20.997333 0.493333 0.174667 0.873333
441 21.111000 0.490000 0.068667 0.353333
134 21.192667 0.490000 0.113333 0.446667
691 21.287333 0.510000 0.089333 0.440000
151 21.355667 0.508333 0.063333 0.303333
551 21.443667 0.496667 0.128667 0.433333
520 21.563667 0.506667 0.127333 0.406667
692 21.655667 0.490000 0.074000 0.366667
953 21.703667 0.510000 0.035333 0.273333
653 21.790000 0.491667 0.153333 0.490000
397 21.897667 0.488333 0.078000 0.323333
293 21.969000 0.495000 0.079333 0.323333
328 22.091667 0.491667 0.186000 0.930000
456 22.215333 0.505000 0.078667 0.410000
307 22.285000 0.505000 0.076667 0.430000
815 22.379667 0.495000 0.132667 0.450000
829 22.496000 0.501667 0.116000 0.556667
638 22.596667 0.510000 0.102667 0.400000
244 22.711000 0.510000 0.144667 0.400000
622 22.881667 0.491667 0.211333 1.056667
565 23.069000 0.498333 0.182000 0.370000
800 23.196000 0.496667 0.090667 0.366667
514 23.286333 0.508333 0.103333 0.343333
505 23.362333 0.496667 0.067333 0.280000
789 23.422333 0.498333 0.068667 0.416667
926 23.466667 0.493333 0.040000 0.306667
684 23.519333 0.493333 0.085333 0.286667
458 23.592000 0.508333 0.074667 0.390000
769 23.688333 0.506667 0.132667 0.386667
889 23.804000 0.493333 0.118667 0.426667
746 23.905667 0.505000 0.102000 0.350000
387 24.016333 0.501667 0.134000 0.416667
311 24.121333 0.498333 0.090667 0.390000
580 24.226667 0.496667 0.140000 0.340000
364 24.356000 0.508333 0.137333 0.296667
923 24.436333 0.506667 0.040667 0.313333
372 24.508667 0.490000 0.117333 0.360000
714 24.651333 0.505000 0.186667 0.510000
339 24.774000 0.491667 0.078667 0.390000
365 24.863333 0.508333 0.118667 0.316667
110 24.986333 0.506667 0.140667 0.506667
793 25.102000 0.495000 0.109333 0.450000
673 25.213333 0.506667 0.132000 0.426667
78 25.348333 0.501667 0.156667 0.783333
933 25.441333 0.490000 0.049333 0.366667
686 25.505000 0.505000 0.098000 0.476667
93 25.648333 0.490000 0.207333 0.433333
547 25.780000 0.503333 0.074667 0.420000
235 25.866667 0.496667 0.113333 0.566667
817 25.979667 0.510000 0.126000 0.293333
206 26.096333 0.503333 0.124667 0.520000
782 26.205000 0.496667 0.106000 0.480000
629 26.344000 0.488333 0.190667 0.630000
361 26.498333 0.501667 0.138000 0.430000
205 26.612333 0.505000 0.103333 0.463333
796 26.770333 0.508333 0.230000 1.150000
1023 26.896333 0.495000 0.039333 0.316667
193 26.947333 0.488333 0.080000 0.396667
661 27.031333 0.505000 0.106667 0.363333
909 27.114000 0.496667 0.074667 0.326667
650 27.252000 0.493333 0.216000 1.080000
400 27.381333 0.501667 0.057333 0.450000
842 27.459000 0.498333 0.114000 0.476667
545 27.559333 0.498333 0.104000 0.390000
133 27.655000 0.496667 0.103333 0.320000
878 27.738000 0.506667 0.080000 0.413333
92 27.864333 0.491667 0.187333 0.936667
762 27.982333 0.501667 0.067333 0.296667
523 28.053667 0.508333 0.094000 0.316667
753 28.174667 0.500000 0.162667 0.586667
9 28.288333 0.505000 0.080667 0.330000
924 28.334667 0.510000 0.029333 0.253333
313 28.397000 0.496667 0.108667 0.413333
688 28.477000 0.496667 0.071333 0.346667
256 28.557000 0.498333 0.108667 0.363333
491 28.649000 0.490000 0.095333 0.466667
543 28.787333 0.505000 0.194667 0.596667
771 28.926000 0.506667 0.101333 0.493333
530 29.009667 0.501667 0.079333 0.396667
873 29.089000 0.491667 0.096667 0.423333
840 29.176667 0.500000 0.097333 0.400000
459 29.245333 0.506667 0.060000 0.333333
555 29.281667 0.500000 0.030000 0.306667
657 29.339667 0.493333 0.100667 0.413333
393 29.446667 0.490000 0.128000 0.380000
802 29.594667 0.501667 0.186667 0.390000
703 29.735667 0.503333 0.111333 0.406667
282 29.848667 0.500000 0.134667 0.460000
685 29.958333 0.506667 0.103333 0.420000
882 30.060333 0.505000 0.116667 0.470000
896 30.186667 0.505000 0.149333 0.443333
915 30.297000 0.503333 0.084667 0.693333
379 30.396333 0.508333 0.130000 0.370000
194 30.508000 0.490000 0.112000 0.473333
481 30.596000 0.496667 0.081333 0.420000
31 30.705667 0.498333 0.156667 0.783333
655 30.817667 0.503333 0.087333 0.353333
871 30.880333 0.508333 0.054000 0.290000
656 30.979667 0.510000 0.158000 0.366667
825 31.098667 0.490000 0.096000 0.400000
836 31.183667 0.503333 0.090000 0.373333
90 31.322000 0.493333 0.204000 1.020000
126 31.480000 0.493333 0.125333 0.420000
683 31.618000 0.493333 0.169333 0.846667
742 31.771000 0.498333 0.156667 0.650000
713 31.923000 0.498333 0.162000 0.403333
60 32.031000 0.498333 0.074000 0.316667
768 32.096667 0.500000 0.076000 0.213333
578 32.168000 0.501667 0.082667 0.316667
91 32.304667 0.503333 0.205333 1.026667
321 32.450667 0.503333 0.106667 0.526667
428 32.537000 0.498333 0.086000 0.576667
12 32.622000 0.508333 0.104000 0.336667
180 32.772000 0.490000 0.210667 1.053333
1010 32.888000 0.508333 0.036000 0.290000
867 32.949667 0.506667 0.104667 0.353333
298 33.027000 0.505000 0.068667 0.350000
644 33.094333 0.500000 0.083333 0.380000
130 33.206667 0.506667 0.161333 0.333333
271 33.353667 0.493333 0.147333 0.460000
599 33.489000 0.505000 0.142000 0.443333
213 33.603000 0.496667 0.103333 0.413333
45 33.681667 0.488333 0.067333 0.336667
958 33.732667 0.491667 0.048000 0.370000
384 33.812667 0.493333 0.132000 0.366667
116 33.931333 0.500000 0.122667 0.373333
175 34.046667 0.508333 0.121333 0.423333
105 34.217000 0.496667 0.232667 0.500000
25 34.376667 0.491667 0.102667 0.376667
792 34.465667 0.505000 0.090000 0.370000
109 34.605000 0.488333 0.202000 1.010000
300 34.726667 0.488333 0.058667 0.190000
587 34.824333 0.508333 0.152667 0.470000
641 34.935000 0.505000 0.083333 0.390000
715 35.069000 0.508333 0.200667 1.003333
19 35.216667 0.501667 0.108000 0.403333
521 35.342000 0.506667 0.156000 0.413333
803 35.479000 0.493333 0.134000 0.400000
179 35.596000 0.495000 0.114667 0.423333
649 35.703333 0.505000 0.116000 0.603333
484 35.814000 0.493333 0.118667 0.500000
20 35.918667 0.495000 0.109333 0.356667
558 36.007333 0.496667 0.088000 0.433333
950 36.060333 0.506667 0.032667 0.246667
857 36.144333 0.501667 0.155333 0.776667
841 36.276667 0.501667 0.129333 0.536667
518 36.382333 0.496667 0.096667 0.300000
624 36.536333 0.501667 0.224667 1.123333
319 36.688333 0.490000 0.099333 0.360000
264 36.786000 0.496667 0.110667 0.420000
370 36.945667 0.495000 0.226000 1.130000
586 37.148333 0.488333 0.192667 0.963333
203 37.295667 0.508333 0.116667 0.476667
727 37.378000 0.510000 0.066667 0.306667
312 37.457333 0.495000 0.108000 0.383333
366 37.570667 0.508333 0.138667 0.376667
784 37.657000 0.505000 0.054000 0.416667
671 37.731667 0.488333 0.112667 0.363333
632 37.873667 0.505000 0.184667 0.603333
49 38.029667 0.501667 0.146000 0.730000
996 38.113000 0.488333 0.034000 0.270000
132 38.154000 0.505000 0.068000 0.283333
663 38.226000 0.503333 0.093333 0.346667
79 38.375333 0.510000 0.225333 1.126667
70 38.544667 0.491667 0.128000 0.456667
268 38.685667 0.488333 0.172667 0.863333
639 38.803333 0.503333 0.077333 0.386667
666 38.885000 0.488333 0.100667 0.350000
942 38.949667 0.510000 0.046000 0.353333
170 39.026000 0.495000 0.124000 0.443333
1001 39.097333 0.508333 0.038667 0.283333
405 39.156667 0.493333 0.098667 0.386667
846 39.251667 0.506667 0.110000 0.506667
897 39.376000 0.488333 0.156000 0.416667
39 39.500000 0.503333 0.108000 0.340000
336 39.596000 0.493333 0.100000 0.466667
988 39.661333 0.506667 0.046667 0.346667
399 39.736333 0.493333 0.118000 0.400000
121 39.794000 0.508333 0.017333 0.316667
287 39.856000 0.506667 0.120000 0.453333
563 39.973333 0.503333 0.132000 0.300000
355 40.115000 0.491667 0.168667 0.843333
353 40.250000 0.493333 0.117333 0.320000
29 40.367333 0.506667 0.134667 0.393333
297 40.465333 0.503333 0.080000 0.406667
326 40.536667 0.510000 0.082667 0.373333
232 40.622667 0.506667 0.105333 0.420000
564 40.746000 0.491667 0.161333 0.363333
513 40.874667 0.495000 0.114667 0.370000
262 40.967667 0.495000 0.087333 0.450000
736 41.034333 0.496667 0.066000 0.393333
174 41.117333 0.508333 0.118667 0.450000
164 41.249667 0.508333 0.164667 0.823333
150 41.390333 0.498333 0.131333 0.503333
880 41.507333 0.491667 0.118667 0.383333
247 41.613333 0.501667 0.109333 0.430000
241 41.703333 0.498333 0.084000 0.470000
65 41.777000 0.506667 0.076667 0.193333
698 41.836667 0.506667 0.058667 0.313333
426 41.884333 0.510000 0.051333 0.353333
380 41.976333 0.488333 0.146000 0.450000
524 42.088333 0.503333 0.095333 0.293333
813 42.200000 0.498333 0.144000 0.336667
574 42.312333 0.488333 0.100667 0.403333
1 42.388000 0.503333 0.064000 0.320000
888 42.492000 0.503333 0.157333 0.786667
544 42.600667 0.508333 0.080000 0.290000
141 42.680333 0.506667 0.099333 0.426667
755 42.779000 0.505000 0.118000 0.403333
140 42.940000 0.490000 0.221333 1.106667
281 43.091000 0.505000 0.100667 0.350000
832 43.187667 0.490000 0.112667 0.460000
908 43.292333 0.501667 0.110000 0.416667
173 43.381333 0.496667 0.085333 0.386667
939 43.434667 0.491667 0.041333 0.323333
363 43.505667 0.510000 0.119333 0.353333
410 43.612333 0.508333 0.107333 0.496667
975 43.677333 0.488333 0.042667 0.316667
240 43.727333 0.510000 0.073333 0.366667
422 43.803667 0.503333 0.092667 0.353333
131 43.945000 0.505000 0.207333 1.036667
723 44.090333 0.498333 0.096667 0.336667
731 44.170667 0.498333 0.078667 0.383333
767 44.273000 0.493333 0.146000 0.420000
744 44.420000 0.496667 0.161333 0.660000
27 44.568333 0.488333 0.151333 0.510000
42 44.668333 0.498333 0.064667 0.363333
234 44.736000 0.510000 0.090667 0.400000
775 44.817667 0.488333 0.090000 0.416667
320 44.912333 0.510000 0.114000 0.333333
10 45.020000 0.500000 0.120000 0.413333
946 45.088667 0.495000 0.037333 0.276667
904 45.131000 0.501667 0.062000 0.290000
868 45.188333 0.488333 0.071333 0.403333
108 45.314667 0.496667 0.196000 0.980000
102 45.502333 0.488333 0.194000 0.970000
33 45.644667 0.500000 0.109333 0.393333
542 45.760000 0.503333 0.137333 0.513333
8 45.866000 0.490000 0.090667 0.360000
606 45.957333 0.490000 0.112000 0.333333
342 46.042333 0.491667 0.071333 0.336667
759 46.136333 0.495000 0.134000 0.396667
952 46.212000 0.510000 0.032000 0.246667
189 46.277333 0.495000 0.114667 0.463333
172 46.385667 0.498333 0.120667 0.443333
845 46.485667 0.495000 0.098000 0.483333
985 46.546333 0.498333 0.038000 0.316667
932 46.574333 0.508333 0.035333 0.263333
808 46.642333 0.488333 0.120667 0.450000
799 46.755667 0.505000 0.122000 0.456667
940 46.826667 0.506667 0.034667 0.266667
249 46.876667 0.500000 0.084000 0.540000
192 46.966667 0.493333 0.116000 0.473333
593 47.096000 0.503333 0.157333 0.453333
776 47.238667 0.505000 0.148000 0.376667
58 47.332000 0.498333 0.053333 0.336667
772 47.443333 0.510000 0.182667 0.526667
104 47.638000 0.500000 0.220000 1.100000
561 47.809333 0.506667 0.140000 0.346667
402 47.958667 0.488333 0.178667 0.463333
124 48.090000 0.505000 0.102667 0.403333
252 48.206333 0.503333 0.150000 0.600000
446 48.300333 0.506667 0.058000 0.313333
273 48.345667 0.498333 0.048667 0.323333
1015 48.383667 0.505000 0.042000 0.303333
495 48.442667 0.488333 0.092000 0.436667
115 48.515667 0.496667 0.068667 0.333333
191 48.600333 0.498333 0.116667 0.516667
906 48.730333 0.505000 0.160667 0.436667
15 48.852667 0.490000 0.098667 0.340000
276 48.925000 0.488333 0.063333 0.383333
747 48.989667 0.496667 0.083333 0.360000
461 49.065000 0.488333 0.086000 0.436667
135 49.172000 0.498333 0.142667 0.416667
920 49.291333 0.500000 0.113333 0.426667
349 49.414667 0.493333 0.148000 0.406667
207 49.534000 0.500000 0.109333 0.513333
738 49.613667 0.500000 0.068667 0.340000
614 49.734333 0.491667 0.186000 0.483333
645 49.857667 0.488333 0.080667 0.370000
604 49.948333 0.493333 0.115333 0.360000
838 50.046000 0.490000 0.096000 0.393333
18 50.138667 0.491667 0.109333 0.356667
390 50.262000 0.498333 0.156000 0.436667
797 50.378000 0.503333 0.089333 0.346667
251 50.449000 0.506667 0.068667 0.393333
383 50.554667 0.496667 0.156000 0.780000
959 50.642000 0.495000 0.037333 0.276667
63 50.704333 0.501667 0.102000 0.363333
916 50.855333 0.493333 0.217333 1.086667
144 51.008000 0.510000 0.102667 0.446667
302 51.090667 0.508333 0.080000 0.450000
111 51.160667 0.490000 0.077333 0.360000
902 51.257000 0.500000 0.134000 0.386667
568 51.376000 0.490000 0.117333 0.586667
395 51.508667 0.493333 0.162667 0.473333
866 51.686667 0.496667 0.212000 1.060000
490 51.820333 0.506667 0.068667 0.406667
147 51.895000 0.500000 0.096667 0.513333
590 51.999000 0.488333 0.126000 0.410000
254 52.119667 0.488333 0.128667 0.490000
676 52.239000 0.500000 0.123333 0.406667
367 52.358000 0.505000 0.132000 0.403333
819 52.478333 0.506667 0.128667 0.393333
436 52.600000 0.495000 0.130667 0.383333
905 52.735000 0.490000 0.159333 0.513333
697 52.845667 0.505000 0.080667 0.403333
785 52.914000 0.490000 0.076000 0.326667
756 53.020333 0.491667 0.155333 0.450000
471 53.118667 0.505000 0.058667 0.316667
325 53.217667 0.488333 0.159333 0.670000
351 53.360333 0.493333 0.142000 0.400000
177 53.473667 0.495000 0.104667 0.370000
913 53.584333 0.493333 0.135333 0.426667
956 53.666333 0.510000 0.047333 0.360000
114 53.734667 0.505000 0.105333 0.523333
869 53.807667 0.501667 0.058000 0.370000
250 53.901667 0.500000 0.146000 0.693333
1012 53.988333 0.496667 0.046000 0.360000
562 54.067333 0.503333 0.130667 0.273333
957 54.142667 0.493333 0.036000 0.293333
890 54.199333 0.510000 0.097333 0.420000
218 54.340667 0.493333 0.201333 1.006667
84 54.479667 0.500000 0.096667 0.266667
284 54.589000 0.505000 0.140667 0.503333
538 54.743667 0.506667 0.184667 0.440000
354 54.885667 0.508333 0.114000 0.330000
965 54.956667 0.490000 0.041333 0.346667
404 55.018000 0.501667 0.097333 0.496667
98 55.150667 0.495000 0.181333 0.390000
993 55.251333 0.501667 0.038667 0.303333
435 55.290667 0.506667 0.058667 0.280000
398 55.349667 0.506667 0.076667 0.413333
72 55.419000 0.503333 0.078000 0.373333
733 55.495000 0.505000 0.094000 0.556667
283 55.600000 0.488333 0.133333 0.456667
403 55.757333 0.496667 0.196000 0.980000
149 55.950000 0.496667 0.205333 1.026667
88 56.127667 0.503333 0.163333 0.353333
190 56.259667 0.496667 0.120667 0.486667
779 56.334000 0.496667 0.041333 0.373333
69 56.395667 0.500000 0.102000 0.533333
44 56.505667 0.496667 0.131333 0.520000
503 56.635333 0.488333 0.145333 0.396667
911 56.758000 0.495000 0.114667 0.410000
389 56.901333 0.500000 0.189333 0.946667
381 57.065667 0.495000 0.155333 0.410000
452 57.165333 0.503333 0.061333 0.320000
469 57.223667 0.506667 0.070000 0.360000
722 57.311333 0.491667 0.124000 0.363333
852 57.420333 0.491667 0.108667 0.510000
804 57.539333 0.498333 0.145333 0.423333
401 57.642333 0.508333 0.079333 0.410000
847 57.738333 0.495000 0.127333 0.416667
705 57.848667 0.503333 0.113333 0.340000
856 57.974333 0.510000 0.155333 0.380000
24 58.114000 0.498333 0.138667 0.470000
195 58.222667 0.493333 0.092000 0.446667
963 58.286000 0.510000 0.048000 0.366667
47 58.359667 0.490000 0.119333 0.580000
898 58.475333 0.488333 0.132000 0.383333
798 58.572333 0.488333 0.079333 0.316667
445 58.635333 0.496667 0.064000 0.380000
708 58.709667 0.503333 0.102000 0.413333
489 58.781000 0.510000 0.059333 0.306667
893 58.909000 0.498333 0.214000 1.070000
499 59.030333 0.498333 0.047333 0.290000
960 59.070000 0.505000 0.045333 0.363333
689 59.125000 0.501667 0.084667 0.416667
71 59.196333 0.490000 0.076667 0.400000
546 59.269333 0.501667 0.084000 0.343333
534 59.358667 0.503333 0.109333 0.466667
876 59.491667 0.503333 0.171333 0.453333
139 59.604333 0.501667 0.068667 0.370000
408 59.672667 0.508333 0.085333 0.323333
152 59.740667 0.500000 0.069333 0.313333
100 59.853667 0.505000 0.176667 0.883333
377 60.004333 0.488333 0.138000 0.410000
961 60.086000 0.500000 0.042667 0.313333
777 60.157333 0.503333 0.117333 0.506667
664 60.265667 0.490000 0.116667 0.440000
168 60.379333 0.491667 0.130667 0.470000
197 60.486000 0.505000 0.098667 0.450000
166 60.579000 0.508333 0.104667 0.396667
966 60.644667 0.490000 0.042667 0.333333
583 60.688000 0.500000 0.057333 0.393333
999 60.729667 0.491667 0.039333 0.290000
23 60.819000 0.498333 0.152667 0.436667
411 60.979667 0.495000 0.188667 0.383333
472 61.100333 0.501667 0.066000 0.343333
860 61.242667 0.495000 0.238667 0.636667
696 61.417000 0.488333 0.126000 0.290000
167 61.523333 0.496667 0.105333 0.393333
706 61.597667 0.495000 0.060667 0.310000
376 61.712667 0.506667 0.184000 0.920000
971 61.818667 0.498333 0.041333 0.330000
843 61.880000 0.510000 0.098667 0.440000
717 62.011667 0.498333 0.184667 0.923333
720 62.168667 0.505000 0.145333 0.370000
510 62.305667 0.488333 0.144667 0.450000
907 62.428000 0.501667 0.114667 0.363333
883 62.563333 0.490000 0.170667 0.853333
812 62.703000 0.495000 0.122000 0.323333
570 62.809333 0.500000 0.104000 0.433333
279 62.906333 0.495000 0.110000 0.610000
341 62.992333 0.498333 0.079333 0.323333
322 63.075333 0.496667 0.104000 0.140000
816 63.190000 0.508333 0.145333 0.403333
473 63.301000 0.490000 0.090000 0.460000
292 63.408000 0.488333 0.144000 0.556667
137 63.503000 0.493333 0.066000 0.340000
739 63.568333 0.501667 0.080667 0.596667
830 63.657000 0.490000 0.110000 0.460000
835 63.760667 0.493333 0.114667 0.446667
872 63.888000 0.508333 0.153333 0.423333
552 63.984667 0.508333 0.057333 0.370000
928 64.025333 0.493333 0.040000 0.300000
128 64.136000 0.488333 0.194667 0.570000
360 64.296000 0.493333 0.144000 0.453333
612 64.447333 0.491667 0.172000 0.436667
646 64.573000 0.503333 0.094000 0.426667
82 64.642000 0.501667 0.061333 0.450000
485 64.705667 0.510000 0.083333 0.426667
289 64.839333 0.503333 0.204000 1.020000
1019 64.956333 0.508333 0.048667 0.350000
1006 64.994333 0.490000 0.047333 0.373333
453 65.047000 0.488333 0.075333 0.396667
680 65.133000 0.495000 0.111333 0.410000
416 65.225333 0.491667 0.086667 0.423333
627 65.366667 0.510000 0.210667 1.053333
833 65.525000 0.491667 0.122000 0.503333
780 65.640667 0.495000 0.129333 0.370000
188 65.741333 0.510000 0.092000 0.426667
794 65.812000 0.491667 0.065333 0.390000
81 65.882000 0.508333 0.093333 0.376667
106 66.029333 0.506667 0.217333 1.086667
434 66.183667 0.488333 0.110000 0.376667
936 66.250667 0.500000 0.037333 0.300000
726 66.306333 0.491667 0.091333 0.483333
41 66.400333 0.490000 0.112667 0.313333
259 66.551000 0.501667 0.202000 1.010000
346 66.704667 0.508333 0.118667 0.316667
419 66.801667 0.495000 0.090000 0.430000
918 66.892333 0.506667 0.110000 0.386667
350 67.017000 0.498333 0.156667 0.463333
704 67.156000 0.488333 0.140000 0.450000
225 67.264333 0.510000 0.096667 0.420000
557 67.340333 0.508333 0.072667 0.510000
983 67.390333 0.495000 0.047333 0.350000
470 67.439333 0.510000 0.070667 0.386667
463 67.501667 0.501667 0.074000 0.376667
625 67.609667 0.495000 0.160667 0.803333
679 67.721333 0.503333 0.078667 0.466667
757 67.808667 0.500000 0.116000 0.333333
910 67.911333 0.506667 0.102667 0.360000
52 67.997667 0.500000 0.090000 0.306667
827 68.076667 0.495000 0.086667 0.356667
735 68.187333 0.501667 0.154667 0.623333
974 68.275000 0.488333 0.035333 0.256667
17 68.330333 0.490000 0.094000 0.320000
185 68.418667 0.510000 0.100000 0.500000
200 68.509667 0.500000 0.102000 0.506667
178 68.665333 0.500000 0.222667 1.113333
818 68.824667 0.501667 0.110667 0.276667
987 68.887333 0.493333 0.032000 0.246667
951 68.914000 0.508333 0.040000 0.336667
433 68.998667 0.508333 0.146667 0.376667
826 69.115667 0.505000 0.107333 0.443333
786 69.194000 0.493333 0.064000 0.400000
820 69.258333 0.488333 0.083333 0.350000
487 69.333667 0.500000 0.080667 0.406667
439 69.426667 0.490000 0.120000 0.466667
451 69.515333 0.495000 0.070667 0.423333
208 69.596000 0.503333 0.108000 0.540000
851 69.684333 0.493333 0.083333 0.380000
447 69.762333 0.495000 0.086000 0.436667
874 69.843000 0.510000 0.094000 0.413333
465 69.918333 0.500000 0.074000 0.380000
527 70.025000 0.498333 0.159333 0.463333
811 70.174333 0.488333 0.152667 0.443333
112 70.314000 0.488333 0.145333 0.490000
368 70.432667 0.488333 0.109333 0.303333
814 70.538667 0.503333 0.116000 0.340000
260 70.660000 0.498333 0.144000 0.396667
269 70.796333 0.493333 0.148667 0.466667
272 70.938000 0.491667 0.152000 0.443333
0 71.023333 0.493333 0.036000 0.293333
285 71.098000 0.503333 0.133333 0.433333
385 71.221333 0.503333 0.128000 0.400000
978 71.300000 0.500000 0.049333 0.366667
592 71.421333 0.496667 0.213333 1.066667
677 71.572667 0.496667 0.108000 0.400000
48 71.725333 0.500000 0.210667 1.053333
652 71.890333 0.501667 0.138000 0.456667
597 72.006667 0.500000 0.112000 0.333333
496 72.113000 0.498333 0.116667 0.450000
482 72.194333 0.500000 0.060667 0.333333
53 72.273000 0.488333 0.115333 0.390000
550 72.354000 0.493333 0.060000 0.300000
700 72.479667 0.505000 0.208667 1.043333
855 72.615000 0.490000 0.076667 0.200000
541 72.731333 0.491667 0.172000 0.356667
783 72.860667 0.498333 0.101333 0.556667
613 72.989333 0.500000 0.172000 0.466667
912 73.121000 0.491667 0.108667 0.436667
424 73.245333 0.491667 0.158667 0.510000
253 73.339000 0.503333 0.044667 0.406667
22 73.416667 0.491667 0.130667 0.436667
243 73.573333 0.493333 0.201333 1.006667
589 73.717333 0.496667 0.102667 0.453333
512 73.819667 0.506667 0.115333 0.393333
667 73.923333 0.491667 0.105333 0.350000
979 73.987000 0.501667 0.042000 0.323333
277 74.035000 0.488333 0.070000 0.316667
584 74.173000 0.498333 0.219333 1.096667
1021 74.292667 0.490000 0.038667 0.280000
373 74.395333 0.500000 0.186667 0.933333
330 74.523667 0.500000 0.086000 0.333333
529 74.608000 0.491667 0.101333 0.483333
56 74.691000 0.503333 0.078000 0.126667
669 74.774000 0.496667 0.108000 0.386667
7 74.866333 0.506667 0.094000 0.306667
222 74.984000 0.500000 0.161333 0.806667
894 75.124000 0.488333 0.132000 0.343333
602 75.235000 0.500000 0.104667 0.320000
848 75.345000 0.500000 0.135333 0.446667
1009 75.425333 0.510000 0.045333 0.346667
724 75.485333 0.498333 0.089333 0.476667
935 75.540000 0.510000 0.040000 0.313333
662 75.610000 0.491667 0.120000 0.423333
309 75.699667 0.493333 0.075333 0.420000
299 75.785000 0.495000 0.112667 0.436667
296 75.879667 0.490000 0.091333 0.333333
642 75.973000 0.491667 0.110000 0.423333
32 76.073000 0.491667 0.107333 0.336667
535 76.192667 0.491667 0.149333 0.336667
984 76.279667 0.490000 0.038000 0.313333
117 76.350333 0.493333 0.116667 0.346667
801 76.461667 0.496667 0.122000 0.453333
171 76.563000 0.501667 0.094000 0.330000
850 76.660667 0.496667 0.117333 0.486667
994 76.729000 0.488333 0.039333 0.290000
616 76.819333 0.508333 0.154667 0.383333
554 76.955333 0.493333 0.132000 0.366667
409 77.122333 0.491667 0.215333 1.076667
450 77.255000 0.501667 0.063333 0.336667
444 77.314000 0.493333 0.070667 0.373333
295 77.409000 0.488333 0.132667 0.570000
601 77.529000 0.506667 0.126000 0.393333
709 77.626333 0.491667 0.082000 0.350000
294 77.745333 0.506667 0.174667 0.873333
186 77.888333 0.495000 0.126000 0.523333
659 77.994000 0.510000 0.098667 0.393333
337 78.131667 0.501667 0.191333 0.956667
725 78.287667 0.495000 0.135333 0.570000
526 78.417333 0.496667 0.138667 0.380000
571 78.520000 0.488333 0.085333 0.370000
611 78.609000 0.508333 0.106000 0.403333
931 78.673000 0.510000 0.040667 0.340000
371 78.760000 0.496667 0.152000 0.406667
989 78.845000 0.508333 0.038000 0.283333
849 78.912667 0.506667 0.114667 0.473333
143 79.013000 0.488333 0.104667 0.443333
388 79.117333 0.495000 0.124000 0.350000
421 79.254667 0.498333 0.168000 0.550000
1008 79.351000 0.488333 0.040667 0.296667
990 79.386667 0.510000 0.048000 0.360000
955 79.424667 0.505000 0.044000 0.356667
4 79.477000 0.495000 0.080667 0.310000
560 79.610333 0.493333 0.202000 0.666667
944 79.727667 0.508333 0.046000 0.336667
136 79.787667 0.495000 0.094000 0.423333
374 79.885000 0.505000 0.115333 0.336667
204 79.981000 0.493333 0.091333 0.453333
86 80.063667 0.503333 0.091333 0.413333
331 80.197000 0.488333 0.195333 0.976667
824 80.346667 0.500000 0.124000 0.506667
466 80.428667 0.495000 0.054667 0.290000
211 80.506333 0.500000 0.114000 0.480000
925 80.573333 0.503333 0.033333 0.253333
501 80.619667 0.493333 0.079333 0.353333
648 80.689667 0.498333 0.076667 0.330000
308 80.751333 0.503333 0.061333 0.346667
3 80.818667 0.503333 0.092000 0.426667
943 80.876000 0.490000 0.042667 0.320000
737 80.910667 0.488333 0.041333 0.310000
821 81.010000 0.493333 0.177333 0.886667
729 81.107333 0.488333 0.030667 0.430000
806 81.229000 0.510000 0.226000 0.600000
809 81.381000 0.496667 0.091333 0.486667
66 81.464333 0.496667 0.092667 0.520000
497 81.561667 0.493333 0.122000 0.326667
553 81.665667 0.508333 0.100667 0.350000
209 81.755000 0.490000 0.091333 0.380000
356 81.867667 0.496667 0.148667 0.426667
533 81.999000 0.495000 0.130000 0.443333
14 82.109000 0.501667 0.103333 0.336667
566 82.217667 0.508333 0.134000 0.550000
986 82.299333 0.506667 0.042667 0.326667
765 82.345333 0.503333 0.069333 0.326667
323 82.464667 0.496667 0.184000 0.360000
507 82.585000 0.488333 0.072667 0.370000
670 82.668667 0.508333 0.108000 0.356667
977 82.735000 0.503333 0.038000 0.286667
500 82.779667 0.491667 0.064667 0.290000
153 82.840333 0.506667 0.075333 0.340000
730 82.947000 0.501667 0.154000 0.550000
884 83.088333 0.488333 0.143333 0.483333
288 83.222667 0.490000 0.140000 0.520000
875 83.372667 0.510000 0.173333 0.866667
59 83.535667 0.496667 0.172667 0.433333
113 83.654333 0.490000 0.084667 0.420000
229 83.752333 0.505000 0.126000 0.523333
509 83.857000 0.493333 0.100667 0.320000
304 83.934333 0.493333 0.072667 0.413333
357 84.029667 0.503333 0.138000 0.413333
498 84.124667 0.495000 0.066667 0.396667
504 84.209333 0.488333 0.122667 0.363333
962 84.284667 0.506667 0.044000 0.326667
707 84.349000 0.491667 0.104667 0.463333
1002 84.415000 0.491667 0.042000 0.336667
844 84.477667 0.490000 0.098000 0.400000
519 84.577000 0.500000 0.120667 0.420000
760 84.690667 0.500000 0.122667 0.373333
442 84.783333 0.508333 0.078667 0.396667
1007 84.839000 0.488333 0.047333 0.350000
740 84.938667 0.493333 0.165333 0.373333
791 85.044000 0.508333 0.064000 0.376667
215 85.154000 0.490000 0.170667 0.853333
617 85.282000 0.503333 0.101333 0.426667
828 85.381000 0.501667 0.111333 0.556667
352 85.499000 0.490000 0.142000 0.393333
263 85.630333 0.500000 0.139333 0.460000
790 85.726333 0.501667 0.068667 0.423333
6 85.800000 0.510000 0.094667 0.373333
345 85.898000 0.510000 0.121333 0.373333
146 85.990333 0.496667 0.082000 0.386667
119 86.065000 0.493333 0.086000 0.506667
382 86.179333 0.505000 0.160000 0.470000
155 86.296667 0.503333 0.090667 0.466667
85 86.372000 0.510000 0.080000 0.313333
719 86.488667 0.506667 0.173333 0.866667
76 86.633000 0.501667 0.135333 0.416667
967 86.716667 0.490000 0.045333 0.353333
668 86.788333 0.506667 0.115333 0.393333
183 86.888000 0.493333 0.098667 0.406667
631 87.024333 0.496667 0.191333 0.646667
54 87.140333 0.505000 0.060667 0.350000
334 87.221667 0.508333 0.119333 0.423333
854 87.367667 0.495000 0.187333 0.936667
266 87.539333 0.510000 0.176000 0.880000
315 87.683333 0.491667 0.128000 0.476667
609 87.772667 0.491667 0.069333 0.290000
34 87.855000 0.493333 0.112667 0.360000
214 87.946000 0.508333 0.082667 0.410000
895 88.037333 0.495000 0.118667 0.323333
1003 88.108000 0.510000 0.040000 0.333333
823 88.161333 0.496667 0.080000 0.406667
537 88.307000 0.498333 0.230000 1.150000
101 88.519000 0.495000 0.211333 1.056667
443 88.645333 0.490000 0.060000 0.353333
430 88.726000 0.501667 0.118667 0.510000
515 88.844333 0.506667 0.136667 0.433333
502 88.951000 0.508333 0.094000 0.436667
1016 89.006000 0.496667 0.034667 0.280000
449 89.052333 0.493333 0.076667 0.453333
43 89.140667 0.505000 0.116000 0.456667
610 89.256333 0.488333 0.131333 0.403333
862 89.355333 0.493333 0.082667 0.400000
970 89.405667 0.496667 0.036667 0.293333
226 89.468667 0.493333 0.108000 0.446667
637 89.545000 0.503333 0.064667 0.333333
317 89.629000 0.505000 0.119333 0.443333
887 89.753000 0.498333 0.142000 0.436667
427 89.882667 0.506667 0.136000 0.633333
516 90.007667 0.506667 0.131333 0.420000
255 90.121667 0.505000 0.111333 0.423333
995 90.195667 0.493333 0.051333 0.366667
763 90.236333 0.505000 0.047333 0.356667
774 90.289333 0.495000 0.078667 0.463333
594 90.370000 0.505000 0.100000 0.296667
40 90.471333 0.491667 0.116000 0.383333
138 90.560667 0.510000 0.077333 0.413333
431 90.636000 0.488333 0.092000 0.296667
781 90.708667 0.488333 0.068000 0.356667
199 90.784000 0.503333 0.098667 0.453333
822 90.879667 0.500000 0.112667 0.406667
982 90.948667 0.505000 0.040000 0.323333
949 90.980000 0.501667 0.038667 0.290000
1000 91.018000 0.495000 0.050667 0.363333
475 91.067667 0.505000 0.067333 0.350000
702 91.164333 0.510000 0.142000 0.440000
265 91.315333 0.493333 0.177333 0.886667
26 91.460000 0.501667 0.126667 0.430000
37 91.562667 0.500000 0.096000 0.320000
600 91.665000 0.510000 0.127333 0.380000
997 91.739000 0.488333 0.040667 0.323333
536 91.849667 0.501667 0.194000 0.970000
732 91.982333 0.491667 0.090000 0.470000
478 92.049000 0.491667 0.062000 0.343333
448 92.110333 0.503333 0.074000 0.420000
917 92.166000 0.490000 0.050667 0.360000
392 92.243667 0.490000 0.123333 0.340000
734 92.379667 0.506667 0.167333 0.453333
396 92.514000 0.503333 0.114667 0.326667
927 92.588333 0.503333 0.047333 0.360000
73 92.671000 0.500000 0.131333 0.400000
97 92.833333 0.506667 0.213333 1.066667
148 93.005333 0.493333 0.150667 0.426667
160 93.102333 0.503333 0.060667 0.320000
623 93.205333 0.491667 0.160000 0.523333
267 93.353333 0.491667 0.150667 0.463333
690 93.472667 0.510000 0.105333 0.513333
569 93.568000 0.505000 0.104000 0.430000
628 93.707000 0.488333 0.191333 0.630000
572 93.842333 0.505000 0.098000 0.383333
306 93.917667 0.490000 0.066000 0.366667
96 94.020333 0.498333 0.158000 0.790000
618 94.125667 0.491667 0.071333 0.470000
634 94.191000 0.495000 0.079333 0.323333
129 94.315667 0.508333 0.190000 0.950000
891 94.430333 0.496667 0.055333 0.353333
877 94.491000 0.498333 0.084667 0.423333
237 94.565000 0.491667 0.083333 0.563333
539 94.639667 0.490000 0.086000 0.406667
468 94.704667 0.498333 0.064000 0.370000
567 94.774000 0.510000 0.092000 0.386667
761 94.871000 0.495000 0.122000 0.350000
221 94.983667 0.495000 0.118000 0.470000
991 95.059667 0.510000 0.047333 0.366667
506 95.095000 0.506667 0.039333 0.473333
525 95.166333 0.500000 0.123333 0.400000
50 95.290000 0.506667 0.144000 0.413333
964 95.372333 0.491667 0.038000 0.303333
28 95.443667 0.496667 0.119333 0.393333
182 95.610667 0.490000 0.228000 1.140000
511 95.770667 0.506667 0.108000 0.340000
595 95.869333 0.505000 0.108000 0.323333
460 95.946667 0.510000 0.061333 0.313333
94 96.058000 0.496667 0.180000 0.900000
998 96.159333 0.498333 0.040000 0.316667
976 96.195667 0.505000 0.047333 0.343333
181 96.279000 0.501667 0.138000 0.456667
274 96.386667 0.506667 0.097333 0.460000
695 96.536000 0.510000 0.220000 1.100000
859 96.696333 0.490000 0.116667 0.333333
807 96.852333 0.505000 0.214000 1.070000
224 96.994333 0.490000 0.083333 0.373333
462 97.056000 0.496667 0.054667 0.326667
741 97.129333 0.488333 0.105333 0.370000
1020 97.190000 0.490000 0.033333 0.260000
938 97.220000 0.505000 0.042667 0.336667
626 97.304667 0.510000 0.141333 0.480000
38 97.414000 0.510000 0.097333 0.373333
324 97.516667 0.503333 0.122667 0.600000
665 97.625000 0.493333 0.112667 0.366667
640 97.713000 0.493333 0.076667 0.380000
145 97.784000 0.488333 0.082667 0.376667
585 97.883667 0.501667 0.136667 0.383333
528 97.996667 0.490000 0.106667 0.360000
508 98.070000 0.488333 0.058667 0.310000
303 98.123000 0.498333 0.060667 0.336667
758 98.207333 0.488333 0.125333 0.363333
675 98.326333 0.490000 0.127333 0.420000
750 98.442000 0.505000 0.124000 0.463333
973 98.517000 0.500000 0.043333 0.320000
620 98.594667 0.506667 0.132000 0.566667
870 98.679000 0.490000 0.055333 0.266667
699 98.759333 0.506667 0.120000 0.353333
658 98.838000 0.493333 0.053333 0.313333
362 98.923667 0.505000 0.138000 0.370000
454 99.025333 0.510000 0.085333 0.433333
161 99.116333 0.493333 0.110000 0.393333
291 99.221333 0.503333 0.113333 0.433333
710 99.347333 0.491667 0.156000 0.403333
159 99.433333 0.500000 0.032000 0.260000
438 99.511333 0.510000 0.140000 0.420000
863 99.621000 0.503333 0.095333 0.460000
332 99.759333 0.500000 0.201333 1.006667
125 99.899333 0.505000 0.094667 0.403333
630 100.010667 0.495000 0.145333 0.483333
787 100.107333 0.493333 0.061333 0.373333
548 100.194667 0.510000 0.126667 0.466667
488 100.282000 0.508333 0.066667 0.316667
992 100.328333 0.508333 0.046000 0.343333
437 100.382000 0.491667 0.078667 0.390000
154 100.457667 0.495000 0.087333 0.423333
375 100.562333 0.491667 0.139333 0.383333
885 100.675000 0.500000 0.099333 0.460000
228 100.773667 0.505000 0.115333 0.490000
61 100.862000 0.488333 0.081333 0.403333
202 100.951000 0.501667 0.112667 0.430000
425 101.044000 0.501667 0.093333 0.536667
1005 101.105333 0.508333 0.048000 0.356667
378 101.181000 0.500000 0.122000 0.366667
754 101.295333 0.506667 0.121333 0.593333
752 101.375667 0.490000 0.059333 0.160000
83 101.432000 0.501667 0.070667 0.343333
711 101.552333 0.496667 0.190000 0.473333
270 101.748333 0.501667 0.216667 1.083333
394 101.944333 0.491667 0.192667 0.963333
579 102.113000 0.506667 0.162000 0.413333
899 102.261000 0.510000 0.154000 0.413333
223 102.374667 0.488333 0.086667 0.416667
201 102.459333 0.500000 0.100000 0.426667
212 102.546000 0.501667 0.089333 0.370000
210 102.635667 0.498333 0.110000 0.456667
286 102.738333 0.506667 0.115333 0.420000
242 102.850333 0.501667 0.126000 0.483333
1022 102.920000 0.505000 0.032000 0.270000
582 102.991667 0.493333 0.127333 0.493333
55 103.104667 0.500000 0.114667 0.273333
476 103.185333 0.491667 0.064000 0.336667
51 103.263000 0.501667 0.106000 0.330000
647 103.337333 0.510000 0.062667 0.320000
290 103.432667 0.500000 0.145333 0.393333
198 103.576333 0.501667 0.158000 0.790000
941 103.669667 0.490000 0.048667 0.373333
406 103.740000 0.500000 0.108000 0.413333
588 103.838333 0.510000 0.106000 0.460000
35 103.948333 0.500000 0.127333 0.433333
1018 104.024667 0.491667 0.042667 0.343333
216 104.097333 0.496667 0.117333 0.480000
745 104.199667 0.508333 0.107333 0.403333
16 104.287333 0.493333 0.088000 0.286667
