46 0.034000 0.496667 0.061333 0.540000
1000 0.080333 0.496667 0.044667 0.346667
793 0.144667 0.488333 0.104000 0.423333
593 0.276000 0.510000 0.173333 0.866667
53 0.406667 0.490000 0.106667 0.360000
815 0.526333 0.488333 0.146000 0.510000
379 0.662333 0.501667 0.140667 0.376667
209 0.775000 0.501667 0.104667 0.443333
406 0.867000 0.495000 0.096667 0.376667
646 0.949667 0.503333 0.088667 0.400000
980 1.006667 0.505000 0.045333 0.330000
237 1.066333 0.491667 0.088667 0.616667
590 1.162000 0.505000 0.117333 0.416667
663 1.261333 0.488333 0.096000 0.310000
652 1.373000 0.488333 0.143333 0.490000
349 1.546667 0.490000 0.221333 1.106667
754 1.707000 0.508333 0.118000 0.576667
579 1.831000 0.500000 0.150000 0.433333
416 1.941333 0.506667 0.088000 0.426667
1010 1.998333 0.498333 0.039333 0.296667
994 2.031333 0.505000 0.040000 0.336667
604 2.109667 0.500000 0.132667 0.393333
496 2.211333 0.503333 0.089333 0.340000
165 2.300333 0.498333 0.102000 0.363333
640 2.373667 0.510000 0.060667 0.306667
346 2.474000 0.488333 0.156000 0.423333
628 2.630667 0.488333 0.177333 0.596667
418 2.755333 0.508333 0.085333 0.410000
853 2.849667 0.508333 0.119333 0.490000
741 2.952667 0.505000 0.102667 0.350000
321 3.040333 0.496667 0.092667 0.460000
229 3.127000 0.508333 0.099333 0.410000
552 3.198333 0.488333 0.058000 0.350000
851 3.277333 0.503333 0.120000 0.493333
197 3.377667 0.510000 0.098000 0.420000
389 3.492000 0.508333 0.145333 0.423333
805 3.671333 0.510000 0.226667 1.133333
104 3.882333 0.493333 0.215333 0.466667
265 4.049333 0.500000 0.133333 0.506667
277 4.145667 0.488333 0.075333 0.356667
662 4.229000 0.493333 0.104667 0.340000
78 4.348667 0.501667 0.149333 0.410000
308 4.446000 0.495000 0.064000 0.363333
359 4.534000 0.496667 0.125333 0.366667
670 4.644000 0.496667 0.110667 0.360000
573 4.732667 0.488333 0.084000 0.343333
142 4.819333 0.496667 0.104000 0.440000
170 4.917333 0.503333 0.105333 0.393333
491 5.013333 0.500000 0.101333 0.500000
977 5.080333 0.496667 0.052667 0.380000
58 5.121667 0.510000 0.050000 0.306667
369 5.211333 0.493333 0.148000 0.433333
120 5.381000 0.491667 0.211333 1.056667
504 5.562000 0.498333 0.165333 0.470000
744 5.749000 0.488333 0.223333 1.116667
981 5.874333 0.505000 0.044667 0.330000
1013 5.907667 0.505000 0.038000 0.283333
945 5.934333 0.493333 0.031333 0.260000
490 5.977333 0.490000 0.073333 0.413333
730 6.071000 0.496667 0.131333 0.480000
93 6.207333 0.496667 0.160000 0.800000
198 6.325667 0.503333 0.091333 0.460000
847 6.421667 0.495000 0.118000 0.383333
421 6.539333 0.495000 0.130667 0.430000
859 6.665667 0.503333 0.142000 0.440000
95 6.815333 0.500000 0.173333 0.866667
914 6.949333 0.490000 0.113333 0.353333
607 7.069333 0.490000 0.140000 0.446667
441 7.159000 0.503333 0.058000 0.340000
431 7.233333 0.498333 0.109333 0.376667
946 7.301000 0.505000 0.040667 0.296667
164 7.405000 0.488333 0.184667 0.923333
761 7.549333 0.493333 0.118667 0.393333
153 7.645667 0.503333 0.090000 0.400000
584 7.737000 0.490000 0.110000 0.313333
150 7.831000 0.508333 0.091333 0.356667
1004 7.887667 0.500000 0.038000 0.313333
895 7.959667 0.498333 0.124667 0.330000
377 8.127667 0.488333 0.226000 1.130000
1009 8.252667 0.498333 0.042667 0.310000
687 8.311667 0.503333 0.094000 0.460000
171 8.397000 0.505000 0.094000 0.356667
828 8.489667 0.501667 0.111333 0.476667
654 8.645667 0.501667 0.214000 1.070000
63 8.793000 0.491667 0.096667 0.343333
566 8.896667 0.510000 0.126667 0.513333
466 8.984667 0.498333 0.066667 0.343333
342 9.049000 0.488333 0.076667 0.350000
1008 9.097667 0.500000 0.036667 0.266667
323 9.219333 0.503333 0.222667 1.113333
452 9.359667 0.505000 0.075333 0.390000
273 9.422333 0.501667 0.063333 0.390000
316 9.495667 0.493333 0.096667 0.373333
870 9.571333 0.505000 0.070667 0.343333
720 9.704667 0.496667 0.216000 1.080000
34 9.862667 0.500000 0.118667 0.380000
976 9.928000 0.500000 0.029333 0.240000
598 9.987000 0.490000 0.102000 0.306667
797 10.090000 0.506667 0.120000 0.453333
266 10.210000 0.500000 0.134667 0.426667
383 10.341000 0.510000 0.143333 0.386667
995 10.426000 0.501667 0.042667 0.336667
769 10.493667 0.510000 0.107333 0.300000
842 10.589000 0.501667 0.098000 0.476667
404 10.687000 0.491667 0.111333 0.556667
683 10.850000 0.496667 0.228000 1.140000
825 11.006667 0.488333 0.104000 0.430000
971 11.069667 0.495000 0.040667 0.343333
742 11.150000 0.488333 0.134667 0.556667
676 11.265333 0.506667 0.114667 0.413333
737 11.346333 0.493333 0.063333 0.420000
746 11.448000 0.490000 0.160000 0.453333
919 11.555333 0.493333 0.074667 0.373333
429 11.627667 0.496667 0.087333 0.300000
74 11.720000 0.503333 0.117333 0.360000
139 11.806667 0.490000 0.069333 0.393333
794 11.873000 0.496667 0.080667 0.493333
223 11.960667 0.508333 0.114667 0.556667
47 12.064333 0.491667 0.107333 0.516667
600 12.164667 0.501667 0.108000 0.343333
503 12.303000 0.495000 0.187333 0.936667
313 12.444667 0.503333 0.109333 0.386667
284 12.543000 0.500000 0.106000 0.380000
468 12.623667 0.505000 0.074000 0.376667
16 12.704000 0.506667 0.106667 0.353333
55 12.798333 0.508333 0.099333 0.256667
41 12.901000 0.505000 0.123333 0.343333
1007 12.973667 0.508333 0.040667 0.296667
203 13.029000 0.493333 0.086000 0.420000
425 13.119667 0.495000 0.111333 0.616667
708 13.221000 0.501667 0.111333 0.516667
290 13.342667 0.491667 0.149333 0.436667
199 13.456333 0.488333 0.094000 0.390000
629 13.576000 0.503333 0.162667 0.813333
259 13.738333 0.498333 0.180667 0.903333
890 13.879667 0.506667 0.116667 0.480000
571 13.972667 0.488333 0.084000 0.336667
917 14.027667 0.495000 0.046000 0.343333
943 14.066000 0.505000 0.049333 0.376667
608 14.140000 0.506667 0.117333 0.406667
833 14.241333 0.508333 0.104000 0.430000
358 14.346333 0.498333 0.126000 0.370000
841 14.461333 0.500000 0.117333 0.486667
50 14.572667 0.503333 0.122667 0.346667
246 14.711333 0.488333 0.172000 0.603333
673 14.833667 0.505000 0.090000 0.296667
405 14.927333 0.495000 0.110667 0.430000
134 15.041333 0.496667 0.134667 0.420000
251 15.123667 0.503333 0.048667 0.286667
115 15.178000 0.496667 0.080000 0.386667
872 15.269000 0.503333 0.115333 0.326667
768 15.351000 0.490000 0.064667 0.160000
48 15.518667 0.503333 0.289333 0.460000
401 15.688333 0.508333 0.068667 0.383333
595 15.766333 0.508333 0.106000 0.323333
863 15.866333 0.508333 0.111333 0.536667
1006 15.934667 0.493333 0.045333 0.366667
647 15.985667 0.508333 0.070000 0.350000
145 16.057333 0.505000 0.086667 0.410000
293 16.149000 0.505000 0.112667 0.436667
519 16.267667 0.498333 0.142000 0.483333
886 16.441000 0.501667 0.220667 1.103333
423 16.600333 0.501667 0.115333 0.423333
594 16.700333 0.498333 0.103333 0.316667
951 16.761333 0.488333 0.034667 0.256667
970 16.793667 0.503333 0.043333 0.333333
789 16.838667 0.496667 0.065333 0.393333
311 16.901667 0.488333 0.080667 0.363333
14 16.990333 0.498333 0.110000 0.376667
495 17.074667 0.490000 0.076000 0.373333
978 17.124000 0.491667 0.042667 0.343333
8 17.195333 0.500000 0.118667 0.460000
747 17.295000 0.503333 0.099333 0.426667
84 17.392667 0.491667 0.109333 0.310000
326 17.472333 0.506667 0.070000 0.313333
525 17.553000 0.510000 0.107333 0.360000
256 17.644333 0.495000 0.092667 0.316667
337 17.793333 0.496667 0.224000 1.120000
148 17.973333 0.500000 0.153333 0.446667
622 18.120667 0.488333 0.156000 0.543333
955 18.208667 0.491667 0.034667 0.276667
283 18.278667 0.491667 0.122667 0.423333
262 18.391000 0.501667 0.120667 0.616667
514 18.506667 0.508333 0.125333 0.396667
544 18.614667 0.510000 0.108000 0.393333
179 18.707667 0.491667 0.096667 0.370000
924 18.771667 0.505000 0.046000 0.356667
752 18.817667 0.495000 0.064667 0.170000
328 18.924667 0.498333 0.166667 0.410000
39 19.050667 0.510000 0.102667 0.340000
618 19.126333 0.505000 0.066000 0.423333
448 19.188667 0.495000 0.074667 0.450000
707 19.267667 0.506667 0.096667 0.413333
727 19.345667 0.503333 0.079333 0.393333
547 19.411667 0.491667 0.066000 0.370000
679 19.488000 0.500000 0.100000 0.580000
310 19.570000 0.501667 0.077333 0.436667
91 19.699667 0.498333 0.196667 0.983333
175 19.856667 0.508333 0.137333 0.483333
341 19.951333 0.498333 0.065333 0.290000
332 20.060000 0.496667 0.168000 0.840000
1002 20.154000 0.488333 0.040000 0.290000
689 20.207000 0.496667 0.082000 0.400000
904 20.287333 0.505000 0.097333 0.456667
446 20.356000 0.505000 0.053333 0.296667
864 20.415333 0.493333 0.084000 0.333333
854 20.547667 0.500000 0.195333 0.640000
297 20.669667 0.510000 0.066000 0.360000
353 20.750333 0.506667 0.112667 0.326667
301 20.828333 0.495000 0.062000 0.343333
445 20.886000 0.503333 0.066667 0.393333
295 20.961667 0.506667 0.102000 0.433333
339 21.047000 0.496667 0.083333 0.453333
414 21.195667 0.501667 0.230000 1.150000
722 21.368333 0.493333 0.130000 0.373333
700 21.538333 0.488333 0.224667 1.123333
81 21.686000 0.506667 0.085333 0.346667
541 21.826667 0.490000 0.210667 0.440000
486 21.953000 0.501667 0.059333 0.350000
498 22.005333 0.493333 0.062667 0.353333
893 22.103667 0.495000 0.151333 0.436667
958 22.195000 0.501667 0.044667 0.336667
105 22.319000 0.498333 0.222000 0.483333
114 22.456000 0.488333 0.072000 0.356667
521 22.561000 0.495000 0.155333 0.416667
680 22.680000 0.508333 0.098667 0.343333
296 22.760667 0.508333 0.078667 0.283333
661 22.855000 0.505000 0.130000 0.456667
669 22.961333 0.495000 0.096000 0.336667
98 23.112333 0.493333 0.224667 0.486667
856 23.289333 0.501667 0.142667 0.350000
434 23.406333 0.493333 0.104667 0.360000
322 23.504333 0.491667 0.106000 0.150000
577 23.596000 0.498333 0.092000 0.356667
721 23.711000 0.498333 0.152667 0.403333
835 23.824333 0.501667 0.090000 0.403333
1012 23.879667 0.498333 0.035333 0.263333
508 23.918667 0.501667 0.058667 0.350000
992 23.956667 0.503333 0.037333 0.293333
705 24.025000 0.503333 0.116667 0.366667
201 24.122333 0.493333 0.091333 0.373333
849 24.211667 0.488333 0.100667 0.410000
261 24.367667 0.498333 0.224667 1.123333
107 24.577000 0.488333 0.210000 1.050000
964 24.696333 0.500000 0.042000 0.320000
770 24.823667 0.498333 0.226000 1.130000
645 24.965000 0.498333 0.074000 0.323333
319 25.040333 0.495000 0.096667 0.350000
557 25.124333 0.506667 0.088667 0.620000
135 25.222000 0.493333 0.122667 0.360000
362 25.349333 0.490000 0.150667 0.473333
570 25.456333 0.506667 0.079333 0.353333
875 25.557667 0.505000 0.142000 0.356667
102 25.722333 0.508333 0.203333 1.016667
817 25.872667 0.496667 0.114667 0.293333
471 25.962667 0.496667 0.081333 0.426667
871 26.019000 0.493333 0.051333 0.246667
174 26.092333 0.501667 0.114000 0.403333
644 26.183667 0.495000 0.084667 0.423333
215 26.265333 0.493333 0.097333 0.400000
190 26.352667 0.495000 0.097333 0.456667
534 26.431333 0.488333 0.076000 0.323333
211 26.504667 0.505000 0.085333 0.430000
25 26.595333 0.491667 0.109333 0.403333
180 26.697667 0.501667 0.115333 0.403333
589 26.791333 0.503333 0.086667 0.360000
111 26.878000 0.500000 0.104000 0.460000
374 26.999667 0.491667 0.154000 0.410000
605 27.139000 0.506667 0.142000 0.366667
807 27.300333 0.488333 0.195333 0.976667
304 27.420667 0.493333 0.064000 0.366667
520 27.509333 0.500000 0.126667 0.393333
961 27.581333 0.498333 0.034667 0.276667
558 27.628667 0.500000 0.078667 0.386667
83 27.705667 0.495000 0.092667 0.436667
781 27.775667 0.506667 0.067333 0.346667
710 27.886333 0.500000 0.168667 0.446667
26 28.016000 0.505000 0.110667 0.370000
795 28.095667 0.488333 0.062000 0.376667
775 28.166000 0.496667 0.092000 0.440000
195 28.258667 0.503333 0.112000 0.460000
963 28.327667 0.505000 0.042000 0.316667
125 28.403000 0.490000 0.128667 0.546667
497 28.541000 0.501667 0.164667 0.423333
247 28.652333 0.490000 0.075333 0.360000
965 28.699333 0.503333 0.038667 0.286667
178 28.756000 0.495000 0.094667 0.336667
691 28.830000 0.500000 0.070667 0.346667
21 28.904333 0.500000 0.092667 0.306667
309 28.971667 0.500000 0.058000 0.326667
234 29.044667 0.505000 0.108000 0.456667
90 29.180333 0.493333 0.180667 0.393333
913 29.316000 0.488333 0.110667 0.343333
366 29.424000 0.495000 0.121333 0.330000
258 29.531333 0.498333 0.112000 0.416667
67 29.668333 0.508333 0.175333 0.876667
347 29.824333 0.495000 0.152667 0.450000
318 29.946000 0.500000 0.106667 0.446667
299 30.040000 0.498333 0.100000 0.390000
352 30.158000 0.508333 0.156000 0.443333
271 30.322333 0.508333 0.190000 0.950000
954 30.429667 0.503333 0.038000 0.280000
440 30.476333 0.506667 0.072667 0.433333
529 30.553000 0.498333 0.100667 0.390000
51 30.645333 0.510000 0.098667 0.333333
888 30.756667 0.495000 0.138667 0.436667
100 30.918000 0.500000 0.198667 0.993333
456 31.039667 0.493333 0.060667 0.313333
634 31.107667 0.505000 0.091333 0.376667
998 31.166333 0.505000 0.039333 0.323333
615 31.283333 0.493333 0.209333 1.046667
371 31.444667 0.488333 0.126667 0.336667
451 31.536000 0.505000 0.076000 0.456667
717 31.638333 0.490000 0.148667 0.386667
845 31.747667 0.498333 0.086000 0.396667
658 31.813333 0.491667 0.062667 0.376667
393 31.951667 0.505000 0.231333 1.156667
974 32.082667 0.500000 0.048000 0.353333
602 32.170333 0.505000 0.140667 0.423333
778 32.281000 0.491667 0.095333 0.603333
484 32.364333 0.496667 0.088667 0.320000
82 32.431667 0.508333 0.063333 0.476667
413 32.526333 0.488333 0.139333 0.556667
501 32.632667 0.496667 0.093333 0.413333
343 32.728333 0.500000 0.115333 0.326667
678 32.836667 0.498333 0.121333 0.403333
926 32.914333 0.505000 0.048667 0.356667
688 32.969000 0.498333 0.080667 0.396667
40 33.061667 0.508333 0.122000 0.463333
219 33.160000 0.488333 0.092000 0.463333
891 33.227667 0.500000 0.056667 0.253333
138 33.289000 0.491667 0.079333 0.423333
264 33.390667 0.508333 0.141333 0.536667
905 33.526333 0.496667 0.143333 0.460000
483 33.622667 0.488333 0.069333 0.410000
932 33.667333 0.503333 0.034667 0.280000
27 33.730333 0.501667 0.104667 0.350000
603 33.854000 0.500000 0.157333 0.786667
298 33.963333 0.505000 0.074667 0.376667
213 34.044000 0.493333 0.104000 0.506667
196 34.140333 0.501667 0.103333 0.523333
799 34.225333 0.495000 0.081333 0.290000
517 34.316333 0.501667 0.119333 0.376667
144 34.417667 0.491667 0.099333 0.416667
973 34.478333 0.493333 0.042000 0.320000
481 34.531667 0.493333 0.078000 0.406667
292 34.633667 0.506667 0.142000 0.560000
76 34.766000 0.495000 0.142667 0.450000
509 34.883333 0.491667 0.105333 0.336667
176 34.990667 0.498333 0.124000 0.463333
1017 35.064000 0.510000 0.036000 0.280000
780 35.137333 0.503333 0.130667 0.373333
846 35.245667 0.495000 0.103333 0.456667
578 35.339333 0.496667 0.101333 0.386667
494 35.416667 0.500000 0.069333 0.326667
116 35.513000 0.491667 0.138000 0.416667
345 35.637667 0.493333 0.126000 0.393333
42 35.728667 0.508333 0.074667 0.416667
809 35.822667 0.498333 0.128000 0.683333
531 35.970333 0.508333 0.183333 0.916667
814 36.128333 0.510000 0.150000 0.520000
325 36.304000 0.496667 0.216000 1.080000
984 36.420333 0.503333 0.036667 0.306667
960 36.455000 0.503333 0.046000 0.340000
620 36.518000 0.490000 0.097333 0.413333
390 36.635333 0.506667 0.157333 0.426667
715 36.788000 0.498333 0.162667 0.436667
553 36.907667 0.491667 0.096667 0.330000
141 36.989000 0.503333 0.080667 0.366667
783 37.074667 0.490000 0.104000 0.566667
930 37.133333 0.491667 0.033333 0.270000
731 37.180333 0.496667 0.075333 0.366667
502 37.253667 0.498333 0.091333 0.416667
565 37.377667 0.495000 0.172667 0.390000
68 37.518333 0.508333 0.126000 0.363333
869 37.602333 0.500000 0.056667 0.380000
94 37.720333 0.498333 0.192667 0.963333
728 37.839667 0.508333 0.060667 0.530000
200 37.911667 0.505000 0.103333 0.430000
787 37.993333 0.495000 0.078667 0.483333
626 38.108333 0.508333 0.170000 0.850000
528 38.248000 0.508333 0.129333 0.463333
89 38.407667 0.501667 0.206000 1.030000
410 38.551667 0.488333 0.099333 0.423333
912 38.645000 0.498333 0.102000 0.396667
204 38.741333 0.505000 0.108000 0.430000
537 38.925333 0.508333 0.278667 0.550000
861 39.081000 0.503333 0.047333 0.373333
695 39.200667 0.510000 0.205333 1.026667
158 39.380333 0.501667 0.170000 0.850000
132 39.489333 0.488333 0.066667 0.283333
621 39.538333 0.491667 0.047333 0.450000
868 39.592667 0.496667 0.077333 0.446667
300 39.661000 0.506667 0.074000 0.240000
734 39.772333 0.503333 0.168667 0.440000
255 39.915333 0.495000 0.134667 0.516667
29 40.040333 0.505000 0.134000 0.370000
625 40.174333 0.505000 0.150000 0.496667
147 40.286333 0.498333 0.088667 0.470000
317 40.384667 0.503333 0.125333 0.500000
619 40.485667 0.491667 0.095333 0.523333
540 40.615667 0.510000 0.179333 0.713333
836 40.745667 0.510000 0.099333 0.480000
433 40.858000 0.495000 0.145333 0.303333
940 40.941333 0.488333 0.041333 0.330000
288 41.019333 0.508333 0.133333 0.510000
555 41.100000 0.506667 0.046667 0.433333
385 41.177333 0.488333 0.128000 0.343333
396 41.287667 0.498333 0.106000 0.336667
889 41.394333 0.495000 0.127333 0.456667
478 41.479667 0.508333 0.062000 0.323333
563 41.575333 0.506667 0.142667 0.293333
276 41.670333 0.510000 0.062000 0.406667
459 41.734667 0.495000 0.080000 0.403333
449 41.803333 0.506667 0.073333 0.433333
829 41.883667 0.496667 0.106000 0.440000
279 41.978333 0.503333 0.099333 0.553333
361 42.081000 0.503333 0.122000 0.346667
583 42.166000 0.491667 0.064000 0.390000
900 42.251667 0.498333 0.122000 0.323333
798 42.354333 0.496667 0.100667 0.373333
867 42.443000 0.508333 0.091333 0.303333
482 42.519333 0.498333 0.080000 0.416667
338 42.614333 0.510000 0.127333 0.660000
916 42.749333 0.493333 0.160000 0.800000
113 42.855667 0.510000 0.071333 0.326667
73 42.946333 0.493333 0.127333 0.420000
193 43.050000 0.500000 0.094667 0.473333
92 43.209667 0.496667 0.239333 0.513333
381 43.385000 0.498333 0.124667 0.390000
959 43.456000 0.495000 0.033333 0.263333
804 43.565000 0.498333 0.203333 1.016667
999 43.676333 0.503333 0.034000 0.266667
365 43.753667 0.510000 0.134000 0.393333
993 43.833667 0.490000 0.042000 0.333333
637 43.875333 0.498333 0.061333 0.316667
270 43.987667 0.488333 0.182000 0.543333
235 44.124333 0.490000 0.107333 0.433333
331 44.299333 0.500000 0.260000 0.633333
214 44.479333 0.495000 0.114667 0.483333
878 44.575667 0.491667 0.098000 0.503333
772 44.704333 0.498333 0.176667 0.883333
858 44.830333 0.501667 0.091333 0.296667
581 44.915000 0.491667 0.098000 0.416667
330 45.002000 0.488333 0.096000 0.370000
791 45.084333 0.500000 0.083333 0.513333
915 45.152000 0.498333 0.066667 0.543333
585 45.257000 0.506667 0.156667 0.446667
887 45.400667 0.488333 0.145333 0.450000
642 45.506333 0.498333 0.082000 0.316667
62 45.570000 0.491667 0.064000 0.310000
24 45.649333 0.498333 0.108000 0.370000
257 45.749333 0.505000 0.105333 0.323333
372 45.869667 0.508333 0.150000 0.423333
535 46.018333 0.510000 0.162000 0.340000
66 46.148000 0.493333 0.116000 0.686667
444 46.242000 0.505000 0.086667 0.443333
822 46.331667 0.495000 0.107333 0.330000
582 46.483000 0.508333 0.210000 1.050000
843 46.625000 0.496667 0.088667 0.380000
248 46.708667 0.501667 0.092000 0.483333
922 46.772000 0.510000 0.050667 0.380000
243 46.862667 0.506667 0.148000 0.493333
403 47.025667 0.491667 0.195333 0.976667
556 47.166333 0.496667 0.103333 0.440000
216 47.256333 0.508333 0.096667 0.490000
623 47.387333 0.490000 0.184000 0.613333
874 47.507333 0.493333 0.074667 0.360000
703 47.591667 0.493333 0.112667 0.373333
551 47.713667 0.510000 0.148667 0.493333
500 47.821333 0.498333 0.082667 0.383333
931 47.874000 0.495000 0.036000 0.276667
617 47.927333 0.488333 0.090667 0.356667
819 48.019667 0.505000 0.114000 0.276667
942 48.083333 0.491667 0.032000 0.250000
380 48.194333 0.498333 0.203333 1.016667
718 48.379333 0.490000 0.185333 0.460000
340 48.509667 0.490000 0.095333 0.293333
969 48.567667 0.508333 0.038000 0.283333
677 48.647333 0.493333 0.136000 0.473333
122 48.755667 0.496667 0.099333 0.346667
19 48.858667 0.510000 0.125333 0.413333
811 48.965000 0.488333 0.102000 0.303333
879 49.070667 0.488333 0.125333 0.370000
1015 49.146667 0.495000 0.040000 0.316667
493 49.191667 0.493333 0.066000 0.360000
543 49.303333 0.496667 0.176000 0.573333
655 49.433667 0.506667 0.098000 0.393333
354 49.529667 0.510000 0.107333 0.286667
334 49.645333 0.498333 0.141333 0.436667
739 49.734667 0.496667 0.050667 0.446667
844 49.808667 0.506667 0.117333 0.573333
812 49.927000 0.495000 0.139333 0.343333
250 50.095667 0.498333 0.215333 1.076667
911 50.234333 0.505000 0.082000 0.303333
128 50.369000 0.496667 0.203333 0.593333
706 50.491333 0.498333 0.057333 0.316667
927 50.535333 0.503333 0.045333 0.353333
750 50.612667 0.490000 0.122667 0.453333
633 50.755333 0.495000 0.181333 0.503333
286 50.883000 0.506667 0.090000 0.333333
18 50.980333 0.503333 0.120667 0.400000
536 51.124667 0.490000 0.184000 0.920000
398 51.243333 0.500000 0.069333 0.353333
152 51.310667 0.488333 0.082667 0.410000
36 51.392000 0.496667 0.093333 0.293333
275 51.462000 0.495000 0.064000 0.376667
333 51.565000 0.501667 0.156667 0.783333
7 51.699333 0.495000 0.125333 0.396667
576 51.807333 0.496667 0.110667 0.426667
627 51.952667 0.490000 0.196000 0.980000
88 52.124667 0.496667 0.168000 0.840000
549 52.249000 0.503333 0.095333 0.320000
693 52.337333 0.501667 0.101333 0.496667
910 52.448000 0.500000 0.134667 0.413333
392 52.575000 0.510000 0.136667 0.406667
177 52.690667 0.491667 0.114667 0.423333
123 52.793000 0.498333 0.103333 0.670000
274 52.888667 0.495000 0.108000 0.530000
908 52.991667 0.506667 0.114000 0.420000
813 53.114667 0.500000 0.145333 0.373333
635 53.231333 0.491667 0.104000 0.423333
157 53.352000 0.505000 0.152000 0.596667
736 53.457667 0.496667 0.074000 0.433333
472 53.517000 0.506667 0.058000 0.346667
820 53.590333 0.505000 0.103333 0.430000
315 53.681000 0.495000 0.098000 0.383333
33 53.783333 0.508333 0.121333 0.443333
751 53.875667 0.495000 0.079333 0.343333
757 53.963000 0.496667 0.108667 0.313333
866 54.098333 0.495000 0.175333 0.876667
1 54.219667 0.495000 0.084667 0.436667
1022 54.276667 0.500000 0.045333 0.353333
438 54.350667 0.500000 0.117333 0.353333
928 54.421000 0.488333 0.040667 0.323333
796 54.486333 0.505000 0.103333 0.356667
465 54.562667 0.493333 0.069333 0.366667
975 54.606000 0.488333 0.033333 0.256667
252 54.708667 0.490000 0.186667 0.933333
613 54.881667 0.510000 0.178000 0.453333
947 54.982333 0.495000 0.039333 0.303333
187 55.057000 0.491667 0.127333 0.523333
606 55.171667 0.510000 0.116667 0.353333
222 55.265000 0.510000 0.087333 0.366667
837 55.350333 0.508333 0.098000 0.483333
87 55.494667 0.510000 0.208000 1.040000
188 55.651667 0.508333 0.122000 0.503333
220 55.765333 0.500000 0.124000 0.526667
3 55.859667 0.490000 0.078000 0.360000
648 55.922667 0.506667 0.066667 0.300000
877 55.982667 0.488333 0.072000 0.356667
906 56.079000 0.506667 0.140667 0.446667
191 56.198000 0.510000 0.116000 0.466667
941 56.270333 0.488333 0.047333 0.356667
898 56.367667 0.505000 0.166000 0.830000
79 56.538333 0.501667 0.195333 0.976667
587 56.695000 0.493333 0.134000 0.426667
205 56.867000 0.491667 0.227333 1.136667
690 57.020667 0.490000 0.098667 0.486667
818 57.132667 0.508333 0.138667 0.323333
151 57.225667 0.500000 0.064667 0.313333
709 57.294333 0.503333 0.092667 0.380000
936 57.355000 0.505000 0.046000 0.363333
612 57.447333 0.490000 0.156000 0.400000
696 57.591333 0.503333 0.149333 0.346667
306 57.688333 0.493333 0.062000 0.346667
674 57.767000 0.508333 0.114000 0.376667
649 57.862000 0.503333 0.094667 0.513333
692 57.947000 0.488333 0.095333 0.470000
755 58.050000 0.510000 0.125333 0.413333
119 58.140333 0.498333 0.074000 0.450000
368 58.243667 0.496667 0.146000 0.413333
1018 58.326667 0.490000 0.038667 0.273333
154 58.381000 0.503333 0.083333 0.386667
545 58.452667 0.493333 0.078667 0.320000
57 58.513667 0.493333 0.060667 0.260000
766 58.604667 0.495000 0.141333 0.416667
597 58.738333 0.510000 0.143333 0.433333
800 58.847333 0.505000 0.090667 0.356667
417 58.926000 0.500000 0.081333 0.393333
469 58.995333 0.495000 0.073333 0.403333
409 59.065667 0.488333 0.087333 0.443333
983 59.120000 0.508333 0.041333 0.323333
773 59.235667 0.505000 0.207333 1.036667
848 59.401667 0.500000 0.138000 0.420000
278 59.536667 0.496667 0.152000 0.466667
314 59.651667 0.495000 0.091333 0.330000
569 59.730000 0.506667 0.078667 0.320000
473 59.792667 0.495000 0.064000 0.383333
156 59.933000 0.508333 0.230000 1.150000
240 60.069667 0.501667 0.058000 0.296667
738 60.129333 0.503333 0.076000 0.366667
447 60.194000 0.503333 0.069333 0.360000
952 60.242333 0.505000 0.042000 0.303333
394 60.322667 0.506667 0.132000 0.360000
227 60.438000 0.500000 0.114667 0.533333
375 60.560667 0.501667 0.148000 0.403333
75 60.686000 0.500000 0.122667 0.380000
160 60.771333 0.505000 0.066667 0.410000
149 60.896333 0.491667 0.199333 0.996667
684 61.040333 0.501667 0.108667 0.370000
443 61.112333 0.488333 0.052667 0.316667
85 61.174667 0.505000 0.090667 0.350000
373 61.287667 0.500000 0.151333 0.440000
49 61.438667 0.493333 0.166667 0.833333
840 61.557667 0.503333 0.084667 0.360000
939 61.611333 0.493333 0.036000 0.286667
967 61.644667 0.496667 0.048000 0.353333
776 61.723000 0.488333 0.128667 0.296667
1001 61.798667 0.501667 0.037333 0.310000
127 61.883333 0.488333 0.145333 0.510000
388 62.004333 0.493333 0.114000 0.306667
370 62.116667 0.503333 0.126667 0.353333
56 62.201667 0.508333 0.063333 0.083333
479 62.260333 0.498333 0.070000 0.370000
327 62.349333 0.501667 0.125333 0.383333
173 62.449333 0.488333 0.093333 0.423333
733 62.524667 0.488333 0.070667 0.430000
37 62.601333 0.506667 0.101333 0.393333
516 62.692667 0.495000 0.094667 0.310000
183 62.776000 0.498333 0.092000 0.383333
972 62.835000 0.490000 0.042000 0.346667
458 62.879667 0.490000 0.062000 0.326667
384 62.968333 0.488333 0.131333 0.363333
510 63.077333 0.493333 0.106667 0.333333
876 63.210333 0.490000 0.174000 0.433333
206 63.339667 0.498333 0.099333 0.403333
610 63.434000 0.488333 0.109333 0.336667
779 63.501333 0.500000 0.041333 0.400000
511 63.569333 0.493333 0.110667 0.346667
411 63.698667 0.488333 0.166667 0.336667
350 63.828667 0.500000 0.113333 0.320000
745 63.928667 0.491667 0.106667 0.430000
694 64.025000 0.495000 0.100667 0.496667
902 64.136000 0.500000 0.140000 0.380000
883 64.290667 0.501667 0.188000 0.403333
685 64.418000 0.490000 0.085333 0.326667
712 64.561333 0.490000 0.217333 1.086667
487 64.699667 0.496667 0.078000 0.420000
232 64.777000 0.491667 0.090000 0.450000
492 64.856667 0.503333 0.084000 0.440000
287 64.942667 0.493333 0.101333 0.380000
236 65.044333 0.506667 0.115333 0.506667
735 65.147333 0.500000 0.110667 0.446667
303 65.230000 0.488333 0.074667 0.416667
52 65.311667 0.496667 0.108667 0.373333
72 65.409000 0.490000 0.103333 0.486667
412 65.496667 0.510000 0.090667 0.453333
592 65.624000 0.493333 0.178667 0.893333
1021 65.723667 0.510000 0.040667 0.320000
832 65.784333 0.488333 0.096667 0.410000
12 65.881667 0.488333 0.115333 0.396667
208 66.033333 0.506667 0.205333 1.026667
6 66.168667 0.506667 0.081333 0.300000
716 66.316333 0.498333 0.231333 1.156667
281 66.491333 0.510000 0.137333 0.493333
480 66.591000 0.500000 0.075333 0.420000
435 66.644333 0.501667 0.047333 0.236667
880 66.707333 0.506667 0.097333 0.346667
467 66.781667 0.503333 0.064667 0.326667
638 66.848667 0.501667 0.088000 0.350000
357 66.951333 0.501667 0.132000 0.403333
140 67.087000 0.501667 0.155333 0.776667
407 67.200000 0.506667 0.085333 0.320000
419 67.285333 0.488333 0.101333 0.490000
724 67.368333 0.501667 0.084667 0.350000
268 67.511667 0.488333 0.215333 1.076667
391 67.710667 0.490000 0.200000 1.000000
305 67.836333 0.491667 0.068667 0.390000
580 67.924667 0.500000 0.128000 0.306667
756 68.062000 0.488333 0.162667 0.463333
764 68.171000 0.503333 0.075333 0.406667
228 68.261000 0.493333 0.119333 0.606667
106 68.424667 0.510000 0.225333 1.126667
291 68.593000 0.498333 0.128667 0.503333
821 68.692333 0.503333 0.087333 0.613333
23 68.790000 0.510000 0.126667 0.366667
802 68.931000 0.505000 0.168667 0.343333
636 69.076333 0.510000 0.138000 0.346667
966 69.158667 0.490000 0.042667 0.306667
650 69.256333 0.501667 0.171333 0.856667
110 69.387333 0.491667 0.108000 0.390000
892 69.514333 0.495000 0.159333 0.796667
397 69.634333 0.501667 0.099333 0.423333
949 69.697667 0.506667 0.040667 0.293333
5 69.750667 0.503333 0.084000 0.386667
464 69.818667 0.501667 0.068000 0.403333
653 69.920667 0.503333 0.150667 0.493333
499 70.019000 0.491667 0.063333 0.390000
1003 70.058333 0.508333 0.035333 0.296667
20 70.110667 0.505000 0.086667 0.316667
463 70.191000 0.501667 0.088667 0.450000
929 70.249333 0.495000 0.046667 0.363333
99 70.378667 0.510000 0.226667 0.493333
882 70.546000 0.490000 0.125333 0.506667
356 70.662000 0.495000 0.126667 0.383333
408 70.766333 0.501667 0.100667 0.383333
763 70.832000 0.493333 0.049333 0.393333
609 70.891333 0.488333 0.084000 0.350000
96 71.008667 0.505000 0.168000 0.363333
830 71.127667 0.491667 0.088667 0.436667
614 71.254333 0.488333 0.180667 0.503333
950 71.355000 0.491667 0.034000 0.263333
782 71.405333 0.501667 0.085333 0.396667
515 71.502667 0.493333 0.129333 0.420000
226 71.619333 0.510000 0.120000 0.486667
771 71.707333 0.488333 0.073333 0.383333
641 71.769333 0.508333 0.064000 0.303333
572 71.847000 0.493333 0.110000 0.473333
117 71.966333 0.498333 0.146000 0.430000
126 72.087667 0.510000 0.111333 0.386667
395 72.222000 0.493333 0.170667 0.853333
9 72.347333 0.505000 0.098667 0.443333
611 72.433000 0.488333 0.086000 0.343333
740 72.538000 0.498333 0.141333 0.330000
559 72.637333 0.488333 0.070667 0.343333
765 72.710667 0.490000 0.089333 0.420000
101 72.845000 0.496667 0.196667 0.426667
253 72.960333 0.493333 0.054000 0.460000
28 73.032000 0.505000 0.102667 0.356667
70 73.144000 0.488333 0.140000 0.490000
202 73.255667 0.491667 0.099333 0.410000
560 73.376667 0.510000 0.156000 0.780000
0 73.467333 0.495000 0.041333 0.330000
933 73.504000 0.495000 0.050667 0.370000
163 73.629333 0.503333 0.217333 1.086667
1016 73.752000 0.503333 0.046667 0.340000
657 73.819667 0.493333 0.106000 0.413333
432 73.936667 0.495000 0.144000 0.283333
639 74.033000 0.498333 0.068667 0.343333
4 74.104000 0.508333 0.090667 0.356667
527 74.220667 0.490000 0.157333 0.500000
329 74.377667 0.488333 0.174000 0.590000
245 74.484667 0.498333 0.058667 0.290000
523 74.566667 0.503333 0.121333 0.386667
1019 74.639000 0.498333 0.036667 0.303333
538 74.747000 0.505000 0.192667 0.443333
850 74.894000 0.506667 0.116000 0.486667
923 74.965667 0.496667 0.046000 0.333333
172 75.066000 0.493333 0.174667 0.873333
474 75.181333 0.491667 0.072000 0.370000
249 75.247333 0.495000 0.076000 0.596667
518 75.325333 0.495000 0.098667 0.316667
704 75.424667 0.491667 0.114667 0.416667
539 75.515333 0.498333 0.080000 0.356667
450 75.575333 0.500000 0.056000 0.306667
13 75.640000 0.498333 0.088000 0.310000
548 75.738333 0.505000 0.127333 0.443333
762 75.839000 0.503333 0.087333 0.373333
192 75.929667 0.508333 0.114000 0.463333
831 76.030667 0.491667 0.108000 0.450000
422 76.125333 0.490000 0.094667 0.346667
1023 76.184000 0.491667 0.042667 0.323333
550 76.234333 0.498333 0.071333 0.356667
402 76.349333 0.506667 0.172000 0.480000
400 76.455667 0.493333 0.056667 0.473333
129 76.535667 0.506667 0.120667 0.466667
460 76.630333 0.506667 0.083333 0.420000
386 76.733667 0.510000 0.136667 0.426667
399 76.857333 0.491667 0.128000 0.423333
61 76.949667 0.488333 0.075333 0.383333
159 76.997333 0.493333 0.034667 0.286667
476 77.035333 0.495000 0.058667 0.350000
723 77.119000 0.505000 0.127333 0.436667
862 77.208333 0.505000 0.071333 0.383333
382 77.290333 0.508333 0.110000 0.290000
230 77.390333 0.496667 0.103333 0.420000
567 77.482333 0.491667 0.096667 0.396667
788 77.601333 0.493333 0.161333 0.806667
241 77.721667 0.488333 0.098000 0.550000
108 77.872333 0.505000 0.216667 1.083333
182 78.025667 0.505000 0.108667 0.416667
591 78.162333 0.500000 0.182000 0.540000
624 78.340333 0.498333 0.188667 0.630000
996 78.446333 0.498333 0.042000 0.350000
161 78.515667 0.508333 0.116667 0.410000
860 78.662000 0.495000 0.190667 0.516667
360 78.863667 0.495000 0.226000 1.130000
30 79.038000 0.491667 0.137333 0.396667
231 79.165000 0.493333 0.130000 0.520000
901 79.275667 0.493333 0.108667 0.306667
453 79.360333 0.490000 0.078000 0.400000
790 79.424000 0.491667 0.064000 0.390000
748 79.497000 0.501667 0.098000 0.336667
59 79.639667 0.505000 0.206000 0.536667
10 79.788000 0.493333 0.104000 0.366667
336 79.881333 0.495000 0.096000 0.463333
588 79.967333 0.506667 0.094667 0.426667
899 80.077667 0.495000 0.146000 0.423333
697 80.251000 0.495000 0.220667 1.103333
133 80.401333 0.493333 0.093333 0.313333
834 80.485000 0.505000 0.094000 0.423333
990 80.544667 0.508333 0.038667 0.296667
659 80.591667 0.496667 0.074000 0.300000
785 80.657333 0.498333 0.073333 0.316667
166 80.733333 0.506667 0.093333 0.346667
701 80.865667 0.510000 0.184667 0.546667
210 81.003333 0.510000 0.106667 0.440000
894 81.114000 0.506667 0.128000 0.400000
136 81.237333 0.495000 0.136000 0.570000
681 81.320333 0.496667 0.047333 0.400000
289 81.451667 0.503333 0.230000 0.440000
562 81.644667 0.505000 0.173333 0.356667
698 81.758333 0.506667 0.074000 0.386667
320 81.851000 0.498333 0.131333 0.416667
131 81.962333 0.498333 0.110000 0.430000
267 82.122000 0.506667 0.222667 1.113333
415 82.329667 0.501667 0.211333 1.056667
169 82.477667 0.510000 0.102000 0.380000
260 82.601333 0.498333 0.165333 0.436667
376 82.755000 0.496667 0.159333 0.433333
1014 82.846333 0.490000 0.043333 0.333333
280 82.927333 0.493333 0.136000 0.453333
507 83.025000 0.498333 0.074000 0.436667
38 83.112000 0.500000 0.117333 0.413333
437 83.208667 0.500000 0.089333 0.400000
378 83.306000 0.501667 0.120000 0.336667
568 83.417333 0.501667 0.121333 0.603333
22 83.545000 0.495000 0.150000 0.503333
530 83.657333 0.495000 0.090667 0.450000
167 83.747000 0.505000 0.103333 0.383333
806 83.893667 0.488333 0.204667 0.476667
729 84.002000 0.498333 0.032000 0.410000
427 84.069667 0.506667 0.116667 0.540000
439 84.170667 0.508333 0.101333 0.396667
656 84.284333 0.488333 0.140667 0.316667
857 84.458667 0.498333 0.224000 0.476667
69 84.602667 0.508333 0.078667 0.430000
217 84.693000 0.490000 0.116667 0.553333
224 84.803333 0.506667 0.118667 0.486667
934 84.868333 0.495000 0.030000 0.250000
686 84.910667 0.491667 0.074667 0.370000
238 84.990000 0.508333 0.097333 0.383333
758 85.096000 0.493333 0.133333 0.426667
896 85.222333 0.510000 0.132667 0.393333
826 85.326333 0.500000 0.091333 0.373333
935 85.382333 0.510000 0.039333 0.326667
387 85.464667 0.488333 0.144000 0.390000
816 85.603000 0.501667 0.147333 0.363333
212 85.728333 0.496667 0.122000 0.486667
732 85.820000 0.490000 0.076000 0.386667
162 85.898333 0.498333 0.096667 0.356667
335 86.015667 0.510000 0.151333 0.540000
699 86.145000 0.500000 0.120667 0.340000
489 86.226000 0.505000 0.054667 0.290000
184 86.298000 0.503333 0.104000 0.506667
542 86.443333 0.503333 0.204000 1.020000
988 86.557000 0.490000 0.039333 0.306667
909 86.612667 0.498333 0.085333 0.370000
35 86.706667 0.496667 0.117333 0.440000
838 86.817000 0.506667 0.120667 0.506667
272 86.944000 0.490000 0.150667 0.420000
719 87.121333 0.496667 0.220000 1.100000
979 87.238667 0.496667 0.029333 0.246667
749 87.284000 0.490000 0.078667 0.340000
873 87.358333 0.500000 0.084667 0.400000
506 87.408667 0.505000 0.029333 0.330000
103 87.492000 0.500000 0.157333 0.786667
54 87.588333 0.498333 0.055333 0.316667
65 87.657667 0.501667 0.098000 0.250000
221 87.757333 0.506667 0.117333 0.533333
671 87.862000 0.493333 0.108000 0.353333
31 87.969333 0.496667 0.125333 0.373333
254 88.097667 0.500000 0.151333 0.573333
907 88.218000 0.490000 0.104000 0.333333
852 88.305333 0.510000 0.086667 0.353333
348 88.395333 0.493333 0.108000 0.333333
17 88.499000 0.503333 0.112667 0.373333
454 88.582000 0.503333 0.073333 0.373333
987 88.635000 0.495000 0.046000 0.343333
839 88.690000 0.496667 0.081333 0.406667
112 88.816333 0.495000 0.188667 0.943333
682 88.951000 0.510000 0.095333 0.360000
363 89.103000 0.505000 0.228667 1.143333
630 89.294000 0.501667 0.172000 0.576667
937 89.389000 0.493333 0.032667 0.253333
522 89.443000 0.495000 0.094000 0.296667
282 89.546000 0.506667 0.126667 0.440000
477 89.631333 0.505000 0.058667 0.330000
524 89.711667 0.493333 0.120667 0.413333
575 89.808000 0.490000 0.088000 0.286667
997 89.867333 0.488333 0.049333 0.376667
86 89.920667 0.498333 0.074667 0.330000
903 90.022000 0.498333 0.141333 0.423333
242 90.133667 0.498333 0.102000 0.403333
436 90.229333 0.503333 0.105333 0.300000
533 90.334000 0.490000 0.117333 0.413333
668 90.442667 0.490000 0.120000 0.400000
743 90.533667 0.506667 0.082000 0.346667
792 90.613000 0.505000 0.096667 0.383333
364 90.734000 0.496667 0.164000 0.373333
43 90.873333 0.505000 0.130667 0.516667
462 90.960000 0.506667 0.057333 0.320000
269 91.057667 0.488333 0.158000 0.483333
897 91.202667 0.510000 0.149333 0.433333
532 91.315667 0.495000 0.095333 0.490000
660 91.397000 0.493333 0.087333 0.306667
225 91.487667 0.496667 0.107333 0.446667
124 91.591667 0.501667 0.115333 0.403333
664 91.701000 0.503333 0.123333 0.453333
244 91.841333 0.495000 0.176000 0.483333
351 91.998000 0.506667 0.154667 0.460000
774 92.105667 0.498333 0.075333 0.443333
672 92.200667 0.503333 0.133333 0.433333
564 92.320667 0.503333 0.125333 0.260000
803 92.438667 0.498333 0.130667 0.383333
651 92.581333 0.510000 0.170667 0.560000
146 92.701333 0.505000 0.088000 0.383333
512 92.795333 0.510000 0.117333 0.386667
80 92.891667 0.505000 0.088667 0.450000
302 92.957667 0.508333 0.062000 0.350000
956 92.998333 0.503333 0.036667 0.273333
60 93.042667 0.498333 0.065333 0.270000
367 93.134667 0.505000 0.137333 0.416667
986 93.216667 0.498333 0.046667 0.343333
488 93.262000 0.501667 0.060000 0.310000
713 93.379000 0.495000 0.187333 0.936667
948 93.479667 0.505000 0.032667 0.270000
823 93.533000 0.508333 0.087333 0.403333
884 93.635000 0.500000 0.136667 0.506667
143 93.734333 0.493333 0.078000 0.346667
632 93.869667 0.491667 0.208667 1.043333
109 94.067333 0.500000 0.204000 1.020000
824 94.220000 0.503333 0.120000 0.513333
962 94.291667 0.508333 0.038000 0.290000
985 94.323667 0.495000 0.042000 0.350000
130 94.433333 0.490000 0.192000 0.960000
442 94.551667 0.490000 0.064667 0.386667
64 94.604667 0.498333 0.058667 0.323333
777 94.682667 0.500000 0.112000 0.466667
186 94.774333 0.493333 0.091333 0.440000
118 94.867000 0.508333 0.107333 0.430000
711 94.993333 0.498333 0.164000 0.430000
312 95.128667 0.496667 0.124000 0.480000
1005 95.207667 0.498333 0.047333 0.363333
470 95.255333 0.500000 0.061333 0.320000
546 95.322333 0.503333 0.090000 0.340000
44 95.413667 0.498333 0.112667 0.450000
428 95.498667 0.490000 0.077333 0.513333
726 95.572667 0.495000 0.084000 0.436667
307 95.646000 0.496667 0.082667 0.460000
714 95.789667 0.491667 0.224667 1.123333
881 95.957333 0.508333 0.129333 0.436667
665 96.061667 0.490000 0.099333 0.333333
801 96.145333 0.500000 0.086667 0.346667
526 96.245333 0.510000 0.130667 0.326667
239 96.354000 0.495000 0.101333 0.616667
168 96.442000 0.498333 0.092000 0.350000
921 96.507000 0.490000 0.058000 0.340000
885 96.572667 0.490000 0.086667 0.380000
263 96.673333 0.510000 0.128000 0.406667
953 96.746667 0.505000 0.034667 0.283333
420 96.797667 0.510000 0.080667 0.326667
920 96.880667 0.495000 0.104000 0.390000
1011 96.944333 0.505000 0.042000 0.323333
643 97.013000 0.490000 0.114000 0.420000
505 97.093333 0.496667 0.064000 0.266667
455 97.144333 0.490000 0.058000 0.313333
457 97.203333 0.501667 0.073333 0.376667
194 97.281000 0.501667 0.102000 0.423333
753 97.387000 0.503333 0.123333 0.406667
938 97.459667 0.493333 0.038000 0.300000
185 97.533333 0.493333 0.128000 0.520000
554 97.647667 0.500000 0.119333 0.326667
616 97.764000 0.510000 0.133333 0.340000
294 97.925333 0.503333 0.205333 1.026667
344 98.116333 0.501667 0.190000 0.950000
989 98.219333 0.488333 0.033333 0.250000
11 98.285667 0.498333 0.116667 0.383333
865 98.385333 0.496667 0.102667 0.380000
944 98.451333 0.505000 0.048000 0.370000
355 98.532667 0.496667 0.129333 0.360000
97 98.669000 0.498333 0.163333 0.816667
430 98.800667 0.501667 0.117333 0.503333
45 98.883333 0.510000 0.064000 0.320000
784 98.930333 0.508333 0.048667 0.416667
426 98.973667 0.488333 0.056667 0.363333
121 99.007333 0.501667 0.024000 0.383333
601 99.077000 0.510000 0.134000 0.426667
596 99.184333 0.501667 0.100667 0.316667
725 99.287000 0.495000 0.120667 0.510000
285 99.413000 0.506667 0.144667 0.473333
599 99.545000 0.490000 0.138000 0.446667
2 99.648000 0.510000 0.084000 0.400000
982 99.706667 0.505000 0.046667 0.370000
574 99.761333 0.493333 0.082667 0.333333
424 99.851667 0.508333 0.111333 0.356667
925 99.916000 0.496667 0.037333 0.313333
1020 99.939333 0.503333 0.029333 0.246667
675 100.009000 0.510000 0.126000 0.480000
631 100.133667 0.505000 0.139333 0.470000
808 100.257333 0.488333 0.121333 0.550000
702 100.422333 0.508333 0.227333 1.136667
918 100.576333 0.488333 0.098000 0.316667
32 100.668000 0.491667 0.105333 0.390000
324 100.780000 0.510000 0.137333 0.673333
233 100.896333 0.498333 0.114000 0.583333
15 100.992000 0.491667 0.093333 0.310000
485 101.070333 0.505000 0.080667 0.410000
957 101.122333 0.491667 0.036667 0.290000
218 101.244000 0.500000 0.222667 1.113333
855 101.383000 0.505000 0.071333 0.190000
77 101.466333 0.506667 0.115333 0.286667
759 101.573000 0.488333 0.118000 0.343333
968 101.644333 0.496667 0.040667 0.326667
475 101.689333 0.493333 0.064000 0.340000
461 101.740333 0.510000 0.058000 0.306667
586 101.832000 0.498333 0.145333 0.470000
561 101.998000 0.506667 0.202667 0.420000
71 102.124333 0.495000 0.066000 0.343333
181 102.223000 0.491667 0.146000 0.496667
666 102.337000 0.498333 0.102000 0.363333
189 102.429333 0.491667 0.100000 0.483333
667 102.527667 0.496667 0.114000 0.420000
207 102.624333 0.490000 0.095333 0.453333
767 102.724667 0.506667 0.120000 0.346667
137 102.805333 0.503333 0.057333 0.280000
810 102.882667 0.505000 0.113333 0.470000
786 102.967333 0.495000 0.076000 0.470000
827 103.047333 0.490000 0.100000 0.486667
513 103.152333 0.495000 0.123333 0.383333
760 103.280333 0.505000 0.150000 0.496667
991 103.370333 0.500000 0.043333 0.320000
155 103.436000 0.506667 0.101333 0.580000
