926 0.021333 0.510000 0.036000 0.293333
667 0.082667 0.493333 0.105333 0.346667
57 0.151667 0.490000 0.047333 0.306667
493 0.208000 0.496667 0.078667 0.366667
207 0.285000 0.503333 0.095333 0.400000
44 0.391000 0.506667 0.130000 0.520000
894 0.550333 0.488333 0.204667 1.023333
35 0.698667 0.490000 0.112000 0.366667
953 0.768000 0.491667 0.046667 0.350000
494 0.820000 0.495000 0.073333 0.323333
821 0.903667 0.501667 0.108667 0.670000
964 0.976333 0.510000 0.050000 0.360000
118 1.047000 0.490000 0.108667 0.386667
1015 1.112667 0.491667 0.037333 0.290000
684 1.167667 0.490000 0.091333 0.313333
776 1.273000 0.503333 0.135333 0.306667
601 1.392667 0.490000 0.118667 0.360000
438 1.516000 0.508333 0.141333 0.423333
519 1.663333 0.496667 0.168000 0.840000
238 1.836667 0.490000 0.192000 0.960000
387 2.014667 0.510000 0.177333 0.886667
233 2.146000 0.506667 0.098667 0.500000
558 2.225667 0.506667 0.079333 0.393333
302 2.290333 0.506667 0.068667 0.386667
799 2.366667 0.488333 0.100000 0.396667
749 2.461333 0.508333 0.109333 0.443333
950 2.527333 0.491667 0.040000 0.296667
126 2.628333 0.508333 0.176667 0.883333
286 2.758000 0.491667 0.096000 0.343333
629 2.905333 0.500000 0.216000 1.080000
507 3.042000 0.503333 0.074667 0.446667
938 3.088333 0.495000 0.032667 0.270000
682 3.157667 0.488333 0.119333 0.436667
481 3.245667 0.501667 0.071333 0.376667
794 3.300000 0.501667 0.057333 0.350000
501 3.367667 0.501667 0.098000 0.470000
366 3.475667 0.503333 0.131333 0.360000
208 3.594000 0.491667 0.125333 0.530000
48 3.808333 0.493333 0.320667 0.520000
685 4.003000 0.500000 0.083333 0.340000
110 4.110000 0.508333 0.144000 0.516667
599 4.227333 0.490000 0.110667 0.340000
876 4.386333 0.505000 0.227333 1.136667
565 4.575667 0.505000 0.170000 0.356667
639 4.683333 0.500000 0.062667 0.306667
806 4.812333 0.510000 0.215333 0.506667
578 4.960000 0.495000 0.097333 0.376667
942 5.022000 0.500000 0.041333 0.300000
570 5.078000 0.505000 0.084000 0.350000
417 5.157000 0.493333 0.094000 0.446667
67 5.275667 0.501667 0.160667 0.803333
751 5.394000 0.508333 0.096000 0.390000
869 5.476000 0.510000 0.081333 0.473333
482 5.545667 0.508333 0.071333 0.363333
841 5.621333 0.503333 0.100000 0.413333
564 5.748667 0.500000 0.169333 0.393333
856 5.914667 0.495000 0.182667 0.456667
528 6.050000 0.488333 0.108000 0.376667
695 6.187000 0.495000 0.184667 0.523333
462 6.311333 0.510000 0.082667 0.420000
437 6.395000 0.501667 0.099333 0.510000
1008 6.450000 0.491667 0.030667 0.256667
1016 6.474000 0.505000 0.033333 0.276667
181 6.536667 0.496667 0.105333 0.400000
392 6.645667 0.506667 0.131333 0.413333
710 6.772667 0.508333 0.142667 0.396667
867 6.887333 0.510000 0.106667 0.373333
952 6.954333 0.505000 0.040667 0.303333
833 7.009333 0.493333 0.085333 0.420000
825 7.096667 0.488333 0.108000 0.443333
605 7.209000 0.498333 0.135333 0.350000
716 7.348000 0.505000 0.161333 0.410000
274 7.478000 0.500000 0.112000 0.526667
333 7.607000 0.495000 0.162000 0.356667
204 7.727333 0.491667 0.093333 0.383333
697 7.860667 0.510000 0.189333 0.946667
431 7.992000 0.493333 0.090667 0.313333
533 8.082333 0.488333 0.107333 0.363333
15 8.176667 0.496667 0.098667 0.313333
719 8.324667 0.496667 0.216000 1.080000
194 8.474667 0.488333 0.100000 0.476667
112 8.600000 0.491667 0.169333 0.563333
557 8.711667 0.501667 0.067333 0.470000
701 8.850000 0.510000 0.225333 1.126667
65 8.998667 0.495000 0.089333 0.223333
374 9.142667 0.496667 0.217333 1.086667
195 9.295000 0.508333 0.106000 0.463333
379 9.419667 0.491667 0.160667 0.450000
174 9.549667 0.491667 0.116667 0.430000
845 9.659000 0.510000 0.116667 0.586667
543 9.813333 0.508333 0.208000 0.643333
78 10.005333 0.491667 0.194667 0.483333
131 10.165667 0.503333 0.140667 0.540000
594 10.296333 0.505000 0.139333 0.430000
628 10.442667 0.496667 0.172000 0.566667
340 10.585000 0.490000 0.128667 0.400000
602 10.699000 0.505000 0.115333 0.356667
920 10.793000 0.503333 0.090000 0.340000
913 10.891667 0.508333 0.127333 0.390000
970 10.964000 0.505000 0.037333 0.310000
100 11.083000 0.498333 0.214000 0.450000
260 11.283667 0.498333 0.203333 1.016667
254 11.447333 0.501667 0.142667 0.543333
863 11.556667 0.506667 0.090667 0.433333
977 11.613333 0.488333 0.041333 0.336667
122 11.684000 0.510000 0.120000 0.420000
487 11.771333 0.501667 0.069333 0.356667
536 11.907333 0.510000 0.220000 1.100000
525 12.071000 0.500000 0.120667 0.400000
234 12.180667 0.503333 0.116000 0.480000
715 12.310667 0.500000 0.162667 0.813333
239 12.429333 0.501667 0.094667 0.583333
407 12.518667 0.510000 0.102667 0.386667
733 12.595667 0.488333 0.070000 0.423333
694 12.658333 0.488333 0.074000 0.363333
677 12.739000 0.501667 0.100667 0.330000
878 12.829000 0.496667 0.096667 0.493333
768 12.900333 0.493333 0.064667 0.173333
619 12.967667 0.488333 0.087333 0.483333
771 13.044333 0.500000 0.084667 0.413333
1018 13.102667 0.510000 0.048000 0.346667
649 13.171333 0.505000 0.108000 0.570000
815 13.279000 0.493333 0.122000 0.433333
107 13.423667 0.501667 0.184667 0.923333
728 13.537000 0.500000 0.058000 0.500000
193 13.613333 0.498333 0.112000 0.456667
780 13.740333 0.491667 0.160667 0.463333
349 13.919000 0.501667 0.211333 1.056667
351 14.120333 0.508333 0.210000 1.050000
79 14.313333 0.500000 0.192000 0.960000
434 14.462333 0.505000 0.120667 0.416667
650 14.576000 0.493333 0.121333 0.393333
77 14.685667 0.488333 0.114000 0.283333
442 14.772000 0.493333 0.073333 0.433333
896 14.865000 0.505000 0.132667 0.363333
976 14.942000 0.500000 0.034667 0.273333
511 15.008000 0.501667 0.116000 0.383333
357 15.122667 0.506667 0.129333 0.366667
408 15.228333 0.501667 0.096667 0.363333
630 15.365667 0.491667 0.198000 0.990000
136 15.517667 0.495000 0.126000 0.456667
520 15.624000 0.496667 0.104000 0.346667
400 15.697667 0.505000 0.060667 0.516667
655 15.760333 0.493333 0.080667 0.366667
153 15.840000 0.503333 0.097333 0.440000
312 15.924000 0.501667 0.090667 0.303333
658 15.995333 0.505000 0.070667 0.416667
275 16.058000 0.508333 0.073333 0.416667
772 16.168333 0.508333 0.160667 0.803333
10 16.292667 0.505000 0.106667 0.350000
574 16.373667 0.495000 0.072667 0.290000
272 16.470333 0.498333 0.138000 0.396667
486 16.564000 0.508333 0.068000 0.350000
853 16.635333 0.491667 0.090667 0.403333
458 16.702667 0.488333 0.060000 0.356667
712 16.811667 0.491667 0.172667 0.450000
252 16.958000 0.501667 0.136000 0.530000
358 17.074667 0.498333 0.113333 0.343333
323 17.224333 0.491667 0.202000 1.010000
12 17.374667 0.510000 0.112000 0.380000
811 17.478333 0.500000 0.111333 0.286667
477 17.564000 0.500000 0.080000 0.446667
562 17.670000 0.493333 0.145333 0.300000
337 17.837333 0.493333 0.205333 1.026667
388 17.991667 0.500000 0.120667 0.346667
609 18.080000 0.496667 0.073333 0.300000
473 18.144000 0.490000 0.074667 0.453333
842 18.226667 0.488333 0.110667 0.490000
696 18.343333 0.498333 0.140000 0.323333
553 18.448667 0.500000 0.089333 0.313333
243 18.579667 0.501667 0.186000 0.930000
316 18.713000 0.505000 0.095333 0.370000
389 18.816000 0.488333 0.130667 0.356667
363 18.929667 0.490000 0.116667 0.326667
514 19.042000 0.501667 0.121333 0.403333
476 19.126333 0.493333 0.060667 0.360000
793 19.212000 0.491667 0.128000 0.523333
369 19.328333 0.500000 0.118000 0.366667
156 19.472667 0.491667 0.185333 0.443333
246 19.636667 0.500000 0.160000 0.546667
763 19.736000 0.491667 0.054667 0.443333
313 19.806333 0.506667 0.099333 0.360000
92 19.953667 0.495000 0.211333 1.056667
531 20.163000 0.488333 0.220667 0.596667
102 20.376000 0.490000 0.218667 0.460000
892 20.543667 0.491667 0.135333 0.403333
84 20.657333 0.508333 0.106667 0.303333
954 20.724667 0.508333 0.041333 0.330000
39 20.796667 0.498333 0.122667 0.396667
289 20.962667 0.493333 0.226667 0.446667
765 21.108333 0.500000 0.078000 0.393333
306 21.169000 0.508333 0.063333 0.356667
287 21.246000 0.491667 0.104000 0.390000
268 21.387000 0.493333 0.196667 0.593333
38 21.531667 0.505000 0.107333 0.363333
1004 21.600667 0.501667 0.045333 0.343333
396 21.681667 0.498333 0.130000 0.356667
466 21.776667 0.505000 0.077333 0.416667
164 21.859000 0.488333 0.107333 0.410000
973 21.930667 0.488333 0.050667 0.376667
321 21.996000 0.493333 0.093333 0.413333
809 22.080667 0.506667 0.094667 0.486667
787 22.160000 0.488333 0.081333 0.503333
978 22.213000 0.495000 0.039333 0.296667
88 22.315333 0.490000 0.181333 0.906667
399 22.459667 0.491667 0.126000 0.490000
17 22.569667 0.510000 0.107333 0.373333
1023 22.632667 0.508333 0.038667 0.316667
344 22.720333 0.495000 0.156667 0.783333
834 22.831667 0.493333 0.086000 0.373333
186 22.924333 0.506667 0.118000 0.480000
610 23.040333 0.506667 0.131333 0.406667
889 23.176667 0.500000 0.157333 0.486667
850 23.298333 0.498333 0.103333 0.430000
53 23.400667 0.505000 0.120000 0.403333
666 23.510000 0.510000 0.116000 0.400000
409 23.602667 0.496667 0.088000 0.446667
586 23.708000 0.493333 0.142667 0.440000
172 23.819333 0.495000 0.100000 0.376667
813 23.922000 0.505000 0.120000 0.310000
890 24.030667 0.498333 0.110667 0.556667
319 24.125000 0.505000 0.091333 0.336667
839 24.211000 0.503333 0.100667 0.453333
179 24.300667 0.501667 0.098667 0.356667
211 24.398333 0.496667 0.111333 0.560000
80 24.493667 0.495000 0.095333 0.463333
563 24.613000 0.505000 0.158000 0.323333
707 24.734333 0.510000 0.103333 0.466667
595 24.832333 0.506667 0.111333 0.340000
905 24.941000 0.498333 0.123333 0.403333
165 25.045000 0.506667 0.099333 0.360000
836 25.135000 0.496667 0.096667 0.400000
742 25.228667 0.501667 0.109333 0.450000
435 25.309333 0.501667 0.068000 0.330000
746 25.390000 0.498333 0.108000 0.316667
281 25.500000 0.493333 0.130667 0.446667
943 25.580667 0.503333 0.044000 0.333333
556 25.650667 0.508333 0.116000 0.496667
925 25.722000 0.501667 0.046667 0.370000
930 25.755000 0.510000 0.035333 0.273333
566 25.812667 0.506667 0.100000 0.413333
114 25.898000 0.506667 0.085333 0.426667
699 26.005000 0.495000 0.148667 0.436667
720 26.149000 0.495000 0.156667 0.783333
969 26.244000 0.505000 0.050667 0.376667
216 26.322000 0.510000 0.125333 0.513333
824 26.434000 0.503333 0.114667 0.473333
87 26.562000 0.510000 0.160000 0.800000
645 26.680000 0.493333 0.092000 0.426667
424 26.785000 0.488333 0.135333 0.423333
189 26.892000 0.503333 0.097333 0.386667
808 26.977000 0.493333 0.087333 0.400000
298 27.057000 0.498333 0.091333 0.456667
818 27.167333 0.496667 0.145333 0.486667
230 27.294667 0.488333 0.122667 0.483333
1001 27.364667 0.496667 0.037333 0.300000
235 27.433333 0.505000 0.120000 0.550000
517 27.534333 0.493333 0.098000 0.313333
737 27.609000 0.505000 0.067333 0.436667
704 27.695000 0.488333 0.124667 0.403333
354 27.813667 0.490000 0.126000 0.373333
957 27.884667 0.506667 0.036000 0.280000
292 27.964000 0.501667 0.141333 0.530000
755 28.101667 0.495000 0.154000 0.450000
253 28.193000 0.498333 0.048667 0.503333
901 28.290667 0.490000 0.160000 0.446667
305 28.400333 0.503333 0.072667 0.406667
872 28.517667 0.498333 0.178000 0.890000
421 28.672333 0.501667 0.147333 0.496667
785 28.770667 0.505000 0.064000 0.276667
129 28.851333 0.496667 0.117333 0.446667
535 28.982667 0.488333 0.165333 0.390000
822 29.102000 0.496667 0.089333 0.293333
133 29.193000 0.506667 0.110000 0.440000
810 29.296333 0.505000 0.115333 0.510000
788 29.447667 0.508333 0.203333 1.016667
490 29.572667 0.498333 0.066667 0.350000
248 29.644333 0.503333 0.091333 0.460000
848 29.744000 0.506667 0.126667 0.406667
539 29.836000 0.508333 0.077333 0.343333
826 29.921000 0.500000 0.111333 0.460000
741 30.025667 0.491667 0.112667 0.383333
117 30.133667 0.490000 0.122000 0.386667
121 30.197333 0.500000 0.022667 0.406667
766 30.258000 0.503333 0.112000 0.326667
998 30.323667 0.506667 0.038000 0.306667
997 30.351000 0.506667 0.031333 0.266667
106 30.456333 0.500000 0.192667 0.420000
979 30.562333 0.501667 0.036667 0.283333
288 30.627333 0.491667 0.109333 0.403333
108 30.772333 0.495000 0.195333 0.416667
465 30.896000 0.501667 0.070667 0.370000
945 30.944333 0.503333 0.040667 0.340000
955 30.975667 0.490000 0.035333 0.280000
50 31.057667 0.496667 0.146000 0.420000
93 31.214000 0.493333 0.186667 0.933333
786 31.330667 0.503333 0.061333 0.380000
468 31.382667 0.493333 0.062667 0.366667
851 31.465000 0.495000 0.115333 0.530000
986 31.535333 0.503333 0.041333 0.300000
280 31.614667 0.501667 0.132000 0.430000
144 31.721667 0.501667 0.099333 0.450000
620 31.820667 0.505000 0.113333 0.496667
933 31.890333 0.503333 0.043333 0.333333
353 31.958000 0.500000 0.110667 0.320000
95 32.118000 0.506667 0.224000 1.120000
304 32.250667 0.505000 0.057333 0.323333
418 32.307333 0.498333 0.072000 0.350000
651 32.446667 0.506667 0.225333 1.126667
795 32.587667 0.510000 0.074000 0.440000
680 32.670000 0.503333 0.108000 0.373333
236 32.771333 0.493333 0.114667 0.573333
510 32.885000 0.501667 0.127333 0.396667
621 32.968000 0.506667 0.056000 0.513333
276 33.012667 0.510000 0.046667 0.313333
835 33.084000 0.496667 0.113333 0.446667
798 33.186667 0.490000 0.106667 0.400000
141 33.281333 0.496667 0.097333 0.426667
86 33.363333 0.500000 0.080000 0.340000
638 33.435333 0.493333 0.078667 0.313333
596 33.522333 0.510000 0.108667 0.326667
1003 33.591667 0.495000 0.046000 0.343333
496 33.652333 0.488333 0.095333 0.383333
782 33.751333 0.491667 0.121333 0.556667
537 33.908000 0.496667 0.208000 1.040000
804 34.066333 0.495000 0.123333 0.356667
210 34.168333 0.500000 0.096667 0.400000
779 34.227333 0.505000 0.034667 0.323333
203 34.288333 0.488333 0.107333 0.443333
492 34.380000 0.491667 0.090667 0.396667
523 34.472000 0.506667 0.112000 0.366667
221 34.566000 0.508333 0.089333 0.410000
502 34.648000 0.490000 0.090667 0.406667
583 34.721333 0.495000 0.074667 0.423333
513 34.818667 0.505000 0.137333 0.470000
59 34.951000 0.508333 0.140667 0.356667
843 35.056667 0.496667 0.090667 0.420000
887 35.167333 0.505000 0.145333 0.443333
529 35.283667 0.506667 0.102000 0.386667
756 35.398333 0.491667 0.143333 0.423333
66 35.520333 0.510000 0.118000 0.533333
663 35.616000 0.503333 0.090667 0.293333
45 35.688667 0.508333 0.074667 0.370000
703 35.782000 0.505000 0.130667 0.476667
800 35.895333 0.506667 0.110667 0.440000
63 35.996667 0.496667 0.110667 0.386667
949 36.063000 0.491667 0.036667 0.303333
257 36.132000 0.488333 0.118667 0.356667
981 36.203000 0.493333 0.038000 0.280000
318 36.273000 0.505000 0.118000 0.483333
290 36.381000 0.498333 0.114000 0.310000
760 36.503667 0.498333 0.150000 0.443333
852 36.621667 0.510000 0.100667 0.433333
656 36.754667 0.490000 0.178667 0.440000
68 36.909000 0.491667 0.146000 0.410000
675 37.023000 0.490000 0.102000 0.333333
847 37.128000 0.506667 0.126667 0.386667
1011 37.203000 0.503333 0.038000 0.313333
412 37.251333 0.510000 0.073333 0.380000
554 37.344667 0.495000 0.133333 0.363333
505 37.433000 0.496667 0.060667 0.253333
81 37.519000 0.506667 0.127333 0.513333
4 37.618333 0.495000 0.087333 0.343333
192 37.718333 0.488333 0.128667 0.516667
931 37.798333 0.500000 0.044667 0.326667
613 37.924000 0.490000 0.224000 1.120000
678 38.081000 0.495000 0.107333 0.390000
43 38.188333 0.488333 0.126000 0.503333
577 38.302667 0.505000 0.116000 0.456667
792 38.393667 0.488333 0.084667 0.343333
310 38.454000 0.495000 0.056000 0.316667
143 38.516667 0.501667 0.082667 0.436667
702 38.648333 0.495000 0.195333 0.976667
264 38.800333 0.503333 0.122000 0.466667
46 38.887333 0.495000 0.065333 0.543333
817 38.967667 0.498333 0.114000 0.403333
332 39.154667 0.488333 0.274667 0.630000
58 39.313667 0.506667 0.058000 0.273333
724 39.376333 0.510000 0.086000 0.333333
814 39.472000 0.493333 0.124000 0.293333
185 39.568000 0.496667 0.088000 0.446667
278 39.662667 0.505000 0.117333 0.350000
918 39.768667 0.491667 0.108000 0.403333
475 39.844333 0.498333 0.063333 0.330000
342 39.905333 0.493333 0.076000 0.326667
803 40.000333 0.503333 0.130000 0.373333
579 40.153000 0.490000 0.190000 0.433333
31 40.313667 0.503333 0.144667 0.433333
758 40.455667 0.503333 0.155333 0.506667
184 40.577333 0.491667 0.101333 0.416667
36 40.663000 0.498333 0.088667 0.283333
572 40.740667 0.503333 0.086667 0.360000
727 40.812000 0.506667 0.072000 0.460000
488 40.872000 0.493333 0.065333 0.340000
880 40.939333 0.508333 0.085333 0.290000
325 41.066000 0.500000 0.184000 0.920000
935 41.172000 0.495000 0.048000 0.350000
941 41.205667 0.491667 0.036667 0.303333
959 41.237000 0.488333 0.046000 0.363333
951 41.269333 0.498333 0.038667 0.303333
382 41.355000 0.508333 0.151333 0.436667
624 41.503333 0.490000 0.158667 0.793333
946 41.594667 0.491667 0.038667 0.296667
508 41.642667 0.510000 0.074667 0.393333
907 41.723000 0.493333 0.100667 0.340000
590 41.829667 0.506667 0.132667 0.440000
124 41.944333 0.490000 0.112667 0.400000
360 42.088667 0.510000 0.193333 0.966667
500 42.217667 0.501667 0.083333 0.396667
958 42.274000 0.510000 0.048000 0.373333
987 42.310000 0.493333 0.044000 0.320000
123 42.388333 0.501667 0.130000 0.776667
16 42.497333 0.510000 0.101333 0.326667
295 42.605000 0.498333 0.128667 0.543333
991 42.683667 0.496667 0.043333 0.333333
227 42.751667 0.508333 0.110000 0.456667
879 42.861667 0.500000 0.127333 0.366667
37 42.980333 0.493333 0.127333 0.480000
686 43.084667 0.510000 0.098667 0.480000
329 43.212000 0.500000 0.169333 0.566667
762 43.324667 0.505000 0.072000 0.310000
971 43.373000 0.506667 0.040667 0.320000
54 43.415333 0.508333 0.060000 0.343333
69 43.485000 0.505000 0.094000 0.456667
334 43.580333 0.498333 0.112667 0.376667
461 43.656000 0.506667 0.057333 0.300000
213 43.736333 0.508333 0.116667 0.470000
919 43.827667 0.493333 0.080667 0.373333
693 43.899333 0.495000 0.080000 0.390000
657 43.986667 0.500000 0.113333 0.480000
5 44.076333 0.496667 0.083333 0.373333
190 44.156667 0.501667 0.094667 0.376667
687 44.237333 0.500000 0.085333 0.420000
939 44.294333 0.500000 0.047333 0.353333
546 44.365000 0.493333 0.114000 0.406667
868 44.461000 0.508333 0.091333 0.523333
433 44.558667 0.500000 0.118667 0.246667
199 44.669667 0.505000 0.119333 0.510000
643 44.771333 0.488333 0.098667 0.376667
988 44.834333 0.506667 0.043333 0.353333
52 44.900667 0.496667 0.105333 0.373333
263 45.004000 0.510000 0.121333 0.400000
483 45.085667 0.501667 0.058000 0.343333
18 45.150333 0.508333 0.088667 0.296667
738 45.227333 0.510000 0.081333 0.393333
940 45.283333 0.493333 0.049333 0.366667
241 45.337667 0.505000 0.078000 0.430000
296 45.413333 0.496667 0.092000 0.333333
581 45.504000 0.505000 0.106667 0.496667
449 45.582000 0.488333 0.064000 0.383333
436 45.653000 0.503333 0.092667 0.260000
673 45.748000 0.490000 0.112000 0.380000
327 45.858333 0.493333 0.124667 0.360000
375 45.970000 0.510000 0.114667 0.360000
21 46.066000 0.498333 0.096000 0.350000
904 46.150000 0.498333 0.085333 0.456667
858 46.227000 0.496667 0.086000 0.306667
180 46.320000 0.496667 0.118667 0.446667
51 46.425333 0.490000 0.105333 0.333333
300 46.511333 0.506667 0.081333 0.260000
534 46.588333 0.510000 0.087333 0.346667
259 46.674000 0.490000 0.100000 0.500000
906 46.795333 0.496667 0.161333 0.446667
371 46.946667 0.506667 0.156000 0.426667
960 47.036000 0.498333 0.037333 0.290000
541 47.155000 0.495000 0.220667 1.103333
328 47.330333 0.496667 0.144667 0.373333
370 47.466667 0.491667 0.145333 0.430000
470 47.565667 0.495000 0.070000 0.416667
183 47.649667 0.501667 0.118000 0.476667
99 47.799333 0.493333 0.197333 0.986667
386 47.964000 0.503333 0.150667 0.466667
754 48.096667 0.503333 0.133333 0.646667
937 48.172667 0.498333 0.037333 0.283333
47 48.235667 0.493333 0.104667 0.500000
705 48.351000 0.496667 0.140667 0.440000
85 48.455667 0.498333 0.087333 0.363333
166 48.544333 0.495000 0.110000 0.396667
899 48.661000 0.506667 0.139333 0.406667
405 48.769333 0.506667 0.094667 0.353333
218 48.865000 0.493333 0.110000 0.480000
224 48.975667 0.501667 0.127333 0.510000
881 49.094000 0.493333 0.124000 0.420000
767 49.217333 0.490000 0.142667 0.406667
644 49.322667 0.496667 0.082667 0.406667
617 49.395667 0.505000 0.082000 0.330000
261 49.526000 0.503333 0.192000 0.960000
341 49.651333 0.493333 0.076000 0.333333
994 49.695333 0.506667 0.030667 0.260000
2 49.744667 0.496667 0.088000 0.426667
618 49.817000 0.496667 0.070000 0.426667
279 49.891000 0.506667 0.092667 0.540000
225 49.992000 0.490000 0.122667 0.520000
345 50.118000 0.503333 0.146667 0.433333
870 50.214000 0.500000 0.061333 0.306667
308 50.268667 0.503333 0.065333 0.360000
427 50.348000 0.510000 0.110667 0.553333
886 50.456333 0.508333 0.119333 0.416667
299 50.562000 0.501667 0.112000 0.436667
40 50.664667 0.488333 0.112000 0.363333
975 50.740000 0.500000 0.052000 0.373333
440 50.793000 0.491667 0.074000 0.370000
446 50.853000 0.488333 0.064667 0.336667
381 50.936667 0.491667 0.120000 0.323333
451 51.019333 0.488333 0.060000 0.310000
582 51.148333 0.498333 0.216667 1.083333
464 51.279667 0.500000 0.064667 0.380000
73 51.382333 0.503333 0.154000 0.480000
147 51.494333 0.508333 0.086000 0.456667
132 51.577333 0.496667 0.094667 0.413333
429 51.674667 0.491667 0.117333 0.390000
874 51.766000 0.500000 0.078667 0.373333
242 51.850333 0.490000 0.107333 0.413333
142 51.944333 0.503333 0.099333 0.506667
956 52.008000 0.508333 0.044000 0.323333
555 52.034667 0.491667 0.029333 0.290000
420 52.093333 0.508333 0.102667 0.376667
857 52.218667 0.503333 0.165333 0.826667
648 52.337000 0.496667 0.090000 0.413333
359 52.453667 0.488333 0.162000 0.810000
1002 52.546000 0.510000 0.038667 0.286667
33 52.605667 0.493333 0.099333 0.366667
220 52.692333 0.495000 0.090000 0.376667
271 52.824000 0.491667 0.188000 0.576667
145 52.946000 0.491667 0.074667 0.363333
846 53.019000 0.498333 0.091333 0.390000
544 53.101667 0.490000 0.088667 0.360000
448 53.179000 0.488333 0.080667 0.410000
914 53.274667 0.491667 0.129333 0.383333
459 53.363333 0.488333 0.064000 0.330000
148 53.450667 0.496667 0.130667 0.386667
670 53.552000 0.495000 0.090667 0.310000
676 53.637000 0.503333 0.092667 0.306667
24 53.749333 0.505000 0.145333 0.490000
743 53.864667 0.491667 0.105333 0.456667
518 53.970667 0.506667 0.125333 0.406667
187 54.066000 0.488333 0.085333 0.396667
309 54.129000 0.495000 0.058000 0.330000
151 54.185667 0.500000 0.071333 0.353333
777 54.269000 0.491667 0.115333 0.496667
229 54.409667 0.491667 0.186000 0.930000
401 54.543333 0.503333 0.096000 0.500000
902 54.651000 0.496667 0.132667 0.380000
903 54.787333 0.505000 0.157333 0.443333
532 54.914333 0.498333 0.115333 0.590000
897 55.020667 0.501667 0.114667 0.316667
228 55.131333 0.501667 0.120000 0.496667
862 55.215667 0.488333 0.068667 0.310000
393 55.307667 0.491667 0.128667 0.363333
739 55.387667 0.495000 0.048667 0.410000
877 55.445333 0.501667 0.084000 0.430000
383 55.545667 0.508333 0.132667 0.390000
674 55.655667 0.506667 0.107333 0.366667
614 55.763000 0.488333 0.127333 0.330000
455 55.856667 0.501667 0.078667 0.450000
384 56.002333 0.508333 0.231333 1.156667
105 56.203333 0.493333 0.188000 0.406667
171 56.335667 0.498333 0.091333 0.350000
775 56.403333 0.496667 0.061333 0.306667
832 56.469000 0.508333 0.088667 0.396667
540 56.597000 0.505000 0.182000 0.910000
854 56.764000 0.501667 0.165333 0.483333
516 56.890333 0.510000 0.102000 0.333333
169 56.995667 0.506667 0.122000 0.453333
188 57.108667 0.496667 0.118667 0.546667
547 57.199000 0.501667 0.076667 0.436667
831 57.277667 0.491667 0.096667 0.450000
706 57.360000 0.501667 0.082667 0.410000
317 57.450333 0.500000 0.115333 0.420000
146 57.586000 0.500000 0.174667 0.873333
240 57.692333 0.496667 0.056667 0.293333
900 57.783000 0.495000 0.140667 0.436667
297 57.879000 0.491667 0.066000 0.363333
89 57.981667 0.505000 0.159333 0.343333
883 58.138333 0.495000 0.174000 0.870000
761 58.277000 0.498333 0.123333 0.363333
598 58.380333 0.500000 0.099333 0.300000
41 58.494667 0.493333 0.144000 0.406667
882 58.618667 0.503333 0.118667 0.473333
884 58.728000 0.501667 0.113333 0.423333
9 58.813000 0.490000 0.076667 0.333333
801 58.885667 0.491667 0.084667 0.310000
807 59.026667 0.501667 0.213333 0.536667
522 59.180000 0.496667 0.109333 0.373333
690 59.274667 0.490000 0.097333 0.480000
723 59.369667 0.501667 0.106000 0.363333
127 59.466667 0.503333 0.102667 0.340000
995 59.531333 0.500000 0.044000 0.353333
463 59.578667 0.508333 0.070667 0.423333
269 59.685667 0.508333 0.160667 0.803333
419 59.793333 0.488333 0.070667 0.343333
773 59.889333 0.503333 0.136000 0.373333
740 60.022333 0.496667 0.150000 0.346667
721 60.161333 0.506667 0.146667 0.386667
209 60.281000 0.505000 0.106000 0.536667
909 60.375667 0.495000 0.103333 0.470000
990 60.438000 0.510000 0.036000 0.293333
634 60.486333 0.493333 0.078000 0.326667
484 60.563667 0.498333 0.095333 0.336667
584 60.653667 0.505000 0.104667 0.330000
237 60.731333 0.491667 0.066667 0.463333
623 60.869000 0.498333 0.226000 1.130000
559 61.019333 0.501667 0.089333 0.430000
428 61.101667 0.503333 0.094000 0.626667
616 61.210667 0.506667 0.141333 0.373333
270 61.361333 0.510000 0.176000 0.880000
735 61.513667 0.500000 0.143333 0.586667
197 61.620667 0.491667 0.089333 0.363333
980 61.677667 0.495000 0.039333 0.290000
608 61.747667 0.493333 0.119333 0.386667
587 61.856333 0.495000 0.111333 0.330000
823 61.956000 0.498333 0.101333 0.430000
928 62.017333 0.496667 0.037333 0.306667
155 62.066000 0.503333 0.077333 0.400000
921 62.120667 0.496667 0.049333 0.293333
924 62.156000 0.493333 0.038667 0.320000
861 62.189000 0.495000 0.047333 0.370000
97 62.308333 0.490000 0.211333 0.453333
589 62.446000 0.501667 0.084000 0.336667
72 62.530667 0.490000 0.102667 0.493333
460 62.606333 0.493333 0.067333 0.353333
457 62.668333 0.495000 0.074000 0.376667
245 62.732000 0.496667 0.066667 0.373333
615 62.840000 0.490000 0.162667 0.813333
769 62.968333 0.496667 0.110000 0.353333
692 63.058667 0.491667 0.086667 0.430000
996 63.115667 0.503333 0.043333 0.320000
30 63.200667 0.496667 0.140000 0.406667
744 63.338000 0.495000 0.152000 0.623333
130 63.485333 0.488333 0.160000 0.343333
128 63.629667 0.510000 0.142000 0.433333
633 63.779333 0.506667 0.174667 0.873333
640 63.899333 0.495000 0.080000 0.403333
365 64.009333 0.498333 0.154667 0.436667
588 64.121667 0.488333 0.088667 0.390000
247 64.215333 0.506667 0.116000 0.446667
140 64.364333 0.505000 0.199333 0.996667
1006 64.472000 0.505000 0.034667 0.283333
984 64.494667 0.503333 0.030667 0.253333
137 64.542333 0.500000 0.082000 0.400000
301 64.603333 0.488333 0.056000 0.316667
294 64.703000 0.508333 0.159333 0.796667
489 64.813333 0.510000 0.074667 0.386667
526 64.916000 0.503333 0.149333 0.406667
307 65.015667 0.501667 0.068667 0.383333
206 65.094000 0.501667 0.101333 0.423333
311 65.175667 0.496667 0.082000 0.353333
111 65.252667 0.491667 0.092000 0.383333
49 65.378000 0.500000 0.177333 0.886667
759 65.539000 0.505000 0.160667 0.456667
592 65.693333 0.490000 0.164000 0.820000
284 65.834000 0.500000 0.137333 0.493333
637 65.925667 0.498333 0.059333 0.303333
109 66.049333 0.506667 0.205333 1.026667
423 66.199667 0.505000 0.115333 0.376667
647 66.281000 0.496667 0.063333 0.320000
445 66.342667 0.508333 0.080000 0.410000
244 66.468667 0.510000 0.185333 0.506667
20 66.607333 0.505000 0.112000 0.403333
512 66.715667 0.505000 0.123333 0.430000
467 66.802333 0.490000 0.067333 0.333333
622 66.914667 0.490000 0.176000 0.880000
339 67.037000 0.498333 0.086000 0.463333
479 67.107333 0.501667 0.070667 0.403333
679 67.186000 0.498333 0.100000 0.570000
266 67.297000 0.505000 0.136667 0.416667
152 67.397333 0.505000 0.084000 0.403333
430 67.492333 0.503333 0.124667 0.526667
708 67.591333 0.503333 0.093333 0.393333
816 67.692333 0.490000 0.126000 0.460000
917 67.764333 0.508333 0.036667 0.276667
362 67.841667 0.493333 0.135333 0.380000
567 68.004667 0.493333 0.210667 1.053333
603 68.208333 0.490000 0.215333 0.493333
441 68.338667 0.505000 0.064000 0.390000
410 68.407000 0.501667 0.088667 0.336667
802 68.529667 0.501667 0.176667 0.436667
314 68.670667 0.505000 0.124000 0.423333
812 68.790000 0.506667 0.132000 0.473333
202 68.908667 0.510000 0.122667 0.466667
403 69.062667 0.496667 0.204000 1.020000
175 69.241333 0.506667 0.173333 0.866667
75 69.399667 0.508333 0.158000 0.490000
447 69.502000 0.495000 0.062667 0.330000
606 69.579000 0.510000 0.111333 0.333333
1007 69.648333 0.491667 0.046000 0.363333
672 69.713000 0.490000 0.099333 0.333333
607 69.818000 0.510000 0.124000 0.366667
485 69.909667 0.493333 0.078000 0.460000
718 70.046333 0.495000 0.211333 1.056667
232 70.205333 0.496667 0.121333 0.533333
549 70.303667 0.491667 0.090000 0.303333
338 70.409333 0.496667 0.136000 0.706667
641 70.508333 0.496667 0.080667 0.380000
173 70.591000 0.498333 0.102000 0.463333
929 70.656000 0.488333 0.041333 0.310000
320 70.727000 0.505000 0.114000 0.363333
163 70.839667 0.506667 0.130000 0.460000
671 70.948333 0.508333 0.104667 0.350000
215 71.036000 0.510000 0.090667 0.373333
626 71.176667 0.510000 0.204000 1.020000
709 71.321000 0.488333 0.104667 0.416667
865 71.419667 0.505000 0.112667 0.376667
378 71.523000 0.496667 0.112667 0.306667
542 71.684000 0.496667 0.228000 1.140000
783 71.825333 0.498333 0.073333 0.403333
368 71.923000 0.503333 0.142000 0.426667
664 72.039333 0.503333 0.106667 0.360000
28 72.136667 0.503333 0.101333 0.346667
560 72.272333 0.498333 0.190000 0.950000
395 72.440000 0.501667 0.164000 0.483333
1020 72.532000 0.496667 0.034667 0.280000
717 72.624667 0.508333 0.169333 0.430000
443 72.731333 0.495000 0.057333 0.330000
627 72.843667 0.495000 0.183333 0.616667
789 72.962333 0.505000 0.074000 0.443333
966 73.013333 0.493333 0.041333 0.313333
515 73.087000 0.501667 0.123333 0.390000
364 73.244000 0.510000 0.210667 1.053333
7 73.402000 0.501667 0.120000 0.436667
837 73.512667 0.505000 0.114667 0.483333
82 73.592000 0.510000 0.058667 0.453333
726 73.654667 0.506667 0.085333 0.446667
397 73.734000 0.510000 0.086667 0.360000
569 73.814333 0.496667 0.094000 0.373333
178 73.948667 0.490000 0.188000 0.940000
509 74.094667 0.510000 0.117333 0.393333
258 74.199000 0.498333 0.106000 0.376667
730 74.296333 0.496667 0.108667 0.413333
548 74.405333 0.500000 0.128000 0.440000
827 74.514333 0.496667 0.108667 0.446667
326 74.594333 0.491667 0.064667 0.296667
829 74.674000 0.500000 0.110667 0.460000
125 74.778000 0.506667 0.114667 0.526667
1021 74.846000 0.506667 0.038667 0.300000
770 74.911667 0.491667 0.108667 0.310000
191 75.000000 0.505000 0.082667 0.363333
691 75.074667 0.505000 0.084000 0.410000
820 75.152000 0.501667 0.089333 0.370000
922 75.205667 0.495000 0.032667 0.276667
376 75.285000 0.500000 0.143333 0.420000
120 75.453667 0.510000 0.214000 0.466667
916 75.627333 0.500000 0.153333 0.313333
646 75.746333 0.500000 0.099333 0.473333
860 75.879000 0.493333 0.182000 0.440000
134 76.015000 0.496667 0.107333 0.346667
888 76.171667 0.501667 0.226000 1.130000
472 76.316333 0.510000 0.078000 0.466667
83 76.389667 0.505000 0.087333 0.416667
885 76.470667 0.493333 0.089333 0.406667
805 76.583667 0.491667 0.150000 0.436667
895 76.721667 0.500000 0.140667 0.373333
911 76.832000 0.508333 0.096000 0.336667
855 76.905667 0.501667 0.064667 0.170000
315 76.978000 0.503333 0.096000 0.366667
101 77.106667 0.493333 0.180000 0.386667
625 77.285000 0.501667 0.192667 0.963333
138 77.407333 0.496667 0.068000 0.366667
944 77.451333 0.505000 0.040000 0.303333
1005 77.481333 0.493333 0.036000 0.286667
249 77.517333 0.488333 0.056000 0.450000
551 77.592333 0.490000 0.114000 0.360000
734 77.735333 0.488333 0.190667 0.496667
413 77.885333 0.493333 0.122667 0.520000
322 77.982333 0.506667 0.087333 0.106667
700 78.076000 0.501667 0.116000 0.456667
27 78.193333 0.500000 0.132000 0.446667
26 78.307667 0.491667 0.115333 0.390000
838 78.407333 0.491667 0.098667 0.403333
796 78.514333 0.506667 0.134000 0.506667
545 78.610667 0.495000 0.076000 0.276667
91 78.738667 0.508333 0.197333 0.430000
612 78.891000 0.508333 0.123333 0.330000
160 78.974667 0.510000 0.060000 0.366667
731 79.041667 0.505000 0.087333 0.456667
352 79.146667 0.495000 0.140000 0.370000
688 79.244333 0.488333 0.074000 0.363333
168 79.322333 0.491667 0.095333 0.350000
196 79.417333 0.498333 0.109333 0.450000
450 79.494000 0.500000 0.064000 0.373333
828 79.579333 0.496667 0.122667 0.506667
0 79.661333 0.508333 0.057333 0.443333
665 79.734000 0.495000 0.108000 0.370000
506 79.795000 0.503333 0.031333 0.346667
781 79.830000 0.501667 0.057333 0.296667
159 79.874333 0.506667 0.044667 0.346667
992 79.903333 0.503333 0.032000 0.253333
8 79.958667 0.496667 0.098667 0.353333
456 80.030333 0.488333 0.059333 0.316667
999 80.075667 0.490000 0.044667 0.333333
661 80.139000 0.493333 0.102000 0.366667
662 80.238333 0.508333 0.115333 0.403333
471 80.322333 0.490000 0.067333 0.346667
135 80.409000 0.505000 0.120667 0.450000
19 80.514333 0.495000 0.103333 0.336667
200 80.616667 0.508333 0.117333 0.596667
965 80.688333 0.506667 0.042000 0.360000
797 80.755667 0.510000 0.106000 0.380000
962 80.818667 0.493333 0.033333 0.260000
356 80.883333 0.500000 0.109333 0.333333
14 80.988333 0.506667 0.116667 0.373333
849 81.092667 0.505000 0.112000 0.516667
170 81.237333 0.496667 0.196000 0.980000
29 81.390000 0.500000 0.126667 0.360000
989 81.464333 0.510000 0.040667 0.300000
757 81.544000 0.503333 0.138667 0.460000
452 81.639667 0.510000 0.067333 0.353333
632 81.759333 0.500000 0.185333 0.593333
167 81.893667 0.496667 0.096667 0.360000
6 81.986333 0.488333 0.102000 0.430000
411 82.138000 0.500000 0.216000 1.080000
611 82.287667 0.508333 0.103333 0.383333
60 82.371333 0.493333 0.078667 0.340000
13 82.455667 0.490000 0.103333 0.333333
25 82.550333 0.508333 0.106000 0.376667
875 82.701000 0.491667 0.215333 1.076667
377 82.857333 0.496667 0.116000 0.366667
103 83.011333 0.490000 0.210667 1.053333
495 83.142667 0.490000 0.070667 0.313333
864 83.226000 0.495000 0.109333 0.436667
722 83.329000 0.493333 0.116667 0.340000
947 83.400333 0.505000 0.044667 0.350000
1022 83.439333 0.500000 0.048000 0.366667
668 83.513667 0.508333 0.115333 0.376667
98 83.652333 0.501667 0.175333 0.370000
262 83.820000 0.503333 0.176000 0.880000
277 83.941333 0.498333 0.080000 0.383333
982 83.991667 0.490000 0.040667 0.333333
552 84.032000 0.506667 0.060000 0.393333
521 84.163667 0.505000 0.223333 1.116667
64 84.296000 0.493333 0.058667 0.286667
217 84.368333 0.510000 0.106000 0.433333
745 84.463000 0.500000 0.096667 0.393333
1009 84.521667 0.508333 0.039333 0.303333
1014 84.548667 0.501667 0.034667 0.290000
404 84.613667 0.490000 0.108667 0.540000
729 84.670667 0.510000 0.021333 0.326667
231 84.721667 0.488333 0.095333 0.396667
653 84.846333 0.488333 0.170000 0.556667
22 84.976333 0.498333 0.103333 0.343333
660 85.068667 0.508333 0.100000 0.323333
335 85.178333 0.488333 0.132667 0.436667
923 85.252333 0.503333 0.032667 0.273333
350 85.323333 0.491667 0.124000 0.336667
265 85.476000 0.510000 0.197333 0.986667
503 85.650667 0.501667 0.172000 0.496667
283 85.786000 0.508333 0.116000 0.396667
139 85.863333 0.505000 0.057333 0.336667
154 85.923667 0.510000 0.076667 0.373333
158 86.051333 0.500000 0.192000 0.960000
201 86.186333 0.510000 0.095333 0.480000
198 86.272333 0.506667 0.090000 0.373333
791 86.345000 0.500000 0.071333 0.433333
866 86.456667 0.488333 0.169333 0.510000
635 86.576667 0.505000 0.086667 0.356667
273 86.644333 0.491667 0.064667 0.383333
226 86.724667 0.500000 0.114667 0.460000
161 86.823333 0.498333 0.098667 0.350000
752 86.900333 0.488333 0.075333 0.210000
642 86.979000 0.503333 0.100667 0.386667
255 87.085000 0.508333 0.131333 0.503333
974 87.163667 0.490000 0.044667 0.340000
62 87.218667 0.508333 0.085333 0.416667
585 87.308000 0.495000 0.112000 0.343333
11 87.398667 0.498333 0.086667 0.303333
251 87.466000 0.510000 0.064000 0.360000
34 87.542667 0.498333 0.108000 0.343333
1000 87.606000 0.508333 0.038667 0.330000
372 87.685000 0.510000 0.136667 0.386667
444 87.778333 0.510000 0.070000 0.413333
819 87.879667 0.500000 0.151333 0.340000
74 88.019333 0.495000 0.142667 0.443333
830 88.134000 0.496667 0.101333 0.493333
948 88.192667 0.506667 0.032000 0.273333
968 88.222000 0.493333 0.042667 0.346667
790 88.270667 0.490000 0.070667 0.433333
61 88.350000 0.496667 0.104000 0.526667
474 88.428333 0.500000 0.071333 0.426667
748 88.519000 0.501667 0.123333 0.423333
983 88.591333 0.510000 0.036000 0.280000
714 88.700667 0.491667 0.198667 0.543333
713 88.895000 0.488333 0.204667 1.023333
162 89.057333 0.510000 0.136000 0.500000
575 89.178667 0.508333 0.120000 0.403333
985 89.245667 0.491667 0.034000 0.283333
324 89.315333 0.508333 0.120000 0.590000
844 89.414000 0.493333 0.090667 0.380000
414 89.509000 0.491667 0.118000 0.603333
498 89.587667 0.496667 0.052667 0.320000
840 89.647333 0.493333 0.081333 0.393333
774 89.711667 0.493333 0.064667 0.373333
343 89.797667 0.491667 0.124667 0.330000
538 89.936667 0.490000 0.170667 0.413333
527 90.092667 0.506667 0.158667 0.453333
71 90.191667 0.500000 0.056667 0.293333
219 90.272667 0.495000 0.124000 0.516667
1012 90.347333 0.503333 0.041333 0.320000
303 90.399667 0.505000 0.080667 0.456667
432 90.501000 0.490000 0.136667 0.273333
293 90.615000 0.495000 0.106000 0.443333
402 90.733667 0.493333 0.148667 0.393333
422 90.842667 0.500000 0.089333 0.366667
70 90.950333 0.500000 0.139333 0.506667
212 91.057333 0.508333 0.088000 0.443333
524 91.154000 0.490000 0.118667 0.393333
873 91.243000 0.498333 0.076667 0.363333
94 91.362000 0.490000 0.177333 0.886667
497 91.520333 0.510000 0.156667 0.406667
478 91.628667 0.508333 0.080000 0.410000
425 91.714667 0.503333 0.106667 0.640000
576 91.807333 0.496667 0.096000 0.373333
591 91.912667 0.501667 0.129333 0.370000
491 92.018667 0.505000 0.101333 0.496667
580 92.124000 0.506667 0.128000 0.326667
871 92.214333 0.500000 0.072667 0.353333
927 92.260667 0.501667 0.038667 0.296667
222 92.330000 0.508333 0.114667 0.556667
504 92.454000 0.503333 0.149333 0.426667
652 92.602000 0.508333 0.162667 0.543333
972 92.697667 0.496667 0.048667 0.373333
182 92.829333 0.493333 0.229333 1.146667
42 92.968667 0.493333 0.062667 0.353333
256 93.041000 0.510000 0.095333 0.320000
753 93.155000 0.495000 0.146000 0.470000
932 93.241667 0.500000 0.043333 0.340000
176 93.302667 0.493333 0.096000 0.333333
915 93.380667 0.505000 0.076000 0.623333
480 93.442000 0.501667 0.062667 0.316667
416 93.505000 0.508333 0.082000 0.390000
331 93.657667 0.493333 0.236667 0.540000
636 93.828667 0.500000 0.120000 0.266667
454 93.913000 0.493333 0.064667 0.346667
550 93.978000 0.510000 0.084000 0.413333
910 94.073333 0.508333 0.124000 0.423333
499 94.152667 0.500000 0.052000 0.306667
669 94.237667 0.498333 0.135333 0.456667
912 94.334667 0.503333 0.078667 0.306667
214 94.425000 0.493333 0.115333 0.500000
330 94.521000 0.490000 0.091333 0.346667
104 94.673333 0.493333 0.233333 0.500000
355 94.851667 0.508333 0.142000 0.403333
291 94.964333 0.508333 0.099333 0.383333
764 95.038667 0.493333 0.066667 0.326667
282 95.116333 0.508333 0.107333 0.390000
934 95.189333 0.501667 0.053333 0.390000
604 95.272000 0.503333 0.132000 0.393333
96 95.423000 0.488333 0.188667 0.403333
689 95.549667 0.506667 0.078000 0.380000
654 95.674667 0.503333 0.185333 0.393333
347 95.833000 0.510000 0.148667 0.466667
267 95.984667 0.498333 0.169333 0.523333
732 96.104000 0.493333 0.088000 0.446667
285 96.192333 0.500000 0.104667 0.340000
119 96.283000 0.491667 0.094000 0.556667
1 96.351667 0.508333 0.063333 0.310000
415 96.461333 0.503333 0.170667 0.566667
561 96.619000 0.491667 0.160667 0.416667
336 96.745000 0.510000 0.106000 0.513333
908 96.840333 0.488333 0.103333 0.376667
76 96.944667 0.503333 0.125333 0.393333
177 97.060667 0.490000 0.124000 0.433333
1010 97.136333 0.496667 0.042000 0.346667
993 97.169000 0.506667 0.043333 0.333333
56 97.220000 0.488333 0.077333 0.103333
936 97.276333 0.490000 0.048667 0.360000
571 97.339333 0.500000 0.092000 0.373333
390 97.430667 0.491667 0.109333 0.336667
891 97.504667 0.490000 0.056000 0.240000
530 97.564000 0.503333 0.081333 0.386667
115 97.629333 0.488333 0.064000 0.376667
469 97.690667 0.506667 0.074667 0.386667
116 97.776000 0.505000 0.113333 0.336667
367 97.883000 0.506667 0.116667 0.313333
32 97.982333 0.510000 0.096667 0.326667
346 98.126333 0.505000 0.207333 1.036667
961 98.246667 0.495000 0.049333 0.363333
1017 98.280667 0.488333 0.037333 0.270000
750 98.345000 0.495000 0.106000 0.390000
593 98.460333 0.510000 0.142000 0.420000
1019 98.545333 0.496667 0.044000 0.333333
963 98.576000 0.488333 0.037333 0.270000
711 98.681333 0.491667 0.186667 0.476667
348 98.823333 0.493333 0.113333 0.306667
3 98.925000 0.493333 0.103333 0.466667
967 98.992000 0.491667 0.049333 0.363333
573 99.060667 0.506667 0.104000 0.413333
380 99.176000 0.510000 0.141333 0.420000
439 99.296667 0.506667 0.113333 0.473333
205 99.392667 0.508333 0.092000 0.463333
55 99.497333 0.490000 0.132000 0.333333
113 99.602333 0.510000 0.091333 0.453333
681 99.661333 0.500000 0.044000 0.386667
600 99.736667 0.508333 0.122667 0.363333
373 99.852333 0.488333 0.126000 0.350000
426 99.930667 0.495000 0.048000 0.296667
250 100.058000 0.503333 0.226667 1.133333
859 100.223667 0.491667 0.120667 0.370000
150 100.343667 0.500000 0.132667 0.520000
90 100.481667 0.501667 0.159333 0.796667
784 100.584000 0.505000 0.061333 0.510000
893 100.706667 0.496667 0.197333 0.986667
361 100.912333 0.495000 0.228667 1.143333
747 101.066000 0.506667 0.094667 0.386667
157 101.182667 0.488333 0.157333 0.630000
568 101.298667 0.493333 0.089333 0.446667
778 101.377667 0.493333 0.088667 0.580000
391 101.481333 0.500000 0.133333 0.360000
453 101.573667 0.508333 0.070000 0.416667
597 101.654000 0.506667 0.104000 0.306667
631 101.766000 0.488333 0.137333 0.456667
698 101.858333 0.506667 0.064667 0.340000
659 101.926333 0.503333 0.087333 0.353333
725 102.013000 0.506667 0.104667 0.446667
406 102.099667 0.503333 0.082000 0.313333
1013 102.156000 0.493333 0.044000 0.333333
149 102.278333 0.508333 0.218000 1.090000
385 102.444667 0.488333 0.130667 0.350000
683 102.570333 0.508333 0.138000 0.390000
898 102.687667 0.503333 0.116667 0.366667
23 102.813333 0.498333 0.149333 0.423333
398 102.921333 0.491667 0.080000 0.410000
736 102.982333 0.501667 0.060667 0.343333
394 103.059000 0.490000 0.111333 0.320000
223 103.153333 0.496667 0.093333 0.373333
