1746524649621 0.00017136 0
1746524691973 0.00034293277199999995 1
1746524732776 0.000507436944 2
1746524773877 0.0006648725159999999 3
1746524815187 0.0006574512 4
1746524855684 0.000643314 5
1746524896651 0.0006291768 6
1746524937677 0.0006150395999999999 7
1746524979038 0.0006009024 8
1746525019733 0.0005867652000000001 9
1746525060442 0.000572628 10
1746525101621 0.0005584908 11
1746525142581 0.0005443536 12
1746525182852 0.0005302164 13
1746525223508 0.0005160792 14
1746525264350 0.000501942 15
1746525304868 0.00048780479999999994 16
1746525345300 0.0004736675999999999 17
1746525385752 0.00045953040000000007 18
1746525426214 0.0004453932 19
1746525467120 0.000431256 20
1746525507393 0.0004171188 21
1746525548117 0.0004029816 22
1746525588766 0.0003888444000000001 23
1746525629481 0.0003747072 24
1746525670297 0.00036057 25
