1747153456653 0.023310023310023312 10
1747153457658 0.046620046620046623 20
1747153458657 0.06993006993006994 30
1747153459653 0.09324009324009325 40
1747153460668 0.11655011655011654 50
1747153461669 0.13986013986013987 60
1747153462682 0.16317016317016317 70
1747153463682 0.1864801864801865 80
1747153464687 0.2097902097902098 90
1747153465700 0.2331002331002331 100
1747153466709 0.2564102564102564 110
1747153467713 0.27972027972027974 120
1747153468712 0.30303030303030304 130
1747153469729 0.32634032634032634 140
1747153470732 0.34965034965034963 150
1747153471730 0.372960372960373 160
1747153472721 0.3962703962703963 170
1747153473718 0.4195804195804196 180
1747153474717 0.4428904428904429 190
1747153475720 0.4662004662004662 200
1747153476729 0.48951048951048953 210
1747153477738 0.5128205128205128 220
1747153478750 0.5361305361305362 230
1747153479748 0.5594405594405595 240
1747153480748 0.5827505827505828 250
1747153481751 0.6060606060606061 260
1747153482756 0.6293706293706294 270
1747153483760 0.6526806526806527 280
1747153484757 0.675990675990676 290
1747153485763 0.6993006993006993 300
1747153486775 0.7226107226107226 310
1747153487790 0.745920745920746 320
1747153488788 0.7692307692307693 330
1747153489789 0.7925407925407926 340
1747153490787 0.8158508158508159 350
1747153491779 0.8391608391608392 360
1747153492786 0.8624708624708625 370
1747153493787 0.8857808857808858 380
1747153494784 0.9090909090909091 390
1747153495780 0.9324009324009324 400
1747153496790 0.9557109557109557 410
1747153497793 0.9790209790209791 420
1747153500223 1.0 429
1747153502691 1.0023310023310024 430
1747153503705 1.0256410256410255 440
1747153504728 1.048951048951049 450
1747153505752 1.0722610722610724 460
1747153506770 1.0955710955710956 470
1747153507797 1.118881118881119 480
1747153508837 1.1421911421911422 490
1747153509860 1.1655011655011656 500
1747153510877 1.1888111888111887 510
1747153511895 1.2121212121212122 520
1747153512926 1.2354312354312353 530
1747153513930 1.2587412587412588 540
1747153514930 1.282051282051282 550
1747153515928 1.3053613053613053 560
1747153516928 1.3286713286713288 570
1747153517935 1.351981351981352 580
1747153518941 1.3752913752913754 590
1747153519938 1.3986013986013985 600
1747153520953 1.421911421911422 610
1747153521977 1.4452214452214451 620
1747153522973 1.4685314685314685 630
1747153523974 1.491841491841492 640
1747153524973 1.5151515151515151 650
1747153525983 1.5384615384615383 660
1747153526986 1.5617715617715617 670
1747153527991 1.5850815850815851 680
1747153529008 1.6083916083916083 690
1747153530002 1.6317016317016317 700
1747153531013 1.6550116550116551 710
1747153532009 1.6783216783216783 720
1747153533004 1.7016317016317015 730
1747153534005 1.724941724941725 740
1747153535010 1.7482517482517483 750
1747153536032 1.7715617715617715 760
1747153537058 1.7948717948717947 770
1747153538352 1.8181818181818183 780
1747153539378 1.8414918414918415 790
1747153540404 1.8648018648018647 800
1747153541424 1.8881118881118881 810
1747153542438 1.9114219114219115 820
1747153543452 1.9347319347319347 830
1747153544469 1.958041958041958 840
1747153545492 1.9813519813519813 850
1747153547760 2.0 858
1747153550148 2.0046620046620047 860
1747153551173 2.027972027972028 870
1747153552170 2.051282051282051 880
1747153553170 2.0745920745920747 890
1747153554171 2.097902097902098 900
1747153555179 2.121212121212121 910
1747153556176 2.1445221445221447 920
1747153557184 2.167832167832168 930
1747153558186 2.191142191142191 940
1747153559203 2.2144522144522143 950
1747153560211 2.237762237762238 960
1747153561208 2.261072261072261 970
1747153562205 2.2843822843822843 980
1747153563201 2.3076923076923075 990
1747153564212 2.331002331002331 1000
1747153565208 2.3543123543123543 1010
1747153566205 2.3776223776223775 1020
1747153567231 2.400932400932401 1030
1747153568226 2.4242424242424243 1040
1747153569230 2.4475524475524475 1050
1747153570227 2.4708624708624707 1060
1747153571221 2.4941724941724943 1070
1747153572216 2.5174825174825175 1080
1747153573216 2.5407925407925407 1090
1747153574213 2.564102564102564 1100
1747153575214 2.5874125874125875 1110
1747153576208 2.6107226107226107 1120
1747153577206 2.634032634032634 1130
1747153578204 2.6573426573426575 1140
1747153579208 2.6806526806526807 1150
1747153580207 2.703962703962704 1160
1747153581219 2.7272727272727275 1170
1747153582223 2.7505827505827507 1180
1747153583240 2.773892773892774 1190
1747153584252 2.797202797202797 1200
1747153585279 2.8205128205128203 1210
1747153586293 2.843822843822844 1220
1747153587303 2.867132867132867 1230
1747153588316 2.8904428904428903 1240
1747153589346 2.913752913752914 1250
1747153590352 2.937062937062937 1260
1747153591831 2.9603729603729603 1270
1747153592835 2.983682983682984 1280
1747153595003 3.0 1287
1747153597464 3.006993006993007 1290
1747153598464 3.0303030303030303 1300
1747153599466 3.0536130536130535 1310
1747153600461 3.076923076923077 1320
1747153601468 3.1002331002331003 1330
1747153602468 3.1235431235431235 1340
1747153603472 3.1468531468531467 1350
1747153604468 3.1701631701631703 1360
1747153605474 3.1934731934731935 1370
1747153606483 3.2167832167832167 1380
1747153607499 3.2400932400932403 1390
1747153608510 3.2634032634032635 1400
1747153609526 3.2867132867132867 1410
1747153610543 3.31002331002331 1420
1747153611565 3.3333333333333335 1430
1747153612582 3.3566433566433567 1440
1747153613609 3.37995337995338 1450
1747153614629 3.403263403263403 1460
1747153615644 3.4265734265734267 1470
1747153616677 3.44988344988345 1480
1747153617697 3.473193473193473 1490
1747153618709 3.4965034965034967 1500
1747153619727 3.51981351981352 1510
1747153620745 3.543123543123543 1520
1747153621754 3.5664335664335667 1530
1747153622752 3.58974358974359 1540
1747153623757 3.613053613053613 1550
1747153624765 3.6363636363636362 1560
1747153625768 3.6596736596736594 1570
1747153626768 3.682983682983683 1580
1747153627786 3.7062937062937062 1590
1747153628801 3.7296037296037294 1600
1747153629820 3.752913752913753 1610
1747153630859 3.7762237762237763 1620
1747153631884 3.7995337995337994 1630
1747153632910 3.822843822843823 1640
1747153633924 3.8461538461538463 1650
1747153634938 3.8694638694638694 1660
1747153635960 3.8927738927738926 1670
1747153636970 3.916083916083916 1680
1747153637983 3.9393939393939394 1690
1747153638987 3.9627039627039626 1700
1747153639988 3.986013986013986 1710
1747153642050 4.0 1716
1747153644624 4.0093240093240095 1720
1747153645619 4.032634032634032 1730
1747153646610 4.055944055944056 1740
1747153647609 4.0792540792540795 1750
1747153648609 4.102564102564102 1760
1747153649605 4.125874125874126 1770
1747153650608 4.1491841491841495 1780
1747153651611 4.172494172494172 1790
1747153652608 4.195804195804196 1800
1747153653603 4.2191142191142195 1810
1747153654604 4.242424242424242 1820
1747153655599 4.265734265734266 1830
1747153656594 4.2890442890442895 1840
1747153657602 4.312354312354312 1850
1747153658593 4.335664335664336 1860
1747153659590 4.358974358974359 1870
1747153660588 4.382284382284382 1880
1747153661587 4.405594405594406 1890
1747153662592 4.428904428904429 1900
1747153663598 4.452214452214452 1910
1747153664596 4.475524475524476 1920
1747153665592 4.498834498834499 1930
1747153666603 4.522144522144522 1940
1747153667609 4.545454545454545 1950
1747153668615 4.568764568764569 1960
1747153669618 4.592074592074592 1970
1747153670615 4.615384615384615 1980
1747153671609 4.638694638694639 1990
1747153672603 4.662004662004662 2000
1747153673622 4.685314685314685 2010
1747153674642 4.708624708624709 2020
1747153675649 4.731934731934732 2030
1747153676665 4.755244755244755 2040
1747153677694 4.778554778554779 2050
1747153678718 4.801864801864802 2060
1747153679755 4.825174825174825 2070
1747153682247 4.848484848484849 2080
1747153683255 4.871794871794872 2090
1747153684266 4.895104895104895 2100
1747153685259 4.918414918414919 2110
1747153686261 4.941724941724941 2120
1747153687258 4.965034965034965 2130
1747153688257 4.988344988344989 2140
1747153690227 5.0 2145
1747153692964 5.011655011655011 2150
1747153693963 5.034965034965035 2160
1747153694966 5.058275058275059 2170
1747153695961 5.081585081585081 2180
1747153696954 5.104895104895105 2190
1747153697948 5.128205128205128 2200
1747153698964 5.151515151515151 2210
1747153699962 5.174825174825175 2220
1747153700965 5.198135198135198 2230
1747153701971 5.221445221445221 2240
1747153702966 5.244755244755245 2250
1747153703966 5.268065268065268 2260
1747153704971 5.291375291375291 2270
1747153705971 5.314685314685315 2280
1747153706986 5.337995337995338 2290
1747153707989 5.361305361305361 2300
1747153709005 5.384615384615385 2310
1747153710002 5.407925407925408 2320
1747153710998 5.431235431235431 2330
1747153711995 5.454545454545454 2340
1747153712995 5.477855477855478 2350
1747153713991 5.501165501165501 2360
1747153714992 5.524475524475524 2370
1747153715989 5.547785547785548 2380
1747153716987 5.571095571095571 2390
1747153717986 5.594405594405594 2400
1747153718982 5.617715617715618 2410
1747153719982 5.641025641025641 2420
1747153720980 5.664335664335664 2430
1747153721982 5.687645687645688 2440
1747153722986 5.7109557109557105 2450
1747153723988 5.734265734265734 2460
1747153724991 5.757575757575758 2470
1747153726024 5.7808857808857805 2480
1747153727028 5.804195804195804 2490
1747153728035 5.827505827505828 2500
1747153729054 5.8508158508158505 2510
1747153730068 5.874125874125874 2520
1747153731125 5.897435897435898 2530
1747153732153 5.9207459207459205 2540
1747153733160 5.944055944055944 2550
1747153734219 5.967365967365968 2560
1747153735233 5.9906759906759905 2570
1747153737083 6.0 2574
1747153739883 6.013986013986014 2580
1747153740896 6.037296037296037 2590
1747153741901 6.0606060606060606 2600
1747153742901 6.083916083916084 2610
1747153743902 6.107226107226107 2620
1747153744900 6.130536130536131 2630
1747153745896 6.153846153846154 2640
1747153746903 6.177156177156177 2650
1747153747901 6.200466200466201 2660
1747153748905 6.223776223776224 2670
1747153749901 6.247086247086247 2680
1747153750903 6.270396270396271 2690
1747153751899 6.293706293706293 2700
1747153752911 6.317016317016317 2710
1747153753907 6.340326340326341 2720
1747153754922 6.363636363636363 2730
1747153755928 6.386946386946387 2740
1747153756932 6.410256410256411 2750
1747153757935 6.433566433566433 2760
1747153758929 6.456876456876457 2770
1747153759924 6.480186480186481 2780
1747153760921 6.503496503496503 2790
1747153761919 6.526806526806527 2800
1747153762917 6.550116550116551 2810
1747153763915 6.573426573426573 2820
1747153764917 6.596736596736597 2830
1747153765915 6.62004662004662 2840
1747153766917 6.643356643356643 2850
1747153767915 6.666666666666667 2860
1747153768930 6.68997668997669 2870
1747153769942 6.713286713286713 2880
1747153770984 6.736596736596737 2890
1747153771993 6.75990675990676 2900
1747153773029 6.783216783216783 2910
1747153774035 6.806526806526806 2920
1747153775064 6.82983682983683 2930
1747153776067 6.853146853146853 2940
1747153777068 6.876456876456876 2950
1747153778080 6.8997668997669 2960
1747153779077 6.923076923076923 2970
1747153780072 6.946386946386946 2980
1747153781073 6.96969696969697 2990
1747153782073 6.993006993006993 3000
1747153783827 7.0 3003
1747153786714 7.016317016317016 3010
1747153787711 7.03962703962704 3020
1747153788706 7.062937062937063 3030
1747153789703 7.086247086247086 3040
1747153790701 7.10955710955711 3050
1747153791691 7.1328671328671325 3060
1747153792702 7.156177156177156 3070
1747153793698 7.17948717948718 3080
1747153794696 7.2027972027972025 3090
1747153795690 7.226107226107226 3100
1747153796683 7.24941724941725 3110
1747153797679 7.2727272727272725 3120
1747153798674 7.296037296037296 3130
1747153799673 7.31934731934732 3140
1747153800670 7.3426573426573425 3150
1747153801664 7.365967365967366 3160
1747153802658 7.389277389277389 3170
1747153803663 7.4125874125874125 3180
1747153804688 7.435897435897436 3190
1747153805686 7.459207459207459 3200
1747153806678 7.4825174825174825 3210
1747153807672 7.505827505827506 3220
1747153808671 7.529137529137529 3230
1747153809667 7.5524475524475525 3240
1747153810683 7.575757575757576 3250
1747153811685 7.599067599067599 3260
1747153812690 7.6223776223776225 3270
1747153813700 7.645687645687646 3280
1747153814697 7.668997668997669 3290
1747153815695 7.6923076923076925 3300
1747153816691 7.715617715617715 3310
1747153817687 7.738927738927739 3320
1747153818698 7.7622377622377625 3330
1747153819701 7.785547785547785 3340
1747153820729 7.808857808857809 3350
1747153821750 7.8321678321678325 3360
1747153822771 7.855477855477855 3370
1747153823781 7.878787878787879 3380
1747153824802 7.902097902097902 3390
1747153825835 7.925407925407925 3400
1747153826852 7.948717948717949 3410
1747153828533 7.972027972027972 3420
1747153829533 7.995337995337995 3430
1747153831193 8.0 3432
1747153834208 8.018648018648019 3440
1747153835217 8.041958041958042 3450
1747153836216 8.065268065268064 3460
1747153837212 8.088578088578089 3470
1747153838225 8.111888111888112 3480
1747153839234 8.135198135198134 3490
1747153840244 8.158508158508159 3500
1747153841246 8.181818181818182 3510
1747153842242 8.205128205128204 3520
1747153843239 8.228438228438229 3530
1747153844255 8.251748251748252 3540
1747153845256 8.275058275058274 3550
1747153846261 8.298368298368299 3560
1747153847258 8.321678321678322 3570
1747153848265 8.344988344988344 3580
1747153849265 8.368298368298369 3590
1747153850269 8.391608391608392 3600
1747153851266 8.414918414918414 3610
1747153852259 8.438228438228439 3620
1747153853258 8.461538461538462 3630
1747153854262 8.484848484848484 3640
1747153855262 8.508158508158509 3650
1747153856263 8.531468531468532 3660
1747153857263 8.554778554778554 3670
1747153858277 8.578088578088579 3680
1747153859282 8.601398601398602 3690
1747153860293 8.624708624708624 3700
1747153861294 8.648018648018649 3710
1747153862298 8.671328671328672 3720
1747153863307 8.694638694638694 3730
1747153864322 8.717948717948717 3740
1747153865343 8.741258741258742 3750
1747153866357 8.764568764568764 3760
1747153867372 8.787878787878787 3770
1747153868384 8.811188811188812 3780
1747153869397 8.834498834498834 3790
1747153870399 8.857808857808857 3800
1747153871412 8.881118881118882 3810
1747153872424 8.904428904428904 3820
1747153873419 8.927738927738927 3830
1747153874439 8.951048951048952 3840
1747153875455 8.974358974358974 3850
1747153876456 8.997668997668997 3860
1747153878014 9.0 3861
1747153881157 9.020979020979022 3870
1747153882152 9.044289044289044 3880
1747153883147 9.067599067599067 3890
1747153884151 9.090909090909092 3900
1747153885146 9.114219114219114 3910
1747153886148 9.137529137529137 3920
1747153887145 9.16083916083916 3930
1747153888139 9.184149184149184 3940
1747153889136 9.207459207459207 3950
1747153890133 9.23076923076923 3960
1747153891132 9.254079254079254 3970
1747153892125 9.277389277389277 3980
1747153893122 9.3006993006993 3990
1747153894115 9.324009324009324 4000
1747153895134 9.347319347319347 4010
1747153896143 9.37062937062937 4020
1747153897153 9.393939393939394 4030
1747153898149 9.417249417249417 4040
1747153899145 9.44055944055944 4050
1747153900139 9.463869463869464 4060
1747153901140 9.487179487179487 4070
1747153902151 9.51048951048951 4080
1747153903155 9.533799533799534 4090
1747153904149 9.557109557109557 4100
1747153905146 9.58041958041958 4110
1747153906153 9.603729603729604 4120
1747153907151 9.627039627039627 4130
1747153908155 9.65034965034965 4140
1747153909153 9.673659673659674 4150
1747153910149 9.696969696969697 4160
1747153911160 9.72027972027972 4170
1747153912164 9.743589743589745 4180
1747153913184 9.766899766899767 4190
1747153914208 9.79020979020979 4200
1747153915230 9.813519813519813 4210
1747153916247 9.836829836829837 4220
1747153917273 9.86013986013986 4230
1747153918284 9.883449883449883 4240
1747153919287 9.906759906759907 4250
1747153920301 9.93006993006993 4260
1747153922700 9.953379953379953 4270
1747153923700 9.976689976689977 4280
1747153924675 10.0 4290
1747153926184 10.0 4290
1747153929400 10.023310023310023 4300
1747153930396 10.046620046620047 4310
1747153931405 10.06993006993007 4320
1747153932406 10.093240093240093 4330
1747153933401 10.116550116550117 4340
1747153934394 10.13986013986014 4350
1747153935397 10.163170163170163 4360
1747153936396 10.186480186480187 4370
1747153937390 10.20979020979021 4380
1747153938392 10.233100233100233 4390
1747153939390 10.256410256410255 4400
1747153940388 10.27972027972028 4410
1747153941390 10.303030303030303 4420
1747153942384 10.326340326340326 4430
1747153943386 10.34965034965035 4440
1747153944396 10.372960372960373 4450
1747153945399 10.396270396270396 4460
1747153946395 10.41958041958042 4470
1747153947406 10.442890442890443 4480
1747153948421 10.466200466200466 4490
1747153949432 10.48951048951049 4500
1747153950446 10.512820512820513 4510
1747153951441 10.536130536130536 4520
1747153952456 10.55944055944056 4530
1747153953463 10.582750582750583 4540
1747153954471 10.606060606060606 4550
1747153955483 10.62937062937063 4560
1747153956482 10.652680652680653 4570
1747153957479 10.675990675990676 4580
1747153958474 10.6993006993007 4590
1747153959478 10.722610722610723 4600
1747153960476 10.745920745920746 4610
1747153961493 10.76923076923077 4620
1747153962512 10.792540792540793 4630
1747153963518 10.815850815850816 4640
1747153964550 10.83916083916084 4650
1747153965565 10.862470862470863 4660
1747153966577 10.885780885780886 4670
1747153967585 10.909090909090908 4680
1747153968606 10.932400932400933 4690
1747153971231 10.955710955710956 4700
1747153972254 10.979020979020978 4710
1747153974648 11.0 4719
1747153976963 11.002331002331003 4720
1747153977982 11.025641025641026 4730
1747153978990 11.048951048951048 4740
1747153980001 11.072261072261073 4750
1747153981003 11.095571095571096 4760
1747153981997 11.118881118881118 4770
1747153983015 11.142191142191143 4780
1747153984018 11.165501165501166 4790
1747153985010 11.188811188811188 4800
1747153986002 11.212121212121213 4810
1747153987007 11.235431235431236 4820
1747153988008 11.258741258741258 4830
1747153989003 11.282051282051283 4840
1747153989999 11.305361305361306 4850
1747153990995 11.328671328671328 4860
1747153991991 11.351981351981353 4870
1747153992996 11.375291375291376 4880
1747153993995 11.398601398601398 4890
1747153994995 11.421911421911421 4900
1747153995993 11.445221445221446 4910
1747153996989 11.468531468531468 4920
1747153998003 11.491841491841491 4930
1747153999015 11.515151515151516 4940
1747154000008 11.538461538461538 4950
1747154001002 11.561771561771561 4960
1747154001997 11.585081585081586 4970
1747154003004 11.608391608391608 4980
1747154004001 11.631701631701631 4990
1747154004996 11.655011655011656 5000
1747154005989 11.678321678321678 5010
1747154007002 11.701631701631701 5020
1747154008015 11.724941724941726 5030
1747154009024 11.748251748251748 5040
1747154010046 11.771561771561771 5050
1747154011078 11.794871794871796 5060
1747154012087 11.818181818181818 5070
1747154013120 11.841491841491841 5080
1747154014158 11.864801864801866 5090
1747154015163 11.888111888111888 5100
1747154016174 11.911421911421911 5110
1747154017168 11.934731934731936 5120
1747154018173 11.958041958041958 5130
1747154019185 11.981351981351981 5140
1747154021455 12.0 5148
1747154023877 12.004662004662004 5150
1747154024876 12.027972027972028 5160
1747154025878 12.051282051282051 5170
1747154026872 12.074592074592074 5180
1747154027868 12.097902097902098 5190
1747154028875 12.121212121212121 5200
1747154029867 12.144522144522144 5210
1747154030864 12.167832167832168 5220
1747154031861 12.191142191142191 5230
1747154032855 12.214452214452214 5240
1747154033864 12.237762237762238 5250
1747154034870 12.261072261072261 5260
1747154035866 12.284382284382284 5270
1747154036861 12.307692307692308 5280
1747154037856 12.331002331002331 5290
1747154038856 12.354312354312354 5300
1747154039855 12.377622377622378 5310
1747154040851 12.400932400932401 5320
1747154041848 12.424242424242424 5330
1747154042843 12.447552447552448 5340
1747154043848 12.470862470862471 5350
1747154044847 12.494172494172494 5360
1747154045847 12.517482517482517 5370
1747154046843 12.540792540792541 5380
1747154047835 12.564102564102564 5390
1747154048833 12.587412587412587 5400
1747154049831 12.610722610722611 5410
1747154050826 12.634032634032634 5420
1747154051814 12.657342657342657 5430
1747154052808 12.680652680652681 5440
1747154053808 12.703962703962704 5450
1747154054809 12.727272727272727 5460
1747154055807 12.750582750582751 5470
1747154056803 12.773892773892774 5480
1747154057810 12.797202797202797 5490
1747154058825 12.820512820512821 5500
1747154059834 12.843822843822844 5510
1747154060858 12.867132867132867 5520
1747154061877 12.890442890442891 5530
1747154062887 12.913752913752914 5540
1747154063901 12.937062937062937 5550
1747154064911 12.960372960372961 5560
1747154065919 12.983682983682984 5570
1747154068083 13.0 5577
1747154070584 13.006993006993007 5580
1747154071586 13.030303030303031 5590
1747154072579 13.053613053613054 5600
1747154073585 13.076923076923077 5610
1747154074582 13.1002331002331 5620
1747154075581 13.123543123543124 5630
1747154076583 13.146853146853147 5640
1747154077580 13.17016317016317 5650
1747154078577 13.193473193473194 5660
1747154079588 13.216783216783217 5670
1747154080598 13.24009324009324 5680
1747154081606 13.263403263403264 5690
1747154082604 13.286713286713287 5700
1747154083599 13.31002331002331 5710
1747154084599 13.333333333333334 5720
1747154085600 13.356643356643357 5730
1747154086615 13.37995337995338 5740
1747154087616 13.403263403263404 5750
1747154088617 13.426573426573427 5760
1747154089623 13.44988344988345 5770
1747154090625 13.473193473193474 5780
1747154091628 13.496503496503497 5790
1747154092627 13.51981351981352 5800
1747154093620 13.543123543123544 5810
1747154094618 13.566433566433567 5820
1747154095615 13.58974358974359 5830
1747154096624 13.613053613053612 5840
1747154097620 13.636363636363637 5850
1747154098626 13.65967365967366 5860
1747154099634 13.682983682983682 5870
1747154100640 13.706293706293707 5880
1747154101649 13.72960372960373 5890
1747154102664 13.752913752913752 5900
1747154103674 13.776223776223777 5910
1747154104727 13.7995337995338 5920
1747154105740 13.822843822843822 5930
1747154106752 13.846153846153847 5940
1747154107770 13.86946386946387 5950
1747154108789 13.892773892773892 5960
1747154109794 13.916083916083917 5970
1747154110820 13.93939393939394 5980
1747154112633 13.962703962703962 5990
1747154113643 13.986013986013987 6000
1747154115701 14.0 6006
1747154118308 14.00932400932401 6010
1747154119304 14.032634032634032 6020
1747154120305 14.055944055944057 6030
1747154121302 14.07925407925408 6040
1747154122298 14.102564102564102 6050
1747154123299 14.125874125874127 6060
1747154124302 14.14918414918415 6070
1747154125301 14.172494172494172 6080
1747154126296 14.195804195804195 6090
1747154127295 14.21911421911422 6100
1747154128300 14.242424242424242 6110
1747154129297 14.265734265734265 6120
1747154130304 14.28904428904429 6130
1747154131306 14.312354312354312 6140
1747154132302 14.335664335664335 6150
1747154133297 14.35897435897436 6160
1747154134297 14.382284382284382 6170
1747154135305 14.405594405594405 6180
1747154136298 14.42890442890443 6190
1747154137294 14.452214452214452 6200
1747154138295 14.475524475524475 6210
1747154139289 14.4988344988345 6220
1747154140311 14.522144522144522 6230
1747154141314 14.545454545454545 6240
1747154142313 14.56876456876457 6250
1747154143325 14.592074592074592 6260
1747154144334 14.615384615384615 6270
1747154145344 14.63869463869464 6280
1747154146343 14.662004662004662 6290
1747154147346 14.685314685314685 6300
1747154148355 14.708624708624708 6310
1747154149364 14.731934731934732 6320
1747154150377 14.755244755244755 6330
1747154151386 14.778554778554778 6340
1747154152402 14.801864801864802 6350
1747154153430 14.825174825174825 6360
1747154154484 14.848484848484848 6370
1747154155515 14.871794871794872 6380
1747154156532 14.895104895104895 6390
1747154157556 14.918414918414918 6400
1747154158580 14.941724941724942 6410
1747154160120 14.965034965034965 6420
1747154161134 14.988344988344988 6430
1747154163085 15.0 6435
1747154165809 15.011655011655012 6440
1747154166823 15.034965034965035 6450
1747154167818 15.058275058275058 6460
1747154168817 15.081585081585082 6470
1747154169819 15.104895104895105 6480
1747154170822 15.128205128205128 6490
1747154171831 15.151515151515152 6500
1747154172828 15.174825174825175 6510
1747154173850 15.198135198135198 6520
1747154174853 15.221445221445222 6530
1747154175863 15.244755244755245 6540
1747154176863 15.268065268065268 6550
1747154177859 15.291375291375292 6560
1747154178855 15.314685314685315 6570
1747154179857 15.337995337995338 6580
1747154180873 15.36130536130536 6590
1747154181881 15.384615384615385 6600
1747154182880 15.407925407925408 6610
1747154183878 15.43123543123543 6620
1747154184885 15.454545454545455 6630
1747154185884 15.477855477855478 6640
1747154186880 15.5011655011655 6650
1747154187884 15.524475524475525 6660
1747154188887 15.547785547785548 6670
1747154189886 15.57109557109557 6680
1747154190884 15.594405594405595 6690
1747154191883 15.617715617715618 6700
1747154192881 15.64102564102564 6710
1747154193881 15.664335664335665 6720
1747154194880 15.687645687645688 6730
1747154195900 15.71095571095571 6740
1747154196899 15.734265734265735 6750
1747154197901 15.757575757575758 6760
1747154198907 15.78088578088578 6770
1747154199912 15.804195804195803 6780
1747154200921 15.827505827505828 6790
1747154201925 15.85081585081585 6800
1747154202941 15.874125874125873 6810
1747154203966 15.897435897435898 6820
1747154204995 15.92074592074592 6830
1747154206013 15.944055944055943 6840
1747154207023 15.967365967365968 6850
1747154208026 15.99067599067599 6860
1747154209901 16.0 6864
1747154212722 16.013986013986013 6870
1747154213723 16.037296037296038 6880
1747154214717 16.060606060606062 6890
1747154215712 16.083916083916083 6900
1747154216716 16.107226107226108 6910
1747154217713 16.13053613053613 6920
1747154218712 16.153846153846153 6930
1747154219707 16.177156177156178 6940
1747154220704 16.2004662004662 6950
1747154221706 16.223776223776223 6960
1747154222703 16.247086247086248 6970
1747154223702 16.27039627039627 6980
1747154224710 16.293706293706293 6990
1747154225712 16.317016317016318 7000
1747154226714 16.34032634032634 7010
1747154227720 16.363636363636363 7020
1747154228716 16.386946386946388 7030
1747154229715 16.41025641025641 7040
1747154230713 16.433566433566433 7050
1747154231710 16.456876456876458 7060
1747154232709 16.48018648018648 7070
1747154233708 16.503496503496503 7080
1747154234705 16.526806526806528 7090
1747154235703 16.55011655011655 7100
1747154236705 16.573426573426573 7110
1747154237702 16.596736596736598 7120
1747154238703 16.62004662004662 7130
1747154239703 16.643356643356643 7140
1747154240706 16.666666666666668 7150
1747154241707 16.68997668997669 7160
1747154242717 16.713286713286713 7170
1747154243714 16.736596736596738 7180
1747154244720 16.75990675990676 7190
1747154245741 16.783216783216783 7200
1747154246760 16.806526806526808 7210
1747154247778 16.82983682983683 7220
1747154248787 16.853146853146853 7230
1747154249804 16.876456876456878 7240
1747154250811 16.8997668997669 7250
1747154251848 16.923076923076923 7260
1747154252856 16.946386946386948 7270
1747154253882 16.96969696969697 7280
1747154254890 16.993006993006993 7290
1747154256649 17.0 7293
1747154259560 17.016317016317018 7300
1747154260557 17.03962703962704 7310
1747154261563 17.062937062937063 7320
1747154262563 17.086247086247088 7330
1747154263577 17.10955710955711 7340
1747154264574 17.132867132867133 7350
1747154265574 17.156177156177158 7360
1747154266577 17.17948717948718 7370
1747154267585 17.202797202797203 7380
1747154268587 17.226107226107224 7390
1747154269583 17.24941724941725 7400
1747154270597 17.272727272727273 7410
1747154271598 17.296037296037294 7420
1747154272616 17.31934731934732 7430
1747154273625 17.342657342657343 7440
1747154274639 17.365967365967364 7450
1747154275645 17.38927738927739 7460
1747154276657 17.412587412587413 7470
1747154277659 17.435897435897434 7480
1747154278656 17.45920745920746 7490
1747154279650 17.482517482517483 7500
1747154280645 17.505827505827504 7510
1747154281646 17.52913752913753 7520
1747154282652 17.552447552447553 7530
1747154283655 17.575757575757574 7540
1747154284651 17.5990675990676 7550
1747154285643 17.622377622377623 7560
1747154286643 17.645687645687644 7570
1747154287663 17.66899766899767 7580
1747154288667 17.692307692307693 7590
1747154289676 17.715617715617714 7600
1747154290682 17.73892773892774 7610
1747154291698 17.762237762237763 7620
1747154292717 17.785547785547784 7630
1747154293729 17.80885780885781 7640
1747154294730 17.832167832167833 7650
1747154295739 17.855477855477854 7660
1747154296752 17.87878787878788 7670
1747154297769 17.902097902097903 7680
1747154298800 17.925407925407924 7690
1747154300020 17.94871794871795 7700
1747154301014 17.972027972027973 7710
1747154302018 17.995337995337994 7720
1747154303690 18.0 7722
1747154306709 18.01864801864802 7730
1747154307725 18.041958041958043 7740
1747154308723 18.065268065268064 7750
1747154309716 18.08857808857809 7760
1747154310712 18.111888111888113 7770
1747154311705 18.135198135198134 7780
1747154312705 18.15850815850816 7790
1747154313706 18.181818181818183 7800
1747154314702 18.205128205128204 7810
1747154315694 18.22843822843823 7820
1747154316688 18.251748251748253 7830
1747154317686 18.275058275058274 7840
1747154318686 18.2983682983683 7850
1747154319696 18.32167832167832 7860
1747154320693 18.344988344988344 7870
1747154321693 18.36829836829837 7880
1747154322697 18.39160839160839 7890
1747154323707 18.414918414918414 7900
1747154324706 18.43822843822844 7910
1747154325720 18.46153846153846 7920
1747154326722 18.484848484848484 7930
1747154327740 18.50815850815851 7940
1747154328755 18.53146853146853 7950
1747154329763 18.554778554778554 7960
1747154330779 18.57808857808858 7970
1747154331785 18.6013986013986 7980
1747154332790 18.624708624708624 7990
1747154333790 18.64801864801865 8000
1747154334802 18.67132867132867 8010
1747154335798 18.694638694638694 8020
1747154336797 18.71794871794872 8030
1747154337817 18.74125874125874 8040
1747154338814 18.764568764568764 8050
1747154339830 18.78787878787879 8060
1747154340847 18.81118881118881 8070
1747154341892 18.834498834498834 8080
1747154343785 18.85780885780886 8090
1747154344822 18.88111888111888 8100
1747154345830 18.904428904428904 8110
1747154346851 18.92773892773893 8120
1747154347871 18.95104895104895 8130
1747154348885 18.974358974358974 8140
1747154349896 18.997668997669 8150
1747154351464 19.0 8151
1747154354567 19.02097902097902 8160
1747154355577 19.044289044289044 8170
1747154356588 19.06759906759907 8180
1747154357581 19.09090909090909 8190
1747154358586 19.114219114219114 8200
1747154359582 19.13752913752914 8210
1747154360583 19.16083916083916 8220
1747154361581 19.184149184149184 8230
1747154362577 19.20745920745921 8240
1747154363582 19.23076923076923 8250
1747154364587 19.254079254079254 8260
1747154365585 19.27738927738928 8270
1747154366587 19.3006993006993 8280
1747154367609 19.324009324009324 8290
1747154368617 19.34731934731935 8300
1747154369614 19.37062937062937 8310
1747154370616 19.393939393939394 8320
1747154371609 19.41724941724942 8330
1747154372604 19.44055944055944 8340
1747154373603 19.463869463869464 8350
1747154374602 19.487179487179485 8360
1747154375601 19.51048951048951 8370
1747154376596 19.533799533799534 8380
1747154377598 19.557109557109555 8390
1747154378597 19.58041958041958 8400
1747154379596 19.603729603729604 8410
1747154380596 19.627039627039625 8420
1747154381605 19.65034965034965 8430
1747154382606 19.673659673659674 8440
1747154383644 19.696969696969695 8450
1747154384646 19.72027972027972 8460
1747154385691 19.743589743589745 8470
1747154386695 19.766899766899765 8480
1747154387702 19.79020979020979 8490
1747154388715 19.813519813519815 8500
1747154389732 19.836829836829835 8510
1747154390761 19.86013986013986 8520
1747154391766 19.883449883449885 8530
1747154392770 19.906759906759905 8540
1747154393770 19.93006993006993 8550
1747154394768 19.953379953379955 8560
1747154395750 19.976689976689975 8570
1747154396721 20.0 8580
1747154398212 20.0 8580
1747154401429 20.023310023310025 8590
1747154402423 20.046620046620045 8600
1747154403428 20.06993006993007 8610
1747154404431 20.093240093240095 8620
1747154405426 20.116550116550115 8630
1747154406421 20.13986013986014 8640
1747154407431 20.163170163170165 8650
1747154408437 20.186480186480185 8660
1747154409442 20.20979020979021 8670
1747154410438 20.233100233100235 8680
1747154411435 20.256410256410255 8690
1747154412437 20.27972027972028 8700
1747154413439 20.303030303030305 8710
1747154414447 20.326340326340326 8720
1747154415443 20.34965034965035 8730
1747154416446 20.372960372960375 8740
1747154417456 20.396270396270396 8750
1747154418462 20.41958041958042 8760
1747154419464 20.442890442890445 8770
1747154420471 20.466200466200466 8780
1747154421472 20.48951048951049 8790
1747154422482 20.51282051282051 8800
1747154423487 20.536130536130536 8810
1747154424489 20.55944055944056 8820
1747154425493 20.582750582750585 8830
1747154426488 20.606060606060606 8840
1747154427515 20.62937062937063 8850
1747154428513 20.65268065268065 8860
1747154429513 20.675990675990676 8870
1747154430512 20.6993006993007 8880
1747154431507 20.72261072261072 8890
1747154432511 20.745920745920746 8900
1747154433516 20.76923076923077 8910
1747154434531 20.79254079254079 8920
1747154435535 20.815850815850816 8930
1747154436540 20.83916083916084 8940
1747154437551 20.86247086247086 8950
1747154438572 20.885780885780886 8960
1747154439578 20.90909090909091 8970
1747154440585 20.93240093240093 8980
1747154442412 20.955710955710956 8990
1747154443413 20.97902097902098 9000
1747154445768 21.0 9009
1747154448081 21.002331002331 9010
1747154449079 21.025641025641026 9020
1747154450079 21.04895104895105 9030
1747154451081 21.07226107226107 9040
1747154452077 21.095571095571096 9050
1747154453077 21.11888111888112 9060
1747154454084 21.14219114219114 9070
1747154455083 21.165501165501166 9080
1747154456081 21.18881118881119 9090
1747154457078 21.21212121212121 9100
1747154458078 21.235431235431236 9110
1747154459088 21.25874125874126 9120
1747154460101 21.28205128205128 9130
1747154461103 21.305361305361306 9140
1747154462101 21.32867132867133 9150
1747154463101 21.35198135198135 9160
1747154464096 21.375291375291376 9170
1747154465102 21.3986013986014 9180
1747154466101 21.42191142191142 9190
1747154467095 21.445221445221446 9200
1747154468097 21.46853146853147 9210
1747154469092 21.49184149184149 9220
1747154470094 21.515151515151516 9230
1747154471089 21.53846153846154 9240
1747154472085 21.56177156177156 9250
1747154473080 21.585081585081586 9260
1747154474085 21.60839160839161 9270
1747154475090 21.63170163170163 9280
1747154476089 21.655011655011656 9290
1747154477103 21.67832167832168 9300
1747154478103 21.7016317016317 9310
1747154479107 21.724941724941726 9320
1747154480124 21.748251748251747 9330
1747154481151 21.77156177156177 9340
1747154482162 21.794871794871796 9350
1747154483177 21.818181818181817 9360
1747154484191 21.84149184149184 9370
1747154485231 21.864801864801866 9380
1747154486236 21.888111888111887 9390
1747154487243 21.91142191142191 9400
1747154488265 21.934731934731936 9410
1747154489284 21.958041958041957 9420
1747154490293 21.98135198135198 9430
1747154492540 22.0 9438
1747154494966 22.004662004662006 9440
