1747153456653 1.0976 10
1747153457658 0.9501 20
1747153458657 1.0411 30
1747153459653 1.0027 40
1747153460668 1.0116 50
1747153461669 0.8646 60
1747153462682 0.9873 70
1747153463682 0.9557 80
1747153464687 1.0814 90
1747153465700 0.9162 100
1747153466709 0.7963 110
1747153467713 1.0123 120
1747153468712 0.9442 130
1747153469729 0.9976 140
1747153470732 1.0897 150
1747153471730 0.8509 160
1747153472721 0.9266 170
1747153473718 1.0738 180
1747153474717 0.9349 190
1747153475720 1.0066 200
1747153476729 1.0324 210
1747153477738 0.7837 220
1747153478750 0.8883 230
1747153479748 1.1095 240
1747153480748 1.0367 250
1747153481751 0.9448 260
1747153482756 0.9759 270
1747153483760 1.0701 280
1747153484757 0.999 290
1747153485763 0.8872 300
1747153486775 1.0894 310
1747153487790 1.0459 320
1747153488788 0.9155 330
1747153489789 1.1231 340
1747153490787 1.0965 350
1747153491779 1.0007 360
1747153492786 1.2219 370
1747153493787 1.0149 380
1747153494784 1.1149 390
1747153495780 0.9073 400
1747153496790 0.8919 410
1747153497793 1.0438 420
1747153502691 1.0365 430
1747153503705 0.9094 440
1747153504728 0.8281 450
1747153505752 0.8842 460
1747153506770 0.9001 470
1747153507797 0.8914 480
1747153508837 1.0393 490
1747153509860 0.9264 500
1747153510877 1.0439 510
1747153511895 1.0068 520
1747153512926 0.9237 530
1747153513930 1.09 540
1747153514930 0.8444 550
1747153515928 0.8642 560
1747153516928 0.9733 570
1747153517935 1.0037 580
1747153518941 0.9104 590
1747153519938 0.8325 600
1747153520953 0.8874 610
1747153521977 1.0037 620
1747153522973 0.9473 630
1747153523974 0.7483 640
1747153524973 0.997 650
1747153525983 0.9595 660
1747153526986 0.9781 670
1747153527991 0.879 680
1747153529008 1.0655 690
1747153530002 0.935 700
1747153531013 0.8906 710
1747153532009 0.8354 720
1747153533004 0.8725 730
1747153534005 0.8986 740
1747153535010 0.8624 750
1747153536032 0.912 760
1747153537058 0.7953 770
1747153538352 1.2732 780
1747153539378 0.7895 790
1747153540404 0.8687 800
1747153541424 1.0137 810
1747153542438 0.9871 820
1747153543452 0.9116 830
1747153544469 0.9454 840
1747153545492 0.912 850
1747153550148 1.0302 860
1747153551173 0.8773 870
1747153552170 0.8396 880
1747153553170 1.0393 890
1747153554171 0.7404 900
1747153555179 0.839 910
1747153556176 1.0219 920
1747153557184 0.9659 930
1747153558186 0.7758 940
1747153559203 0.7843 950
1747153560211 0.9056 960
1747153561208 0.8566 970
1747153562205 0.7435 980
1747153563201 0.7702 990
1747153564212 0.9403 1000
1747153565208 0.9941 1010
1747153566205 0.8121 1020
1747153567231 0.7722 1030
1747153568226 0.893 1040
1747153569230 0.9502 1050
1747153570227 0.8618 1060
1747153571221 0.7974 1070
1747153572216 0.9344 1080
1747153573216 0.9018 1090
1747153574213 0.8328 1100
1747153575214 0.6642 1110
1747153576208 1.0215 1120
1747153577206 0.839 1130
1747153578204 0.8912 1140
1747153579208 0.8163 1150
1747153580207 0.8601 1160
1747153581219 0.781 1170
1747153582223 0.8329 1180
1747153583240 0.813 1190
1747153584252 0.8724 1200
1747153585279 0.9306 1210
1747153586293 0.9228 1220
1747153587303 0.8733 1230
1747153588316 0.9017 1240
1747153589346 0.7876 1250
1747153590352 0.9645 1260
1747153591831 0.833 1270
1747153592835 0.7932 1280
1747153597464 0.86 1290
1747153598464 0.9158 1300
1747153599466 0.8588 1310
1747153600461 0.849 1320
1747153601468 0.7122 1330
1747153602468 0.6846 1340
1747153603472 0.789 1350
1747153604468 0.9652 1360
1747153605474 0.816 1370
1747153606483 0.96 1380
1747153607499 0.9677 1390
1747153608510 0.849 1400
1747153609526 0.7826 1410
1747153610543 0.7737 1420
1747153611565 0.6372 1430
1747153612582 0.9446 1440
1747153613609 0.6916 1450
1747153614629 0.8488 1460
1747153615644 0.909 1470
1747153616677 0.9199 1480
1747153617697 0.7588 1490
1747153618709 0.7488 1500
1747153619727 0.7937 1510
1747153620745 0.8049 1520
1747153621754 0.8715 1530
1747153622752 0.8094 1540
1747153623757 0.7706 1550
1747153624765 0.8959 1560
1747153625768 0.7271 1570
1747153626768 0.7102 1580
1747153627786 0.7765 1590
1747153628801 0.7482 1600
1747153629820 0.8845 1610
1747153630859 0.7877 1620
1747153631884 0.7969 1630
1747153632910 0.7888 1640
1747153633924 0.8181 1650
1747153634938 0.816 1660
1747153635960 1.043 1670
1747153636970 0.6876 1680
1747153637983 0.8409 1690
1747153638987 0.7727 1700
1747153639988 0.784 1710
1747153644624 0.8456 1720
1747153645619 0.7225 1730
1747153646610 0.8253 1740
1747153647609 0.8203 1750
1747153648609 0.8038 1760
1747153649605 0.7645 1770
1747153650608 0.8618 1780
1747153651611 0.762 1790
1747153652608 0.7709 1800
1747153653603 0.6134 1810
1747153654604 0.6521 1820
1747153655599 0.8646 1830
1747153656594 0.7045 1840
1747153657602 0.7283 1850
1747153658593 0.7307 1860
1747153659590 0.7134 1870
1747153660588 0.8701 1880
1747153661587 0.6329 1890
1747153662592 0.8155 1900
1747153663598 0.7426 1910
1747153664596 0.9148 1920
1747153665592 0.7456 1930
1747153666603 0.8522 1940
1747153667609 0.664 1950
1747153668615 0.6762 1960
1747153669618 0.84 1970
1747153670615 0.7643 1980
1747153671609 0.7495 1990
1747153672603 0.8356 2000
1747153673622 0.757 2010
1747153674642 0.8409 2020
1747153675649 0.8558 2030
1747153676665 0.8096 2040
1747153677694 0.8525 2050
1747153678718 0.742 2060
1747153679755 0.802 2070
1747153682247 0.8293 2080
1747153683255 0.567 2090
1747153684266 0.7634 2100
1747153685259 0.8581 2110
1747153686261 0.7176 2120
1747153687258 0.6509 2130
1747153688257 0.8362 2140
1747153692964 0.6863 2150
1747153693963 0.7397 2160
1747153694966 0.6975 2170
1747153695961 0.703 2180
1747153696954 0.6522 2190
1747153697948 0.8595 2200
1747153698964 0.5928 2210
1747153699962 0.8409 2220
1747153700965 0.6896 2230
1747153701971 0.794 2240
1747153702966 0.6286 2250
1747153703966 0.7079 2260
1747153704971 0.7135 2270
1747153705971 0.5814 2280
1747153706986 0.664 2290
1747153707989 0.6083 2300
1747153709005 0.7361 2310
1747153710002 0.7555 2320
1747153710998 0.6834 2330
1747153711995 0.7628 2340
1747153712995 0.7216 2350
1747153713991 0.6937 2360
1747153714992 0.7816 2370
1747153715989 0.662 2380
1747153716987 0.7274 2390
1747153717986 0.6693 2400
1747153718982 0.7712 2410
1747153719982 0.5747 2420
1747153720980 0.7748 2430
1747153721982 0.8326 2440
1747153722986 0.9289 2450
1747153723988 0.6689 2460
1747153724991 0.8829 2470
1747153726024 0.8658 2480
1747153727028 0.624 2490
1747153728035 0.6435 2500
1747153729054 0.7912 2510
1747153730068 0.6639 2520
1747153731125 0.6877 2530
1747153732153 0.7869 2540
1747153733160 0.7842 2550
1747153734219 0.7899 2560
1747153735233 0.7535 2570
1747153739883 0.6936 2580
1747153740896 0.6748 2590
1747153741901 0.7246 2600
1747153742901 0.8819 2610
1747153743902 0.6893 2620
1747153744900 0.7783 2630
1747153745896 0.6401 2640
1747153746903 0.8321 2650
1747153747901 0.7175 2660
1747153748905 0.6548 2670
1747153749901 0.752 2680
1747153750903 0.604 2690
1747153751899 0.783 2700
1747153752911 0.7295 2710
1747153753907 0.5776 2720
1747153754922 0.5439 2730
1747153755928 0.6037 2740
1747153756932 0.6872 2750
1747153757935 0.6407 2760
1747153758929 0.6109 2770
1747153759924 0.6658 2780
1747153760921 0.7563 2790
1747153761919 0.7705 2800
1747153762917 0.6572 2810
1747153763915 0.7355 2820
1747153764917 0.7514 2830
1747153765915 0.7022 2840
1747153766917 0.6965 2850
1747153767915 0.7023 2860
1747153768930 0.6311 2870
1747153769942 0.8138 2880
1747153770984 0.7302 2890
1747153771993 0.6658 2900
1747153773029 0.6145 2910
1747153774035 0.6734 2920
1747153775064 0.6656 2930
1747153776067 0.7898 2940
1747153777068 0.7455 2950
1747153778080 0.755 2960
1747153779077 0.6151 2970
1747153780072 0.8603 2980
1747153781073 0.6213 2990
1747153782073 0.6404 3000
1747153786714 0.6821 3010
1747153787711 0.6072 3020
1747153788706 0.589 3030
1747153789703 0.6058 3040
1747153790701 0.5481 3050
1747153791691 0.8272 3060
1747153792702 0.6847 3070
1747153793698 0.5574 3080
1747153794696 0.7902 3090
1747153795690 0.6391 3100
1747153796683 0.6402 3110
1747153797679 0.6819 3120
1747153798674 0.8459 3130
1747153799673 0.7119 3140
1747153800670 0.7503 3150
1747153801664 0.653 3160
1747153802658 0.6162 3170
1747153803663 0.6209 3180
1747153804688 0.6686 3190
1747153805686 0.5728 3200
1747153806678 0.7048 3210
1747153807672 0.6914 3220
1747153808671 0.7258 3230
1747153809667 0.7513 3240
1747153810683 0.6887 3250
1747153811685 0.6189 3260
1747153812690 0.51 3270
1747153813700 0.6656 3280
1747153814697 0.7213 3290
1747153815695 0.5463 3300
1747153816691 0.6012 3310
1747153817687 0.6543 3320
1747153818698 0.715 3330
1747153819701 0.6579 3340
1747153820729 0.6415 3350
1747153821750 0.6859 3360
1747153822771 0.7396 3370
1747153823781 0.6144 3380
1747153824802 0.8034 3390
1747153825835 0.6033 3400
1747153826852 0.606 3410
1747153828533 0.6443 3420
1747153829533 0.6809 3430
1747153834208 0.6015 3440
1747153835217 0.674 3450
1747153836216 0.5881 3460
1747153837212 0.6732 3470
1747153838225 0.6916 3480
1747153839234 0.6329 3490
1747153840244 0.5554 3500
1747153841246 0.541 3510
1747153842242 0.504 3520
1747153843239 0.6534 3530
1747153844255 0.6485 3540
1747153845256 0.6646 3550
1747153846261 0.6861 3560
1747153847258 0.574 3570
1747153848265 0.5987 3580
1747153849265 0.5637 3590
1747153850269 0.6939 3600
1747153851266 0.6465 3610
1747153852259 0.7446 3620
1747153853258 0.6521 3630
1747153854262 0.511 3640
1747153855262 0.5932 3650
1747153856263 0.5981 3660
1747153857263 0.6976 3670
1747153858277 0.5602 3680
1747153859282 0.6014 3690
1747153860293 0.6808 3700
1747153861294 0.629 3710
1747153862298 0.6959 3720
1747153863307 0.5786 3730
1747153864322 0.6242 3740
1747153865343 0.617 3750
1747153866357 0.6601 3760
1747153867372 0.677 3770
1747153868384 0.5593 3780
1747153869397 0.6653 3790
1747153870399 0.695 3800
1747153871412 0.4933 3810
1747153872424 0.6129 3820
1747153873419 0.5813 3830
1747153874439 0.6749 3840
1747153875455 0.729 3850
1747153876456 0.6802 3860
1747153881157 0.5473 3870
1747153882152 0.5301 3880
1747153883147 0.5913 3890
1747153884151 0.5993 3900
1747153885146 0.5755 3910
1747153886148 0.5669 3920
1747153887145 0.5804 3930
1747153888139 0.6489 3940
1747153889136 0.6894 3950
1747153890133 0.6303 3960
1747153891132 0.5657 3970
1747153892125 0.6486 3980
1747153893122 0.6129 3990
1747153894115 0.55 4000
1747153895134 0.5815 4010
1747153896143 0.6773 4020
1747153897153 0.6246 4030
1747153898149 0.4787 4040
1747153899145 0.5994 4050
1747153900139 0.5429 4060
1747153901140 0.6609 4070
1747153902151 0.6592 4080
1747153903155 0.5816 4090
1747153904149 0.601 4100
1747153905146 0.6185 4110
1747153906153 0.6308 4120
1747153907151 0.5919 4130
1747153908155 0.693 4140
1747153909153 0.6053 4150
1747153910149 0.5417 4160
1747153911160 0.5238 4170
1747153912164 0.6198 4180
1747153913184 0.5288 4190
1747153914208 0.5918 4200
1747153915230 0.505 4210
1747153916247 0.599 4220
1747153917273 0.6102 4230
1747153918284 0.6185 4240
1747153919287 0.6049 4250
1747153920301 0.5974 4260
1747153922700 0.5633 4270
1747153923700 0.606 4280
1747153924675 0.5957 4290
1747153929400 0.5425 4300
1747153930396 0.4583 4310
1747153931405 0.574 4320
1747153932406 0.4907 4330
1747153933401 0.59 4340
1747153934394 0.5459 4350
1747153935397 0.5135 4360
1747153936396 0.5995 4370
1747153937390 0.4936 4380
1747153938392 0.5547 4390
1747153939390 0.6118 4400
1747153940388 0.5463 4410
1747153941390 0.5154 4420
1747153942384 0.6479 4430
1747153943386 0.7048 4440
1747153944396 0.6034 4450
1747153945399 0.66 4460
1747153946395 0.4342 4470
1747153947406 0.6112 4480
1747153948421 0.497 4490
1747153949432 0.5423 4500
1747153950446 0.5206 4510
1747153951441 0.5506 4520
1747153952456 0.5426 4530
1747153953463 0.6576 4540
1747153954471 0.637 4550
1747153955483 0.7178 4560
1747153956482 0.5469 4570
1747153957479 0.4913 4580
1747153958474 0.7009 4590
1747153959478 0.548 4600
1747153960476 0.5577 4610
1747153961493 0.5487 4620
1747153962512 0.6184 4630
1747153963518 0.5649 4640
1747153964550 0.6274 4650
1747153965565 0.6613 4660
1747153966577 0.5276 4670
1747153967585 0.5996 4680
1747153968606 0.5202 4690
1747153971231 0.5725 4700
1747153972254 0.4945 4710
1747153976963 0.647 4720
1747153977982 0.5682 4730
1747153978990 0.4022 4740
1747153980001 0.5289 4750
1747153981003 0.4397 4760
1747153981997 0.5583 4770
1747153983015 0.5533 4780
1747153984018 0.5533 4790
1747153985010 0.6168 4800
1747153986002 0.5502 4810
1747153987007 0.5359 4820
1747153988008 0.4743 4830
1747153989003 0.5183 4840
1747153989999 0.5551 4850
1747153990995 0.6542 4860
1747153991991 0.5604 4870
1747153992996 0.4923 4880
1747153993995 0.5398 4890
1747153994995 0.5848 4900
1747153995993 0.5606 4910
1747153996989 0.4995 4920
1747153998003 0.5244 4930
1747153999015 0.5548 4940
1747154000008 0.5051 4950
1747154001002 0.646 4960
1747154001997 0.5606 4970
1747154003004 0.546 4980
1747154004001 0.5353 4990
1747154004996 0.4872 5000
1747154005989 0.5649 5010
1747154007002 0.6178 5020
1747154008015 0.5813 5030
1747154009024 0.5349 5040
1747154010046 0.5636 5050
1747154011078 0.4311 5060
1747154012087 0.5424 5070
1747154013120 0.4883 5080
1747154014158 0.6225 5090
1747154015163 0.6347 5100
1747154016174 0.522 5110
1747154017168 0.6667 5120
1747154018173 0.5637 5130
1747154019185 0.4937 5140
1747154023877 0.4268 5150
1747154024876 0.5425 5160
1747154025878 0.617 5170
1747154026872 0.517 5180
1747154027868 0.4982 5190
1747154028875 0.4148 5200
1747154029867 0.4647 5210
1747154030864 0.479 5220
1747154031861 0.4977 5230
1747154032855 0.5872 5240
1747154033864 0.4916 5250
1747154034870 0.5746 5260
1747154035866 0.628 5270
1747154036861 0.5056 5280
1747154037856 0.5637 5290
1747154038856 0.4417 5300
1747154039855 0.4902 5310
1747154040851 0.4205 5320
1747154041848 0.6215 5330
1747154042843 0.4678 5340
1747154043848 0.6509 5350
1747154044847 0.5578 5360
1747154045847 0.5248 5370
1747154046843 0.4787 5380
1747154047835 0.6043 5390
1747154048833 0.4786 5400
1747154049831 0.5616 5410
1747154050826 0.4997 5420
1747154051814 0.4991 5430
1747154052808 0.5104 5440
1747154053808 0.5513 5450
1747154054809 0.4399 5460
1747154055807 0.535 5470
1747154056803 0.5288 5480
1747154057810 0.5814 5490
1747154058825 0.5207 5500
1747154059834 0.4787 5510
1747154060858 0.551 5520
1747154061877 0.525 5530
1747154062887 0.4291 5540
1747154063901 0.5917 5550
1747154064911 0.569 5560
1747154065919 0.4519 5570
1747154070584 0.4813 5580
1747154071586 0.5289 5590
1747154072579 0.5471 5600
1747154073585 0.498 5610
1747154074582 0.4963 5620
1747154075581 0.5391 5630
1747154076583 0.5168 5640
1747154077580 0.4386 5650
1747154078577 0.4427 5660
1747154079588 0.5264 5670
1747154080598 0.5225 5680
1747154081606 0.6123 5690
1747154082604 0.444 5700
1747154083599 0.4564 5710
1747154084599 0.4758 5720
1747154085600 0.5407 5730
1747154086615 0.4031 5740
1747154087616 0.5019 5750
1747154088617 0.4988 5760
1747154089623 0.5463 5770
1747154090625 0.4515 5780
1747154091628 0.5693 5790
1747154092627 0.4639 5800
1747154093620 0.5339 5810
1747154094618 0.5051 5820
1747154095615 0.4673 5830
1747154096624 0.5984 5840
1747154097620 0.4809 5850
1747154098626 0.4891 5860
1747154099634 0.4625 5870
1747154100640 0.5581 5880
1747154101649 0.5151 5890
1747154102664 0.5492 5900
1747154103674 0.5684 5910
1747154104727 0.4163 5920
1747154105740 0.4722 5930
1747154106752 0.611 5940
1747154107770 0.481 5950
1747154108789 0.4761 5960
1747154109794 0.5736 5970
1747154110820 0.4811 5980
1747154112633 0.5006 5990
1747154113643 0.4425 6000
1747154118308 0.491 6010
1747154119304 0.571 6020
1747154120305 0.4276 6030
1747154121302 0.5053 6040
1747154122298 0.4786 6050
1747154123299 0.5382 6060
1747154124302 0.4238 6070
1747154125301 0.3998 6080
1747154126296 0.5345 6090
1747154127295 0.4549 6100
1747154128300 0.4817 6110
1747154129297 0.485 6120
1747154130304 0.4479 6130
1747154131306 0.5602 6140
1747154132302 0.4968 6150
1747154133297 0.4916 6160
1747154134297 0.4813 6170
1747154135305 0.4553 6180
1747154136298 0.5297 6190
1747154137294 0.5029 6200
1747154138295 0.4304 6210
1747154139289 0.5325 6220
1747154140311 0.4324 6230
1747154141314 0.4141 6240
1747154142313 0.486 6250
1747154143325 0.5996 6260
1747154144334 0.5887 6270
1747154145344 0.5044 6280
1747154146343 0.5236 6290
1747154147346 0.5407 6300
1747154148355 0.4253 6310
1747154149364 0.4172 6320
1747154150377 0.4632 6330
1747154151386 0.4015 6340
1747154152402 0.4998 6350
1747154153430 0.4262 6360
1747154154484 0.5555 6370
1747154155515 0.4241 6380
1747154156532 0.4096 6390
1747154157556 0.509 6400
1747154158580 0.4317 6410
1747154160120 0.4685 6420
1747154161134 0.4965 6430
1747154165809 0.4313 6440
1747154166823 0.4215 6450
1747154167818 0.4864 6460
1747154168817 0.5372 6470
1747154169819 0.4698 6480
1747154170822 0.6041 6490
1747154171831 0.4182 6500
1747154172828 0.4661 6510
1747154173850 0.5036 6520
1747154174853 0.5439 6530
1747154175863 0.3336 6540
1747154176863 0.5243 6550
1747154177859 0.4301 6560
1747154178855 0.4449 6570
1747154179857 0.4052 6580
1747154180873 0.4088 6590
1747154181881 0.4785 6600
1747154182880 0.4404 6610
1747154183878 0.5066 6620
1747154184885 0.3874 6630
1747154185884 0.5116 6640
1747154186880 0.3886 6650
1747154187884 0.3994 6660
1747154188887 0.4027 6670
1747154189886 0.5176 6680
1747154190884 0.5554 6690
1747154191883 0.4385 6700
1747154192881 0.5652 6710
1747154193881 0.4867 6720
1747154194880 0.4137 6730
1747154195900 0.4859 6740
1747154196899 0.3717 6750
1747154197901 0.459 6760
1747154198907 0.4362 6770
1747154199912 0.5786 6780
1747154200921 0.4974 6790
1747154201925 0.4452 6800
1747154202941 0.3834 6810
1747154203966 0.4449 6820
1747154204995 0.4852 6830
1747154206013 0.4181 6840
1747154207023 0.4375 6850
1747154208026 0.5325 6860
1747154212722 0.4213 6870
1747154213723 0.4133 6880
1747154214717 0.4243 6890
1747154215712 0.4392 6900
1747154216716 0.4865 6910
1747154217713 0.4212 6920
1747154218712 0.4499 6930
1747154219707 0.4012 6940
1747154220704 0.4477 6950
1747154221706 0.4138 6960
1747154222703 0.4414 6970
1747154223702 0.4333 6980
1747154224710 0.4304 6990
1747154225712 0.4082 7000
1747154226714 0.4433 7010
1747154227720 0.3652 7020
1747154228716 0.501 7030
1747154229715 0.4885 7040
1747154230713 0.5291 7050
1747154231710 0.4746 7060
1747154232709 0.4304 7070
1747154233708 0.4493 7080
1747154234705 0.4507 7090
1747154235703 0.4095 7100
1747154236705 0.5049 7110
1747154237702 0.5072 7120
1747154238703 0.3769 7130
1747154239703 0.4812 7140
1747154240706 0.4711 7150
1747154241707 0.4482 7160
1747154242717 0.3863 7170
1747154243714 0.5316 7180
1747154244720 0.4475 7190
1747154245741 0.4944 7200
1747154246760 0.3758 7210
1747154247778 0.3833 7220
1747154248787 0.483 7230
1747154249804 0.4614 7240
1747154250811 0.4885 7250
1747154251848 0.4988 7260
1747154252856 0.404 7270
1747154253882 0.4161 7280
1747154254890 0.42 7290
1747154259560 0.4099 7300
1747154260557 0.3959 7310
1747154261563 0.4126 7320
1747154262563 0.4047 7330
1747154263577 0.4567 7340
1747154264574 0.3405 7350
1747154265574 0.3498 7360
1747154266577 0.3967 7370
1747154267585 0.4929 7380
1747154268587 0.4263 7390
1747154269583 0.4215 7400
1747154270597 0.3686 7410
1747154271598 0.4503 7420
1747154272616 0.4323 7430
1747154273625 0.4188 7440
1747154274639 0.4143 7450
1747154275645 0.4026 7460
1747154276657 0.3758 7470
1747154277659 0.5075 7480
1747154278656 0.4564 7490
1747154279650 0.4723 7500
1747154280645 0.5025 7510
1747154281646 0.529 7520
1747154282652 0.3527 7530
1747154283655 0.4264 7540
1747154284651 0.3845 7550
1747154285643 0.4895 7560
1747154286643 0.4169 7570
1747154287663 0.4402 7580
1747154288667 0.3674 7590
1747154289676 0.3594 7600
1747154290682 0.459 7610
1747154291698 0.3826 7620
1747154292717 0.386 7630
1747154293729 0.4119 7640
1747154294730 0.3957 7650
1747154295739 0.5063 7660
1747154296752 0.4711 7670
1747154297769 0.3895 7680
1747154298800 0.431 7690
1747154300020 0.4326 7700
1747154301014 0.4378 7710
1747154302018 0.4305 7720
1747154306709 0.4075 7730
1747154307725 0.3348 7740
1747154308723 0.4556 7750
1747154309716 0.3356 7760
1747154310712 0.407 7770
1747154311705 0.426 7780
1747154312705 0.399 7790
1747154313706 0.3472 7800
1747154314702 0.4284 7810
1747154315694 0.4251 7820
1747154316688 0.4782 7830
1747154317686 0.4237 7840
1747154318686 0.3798 7850
1747154319696 0.4012 7860
1747154320693 0.4468 7870
1747154321693 0.372 7880
1747154322697 0.3599 7890
1747154323707 0.4209 7900
1747154324706 0.3745 7910
1747154325720 0.3631 7920
1747154326722 0.3757 7930
1747154327740 0.4412 7940
1747154328755 0.4522 7950
1747154329763 0.4934 7960
1747154330779 0.4118 7970
1747154331785 0.4186 7980
1747154332790 0.3694 7990
1747154333790 0.3692 8000
1747154334802 0.3728 8010
1747154335798 0.4691 8020
1747154336797 0.4129 8030
1747154337817 0.4346 8040
1747154338814 0.4853 8050
1747154339830 0.4387 8060
1747154340847 0.433 8070
1747154341892 0.3471 8080
1747154343785 0.3505 8090
1747154344822 0.3676 8100
1747154345830 0.4995 8110
1747154346851 0.5024 8120
1747154347871 0.4384 8130
1747154348885 0.3584 8140
1747154349896 0.3995 8150
1747154354567 0.4755 8160
1747154355577 0.3792 8170
1747154356588 0.3854 8180
1747154357581 0.4384 8190
1747154358586 0.3499 8200
1747154359582 0.3723 8210
1747154360583 0.4696 8220
1747154361581 0.4128 8230
1747154362577 0.4067 8240
1747154363582 0.3292 8250
1747154364587 0.3764 8260
1747154365585 0.3637 8270
1747154366587 0.4148 8280
1747154367609 0.3133 8290
1747154368617 0.3509 8300
1747154369614 0.3904 8310
1747154370616 0.388 8320
1747154371609 0.4435 8330
1747154372604 0.4639 8340
1747154373603 0.3808 8350
1747154374602 0.4741 8360
1747154375601 0.4709 8370
1747154376596 0.3761 8380
1747154377598 0.4536 8390
1747154378597 0.4582 8400
1747154379596 0.3761 8410
1747154380596 0.4087 8420
1747154381605 0.336 8430
1747154382606 0.3739 8440
1747154383644 0.4068 8450
1747154384646 0.3527 8460
1747154385691 0.4152 8470
1747154386695 0.3261 8480
1747154387702 0.3605 8490
1747154388715 0.3652 8500
1747154389732 0.3957 8510
1747154390761 0.3406 8520
1747154391766 0.4426 8530
1747154392770 0.4622 8540
1747154393770 0.3423 8550
1747154394768 0.3799 8560
1747154395750 0.3696 8570
1747154396721 0.3466 8580
1747154401429 0.3192 8590
1747154402423 0.3685 8600
1747154403428 0.4017 8610
1747154404431 0.4166 8620
1747154405426 0.4116 8630
1747154406421 0.3784 8640
1747154407431 0.3324 8650
1747154408437 0.4008 8660
1747154409442 0.3557 8670
1747154410438 0.3685 8680
1747154411435 0.3438 8690
1747154412437 0.3031 8700
1747154413439 0.3628 8710
1747154414447 0.3761 8720
1747154415443 0.3583 8730
1747154416446 0.4245 8740
1747154417456 0.3503 8750
1747154418462 0.3247 8760
1747154419464 0.387 8770
1747154420471 0.4127 8780
1747154421472 0.3035 8790
1747154422482 0.457 8800
1747154423487 0.4494 8810
1747154424489 0.3799 8820
1747154425493 0.3258 8830
1747154426488 0.3323 8840
1747154427515 0.342 8850
1747154428513 0.3416 8860
1747154429513 0.4102 8870
1747154430512 0.3719 8880
1747154431507 0.3799 8890
1747154432511 0.421 8900
1747154433516 0.4794 8910
1747154434531 0.3836 8920
1747154435535 0.4252 8930
1747154436540 0.4439 8940
1747154437551 0.2976 8950
1747154438572 0.3702 8960
1747154439578 0.3353 8970
1747154440585 0.4004 8980
1747154442412 0.3313 8990
1747154443413 0.3923 9000
1747154448081 0.4802 9010
1747154449079 0.3673 9020
1747154450079 0.3549 9030
1747154451081 0.3588 9040
1747154452077 0.3068 9050
1747154453077 0.3848 9060
1747154454084 0.3425 9070
1747154455083 0.3134 9080
1747154456081 0.4108 9090
1747154457078 0.3714 9100
1747154458078 0.3961 9110
1747154459088 0.2957 9120
1747154460101 0.3702 9130
1747154461103 0.3772 9140
1747154462101 0.3396 9150
1747154463101 0.4114 9160
1747154464096 0.4726 9170
1747154465102 0.3779 9180
1747154466101 0.3789 9190
1747154467095 0.4357 9200
1747154468097 0.3219 9210
1747154469092 0.3802 9220
1747154470094 0.365 9230
1747154471089 0.313 9240
1747154472085 0.3916 9250
1747154473080 0.3413 9260
1747154474085 0.3694 9270
1747154475090 0.3143 9280
1747154476089 0.3976 9290
1747154477103 0.3879 9300
1747154478103 0.3465 9310
1747154479107 0.3561 9320
1747154480124 0.3888 9330
1747154481151 0.4733 9340
1747154482162 0.3524 9350
1747154483177 0.3611 9360
1747154484191 0.3179 9370
1747154485231 0.3306 9380
1747154486236 0.3517 9390
1747154487243 0.3115 9400
1747154488265 0.3017 9410
1747154489284 0.4116 9420
1747154490293 0.4738 9430
1747154494966 0.4018 9440
