1747152203561 0.023310023310023312 10
1747152204281 0.046620046620046623 20
1747152204984 0.06993006993006994 30
1747152205699 0.09324009324009325 40
1747152206412 0.11655011655011654 50
1747152207126 0.13986013986013987 60
1747152207833 0.16317016317016317 70
1747152208559 0.1864801864801865 80
1747152209277 0.2097902097902098 90
1747152209990 0.2331002331002331 100
1747152210716 0.2564102564102564 110
1747152211417 0.27972027972027974 120
1747152212139 0.30303030303030304 130
1747152212840 0.32634032634032634 140
1747152213550 0.34965034965034963 150
1747152214265 0.372960372960373 160
1747152214973 0.3962703962703963 170
1747152215674 0.4195804195804196 180
1747152216378 0.4428904428904429 190
1747152217082 0.4662004662004662 200
1747152217788 0.48951048951048953 210
1747152218496 0.5128205128205128 220
1747152219200 0.5361305361305362 230
1747152219902 0.5594405594405595 240
1747152220607 0.5827505827505828 250
1747152221307 0.6060606060606061 260
1747152222018 0.6293706293706294 270
1747152222725 0.6526806526806527 280
1747152223431 0.675990675990676 290
1747152224137 0.6993006993006993 300
1747152224842 0.7226107226107226 310
1747152225552 0.745920745920746 320
1747152226255 0.7692307692307693 330
1747152226960 0.7925407925407926 340
1747152227666 0.8158508158508159 350
1747152228384 0.8391608391608392 360
1747152229142 0.8624708624708625 370
1747152229879 0.8857808857808858 380
1747152230608 0.9090909090909091 390
1747152231320 0.9324009324009324 400
1747152232033 0.9557109557109557 410
1747152232746 0.9790209790209791 420
1747152234439 1.0 429
1747152247282 1.0023310023310024 430
1747152248033 1.0256410256410255 440
1747152248747 1.048951048951049 450
1747152249454 1.0722610722610724 460
1747152250215 1.0955710955710956 470
1747152250970 1.118881118881119 480
1747152251677 1.1421911421911422 490
1747152252379 1.1655011655011656 500
1747152253097 1.1888111888111887 510
1747152253804 1.2121212121212122 520
1747152254511 1.2354312354312353 530
1747152255240 1.2587412587412588 540
1747152255949 1.282051282051282 550
1747152256653 1.3053613053613053 560
1747152257359 1.3286713286713288 570
1747152258069 1.351981351981352 580
1747152258831 1.3752913752913754 590
1747152259529 1.3986013986013985 600
1747152260235 1.421911421911422 610
1747152260947 1.4452214452214451 620
1747152261655 1.4685314685314685 630
1747152262363 1.491841491841492 640
1747152263075 1.5151515151515151 650
1747152263780 1.5384615384615383 660
1747152264492 1.5617715617715617 670
1747152265262 1.5850815850815851 680
1747152265997 1.6083916083916083 690
1747152266712 1.6317016317016317 700
1747152267424 1.6550116550116551 710
1747152268151 1.6783216783216783 720
1747152268865 1.7016317016317015 730
1747152269580 1.724941724941725 740
1747152270288 1.7482517482517483 750
1747152270997 1.7715617715617715 760
1747152271711 1.7948717948717947 770
1747152272417 1.8181818181818183 780
1747152273123 1.8414918414918415 790
1747152273842 1.8648018648018647 800
1747152274552 1.8881118881118881 810
1747152275307 1.9114219114219115 820
1747152276053 1.9347319347319347 830
1747152276810 1.958041958041958 840
1747152277523 1.9813519813519813 850
1747152279337 2.0 858
1747152291750 2.0046620046620047 860
1747152292529 2.027972027972028 870
1747152293241 2.051282051282051 880
1747152293976 2.0745920745920747 890
1747152294712 2.097902097902098 900
1747152295426 2.121212121212121 910
1747152296138 2.1445221445221447 920
1747152296840 2.167832167832168 930
1747152297557 2.191142191142191 940
1747152298267 2.2144522144522143 950
1747152298973 2.237762237762238 960
1747152299686 2.261072261072261 970
1747152300390 2.2843822843822843 980
1747152301104 2.3076923076923075 990
1747152301814 2.331002331002331 1000
1747152302520 2.3543123543123543 1010
1747152303223 2.3776223776223775 1020
1747152303954 2.400932400932401 1030
1747152304664 2.4242424242424243 1040
1747152305384 2.4475524475524475 1050
1747152306100 2.4708624708624707 1060
1747152306807 2.4941724941724943 1070
1747152307526 2.5174825174825175 1080
1747152308234 2.5407925407925407 1090
1747152308930 2.564102564102564 1100
1747152309633 2.5874125874125875 1110
1747152310334 2.6107226107226107 1120
1747152311040 2.634032634032634 1130
1747152311755 2.6573426573426575 1140
1747152312475 2.6806526806526807 1150
1747152313182 2.703962703962704 1160
1747152313897 2.7272727272727275 1170
1747152314618 2.7505827505827507 1180
1747152315364 2.773892773892774 1190
1747152316078 2.797202797202797 1200
1747152316783 2.8205128205128203 1210
1747152317488 2.843822843822844 1220
1747152318201 2.867132867132867 1230
1747152318914 2.8904428904428903 1240
1747152319619 2.913752913752914 1250
1747152320349 2.937062937062937 1260
1747152321053 2.9603729603729603 1270
1747152321780 2.983682983682984 1280
1747152323365 3.0 1287
1747152335087 3.006993006993007 1290
1747152335868 3.0303030303030303 1300
1747152336648 3.0536130536130535 1310
1747152337382 3.076923076923077 1320
1747152338112 3.1002331002331003 1330
1747152338849 3.1235431235431235 1340
1747152339563 3.1468531468531467 1350
1747152340276 3.1701631701631703 1360
1747152340979 3.1934731934731935 1370
1747152341692 3.2167832167832167 1380
1747152342400 3.2400932400932403 1390
1747152343105 3.2634032634032635 1400
1747152343815 3.2867132867132867 1410
1747152344532 3.31002331002331 1420
1747152345232 3.3333333333333335 1430
1747152345940 3.3566433566433567 1440
1747152346641 3.37995337995338 1450
1747152347349 3.403263403263403 1460
1747152348054 3.4265734265734267 1470
1747152348800 3.44988344988345 1480
1747152349525 3.473193473193473 1490
1747152350234 3.4965034965034967 1500
1747152350967 3.51981351981352 1510
1747152351689 3.543123543123543 1520
1747152352399 3.5664335664335667 1530
1747152353098 3.58974358974359 1540
1747152353801 3.613053613053613 1550
1747152354507 3.6363636363636362 1560
1747152355210 3.6596736596736594 1570
1747152355919 3.682983682983683 1580
1747152356626 3.7062937062937062 1590
1747152357338 3.7296037296037294 1600
1747152358040 3.752913752913753 1610
1747152358748 3.7762237762237763 1620
1747152359448 3.7995337995337994 1630
1747152360159 3.822843822843823 1640
1747152360877 3.8461538461538463 1650
1747152361595 3.8694638694638694 1660
1747152362302 3.8927738927738926 1670
1747152363005 3.916083916083916 1680
1747152363706 3.9393939393939394 1690
1747152364411 3.9627039627039626 1700
1747152365118 3.986013986013986 1710
1747152366591 4.0 1716
1747152368979 4.0093240093240095 1720
1747152369681 4.032634032634032 1730
1747152370396 4.055944055944056 1740
1747152371097 4.0792540792540795 1750
1747152371803 4.102564102564102 1760
1747152372513 4.125874125874126 1770
1747152373225 4.1491841491841495 1780
1747152373939 4.172494172494172 1790
1747152374640 4.195804195804196 1800
1747152375335 4.2191142191142195 1810
1747152376035 4.242424242424242 1820
1747152376741 4.265734265734266 1830
1747152377450 4.2890442890442895 1840
1747152378154 4.312354312354312 1850
1747152378851 4.335664335664336 1860
1747152379559 4.358974358974359 1870
1747152380274 4.382284382284382 1880
1747152380980 4.405594405594406 1890
1747152381691 4.428904428904429 1900
1747152382413 4.452214452214452 1910
1747152383141 4.475524475524476 1920
1747152383878 4.498834498834499 1930
1747152384610 4.522144522144522 1940
1747152385349 4.545454545454545 1950
1747152386093 4.568764568764569 1960
1747152386848 4.592074592074592 1970
1747152387586 4.615384615384615 1980
1747152388324 4.638694638694639 1990
1747152389070 4.662004662004662 2000
1747152389824 4.685314685314685 2010
1747152390592 4.708624708624709 2020
1747152391318 4.731934731934732 2030
1747152392060 4.755244755244755 2040
1747152392791 4.778554778554779 2050
1747152393526 4.801864801864802 2060
1747152394264 4.825174825174825 2070
1747152394989 4.848484848484849 2080
1747152395741 4.871794871794872 2090
1747152396489 4.895104895104895 2100
1747152397208 4.918414918414919 2110
1747152397961 4.941724941724941 2120
1747152398740 4.965034965034965 2130
1747152399498 4.988344988344989 2140
1747152401073 5.0 2145
1747152403807 5.011655011655011 2150
1747152404588 5.034965034965035 2160
1747152405332 5.058275058275059 2170
1747152406125 5.081585081585081 2180
1747152406879 5.104895104895105 2190
1747152408044 5.128205128205128 2200
1747152408802 5.151515151515151 2210
1747152409565 5.174825174825175 2220
1747152410311 5.198135198135198 2230
1747152411043 5.221445221445221 2240
1747152411823 5.244755244755245 2250
1747152412543 5.268065268065268 2260
1747152413296 5.291375291375291 2270
1747152414026 5.314685314685315 2280
1747152414757 5.337995337995338 2290
1747152415521 5.361305361305361 2300
1747152416305 5.384615384615385 2310
1747152417068 5.407925407925408 2320
1747152417819 5.431235431235431 2330
1747152418583 5.454545454545454 2340
1747152419347 5.477855477855478 2350
1747152420078 5.501165501165501 2360
1747152420803 5.524475524475524 2370
1747152421551 5.547785547785548 2380
1747152422298 5.571095571095571 2390
1747152423022 5.594405594405594 2400
1747152423749 5.617715617715618 2410
1747152424465 5.641025641025641 2420
1747152425194 5.664335664335664 2430
1747152425919 5.687645687645688 2440
1747152426644 5.7109557109557105 2450
1747152427369 5.734265734265734 2460
1747152428102 5.757575757575758 2470
1747152428820 5.7808857808857805 2480
1747152429530 5.804195804195804 2490
1747152430242 5.827505827505828 2500
1747152430942 5.8508158508158505 2510
1747152431646 5.874125874125874 2520
1747152432349 5.897435897435898 2530
1747152433051 5.9207459207459205 2540
1747152433762 5.944055944055944 2550
1747152434469 5.967365967365968 2560
1747152435209 5.9906759906759905 2570
1747152436595 6.0 2574
1747152439467 6.013986013986014 2580
1747152440233 6.037296037296037 2590
1747152440957 6.0606060606060606 2600
1747152441699 6.083916083916084 2610
1747152442427 6.107226107226107 2620
1747152444453 6.130536130536131 2630
1747152445187 6.153846153846154 2640
1747152445903 6.177156177156177 2650
1747152446606 6.200466200466201 2660
1747152447308 6.223776223776224 2670
1747152448008 6.247086247086247 2680
1747152448719 6.270396270396271 2690
1747152449431 6.293706293706293 2700
1747152450138 6.317016317016317 2710
1747152450837 6.340326340326341 2720
1747152451548 6.363636363636363 2730
1747152452253 6.386946386946387 2740
1747152452954 6.410256410256411 2750
1747152453662 6.433566433566433 2760
1747152454360 6.456876456876457 2770
1747152455065 6.480186480186481 2780
1747152455770 6.503496503496503 2790
1747152456475 6.526806526806527 2800
1747152457169 6.550116550116551 2810
1747152457871 6.573426573426573 2820
1747152458573 6.596736596736597 2830
1747152459284 6.62004662004662 2840
1747152459994 6.643356643356643 2850
1747152460694 6.666666666666667 2860
1747152461417 6.68997668997669 2870
1747152462127 6.713286713286713 2880
1747152462819 6.736596736596737 2890
1747152463522 6.75990675990676 2900
1747152464228 6.783216783216783 2910
1747152464926 6.806526806526806 2920
1747152465625 6.82983682983683 2930
1747152466339 6.853146853146853 2940
1747152467041 6.876456876456876 2950
1747152467738 6.8997668997669 2960
1747152468439 6.923076923076923 2970
1747152469145 6.946386946386946 2980
1747152469838 6.96969696969697 2990
1747152470550 6.993006993006993 3000
1747152471807 7.0 3003
1747152474567 7.016317016317016 3010
1747152475278 7.03962703962704 3020
1747152476126 7.062937062937063 3030
1747152477044 7.086247086247086 3040
1747152477890 7.10955710955711 3050
1747152478658 7.1328671328671325 3060
1747152479394 7.156177156177156 3070
1747152480123 7.17948717948718 3080
1747152480852 7.2027972027972025 3090
1747152481594 7.226107226107226 3100
1747152482327 7.24941724941725 3110
1747152483089 7.2727272727272725 3120
1747152483823 7.296037296037296 3130
1747152484539 7.31934731934732 3140
1747152485247 7.3426573426573425 3150
1747152485960 7.365967365967366 3160
1747152486655 7.389277389277389 3170
1747152487346 7.4125874125874125 3180
1747152488035 7.435897435897436 3190
1747152488750 7.459207459207459 3200
1747152489456 7.4825174825174825 3210
1747152490155 7.505827505827506 3220
1747152490856 7.529137529137529 3230
1747152491556 7.5524475524475525 3240
1747152492255 7.575757575757576 3250
1747152492949 7.599067599067599 3260
1747152493657 7.6223776223776225 3270
1747152494358 7.645687645687646 3280
1747152495055 7.668997668997669 3290
1747152495748 7.6923076923076925 3300
1747152496448 7.715617715617715 3310
1747152497155 7.738927738927739 3320
1747152497853 7.7622377622377625 3330
1747152498549 7.785547785547785 3340
1747152499254 7.808857808857809 3350
1747152499949 7.8321678321678325 3360
1747152500645 7.855477855477855 3370
1747152501354 7.878787878787879 3380
1747152502066 7.902097902097902 3390
1747152502805 7.925407925407925 3400
1747152503579 7.948717948717949 3410
1747152504353 7.972027972027972 3420
1747152505095 7.995337995337995 3430
1747152506334 8.0 3432
1747152509138 8.018648018648019 3440
1747152509862 8.041958041958042 3450
1747152510580 8.065268065268064 3460
1747152511331 8.088578088578089 3470
1747152512040 8.111888111888112 3480
1747152512752 8.135198135198134 3490
1747152513473 8.158508158508159 3500
1747152514173 8.181818181818182 3510
1747152514866 8.205128205128204 3520
1747152515570 8.228438228438229 3530
1747152516262 8.251748251748252 3540
1747152516959 8.275058275058274 3550
1747152517669 8.298368298368299 3560
1747152518372 8.321678321678322 3570
1747152519081 8.344988344988344 3580
1747152519777 8.368298368298369 3590
1747152520474 8.391608391608392 3600
1747152521170 8.414918414918414 3610
1747152521877 8.438228438228439 3620
1747152522567 8.461538461538462 3630
1747152523274 8.484848484848484 3640
1747152523968 8.508158508158509 3650
1747152524665 8.531468531468532 3660
1747152525369 8.554778554778554 3670
1747152526074 8.578088578088579 3680
1747152526769 8.601398601398602 3690
1747152527466 8.624708624708624 3700
1747152528157 8.648018648018649 3710
1747152528845 8.671328671328672 3720
1747152529538 8.694638694638694 3730
1747152530239 8.717948717948717 3740
1747152530961 8.741258741258742 3750
1747152531659 8.764568764568764 3760
1747152532355 8.787878787878787 3770
1747152533047 8.811188811188812 3780
1747152533741 8.834498834498834 3790
1747152534431 8.857808857808857 3800
1747152535139 8.881118881118882 3810
1747152535840 8.904428904428904 3820
1747152536540 8.927738927738927 3830
1747152537238 8.951048951048952 3840
1747152537928 8.974358974358974 3850
1747152538630 8.997668997668997 3860
1747152539786 9.0 3861
1747152542873 9.020979020979022 3870
1747152543598 9.044289044289044 3880
1747152544327 9.067599067599067 3890
1747152545046 9.090909090909092 3900
1747152545774 9.114219114219114 3910
1747152546501 9.137529137529137 3920
1747152547226 9.16083916083916 3930
1747152549029 9.184149184149184 3940
1747152549732 9.207459207459207 3950
1747152550433 9.23076923076923 3960
1747152551133 9.254079254079254 3970
1747152551827 9.277389277389277 3980
1747152552524 9.3006993006993 3990
1747152553224 9.324009324009324 4000
1747152553925 9.347319347319347 4010
1747152554614 9.37062937062937 4020
1747152555310 9.393939393939394 4030
1747152556046 9.417249417249417 4040
1747152556790 9.44055944055944 4050
1747152557506 9.463869463869464 4060
1747152558238 9.487179487179487 4070
1747152558973 9.51048951048951 4080
1747152559714 9.533799533799534 4090
1747152560460 9.557109557109557 4100
1747152561170 9.58041958041958 4110
1747152561875 9.603729603729604 4120
1747152562575 9.627039627039627 4130
1747152563301 9.65034965034965 4140
1747152564001 9.673659673659674 4150
1747152564711 9.696969696969697 4160
1747152565488 9.72027972027972 4170
1747152566251 9.743589743589745 4180
1747152566953 9.766899766899767 4190
1747152567704 9.79020979020979 4200
1747152568407 9.813519813519813 4210
1747152569099 9.836829836829837 4220
1747152569796 9.86013986013986 4230
1747152570498 9.883449883449883 4240
1747152571203 9.906759906759907 4250
1747152571895 9.93006993006993 4260
1747152572590 9.953379953379953 4270
1747152573298 9.976689976689977 4280
1747152573984 10.0 4290
1747152575016 10.0 4290
1747152577327 10.0 4290
