1747152203561 18.165637969970703 10
1747152204281 12.561030387878418 20
1747152204984 8.537235260009766 30
1747152205699 6.9692463874816895 40
1747152206412 7.699671268463135 50
1747152207126 8.372932434082031 60
1747152207833 12.241497993469238 70
1747152208559 11.975512504577637 80
1747152209277 8.23818302154541 90
1747152209990 13.141875267028809 100
1747152210716 10.381805419921875 110
1747152211417 8.59411334991455 120
1747152212139 9.430978775024414 130
1747152212840 8.892655372619629 140
1747152213550 7.929490566253662 150
1747152214265 9.048253059387207 160
1747152214973 10.367880821228027 170
1747152215674 9.581197738647461 180
1747152216378 8.367905616760254 190
1747152217082 8.358495712280273 200
1747152217788 10.449894905090332 210
1747152218496 9.904433250427246 220
1747152219200 9.696553230285645 230
1747152219902 10.134559631347656 240
1747152220607 7.8717041015625 250
1747152221307 9.893351554870605 260
1747152222018 8.436479568481445 270
1747152222725 7.6328630447387695 280
1747152223431 13.266654014587402 290
1747152224137 6.945164680480957 300
1747152224842 12.108733177185059 310
1747152225552 9.160828590393066 320
1747152226255 7.833111763000488 330
1747152226960 10.199091911315918 340
1747152227666 9.427159309387207 350
1747152228384 6.6282548904418945 360
1747152229142 6.542919635772705 370
1747152229879 9.135049819946289 380
1747152230608 6.472818851470947 390
1747152231320 7.545980453491211 400
1747152232033 6.263235569000244 410
1747152232746 8.482043266296387 420
1747152247282 8.888041496276855 430
1747152248033 9.206779479980469 440
1747152248747 8.178535461425781 450
1747152249454 6.197093486785889 460
1747152250215 8.588626861572266 470
1747152250970 6.6626386642456055 480
1747152251677 7.269580364227295 490
1747152252379 6.06677770614624 500
1747152253097 7.718583106994629 510
1747152253804 6.605424880981445 520
1747152254511 7.985332012176514 530
1747152255240 8.515756607055664 540
1747152255949 7.701643943786621 550
1747152256653 5.490764617919922 560
1747152257359 6.813854694366455 570
1747152258069 7.566868782043457 580
1747152258831 5.7144083976745605 590
1747152259529 6.08590030670166 600
1747152260235 6.9532952308654785 610
1747152260947 5.855718612670898 620
1747152261655 6.165613174438477 630
1747152262363 6.08445405960083 640
1747152263075 6.031054973602295 650
1747152263780 6.0671563148498535 660
1747152264492 5.5295186042785645 670
1747152265262 5.764631271362305 680
1747152265997 6.917859077453613 690
1747152266712 5.546191215515137 700
1747152267424 7.582489967346191 710
1747152268151 8.006619453430176 720
1747152268865 6.405701160430908 730
1747152269580 6.332385540008545 740
1747152270288 4.779229164123535 750
1747152270997 5.872299671173096 760
1747152271711 5.187559604644775 770
1747152272417 6.586761951446533 780
1747152273123 6.225024223327637 790
1747152273842 5.932062149047852 800
1747152274552 5.532689094543457 810
1747152275307 5.749869346618652 820
1747152276053 6.193361759185791 830
1747152276810 5.659074783325195 840
1747152277523 5.812674045562744 850
1747152291750 5.790400981903076 860
1747152292529 6.145399570465088 870
1747152293241 7.060257911682129 880
1747152293976 7.744109153747559 890
1747152294712 6.105273723602295 900
1747152295426 5.755735874176025 910
1747152296138 5.343417167663574 920
1747152296840 6.576122760772705 930
1747152297557 6.056979179382324 940
1747152298267 7.079148769378662 950
1747152298973 6.882392883300781 960
1747152299686 5.764004230499268 970
1747152300390 5.908517837524414 980
1747152301104 6.090525150299072 990
1747152301814 7.908535480499268 1000
1747152302520 6.356386661529541 1010
1747152303223 7.530345439910889 1020
1747152303954 5.91254186630249 1030
1747152304664 5.8908514976501465 1040
1747152305384 5.311951160430908 1050
1747152306100 6.306682109832764 1060
1747152306807 5.274932861328125 1070
1747152307526 6.016236782073975 1080
1747152308234 5.25309419631958 1090
1747152308930 5.570799350738525 1100
1747152309633 4.761399269104004 1110
1747152310334 9.40759563446045 1120
1747152311040 5.97616720199585 1130
1747152311755 4.689877510070801 1140
1747152312475 5.931962013244629 1150
1747152313182 8.379693984985352 1160
1747152313897 6.188687801361084 1170
1747152314618 5.997320652008057 1180
1747152315364 4.834633827209473 1190
1747152316078 5.073725700378418 1200
1747152316783 4.4511308670043945 1210
1747152317488 5.623743057250977 1220
1747152318201 5.400572299957275 1230
1747152318914 5.257675647735596 1240
1747152319619 5.634077072143555 1250
1747152320349 7.318404674530029 1260
1747152321053 4.183995246887207 1270
1747152321780 4.895472526550293 1280
1747152335087 4.681770324707031 1290
1747152335868 4.882140636444092 1300
1747152336648 5.299839973449707 1310
1747152337382 4.738413333892822 1320
1747152338112 5.0080180168151855 1330
1747152338849 6.35765266418457 1340
1747152339563 5.763165473937988 1350
1747152340276 5.636654853820801 1360
1747152340979 5.047453880310059 1370
1747152341692 5.007630348205566 1380
1747152342400 6.513186454772949 1390
1747152343105 5.6663103103637695 1400
1747152343815 8.04835319519043 1410
1747152344532 5.1397175788879395 1420
1747152345232 6.74471378326416 1430
1747152345940 5.346713066101074 1440
1747152346641 4.844882965087891 1450
1747152347349 5.206339359283447 1460
1747152348054 7.227752685546875 1470
1747152348800 5.7413458824157715 1480
1747152349525 5.390349864959717 1490
1747152350234 4.998696327209473 1500
1747152350967 4.081875801086426 1510
1747152351689 5.359951972961426 1520
1747152352399 4.547891616821289 1530
1747152353098 5.650053024291992 1540
1747152353801 6.0645551681518555 1550
1747152354507 5.256104469299316 1560
1747152355210 4.181180953979492 1570
1747152355919 6.075048923492432 1580
1747152356626 4.736365795135498 1590
1747152357338 4.901395797729492 1600
1747152358040 4.558027267456055 1610
1747152358748 5.282230377197266 1620
1747152359448 6.405273914337158 1630
1747152360159 5.318274974822998 1640
1747152360877 5.682263374328613 1650
1747152361595 6.0737457275390625 1660
1747152362302 5.038207054138184 1670
1747152363005 5.238200664520264 1680
1747152363706 4.756734371185303 1690
1747152364411 5.46549129486084 1700
1747152365118 5.575182914733887 1710
1747152368979 4.5284810066223145 1720
1747152369681 6.01153039932251 1730
1747152370396 4.467441082000732 1740
1747152371097 4.58640718460083 1750
1747152371803 4.748058319091797 1760
1747152372513 4.79443359375 1770
1747152373225 5.334666728973389 1780
1747152373939 3.8668131828308105 1790
1747152374640 5.625825881958008 1800
1747152375335 5.960789203643799 1810
1747152376035 3.971209764480591 1820
1747152376741 4.690154552459717 1830
1747152377450 7.287139415740967 1840
1747152378154 5.388484477996826 1850
1747152378851 5.461449146270752 1860
1747152379559 5.0971360206604 1870
1747152380274 4.13355016708374 1880
1747152380980 4.695216178894043 1890
1747152381691 4.167402267456055 1900
1747152382413 5.447713851928711 1910
1747152383141 4.261016845703125 1920
1747152383878 4.419658660888672 1930
1747152384610 4.1804890632629395 1940
1747152385349 5.88539457321167 1950
1747152386093 5.884618759155273 1960
1747152386848 4.521801948547363 1970
1747152387586 4.267823696136475 1980
1747152388324 5.64570426940918 1990
1747152389070 5.616287708282471 2000
1747152389824 3.593484401702881 2010
1747152390592 6.647115230560303 2020
1747152391318 4.470691680908203 2030
1747152392060 4.015609264373779 2040
1747152392791 5.526047229766846 2050
1747152393526 4.398134708404541 2060
1747152394264 6.195461273193359 2070
1747152394989 4.331449508666992 2080
1747152395741 5.258321762084961 2090
1747152396489 4.8010945320129395 2100
1747152397208 4.452498912811279 2110
1747152397961 5.07253885269165 2120
1747152398740 4.695166110992432 2130
1747152399498 4.1354193687438965 2140
1747152403807 5.248180866241455 2150
1747152404588 4.534895896911621 2160
1747152405332 6.582392692565918 2170
1747152406125 5.766904354095459 2180
1747152406879 4.8611016273498535 2190
1747152408044 4.101080417633057 2200
1747152408802 4.947301387786865 2210
1747152409565 4.2532057762146 2220
1747152410311 5.163684368133545 2230
1747152411043 4.996368408203125 2240
1747152411823 3.4828848838806152 2250
1747152412543 4.588678359985352 2260
1747152413296 3.6422154903411865 2270
1747152414026 4.495853424072266 2280
1747152414757 3.5672008991241455 2290
1747152415521 4.554571628570557 2300
1747152416305 4.521668910980225 2310
1747152417068 4.361316680908203 2320
1747152417819 4.332239627838135 2330
1747152418583 4.840384006500244 2340
1747152419347 3.673048257827759 2350
1747152420078 4.6720170974731445 2360
1747152420803 5.70194149017334 2370
1747152421551 4.824284553527832 2380
1747152422298 3.9222309589385986 2390
1747152423022 4.282304286956787 2400
1747152423749 4.60039758682251 2410
1747152424465 4.2091217041015625 2420
1747152425194 4.544400691986084 2430
1747152425919 5.08462381362915 2440
1747152426644 5.38239860534668 2450
1747152427369 5.21282958984375 2460
1747152428102 3.8085927963256836 2470
1747152428820 5.135757923126221 2480
1747152429530 6.185303688049316 2490
1747152430242 4.727719783782959 2500
1747152430942 5.24505615234375 2510
1747152431646 5.243244647979736 2520
1747152432349 4.2843403816223145 2530
1747152433051 4.854489803314209 2540
1747152433762 4.338760852813721 2550
1747152434469 4.121099948883057 2560
1747152435209 4.505251884460449 2570
1747152439467 5.2439751625061035 2580
1747152440233 4.398854732513428 2590
1747152440957 3.6952359676361084 2600
1747152441699 5.203037738800049 2610
1747152442427 7.8888468742370605 2620
1747152444453 4.536174774169922 2630
1747152445187 4.402453899383545 2640
1747152445903 3.5644819736480713 2650
1747152446606 5.82067346572876 2660
1747152447308 4.576785564422607 2670
1747152448008 4.997178077697754 2680
1747152448719 4.384952068328857 2690
1747152449431 5.0994696617126465 2700
1747152450138 4.668093204498291 2710
1747152450837 4.303653240203857 2720
1747152451548 4.799783706665039 2730
1747152452253 4.789216041564941 2740
1747152452954 5.4157185554504395 2750
1747152453662 4.867120265960693 2760
1747152454360 4.319637298583984 2770
1747152455065 3.757327079772949 2780
1747152455770 5.597653388977051 2790
1747152456475 4.473268985748291 2800
1747152457169 4.822144031524658 2810
1747152457871 3.613194227218628 2820
1747152458573 4.1227617263793945 2830
1747152459284 3.121805191040039 2840
1747152459994 5.197081565856934 2850
1747152460694 5.1576433181762695 2860
1747152461417 5.350298881530762 2870
1747152462127 4.452486038208008 2880
1747152462819 5.465728282928467 2890
1747152463522 5.306088447570801 2900
1747152464228 4.1354522705078125 2910
1747152464926 4.032601356506348 2920
1747152465625 5.372196197509766 2930
1747152466339 4.806256294250488 2940
1747152467041 4.147978782653809 2950
1747152467738 3.7649710178375244 2960
1747152468439 6.681735515594482 2970
1747152469145 4.595472812652588 2980
1747152469838 5.745258331298828 2990
1747152470550 3.787435531616211 3000
1747152474567 4.516195297241211 3010
1747152475278 5.241886138916016 3020
1747152476126 4.3714823722839355 3030
1747152477044 3.9584882259368896 3040
1747152477890 5.129214763641357 3050
1747152478658 4.0341081619262695 3060
1747152479394 4.030817031860352 3070
1747152480123 4.159705638885498 3080
1747152480852 4.380331039428711 3090
1747152481594 4.185344696044922 3100
1747152482327 4.6274847984313965 3110
1747152483089 4.9004998207092285 3120
1747152483823 5.3905229568481445 3130
1747152484539 4.871021270751953 3140
1747152485247 3.781759738922119 3150
1747152485960 3.792886972427368 3160
1747152486655 5.2380595207214355 3170
1747152487346 5.025372505187988 3180
1747152488035 4.421430587768555 3190
1747152488750 5.056859016418457 3200
1747152489456 4.063035488128662 3210
1747152490155 4.4030561447143555 3220
1747152490856 4.078329086303711 3230
1747152491556 5.362725257873535 3240
1747152492255 4.123035430908203 3250
1747152492949 5.281057834625244 3260
1747152493657 4.806769847869873 3270
1747152494358 4.262936115264893 3280
1747152495055 4.962390899658203 3290
1747152495748 5.01118803024292 3300
1747152496448 3.8880720138549805 3310
1747152497155 3.3445470333099365 3320
1747152497853 4.847167491912842 3330
1747152498549 3.953575372695923 3340
1747152499254 6.391964912414551 3350
1747152499949 3.4359328746795654 3360
1747152500645 6.689587593078613 3370
1747152501354 3.041196823120117 3380
1747152502066 5.639738082885742 3390
1747152502805 4.15738582611084 3400
1747152503579 3.9308924674987793 3410
1747152504353 4.013275146484375 3420
1747152505095 4.386219024658203 3430
1747152509138 3.628429412841797 3440
1747152509862 24.994455337524414 3450
1747152510580 4.837029933929443 3460
1747152511331 4.2744832038879395 3470
1747152512040 5.507783889770508 3480
1747152512752 4.177219867706299 3490
1747152513473 4.510392189025879 3500
1747152514173 4.021336555480957 3510
1747152514866 4.667332172393799 3520
1747152515570 4.138535022735596 3530
1747152516262 4.940004348754883 3540
1747152516959 4.205574035644531 3550
1747152517669 4.3805646896362305 3560
1747152518372 5.059998989105225 3570
1747152519081 4.469242572784424 3580
1747152519777 2.838682174682617 3590
1747152520474 3.5557758808135986 3600
1747152521170 5.529731273651123 3610
1747152521877 4.277862071990967 3620
1747152522567 5.5849928855896 3630
1747152523274 5.239071846008301 3640
1747152523968 4.451931953430176 3650
1747152524665 5.530253887176514 3660
1747152525369 3.815826177597046 3670
1747152526074 3.81311297416687 3680
1747152526769 4.128242492675781 3690
1747152527466 3.8694732189178467 3700
1747152528157 4.928524017333984 3710
1747152528845 4.235733985900879 3720
1747152529538 5.146635055541992 3730
1747152530239 3.6672286987304688 3740
1747152530961 4.318210601806641 3750
1747152531659 4.597933769226074 3760
1747152532355 4.272660732269287 3770
1747152533047 5.152844429016113 3780
1747152533741 3.781104326248169 3790
1747152534431 4.455564022064209 3800
1747152535139 4.738831043243408 3810
1747152535840 4.518474102020264 3820
1747152536540 5.000214576721191 3830
1747152537238 5.234732627868652 3840
1747152537928 3.9473137855529785 3850
1747152538630 4.555387020111084 3860
1747152542873 5.291926860809326 3870
1747152543598 4.435880661010742 3880
1747152544327 5.954857349395752 3890
1747152545046 4.3524274826049805 3900
1747152545774 4.288965225219727 3910
1747152546501 4.403794288635254 3920
1747152547226 3.8637983798980713 3930
1747152549029 4.755149841308594 3940
1747152549732 4.698860168457031 3950
1747152550433 4.688863277435303 3960
1747152551133 4.107460975646973 3970
1747152551827 3.951551914215088 3980
1747152552524 4.4498467445373535 3990
1747152553224 5.550827503204346 4000
1747152553925 4.150768756866455 4010
1747152554614 4.976986885070801 4020
1747152555310 4.089079856872559 4030
1747152556046 4.321574687957764 4040
1747152556790 4.576748371124268 4050
1747152557506 5.77163028717041 4060
1747152558238 4.26851749420166 4070
1747152558973 5.015188694000244 4080
1747152559714 5.0675368309021 4090
1747152560460 5.2317376136779785 4100
1747152561170 4.9678473472595215 4110
1747152561875 6.600574016571045 4120
1747152562575 4.6210784912109375 4130
1747152563301 3.9418179988861084 4140
1747152564001 4.014642238616943 4150
1747152564711 4.173751354217529 4160
1747152565488 4.633384704589844 4170
1747152566251 6.085272312164307 4180
1747152566953 4.2993292808532715 4190
1747152567704 4.825545787811279 4200
1747152568407 3.3669593334198 4210
1747152569099 4.626060962677002 4220
1747152569796 4.576107501983643 4230
1747152570498 5.278016090393066 4240
1747152571203 4.584765911102295 4250
1747152571895 5.052419662475586 4260
1747152572590 4.813637733459473 4270
1747152573298 5.183561325073242 4280
1747152573984 7.608230113983154 4290
