1747730998067 4.26365 0
1747731001838 3.22852 1
1747731005398 2.39669 2
1747731008994 1.88789 3
1747731012515 1.55972 4
1747731016066 1.31035 5
1747731019586 1.1342 6
1747731023084 0.9576 7
1747731026908 0.86734 8
1747731030413 0.84898 9
1747731033915 0.7951 10
1747731037372 0.73252 11
1747731040927 0.70117 12
1747731044416 0.6774 13
1747731047979 0.61814 14
1747731051524 0.63444 15
1747731054991 0.60083 16
1747731058517 0.5984 17
1747731061949 0.58066 18
1747731065533 0.56135 19
1747731069034 0.56074 20
1747731072557 0.5526 21
1747731076096 0.53142 22
1747731079847 0.53358 23
1747731083387 0.53193 24
1747731086928 0.51522 25
1747731090404 0.50841 26
1747731093915 0.50108 27
1747731097306 0.50519 28
1747731100758 0.50617 29
1747731104203 0.49332 30
1747731107688 0.48351 31
1747731111145 0.48119 32
1747731114686 0.47461 33
1747731118267 0.46968 34
1747731121722 0.46609 35
1747731125415 0.46381 36
1747731128875 0.45234 37
1747731132269 0.44422 38
1747731135711 0.46837 39
1747731139842 0.49765 40
1747731143376 0.4616 41
1747731146869 0.45443 42
1747731150368 0.44548 43
1747731153859 0.4433 44
1747731157325 0.42865 45
1747731160759 0.4191 46
1747731164169 0.41612 47
1747731167546 0.41531 48
