1747730998067 1.30905 0
1747731001838 0.95469 1
1747731005398 0.93195 2
1747731008994 0.91646 3
1747731012515 0.8954 4
1747731016066 0.89211 5
1747731019586 0.88896 6
1747731023084 0.86398 7
1747731026908 0.8663 8
1747731030413 0.86554 9
1747731033915 0.85801 10
1747731037372 0.84868 11
1747731040927 0.84657 12
1747731044416 0.84731 13
1747731047979 0.83848 14
1747731051524 0.83411 15
1747731054991 0.8294 16
1747731058517 0.82581 17
1747731061949 0.82442 18
1747731065533 0.82645 19
1747731069034 0.82484 20
1747731072557 0.8233 21
1747731076096 0.82003 22
1747731079847 0.82046 23
1747731083387 0.82248 24
1747731086928 0.81546 25
1747731090404 0.81548 26
1747731093915 0.81247 27
1747731097306 0.81593 28
1747731100758 0.81531 29
1747731104203 0.81353 30
1747731107688 0.81472 31
1747731111145 0.81379 32
1747731114686 0.81564 33
1747731118267 0.81358 34
1747731121722 0.81161 35
1747731125415 0.80998 36
1747731128875 0.80949 37
1747731132269 0.80673 38
1747731135711 0.81323 39
1747731139842 0.79841 40
1747731143376 0.79441 41
1747731146869 0.79033 42
1747731150368 0.79665 43
1747731153859 0.79302 44
1747731157325 0.79267 45
1747731160759 0.7927 46
1747731164169 0.79272 47
1747731167546 0.78437 48
