1747151039765 0.023310023310023312 10
1747151040456 0.046620046620046623 20
1747151041141 0.06993006993006994 30
1747151041825 0.09324009324009325 40
1747151042504 0.11655011655011654 50
1747151043194 0.13986013986013987 60
1747151043884 0.16317016317016317 70
1747151044567 0.1864801864801865 80
1747151045254 0.2097902097902098 90
1747151045935 0.2331002331002331 100
1747151046617 0.2564102564102564 110
1747151047298 0.27972027972027974 120
1747151047979 0.30303030303030304 130
1747151048672 0.32634032634032634 140
1747151049367 0.34965034965034963 150
1747151050052 0.372960372960373 160
1747151050743 0.3962703962703963 170
1747151051429 0.4195804195804196 180
1747151052129 0.4428904428904429 190
1747151052817 0.4662004662004662 200
1747151053503 0.48951048951048953 210
1747151054199 0.5128205128205128 220
1747151054884 0.5361305361305362 230
1747151055568 0.5594405594405595 240
1747151056249 0.5827505827505828 250
1747151056931 0.6060606060606061 260
1747151057615 0.6293706293706294 270
1747151058301 0.6526806526806527 280
1747151058966 0.675990675990676 290
1747151059652 0.6993006993006993 300
1747151060345 0.7226107226107226 310
1747151061026 0.745920745920746 320
1747151061709 0.7692307692307693 330
1747151062392 0.7925407925407926 340
1747151063077 0.8158508158508159 350
1747151063763 0.8391608391608392 360
1747151064448 0.8624708624708625 370
1747151065139 0.8857808857808858 380
1747151065819 0.9090909090909091 390
1747151066510 0.9324009324009324 400
1747151067195 0.9557109557109557 410
1747151067879 0.9790209790209791 420
1747151069526 1.0 429
1747151071559 1.0023310023310024 430
1747151072256 1.0256410256410255 440
1747151072944 1.048951048951049 450
1747151073642 1.0722610722610724 460
1747151074327 1.0955710955710956 470
1747151075015 1.118881118881119 480
1747151075712 1.1421911421911422 490
1747151076410 1.1655011655011656 500
1747151077097 1.1888111888111887 510
1747151077791 1.2121212121212122 520
1747151078493 1.2354312354312353 530
1747151079179 1.2587412587412588 540
1747151079864 1.282051282051282 550
1747151080550 1.3053613053613053 560
1747151081229 1.3286713286713288 570
1747151081912 1.351981351981352 580
1747151082613 1.3752913752913754 590
1747151083330 1.3986013986013985 600
1747151084029 1.421911421911422 610
1747151084731 1.4452214452214451 620
1747151085431 1.4685314685314685 630
1747151086130 1.491841491841492 640
1747151086831 1.5151515151515151 650
1747151087522 1.5384615384615383 660
1747151088220 1.5617715617715617 670
1747151088912 1.5850815850815851 680
1747151089610 1.6083916083916083 690
1747151090307 1.6317016317016317 700
1747151091009 1.6550116550116551 710
1747151091719 1.6783216783216783 720
1747151092859 1.7016317016317015 730
1747151093543 1.724941724941725 740
1747151094225 1.7482517482517483 750
1747151094908 1.7715617715617715 760
1747151095593 1.7948717948717947 770
1747151096278 1.8181818181818183 780
1747151096962 1.8414918414918415 790
1747151097647 1.8648018648018647 800
1747151098337 1.8881118881118881 810
1747151099011 1.9114219114219115 820
1747151099692 1.9347319347319347 830
1747151100381 1.958041958041958 840
1747151101073 1.9813519813519813 850
1747151102654 2.0 858
1747151104594 2.0046620046620047 860
1747151105284 2.027972027972028 870
1747151105967 2.051282051282051 880
1747151106652 2.0745920745920747 890
1747151107332 2.097902097902098 900
1747151108015 2.121212121212121 910
1747151108695 2.1445221445221447 920
1747151109379 2.167832167832168 930
1747151110060 2.191142191142191 940
1747151110744 2.2144522144522143 950
1747151111427 2.237762237762238 960
1747151112111 2.261072261072261 970
1747151112795 2.2843822843822843 980
1747151113482 2.3076923076923075 990
1747151114164 2.331002331002331 1000
1747151114845 2.3543123543123543 1010
1747151115543 2.3776223776223775 1020
1747151116241 2.400932400932401 1030
1747151116921 2.4242424242424243 1040
1747151117607 2.4475524475524475 1050
1747151118291 2.4708624708624707 1060
1747151118983 2.4941724941724943 1070
1747151119666 2.5174825174825175 1080
1747151120358 2.5407925407925407 1090
1747151121044 2.564102564102564 1100
1747151121734 2.5874125874125875 1110
1747151122424 2.6107226107226107 1120
1747151123119 2.634032634032634 1130
1747151123812 2.6573426573426575 1140
1747151124512 2.6806526806526807 1150
1747151125217 2.703962703962704 1160
1747151125920 2.7272727272727275 1170
1747151126645 2.7505827505827507 1180
1747151127330 2.773892773892774 1190
1747151128014 2.797202797202797 1200
1747151128695 2.8205128205128203 1210
1747151129384 2.843822843822844 1220
1747151130076 2.867132867132867 1230
1747151130765 2.8904428904428903 1240
1747151131456 2.913752913752914 1250
1747151132139 2.937062937062937 1260
1747151132836 2.9603729603729603 1270
1747151133525 2.983682983682984 1280
1747151135007 3.0 1287
1747151136937 3.0 1287
