1747151039765 17.26734733581543 10
1747151040456 13.478936195373535 20
1747151041141 9.435620307922363 30
1747151041825 7.98359489440918 40
1747151042504 8.836348533630371 50
1747151043194 10.796333312988281 60
1747151043884 6.8160576820373535 70
1747151044567 8.443056106567383 80
1747151045254 8.983735084533691 90
1747151045935 9.32060432434082 100
1747151046617 10.179396629333496 110
1747151047298 8.519684791564941 120
1747151047979 9.314207077026367 130
1747151048672 11.448904991149902 140
1747151049367 12.216668128967285 150
1747151050052 10.45434856414795 160
1747151050743 12.513566017150879 170
1747151051429 11.770641326904297 180
1747151052129 7.269191741943359 190
1747151052817 8.560583114624023 200
1747151053503 10.046056747436523 210
1747151054199 11.095508575439453 220
1747151054884 7.472537517547607 230
1747151055568 9.839588165283203 240
1747151056249 8.465555191040039 250
1747151056931 8.787158966064453 260
1747151057615 7.4641642570495605 270
1747151058301 9.793718338012695 280
1747151058966 8.889246940612793 290
1747151059652 8.081221580505371 300
1747151060345 10.040888786315918 310
1747151061026 8.6580171585083 320
1747151061709 7.949120998382568 330
1747151062392 7.608700275421143 340
1747151063077 9.377137184143066 350
1747151063763 9.058734893798828 360
1747151064448 6.58811616897583 370
1747151065139 10.534846305847168 380
1747151065819 10.866328239440918 390
1747151066510 10.08881950378418 400
1747151067195 6.094767093658447 410
1747151067879 7.912064552307129 420
1747151071559 7.340778827667236 430
1747151072256 8.585606575012207 440
1747151072944 8.151264190673828 450
1747151073642 7.421753883361816 460
1747151074327 6.746203899383545 470
1747151075015 8.66178035736084 480
1747151075712 8.794998168945312 490
1747151076410 6.083128452301025 500
1747151077097 7.409188747406006 510
1747151077791 9.779760360717773 520
1747151078493 5.887631893157959 530
1747151079179 8.040833473205566 540
1747151079864 6.4736433029174805 550
1747151080550 6.743813514709473 560
1747151081229 7.389406681060791 570
1747151081912 7.082456588745117 580
1747151082613 7.546703815460205 590
1747151083330 7.1976752281188965 600
1747151084029 6.644344806671143 610
1747151084731 10.40332317352295 620
1747151085431 8.936136245727539 630
1747151086130 7.436471462249756 640
1747151086831 7.296274185180664 650
1747151087522 7.163723945617676 660
1747151088220 6.978128910064697 670
1747151088912 6.797624588012695 680
1747151089610 6.860990047454834 690
1747151090307 6.038460731506348 700
1747151091009 6.377363204956055 710
1747151091719 7.488856315612793 720
1747151092859 7.6181230545043945 730
1747151093543 6.049114227294922 740
1747151094225 8.992422103881836 750
1747151094908 7.327205181121826 760
1747151095593 6.846936225891113 770
1747151096278 7.52492618560791 780
1747151096962 7.579514026641846 790
1747151097647 7.6333208084106445 800
1747151098337 5.983839988708496 810
1747151099011 7.773746490478516 820
1747151099692 6.609989643096924 830
1747151100381 6.2966084480285645 840
1747151101073 7.40190315246582 850
1747151104594 5.893238544464111 860
1747151105284 5.197522163391113 870
1747151105967 7.27197265625 880
1747151106652 7.293766021728516 890
1747151107332 6.885753154754639 900
1747151108015 10.099288940429688 910
1747151108695 9.607466697692871 920
1747151109379 6.541230201721191 930
1747151110060 6.455156326293945 940
1747151110744 6.519364833831787 950
1747151111427 5.572503089904785 960
1747151112111 5.748049736022949 970
1747151112795 5.116238594055176 980
1747151113482 6.451449871063232 990
1747151114164 6.204747676849365 1000
1747151114845 4.914547920227051 1010
1747151115543 6.476982593536377 1020
1747151116241 6.4331583976745605 1030
1747151116921 5.995306491851807 1040
1747151117607 6.178516864776611 1050
1747151118291 6.983985900878906 1060
1747151118983 7.141244888305664 1070
1747151119666 5.4368181228637695 1080
1747151120358 5.912492275238037 1090
1747151121044 5.481429100036621 1100
1747151121734 7.937860488891602 1110
1747151122424 5.6768693923950195 1120
1747151123119 5.839456081390381 1130
1747151123812 4.966488361358643 1140
1747151124512 4.790787220001221 1150
1747151125217 6.840542793273926 1160
1747151125920 6.098642826080322 1170
1747151126645 6.060091972351074 1180
1747151127330 8.730114936828613 1190
1747151128014 5.942195415496826 1200
1747151128695 5.8294453620910645 1210
1747151129384 7.115209102630615 1220
1747151130076 6.623511791229248 1230
1747151130765 7.050258159637451 1240
1747151131456 6.536833763122559 1250
1747151132139 6.090737819671631 1260
1747151132836 7.890712738037109 1270
1747151133525 6.085030555725098 1280
