1747151039765 3e-06 10
1747151040456 8.000000000000001e-06 20
1747151041141 1.3000000000000001e-05 30
1747151041825 1.8e-05 40
1747151042504 2.3000000000000003e-05 50
1747151043194 2.8000000000000003e-05 60
1747151043884 3.3e-05 70
1747151044567 3.8e-05 80
1747151045254 4.3e-05 90
1747151045935 4.8e-05 100
1747151046617 4.974726200505476e-05 110
1747151047298 4.932603201347936e-05 120
1747151047979 4.890480202190396e-05 130
1747151048672 4.848357203032856e-05 140
1747151049367 4.8062342038753164e-05 150
1747151050052 4.764111204717776e-05 160
1747151050743 4.721988205560236e-05 170
1747151051429 4.679865206402696e-05 180
1747151052129 4.637742207245156e-05 190
1747151052817 4.595619208087616e-05 200
1747151053503 4.553496208930076e-05 210
1747151054199 4.511373209772536e-05 220
1747151054884 4.469250210614996e-05 230
1747151055568 4.4271272114574556e-05 240
1747151056249 4.3850042122999155e-05 250
1747151056931 4.3428812131423755e-05 260
1747151057615 4.3007582139848354e-05 270
1747151058301 4.258635214827296e-05 280
1747151058966 4.2207245155855093e-05 290
1747151059652 4.17860151642797e-05 300
1747151060345 4.13647851727043e-05 310
1747151061026 4.09435551811289e-05 320
1747151061709 4.0522325189553504e-05 330
1747151062392 4.01010951979781e-05 340
1747151063077 3.96798652064027e-05 350
1747151063763 3.92586352148273e-05 360
1747151064448 3.88374052232519e-05 370
1747151065139 3.84161752316765e-05 380
1747151065819 3.79949452401011e-05 390
1747151066510 3.75737152485257e-05 400
1747151067195 3.71524852569503e-05 410
1747151067879 3.6731255265374896e-05 420
1747151071559 3.6310025273799495e-05 430
1747151072256 3.5888795282224094e-05 440
1747151072944 3.546756529064869e-05 450
1747151073642 3.50463352990733e-05 460
1747151074327 3.46251053074979e-05 470
1747151075015 3.42038753159225e-05 480
1747151075712 3.37826453243471e-05 490
1747151076410 3.3361415332771696e-05 500
1747151077097 3.2940185341196295e-05 510
1747151077791 3.2518955349620894e-05 520
1747151078493 3.209772535804549e-05 530
1747151079179 3.167649536647009e-05 540
1747151079864 3.125526537489469e-05 550
1747151080550 3.083403538331929e-05 560
1747151081229 3.0412805391743893e-05 570
1747151081912 2.9991575400168492e-05 580
1747151082613 2.957034540859309e-05 590
1747151083330 2.914911541701769e-05 600
1747151084029 2.872788542544229e-05 610
1747151084731 2.8306655433866892e-05 620
1747151085431 2.788542544229149e-05 630
1747151086130 2.746419545071609e-05 640
1747151086831 2.704296545914069e-05 650
1747151087522 2.662173546756529e-05 660
1747151088220 2.6200505475989888e-05 670
1747151088912 2.5779275484414487e-05 680
1747151089610 2.535804549283909e-05 690
1747151090307 2.4936815501263692e-05 700
1747151091009 2.451558550968829e-05 710
1747151091719 2.409435551811289e-05 720
1747151092859 2.367312552653749e-05 730
1747151093543 2.325189553496209e-05 740
1747151094225 2.2830665543386688e-05 750
1747151094908 2.240943555181129e-05 760
1747151095593 2.198820556023589e-05 770
1747151096278 2.156697556866049e-05 780
1747151096962 2.1145745577085088e-05 790
1747151097647 2.072451558550969e-05 800
1747151098337 2.030328559393429e-05 810
1747151099011 1.988205560235889e-05 820
1747151099692 1.9460825610783488e-05 830
1747151100381 1.903959561920809e-05 840
1747151101073 1.861836562763269e-05 850
1747151104594 1.819713563605729e-05 860
1747151105284 1.7775905644481888e-05 870
1747151105967 1.7354675652906487e-05 880
1747151106652 1.6933445661331086e-05 890
1747151107332 1.651221566975569e-05 900
1747151108015 1.6090985678180288e-05 910
1747151108695 1.5669755686604887e-05 920
1747151109379 1.5248525695029486e-05 930
1747151110060 1.4827295703454086e-05 940
1747151110744 1.4406065711878686e-05 950
1747151111427 1.3984835720303286e-05 960
1747151112111 1.3563605728727885e-05 970
1747151112795 1.3142375737152486e-05 980
1747151113482 1.2721145745577085e-05 990
1747151114164 1.2299915754001686e-05 1000
1747151114845 1.1878685762426285e-05 1010
1747151115543 1.1457455770850886e-05 1020
1747151116241 1.1036225779275485e-05 1030
1747151116921 1.0614995787700084e-05 1040
1747151117607 1.0193765796124685e-05 1050
1747151118291 9.772535804549286e-06 1060
1747151118983 9.351305812973885e-06 1070
1747151119666 8.930075821398484e-06 1080
1747151120358 8.508845829823085e-06 1090
1747151121044 8.087615838247684e-06 1100
1747151121734 7.666385846672283e-06 1110
1747151122424 7.245155855096883e-06 1120
1747151123119 6.823925863521483e-06 1130
1747151123812 6.402695871946082e-06 1140
1747151124512 5.981465880370683e-06 1150
1747151125217 5.560235888795282e-06 1160
1747151125920 5.139005897219883e-06 1170
1747151126645 4.717775905644482e-06 1180
1747151127330 4.296545914069082e-06 1190
1747151128014 3.875315922493681e-06 1200
1747151128695 3.4540859309182812e-06 1210
1747151129384 3.0328559393428812e-06 1220
1747151130076 2.611625947767481e-06 1230
1747151130765 2.190395956192081e-06 1240
1747151131456 1.7691659646166808e-06 1250
1747151132139 1.3479359730412806e-06 1260
1747151132836 9.267059814658803e-07 1270
1747151133525 5.054759898904802e-07 1280
