1747151039765 4.5179 10
1747151040456 4.3876 20
1747151041141 3.9184 30
1747151041825 3.6045 40
1747151042504 3.4229 50
1747151043194 3.3113 60
1747151043884 2.9436 70
1747151044567 2.6651 80
1747151045254 2.553 90
1747151045935 2.4578 100
1747151046617 2.4936 110
1747151047298 2.19 120
1747151047979 2.0482 130
1747151048672 2.1235 140
1747151049367 2.156 150
1747151050052 2.048 160
1747151050743 1.9806 170
1747151051429 1.8885 180
1747151052129 1.9595 190
1747151052817 1.7937 200
1747151053503 1.9486 210
1747151054199 1.8558 220
1747151054884 1.8639 230
1747151055568 1.858 240
1747151056249 1.9492 250
1747151056931 1.8744 260
1747151057615 1.8812 270
1747151058301 1.8181 280
1747151058966 1.6193 290
1747151059652 1.7132 300
1747151060345 1.7408 310
1747151061026 1.6014 320
1747151061709 1.8216 330
1747151062392 1.6651 340
1747151063077 1.7486 350
1747151063763 1.6116 360
1747151064448 1.5452 370
1747151065139 1.5477 380
1747151065819 1.6817 390
1747151066510 1.5945 400
1747151067195 1.6063 410
1747151067879 1.6053 420
1747151071559 1.4274 430
1747151072256 1.4235 440
1747151072944 1.5479 450
1747151073642 1.5271 460
1747151074327 1.4634 470
1747151075015 1.4116 480
1747151075712 1.5914 490
1747151076410 1.419 500
1747151077097 1.4892 510
1747151077791 1.4454 520
1747151078493 1.3405 530
1747151079179 1.4306 540
1747151079864 1.5708 550
1747151080550 1.5316 560
1747151081229 1.5333 570
1747151081912 1.3962 580
1747151082613 1.31 590
1747151083330 1.4546 600
1747151084029 1.408 610
1747151084731 1.5591 620
1747151085431 1.4775 630
1747151086130 1.3532 640
1747151086831 1.1753 650
1747151087522 1.3198 660
1747151088220 1.5387 670
1747151088912 1.3941 680
1747151089610 1.4222 690
1747151090307 1.3513 700
1747151091009 1.3516 710
1747151091719 1.5272 720
1747151092859 1.4447 730
1747151093543 1.2769 740
1747151094225 1.508 750
1747151094908 1.446 760
1747151095593 1.4866 770
1747151096278 1.3964 780
1747151096962 1.4499 790
1747151097647 1.4943 800
1747151098337 1.2364 810
1747151099011 1.3918 820
1747151099692 1.2212 830
1747151100381 1.3325 840
1747151101073 1.4197 850
1747151104594 1.2313 860
1747151105284 1.2125 870
1747151105967 1.3311 880
1747151106652 1.3978 890
1747151107332 1.2612 900
1747151108015 1.3927 910
1747151108695 1.3536 920
1747151109379 1.2366 930
1747151110060 1.2578 940
1747151110744 1.3438 950
1747151111427 1.1731 960
1747151112111 1.2473 970
1747151112795 1.2359 980
1747151113482 1.4104 990
1747151114164 1.2088 1000
1747151114845 1.202 1010
1747151115543 1.1417 1020
1747151116241 1.2548 1030
1747151116921 1.2508 1040
1747151117607 1.4128 1050
1747151118291 1.2416 1060
1747151118983 1.1216 1070
1747151119666 1.1764 1080
1747151120358 1.2101 1090
1747151121044 1.2932 1100
1747151121734 1.2777 1110
1747151122424 1.069 1120
1747151123119 1.3016 1130
1747151123812 1.327 1140
1747151124512 1.3455 1150
1747151125217 1.2222 1160
1747151125920 1.2961 1170
1747151126645 1.3689 1180
1747151127330 1.2749 1190
1747151128014 1.3847 1200
1747151128695 1.3679 1210
1747151129384 1.3588 1220
1747151130076 1.1252 1230
1747151130765 1.3202 1240
1747151131456 1.1635 1250
1747151132139 1.3343 1260
1747151132836 1.5334 1270
1747151133525 1.0466 1280
