1748183728832 0.99381 71
1748184407560 0.99381 72
1748185086337 0.9938 73
1748185765216 0.9938 74
1748186445167 0.9938 75
1748187124864 0.99381 76
1748187804402 0.99381 77
1748188485624 0.9938 78
1748189165558 0.99381 79
1748189845365 0.99381 80
1748190524733 0.99381 81
1748191204415 0.99382 82
1748191884726 0.99381 83
1748192563848 0.99381 84
1748193243064 0.99382 85
1748193921481 0.99382 86
1748194601558 0.99382 87
1748195281769 0.99381 88
1748195960886 0.99381 89
1748196632954 0.9938 90
1748197303483 0.99379 91
1748197973392 0.99381 92
1748198643831 0.99381 93
1748199313335 0.99381 94
1748199983410 0.99381 95
1748200653656 0.99382 96
1748201323720 0.9938 97
1748201993734 0.99381 98
1748202663352 0.99381 99
1748202785730 0.9938107169023046 99
