1748183728832 0.98987 71
1748184407560 0.98985 72
1748185086337 0.98992 73
1748185765216 0.98993 74
1748186445167 0.98989 75
1748187124864 0.98992 76
1748187804402 0.98995 77
1748188485624 0.99 78
1748189165558 0.99002 79
1748189845365 0.98998 80
1748190524733 0.98993 81
1748191204415 0.98989 82
1748191884726 0.9899 83
1748192563848 0.98981 84
1748193243064 0.98984 85
1748193921481 0.98989 86
1748194601558 0.98998 87
1748195281769 0.98978 88
1748195960886 0.98967 89
1748196632954 0.98946 90
1748197303483 0.98913 91
1748197973392 0.9896 92
1748198643831 0.98951 93
1748199313335 0.99 94
1748199983410 0.98993 95
1748200653656 0.98997 96
1748201323720 0.99011 97
1748201993734 0.99014 98
1748202663352 0.99015 99
1748202785730 0.9902138488937438 99
