1748183728832 0.99362 71
1748184407560 0.99365 72
1748185086337 0.99365 73
1748185765216 0.99365 74
1748186445167 0.9937 75
1748187124864 0.99367 76
1748187804402 0.99369 77
1748188485624 0.99372 78
1748189165558 0.99373 79
1748189845365 0.9937 80
1748190524733 0.99371 81
1748191204415 0.99368 82
1748191884726 0.99376 83
1748192563848 0.99367 84
1748193243064 0.99367 85
1748193921481 0.99372 86
1748194601558 0.99371 87
1748195281769 0.99357 88
1748195960886 0.99359 89
1748196632954 0.99359 90
1748197303483 0.99344 91
1748197973392 0.99361 92
1748198643831 0.99359 93
1748199313335 0.99366 94
1748199983410 0.99372 95
1748200653656 0.99374 96
1748201323720 0.99366 97
1748201993734 0.99359 98
1748202663352 0.99364 99
1748202785730 0.9936675463628348 99
