1748183728832 0.99772 71
1748184407560 0.99769 72
1748185086337 0.99772 73
1748185765216 0.9977 74
1748186445167 0.9977 75
1748187124864 0.9977 76
1748187804402 0.99767 77
1748188485624 0.99765 78
1748189165558 0.99763 79
1748189845365 0.99758 80
1748190524733 0.99758 81
1748191204415 0.99752 82
1748191884726 0.99755 83
1748192563848 0.99758 84
1748193243064 0.99759 85
1748193921481 0.99756 86
1748194601558 0.99756 87
1748195281769 0.99765 88
1748195960886 0.99761 89
1748196632954 0.99753 90
1748197303483 0.99746 91
1748197973392 0.99752 92
1748198643831 0.99757 93
1748199313335 0.99758 94
1748199983410 0.99755 95
1748200653656 0.99762 96
1748201323720 0.99767 97
1748201993734 0.99776 98
1748202663352 0.99777 99
1748202785730 0.9977694686687124 99
