1747153419491 0.023310023310023312 10
1747153420481 0.046620046620046623 20
1747153421474 0.06993006993006994 30
1747153422470 0.09324009324009325 40
1747153423463 0.11655011655011654 50
1747153424461 0.13986013986013987 60
1747153425462 0.16317016317016317 70
1747153426466 0.1864801864801865 80
1747153427468 0.2097902097902098 90
1747153428474 0.2331002331002331 100
1747153429476 0.2564102564102564 110
1747153430483 0.27972027972027974 120
1747153431482 0.30303030303030304 130
1747153432495 0.32634032634032634 140
1747153433497 0.34965034965034963 150
1747153434502 0.372960372960373 160
1747153435513 0.3962703962703963 170
1747153436518 0.4195804195804196 180
1747153437519 0.4428904428904429 190
1747153438515 0.4662004662004662 200
1747153439521 0.48951048951048953 210
