1747153419491 4.476150989532471 10
1747153420481 4.34458589553833 20
1747153421474 3.354231357574463 30
1747153422470 4.650822162628174 40
1747153423463 4.153466701507568 50
1747153424461 4.942678451538086 60
1747153425462 4.237602710723877 70
1747153426466 4.131746292114258 80
1747153427468 5.349065780639648 90
1747153428474 4.878981590270996 100
1747153429476 4.281442642211914 110
1747153430483 6.507875919342041 120
1747153431482 4.670688152313232 130
1747153432495 4.935183525085449 140
1747153433497 2.9536354541778564 150
1747153434502 5.3413519859313965 160
1747153435513 3.4968104362487793 170
1747153436518 4.676326751708984 180
1747153437519 4.636910915374756 190
1747153438515 4.201271057128906 200
1747153439521 3.986212730407715 210
