1747153419491 4.000000000000001e-06 10
1747153420481 8.500000000000002e-06 20
1747153421474 1.3500000000000001e-05 30
1747153422470 1.85e-05 40
1747153423463 2.35e-05 50
1747153424461 2.8499999999999998e-05 60
1747153425462 3.35e-05 70
1747153426466 3.85e-05 80
1747153427468 4.35e-05 90
1747153428474 4.85e-05 100
1747153429476 4.999182242990654e-05 110
1747153430483 4.9980140186915894e-05 120
1747153431482 4.996845794392523e-05 130
1747153432495 4.9956775700934584e-05 140
1747153433497 4.994509345794392e-05 150
1747153434502 4.9933411214953274e-05 160
1747153435513 4.992172897196262e-05 170
1747153436518 4.9910046728971964e-05 180
1747153437519 4.989836448598131e-05 190
1747153438515 4.9886682242990654e-05 200
1747153439521 4.9875000000000006e-05 210
