1747153419491 0.9528 10
1747153420481 0.8638 20
1747153421474 0.8382 30
1747153422470 0.9919 40
1747153423463 0.9482 50
1747153424461 0.9277 60
1747153425462 0.9751 70
1747153426466 0.98 80
1747153427468 1.0691 90
1747153428474 1.0147 100
1747153429476 0.9658 110
1747153430483 1.0606 120
1747153431482 0.8863 130
1747153432495 1.0636 140
1747153433497 1.1644 150
1747153434502 0.8776 160
1747153435513 0.9632 170
1747153436518 1.0832 180
1747153437519 0.9982 190
1747153438515 1.0638 200
1747153439521 1.245 210
