1747301989823 0.09691 0
1747301993637 0.27536 1
1747301997163 0.58374 2
1747302001254 0.88067 3
1747302004800 0.9585 4
1747302008321 0.99142 5
1747302011884 0.9949 6
1747302015512 0.99499 7
1747302019053 0.99495 8
1747302022749 0.995 9
1747302026446 0.995 10
1747302030030 0.995 11
1747302033622 0.995 12
1747302037193 0.995 13
1747302040887 0.995 14
1747302044490 0.995 15
1747302048062 0.995 16
1747302051695 0.995 17
1747302055216 0.995 18
1747302059150 0.995 19
1747302062630 0.995 20
1747302066188 0.995 21
1747302069683 0.995 22
1747302073230 0.995 23
1747302076750 0.995 24
1747302080334 0.995 25
1747302083855 0.995 26
1747302087436 0.995 27
1747302091004 0.995 28
1747302094645 0.995 29
1747302098198 0.995 30
1747302101696 0.995 31
1747302105237 0.995 32
1747302108829 0.995 33
1747302112585 0.995 34
1747302116173 0.995 35
1747302119765 0.995 36
1747302123246 0.995 37
1747302126950 0.995 38
1747302130485 0.995 39
1747302134793 0.995 40
1747302138336 0.995 41
1747302141941 0.995 42
1747302145469 0.995 43
1747302148987 0.995 44
1747302152540 0.995 45
1747302156037 0.995 46
1747302159541 0.995 47
1747302163054 0.995 48
1747302166900 0.995 49
1747302172769 0.9949999999999999 49
