1747301989823 0.02677 0
1747301993637 0.03421 1
1747301997163 0.57951 2
1747302001254 0.76447 3
1747302004800 0.90064 4
1747302008321 0.93418 5
1747302011884 0.98409 6
1747302015512 0.98501 7
1747302019053 0.97793 8
1747302022749 0.99701 9
1747302026446 0.99779 10
1747302030030 0.9982 11
1747302033622 0.99705 12
1747302037193 0.99889 13
1747302040887 0.99806 14
1747302044490 0.99846 15
1747302048062 0.99911 16
1747302051695 0.99838 17
1747302055216 0.99905 18
1747302059150 0.99921 19
1747302062630 0.99942 20
1747302066188 0.99904 21
1747302069683 0.99893 22
1747302073230 0.99937 23
1747302076750 0.99935 24
1747302080334 0.99913 25
1747302083855 0.99941 26
1747302087436 0.99939 27
1747302091004 0.99947 28
1747302094645 0.99944 29
1747302098198 0.99949 30
1747302101696 0.99947 31
1747302105237 0.9994 32
1747302108829 0.99958 33
1747302112585 0.99911 34
1747302116173 0.9995 35
1747302119765 0.99947 36
1747302123246 0.99945 37
1747302126950 0.99959 38
1747302130485 0.9995 39
1747302134793 0.9991 40
1747302138336 0.99946 41
1747302141941 0.99933 42
1747302145469 0.99953 43
1747302148987 0.99952 44
1747302152540 0.99948 45
1747302156037 0.99955 46
1747302159541 0.99958 47
1747302163054 0.99956 48
1747302166900 0.99958 49
1747302172769 0.999575633286093 49
