1747301989823 0.787 0
1747301993637 0.9995 1
1747301997163 0.44233 2
1747302001254 0.80215 3
1747302004800 0.88187 4
1747302008321 0.93742 5
1747302011884 0.9811 6
1747302015512 0.99334 7
1747302019053 0.9876 8
1747302022749 0.99902 9
1747302026446 0.99939 10
1747302030030 0.99924 11
1747302033622 0.99947 12
1747302037193 0.99939 13
1747302040887 0.99951 14
1747302044490 0.99972 15
1747302048062 1.0 16
1747302051695 1.0 17
1747302055216 0.99997 18
1747302059150 0.99974 19
1747302062630 0.99993 20
1747302066188 1.0 21
1747302069683 1.0 22
1747302073230 0.99996 23
1747302076750 0.99962 24
1747302080334 1.0 25
1747302083855 0.99969 26
1747302087436 1.0 27
1747302091004 1.0 28
1747302094645 1.0 29
1747302098198 1.0 30
1747302101696 1.0 31
1747302105237 1.0 32
1747302108829 1.0 33
1747302112585 1.0 34
1747302116173 1.0 35
1747302119765 1.0 36
1747302123246 1.0 37
1747302126950 1.0 38
1747302130485 1.0 39
1747302134793 1.0 40
1747302138336 1.0 41
1747302141941 1.0 42
1747302145469 0.99981 43
1747302148987 1.0 44
1747302152540 1.0 45
1747302156037 1.0 46
1747302159541 1.0 47
1747302163054 1.0 48
1747302166900 1.0 49
1747302172769 1.0 49
