1747730999801 0.06577 0
1747731003417 0.23825 1
1747731006984 0.45014 2
1747731010551 0.73794 3
1747731014097 0.94046 4
1747731017639 0.98853 5
1747731021106 0.99278 6
1747731024646 0.99321 7
1747731028425 0.99497 8
1747731031871 0.99499 9
1747731035406 0.995 10
1747731038951 0.995 11
1747731042447 0.995 12
1747731046000 0.995 13
1747731049584 0.995 14
1747731053020 0.995 15
1747731056543 0.995 16
1747731059984 0.995 17
1747731063503 0.995 18
1747731067055 0.995 19
1747731070591 0.995 20
1747731074119 0.995 21
1747731077854 0.995 22
1747731081423 0.995 23
1747731084943 0.995 24
1747731088383 0.995 25
1747731091927 0.995 26
1747731095375 0.995 27
1747731098797 0.995 28
1747731102229 0.995 29
1747731105745 0.995 30
1747731109170 0.995 31
1747731112703 0.995 32
1747731116295 0.995 33
1747731119783 0.995 34
1747731123438 0.995 35
1747731126857 0.995 36
1747731130301 0.995 37
1747731133744 0.995 38
1747731137140 0.995 39
1747731141354 0.995 40
1747731144883 0.995 41
1747731148397 0.995 42
1747731151900 0.995 43
1747731155391 0.995 44
1747731158798 0.995 45
1747731162208 0.995 46
1747731165609 0.995 47
1747731169425 0.995 48
1747731175681 0.9949999999999999 48
