1747730999801 0.02141 0
1747731003417 0.03462 1
1747731006984 0.48728 2
1747731010551 0.63431 3
1747731014097 0.8504 4
1747731017639 0.95891 5
1747731021106 0.92061 6
1747731024646 0.98737 7
1747731028425 0.99189 8
1747731031871 0.99537 9
1747731035406 0.99712 10
1747731038951 0.9987 11
1747731042447 0.997 12
1747731046000 0.99822 13
1747731049584 0.99837 14
1747731053020 0.9989 15
1747731056543 0.99902 16
1747731059984 0.99878 17
1747731063503 0.99862 18
1747731067055 0.99941 19
1747731070591 0.99885 20
1747731074119 0.99865 21
1747731077854 0.99939 22
1747731081423 0.99915 23
1747731084943 0.99915 24
1747731088383 0.99863 25
1747731091927 0.99895 26
1747731095375 0.9986 27
1747731098797 0.99932 28
1747731102229 0.9994 29
1747731105745 0.99917 30
1747731109170 0.99902 31
1747731112703 0.99929 32
1747731116295 0.99926 33
1747731119783 0.99937 34
1747731123438 0.99934 35
1747731126857 0.99941 36
1747731130301 0.99945 37
1747731133744 0.99953 38
1747731137140 0.99955 39
1747731141354 0.99932 40
1747731144883 0.99929 41
1747731148397 0.99946 42
1747731151900 0.99954 43
1747731155391 0.99944 44
1747731158798 0.9995 45
1747731162208 0.99949 46
1747731165609 0.99937 47
1747731169425 0.99942 48
1747731175681 0.9995237184811646 48
