1748183648807 0.13907 71
1748184329882 0.13899 72
1748185008355 0.13859 73
1748185687367 0.13812 74
1748186367153 0.13809 75
1748187046568 0.13794 76
1748187726360 0.13704 77
1748188407160 0.13726 78
1748189086992 0.13683 79
1748189767116 0.13634 80
1748190446537 0.1361 81
1748191126397 0.13591 82
1748191806247 0.13547 83
1748192485788 0.13552 84
1748193164764 0.13482 85
1748193843519 0.13476 86
1748194523065 0.13459 87
1748195203496 0.13451 88
1748195883097 0.13442 89
1748196553395 0.11439 90
1748197223771 0.11051 91
1748197894065 0.10952 92
1748198564045 0.1088 93
1748199234138 0.10841 94
1748199903876 0.10792 95
1748200573881 0.10781 96
1748201244121 0.10743 97
1748201914387 0.10736 98
1748202583994 0.10727 99
