1748183648807 0.2351 71
1748184329882 0.23471 72
1748185008355 0.23413 73
1748185687367 0.23323 74
1748186367153 0.23397 75
1748187046568 0.23272 76
1748187726360 0.22976 77
1748188407160 0.23101 78
1748189086992 0.2313 79
1748189767116 0.22908 80
1748190446537 0.22858 81
1748191126397 0.2281 82
1748191806247 0.22755 83
1748192485788 0.22736 84
1748193164764 0.22741 85
1748193843519 0.22544 86
1748194523065 0.22547 87
1748195203496 0.22466 88
1748195883097 0.22594 89
1748196553395 0.11903 90
1748197223771 0.11286 91
1748197894065 0.11105 92
1748198564045 0.10978 93
1748199234138 0.10896 94
1748199903876 0.10875 95
1748200573881 0.10831 96
1748201244121 0.10745 97
1748201914387 0.10746 98
1748202583994 0.10706 99
