1746524649621 4.07783 0
1746524691973 3.04389 1
1746524732776 2.32958 2
1746524773877 1.78074 3
1746524815187 1.4403 4
1746524855684 1.26189 5
1746524896651 1.04187 6
1746524937677 0.84265 7
1746524979038 0.73527 8
1746525019733 0.67116 9
1746525060442 0.61161 10
1746525101621 0.56571 11
1746525142581 0.5348 12
1746525182852 0.51087 13
1746525223508 0.48281 14
1746525264350 0.48938 15
1746525304868 0.45973 16
1746525345300 0.46419 17
1746525385752 0.43995 18
1746525426214 0.45753 19
1746525467120 0.42328 20
1746525507393 0.41676 21
1746525548117 0.4111 22
1746525588766 0.40699 23
1746525629481 0.39123 24
1746525670297 0.39331 25
