1746524649621 1.08455 0
1746524691973 0.84496 1
1746524732776 0.83009 2
1746524773877 0.82645 3
1746524815187 0.81348 4
1746524855684 0.81934 5
1746524896651 0.80274 6
1746524937677 0.80447 7
1746524979038 0.798 8
1746525019733 0.79544 9
1746525060442 0.79456 10
1746525101621 0.78805 11
1746525142581 0.79206 12
1746525182852 0.78211 13
1746525223508 0.7898 14
1746525264350 0.78677 15
1746525304868 0.78436 16
1746525345300 0.7881 17
1746525385752 0.78458 18
1746525426214 0.7874 19
1746525467120 0.78445 20
1746525507393 0.78671 21
1746525548117 0.78707 22
1746525588766 0.78588 23
1746525629481 0.78203 24
1746525670297 0.78275 25
