1747301988173 1.25885 0
1747301991888 0.95631 1
1747301995635 0.9317 2
1747301999165 0.91444 3
1747302003285 0.91192 4
1747302006781 0.89634 5
1747302010316 0.89123 6
1747302013903 0.8676 7
1747302017514 0.8671 8
1747302021103 0.85181 9
1747302024846 0.85294 10
1747302028423 0.83952 11
1747302032018 0.84036 12
1747302035676 0.84026 13
1747302039198 0.83225 14
1747302042897 0.83394 15
1747302046459 0.82516 16
1747302050060 0.81994 17
1747302053713 0.81779 18
1747302057210 0.82211 19
1747302061144 0.82145 20
1747302064667 0.82242 21
1747302068215 0.81729 22
1747302071661 0.81449 23
1747302075256 0.81477 24
1747302078734 0.8119 25
1747302082362 0.81468 26
1747302085868 0.81101 27
1747302089464 0.81187 28
1747302093094 0.81266 29
1747302096641 0.80768 30
1747302100190 0.80909 31
1747302103677 0.81224 32
1747302107259 0.80703 33
1747302110818 0.81046 34
1747302114583 0.80173 35
1747302118233 0.80673 36
1747302121782 0.8083 37
1747302125232 0.80367 38
1747302128931 0.8054 39
1747302133206 0.79526 40
1747302136788 0.78604 41
1747302140327 0.79439 42
1747302143956 0.7943 43
1747302147463 0.78804 44
1747302150974 0.78799 45
1747302154503 0.78296 46
1747302158009 0.78964 47
1747302161508 0.78203 48
1747302165005 0.78872 49
