1747240446734 0.046620046620046623 10
1747240447933 0.09324009324009325 20
1747240449139 0.13986013986013987 30
1747240450341 0.1864801864801865 40
1747240451552 0.2331002331002331 50
1747240452767 0.27972027972027974 60
1747240453983 0.32634032634032634 70
1747240455196 0.372960372960373 80
1747240456394 0.4195804195804196 90
1747240457609 0.4662004662004662 100
1747240458830 0.5128205128205128 110
1747240460039 0.5594405594405595 120
1747240461240 0.6060606060606061 130
1747240462450 0.6526806526806527 140
1747240463653 0.6993006993006993 150
1747240464846 0.745920745920746 160
1747240466037 0.7925407925407926 170
1747240467242 0.8391608391608392 180
1747240468457 0.8857808857808858 190
1747240469657 0.9324009324009324 200
1747240470860 0.9790209790209791 210
1747240472374 1.0 215
1747240474926 1.0233100233100234 220
1747240476136 1.06993006993007 230
1747240477337 1.1165501165501166 240
1747240478541 1.1631701631701632 250
1747240479735 1.2097902097902098 260
1747240480934 1.2564102564102564 270
1747240482130 1.303030303030303 280
1747240483350 1.3496503496503496 290
1747240484553 1.3962703962703964 300
1747240485758 1.4428904428904428 310
1747240486957 1.4895104895104896 320
1747240488161 1.5361305361305362 330
1747240489381 1.5827505827505828 340
1747240490575 1.6293706293706294 350
1747240491780 1.675990675990676 360
1747240492981 1.7226107226107226 370
1747240494183 1.7692307692307692 380
1747240495397 1.815850815850816 390
1747240496618 1.8624708624708624 400
1747240497829 1.9090909090909092 410
1747240499028 1.9557109557109555 420
1747240500166 2.0 430
1747240501118 2.0 430
1747240504330 2.046620046620047 440
1747240505555 2.093240093240093 450
1747240506769 2.13986013986014 460
1747240507993 2.1864801864801864 470
1747240510154 2.233100233100233 480
1747240511366 2.2797202797202796 490
1747240512585 2.3263403263403264 500
1747240513815 2.3729603729603728 510
1747240515043 2.4195804195804196 520
1747240516256 2.4662004662004664 530
1747240517455 2.5128205128205128 540
1747240518652 2.5594405594405596 550
1747240519847 2.606060606060606 560
1747240521048 2.652680652680653 570
1747240522247 2.699300699300699 580
1747240523445 2.745920745920746 590
1747240524636 2.792540792540793 600
1747240525845 2.839160839160839 610
1747240527056 2.8857808857808855 620
1747240528255 2.9324009324009324 630
1747240529467 2.979020979020979 640
1747240530976 3.0 645
1747240533768 3.023310023310023 650
1747240534981 3.06993006993007 660
1747240536222 3.1165501165501164 670
1747240537438 3.163170163170163 680
1747240538653 3.20979020979021 690
1747240539907 3.2564102564102564 700
1747240541152 3.303030303030303 710
1747240542389 3.3496503496503496 720
1747240543633 3.3962703962703964 730
1747240544844 3.4428904428904428 740
1747240546052 3.4895104895104896 750
1747240547266 3.5361305361305364 760
1747240548468 3.582750582750583 770
1747240549665 3.629370629370629 780
1747240550865 3.675990675990676 790
1747240552079 3.722610722610723 800
1747240553276 3.769230769230769 810
1747240554480 3.815850815850816 820
1747240555671 3.8624708624708624 830
1747240556872 3.909090909090909 840
1747240558073 3.9557109557109555 850
1747240559201 4.0 860
1747240560167 4.0 860
1747240563613 4.046620046620046 870
1747240564839 4.093240093240094 880
1747240566052 4.13986013986014 890
1747240567306 4.186480186480186 900
1747240568521 4.233100233100233 910
1747240569737 4.27972027972028 920
1747240570982 4.326340326340326 930
1747240572211 4.372960372960373 940
1747240573430 4.41958041958042 950
1747240574629 4.466200466200466 960
1747240575834 4.512820512820513 970
1747240577035 4.559440559440559 980
1747240578236 4.606060606060606 990
1747240579437 4.652680652680653 1000
1747240580639 4.699300699300699 1010
1747240581832 4.7459207459207455 1020
1747240583040 4.792540792540793 1030
1747240584247 4.839160839160839 1040
1747240585444 4.8857808857808855 1050
1747240586643 4.932400932400933 1060
1747240587855 4.979020979020979 1070
1747240589361 5.0 1075
1747240591991 5.023310023310024 1080
1747240593206 5.06993006993007 1090
1747240594420 5.116550116550116 1100
1747240595657 5.163170163170163 1110
1747240596882 5.20979020979021 1120
1747240598117 5.256410256410256 1130
1747240599330 5.303030303030303 1140
1747240600585 5.34965034965035 1150
1747240601812 5.396270396270396 1160
1747240603936 5.442890442890443 1170
1747240605140 5.489510489510489 1180
1747240606346 5.536130536130536 1190
1747240607554 5.582750582750583 1200
1747240608757 5.629370629370629 1210
1747240609968 5.6759906759906755 1220
1747240611180 5.722610722610723 1230
1747240612381 5.769230769230769 1240
1747240613576 5.8158508158508155 1250
1747240614782 5.862470862470863 1260
1747240615975 5.909090909090909 1270
1747240617178 5.9557109557109555 1280
1747240618319 6.0 1290
1747240619264 6.0 1290
1747240622557 6.046620046620046 1300
1747240623765 6.093240093240094 1310
1747240624979 6.13986013986014 1320
1747240626212 6.186480186480186 1330
1747240627431 6.233100233100233 1340
1747240628643 6.27972027972028 1350
1747240629859 6.326340326340326 1360
1747240631096 6.372960372960373 1370
1747240632988 6.41958041958042 1380
1747240634209 6.466200466200466 1390
1747240635417 6.512820512820513 1400
1747240636625 6.559440559440559 1410
1747240637847 6.606060606060606 1420
1747240639039 6.652680652680653 1430
1747240640238 6.699300699300699 1440
1747240641442 6.7459207459207455 1450
1747240642647 6.792540792540793 1460
1747240643857 6.839160839160839 1470
1747240645048 6.8857808857808855 1480
1747240646266 6.932400932400933 1490
1747240647478 6.979020979020979 1500
1747240648965 7.0 1505
1747240651632 7.023310023310024 1510
1747240652855 7.06993006993007 1520
1747240654081 7.116550116550116 1530
1747240655347 7.163170163170163 1540
1747240656573 7.20979020979021 1550
1747240657789 7.256410256410256 1560
1747240659003 7.303030303030303 1570
1747240660233 7.34965034965035 1580
1747240661469 7.396270396270396 1590
1747240662670 7.442890442890443 1600
1747240663873 7.489510489510489 1610
1747240665083 7.536130536130536 1620
1747240666287 7.582750582750583 1630
1747240667484 7.629370629370629 1640
1747240668671 7.6759906759906755 1650
1747240669863 7.722610722610723 1660
1747240671059 7.769230769230769 1670
1747240672266 7.8158508158508155 1680
1747240673463 7.862470862470863 1690
1747240674660 7.909090909090909 1700
1747240675865 7.9557109557109555 1710
1747240677006 8.0 1720
1747240677963 8.0 1720
1747240681348 8.046620046620047 1730
1747240682562 8.093240093240093 1740
1747240683806 8.13986013986014 1750
1747240685020 8.186480186480187 1760
1747240686263 8.233100233100233 1770
1747240687507 8.27972027972028 1780
1747240688732 8.326340326340326 1790
1747240689951 8.372960372960373 1800
1747240692131 8.41958041958042 1810
1747240693337 8.466200466200466 1820
1747240694534 8.512820512820513 1830
1747240695737 8.55944055944056 1840
1747240696949 8.606060606060606 1850
1747240698144 8.652680652680653 1860
1747240699337 8.6993006993007 1870
1747240700531 8.745920745920746 1880
1747240701728 8.792540792540793 1890
1747240702926 8.83916083916084 1900
1747240704126 8.885780885780886 1910
1747240705329 8.932400932400933 1920
1747240706542 8.979020979020978 1930
1747240708066 9.0 1935
1747240710699 9.023310023310023 1940
1747240711948 9.06993006993007 1950
1747240713178 9.116550116550117 1960
1747240714404 9.163170163170163 1970
1747240715629 9.20979020979021 1980
1747240716850 9.256410256410255 1990
1747240718081 9.303030303030303 2000
1747240719299 9.34965034965035 2010
1747240720532 9.396270396270396 2020
1747240721758 9.442890442890443 2030
1747240722979 9.48951048951049 2040
1747240724178 9.536130536130536 2050
1747240725391 9.582750582750583 2060
1747240726598 9.62937062937063 2070
1747240727794 9.675990675990676 2080
1747240728984 9.722610722610723 2090
1747240730179 9.76923076923077 2100
1747240731376 9.815850815850816 2110
1747240732583 9.862470862470863 2120
1747240733801 9.909090909090908 2130
1747240734999 9.955710955710956 2140
1747240736128 10.0 2150
1747240737130 10.0 2150
1747240740445 10.046620046620047 2160
1747240741660 10.093240093240093 2170
1747240742887 10.13986013986014 2180
1747240744102 10.186480186480187 2190
1747240745328 10.233100233100233 2200
1747240746566 10.27972027972028 2210
1747240747803 10.326340326340326 2220
1747240749024 10.372960372960373 2230
1747240750746 10.41958041958042 2240
1747240751972 10.466200466200466 2250
1747240753180 10.512820512820513 2260
1747240754387 10.55944055944056 2270
1747240755587 10.606060606060606 2280
1747240756789 10.652680652680653 2290
1747240758012 10.6993006993007 2300
1747240759218 10.745920745920746 2310
1747240760424 10.792540792540793 2320
1747240761622 10.83916083916084 2330
1747240762831 10.885780885780886 2340
1747240764036 10.932400932400933 2350
1747240765245 10.979020979020978 2360
1747240766744 11.0 2365
1747240769472 11.023310023310023 2370
1747240770682 11.06993006993007 2380
1747240771882 11.116550116550117 2390
1747240773101 11.163170163170163 2400
1747240774327 11.20979020979021 2410
1747240775548 11.256410256410255 2420
1747240776780 11.303030303030303 2430
1747240777998 11.34965034965035 2440
1747240779219 11.396270396270396 2450
1747240780985 11.442890442890443 2460
1747240782200 11.48951048951049 2470
1747240783415 11.536130536130536 2480
1747240784637 11.582750582750583 2490
1747240785852 11.62937062937063 2500
1747240787056 11.675990675990676 2510
1747240788260 11.722610722610723 2520
1747240789455 11.76923076923077 2530
1747240790661 11.815850815850816 2540
1747240791878 11.862470862470863 2550
1747240793076 11.909090909090908 2560
1747240794287 11.955710955710956 2570
1747240795424 12.0 2580
1747240796388 12.0 2580
1747240799689 12.046620046620047 2590
1747240800900 12.093240093240093 2600
1747240802118 12.13986013986014 2610
1747240803331 12.186480186480187 2620
1747240804548 12.233100233100233 2630
1747240805768 12.27972027972028 2640
1747240806997 12.326340326340326 2650
1747240808221 12.372960372960373 2660
1747240809445 12.41958041958042 2670
1747240810645 12.466200466200466 2680
1747240811863 12.512820512820513 2690
1747240813072 12.55944055944056 2700
1747240814272 12.606060606060606 2710
1747240815482 12.652680652680653 2720
1747240816685 12.6993006993007 2730
1747240817887 12.745920745920746 2740
1747240819090 12.792540792540793 2750
1747240820328 12.83916083916084 2760
1747240821571 12.885780885780886 2770
1747240823020 12.932400932400933 2780
1747240824270 12.979020979020978 2790
1747240825766 13.0 2795
1747240828681 13.023310023310023 2800
1747240829916 13.06993006993007 2810
1747240831156 13.116550116550117 2820
1747240832389 13.163170163170163 2830
1747240833620 13.20979020979021 2840
1747240834834 13.256410256410255 2850
1747240836067 13.303030303030303 2860
1747240837286 13.34965034965035 2870
1747240838506 13.396270396270396 2880
1747240839732 13.442890442890443 2890
1747240840933 13.48951048951049 2900
1747240842170 13.536130536130536 2910
1747240843380 13.582750582750583 2920
1747240844588 13.62937062937063 2930
1747240845794 13.675990675990676 2940
1747240847002 13.722610722610723 2950
1747240848216 13.76923076923077 2960
1747240849434 13.815850815850816 2970
1747240850655 13.862470862470863 2980
1747240851859 13.909090909090908 2990
1747240853070 13.955710955710956 3000
1747240854232 14.0 3010
1747240855189 14.0 3010
1747240858422 14.046620046620047 3020
1747240859627 14.093240093240093 3030
1747240860855 14.13986013986014 3040
1747240862111 14.186480186480187 3050
1747240863333 14.233100233100233 3060
1747240864559 14.27972027972028 3070
1747240865781 14.326340326340326 3080
1747240867024 14.372960372960373 3090
1747240868259 14.41958041958042 3100
1747240869479 14.466200466200466 3110
1747240870718 14.512820512820513 3120
1747240871935 14.55944055944056 3130
1747240873134 14.606060606060606 3140
1747240874347 14.652680652680653 3150
1747240875552 14.6993006993007 3160
1747240876775 14.745920745920746 3170
1747240877983 14.792540792540793 3180
1747240879192 14.83916083916084 3190
1747240880388 14.885780885780886 3200
1747240881592 14.932400932400933 3210
1747240882800 14.979020979020978 3220
1747240884303 15.0 3225
1747240886893 15.023310023310023 3230
1747240888092 15.06993006993007 3240
1747240889311 15.116550116550117 3250
1747240890556 15.163170163170163 3260
1747240891796 15.20979020979021 3270
1747240893045 15.256410256410255 3280
1747240894292 15.303030303030303 3290
1747240895554 15.34965034965035 3300
1747240896778 15.396270396270396 3310
1747240898101 15.442890442890443 3320
1747240899329 15.48951048951049 3330
1747240900541 15.536130536130536 3340
1747240901746 15.582750582750583 3350
1747240902953 15.62937062937063 3360
1747240904158 15.675990675990676 3370
1747240905358 15.722610722610723 3380
1747240906562 15.76923076923077 3390
1747240907789 15.815850815850816 3400
1747240909014 15.862470862470863 3410
1747240910223 15.909090909090908 3420
1747240911424 15.955710955710956 3430
1747240912571 16.0 3440
1747240913543 16.0 3440
1747240918106 16.046620046620045 3450
1747240919305 16.093240093240095 3460
1747240920519 16.13986013986014 3470
1747240921738 16.186480186480185 3480
1747240922948 16.233100233100235 3490
1747240924160 16.27972027972028 3500
1747240925366 16.326340326340326 3510
1747240926576 16.372960372960375 3520
1747240927785 16.41958041958042 3530
1747240928998 16.466200466200466 3540
1747240930209 16.51282051282051 3550
1747240931418 16.55944055944056 3560
1747240932635 16.606060606060606 3570
1747240933868 16.65268065268065 3580
1747240935079 16.6993006993007 3590
1747240936289 16.745920745920746 3600
1747240937514 16.79254079254079 3610
1747240938736 16.83916083916084 3620
1747240939952 16.885780885780886 3630
1747240941167 16.93240093240093 3640
1747240942391 16.97902097902098 3650
1747240943893 17.0 3655
1747240946565 17.023310023310025 3660
1747240947788 17.06993006993007 3670
1747240949002 17.116550116550115 3680
1747240950216 17.163170163170165 3690
1747240951418 17.20979020979021 3700
1747240952629 17.256410256410255 3710
1747240953831 17.303030303030305 3720
1747240955038 17.34965034965035 3730
1747240956247 17.396270396270396 3740
1747240957468 17.442890442890445 3750
1747240958679 17.48951048951049 3760
1747240959881 17.536130536130536 3770
1747240961099 17.582750582750585 3780
1747240962298 17.62937062937063 3790
1747240963545 17.675990675990676 3800
1747240964751 17.72261072261072 3810
1747240965953 17.76923076923077 3820
1747240967153 17.815850815850816 3830
1747240968361 17.86247086247086 3840
1747240969562 17.90909090909091 3850
1747240970772 17.955710955710956 3860
1747240971912 18.0 3870
1747240972875 18.0 3870
1747240976419 18.046620046620045 3880
1747240977622 18.093240093240095 3890
1747240978831 18.13986013986014 3900
1747240980033 18.186480186480185 3910
1747240981255 18.233100233100235 3920
1747240982466 18.27972027972028 3930
1747240983681 18.326340326340326 3940
1747240984906 18.372960372960375 3950
1747240986100 18.41958041958042 3960
1747240987293 18.466200466200466 3970
1747240988495 18.51282051282051 3980
1747240989701 18.55944055944056 3990
1747240990912 18.606060606060606 4000
1747240992118 18.65268065268065 4010
1747240993323 18.6993006993007 4020
1747240994526 18.745920745920746 4030
1747240995740 18.79254079254079 4040
1747240996948 18.83916083916084 4050
1747240998154 18.885780885780886 4060
1747240999353 18.93240093240093 4070
1747241000554 18.97902097902098 4080
1747241002071 19.0 4085
1747241006678 19.023310023310025 4090
1747241007882 19.06993006993007 4100
1747241009089 19.116550116550115 4110
1747241010308 19.163170163170165 4120
1747241011516 19.20979020979021 4130
1747241012725 19.256410256410255 4140
1747241013928 19.303030303030305 4150
1747241015135 19.34965034965035 4160
1747241016334 19.396270396270396 4170
1747241017536 19.442890442890445 4180
1747241018750 19.48951048951049 4190
1747241019961 19.536130536130536 4200
1747241021183 19.582750582750585 4210
1747241022409 19.62937062937063 4220
1747241023630 19.675990675990676 4230
1747241024830 19.72261072261072 4240
1747241026033 19.76923076923077 4250
1747241027231 19.815850815850816 4260
1747241028438 19.86247086247086 4270
1747241029653 19.90909090909091 4280
1747241030610 19.90909090909091 4280
1747241032712 19.90909090909091 4280
