1747240446734 1.5e-06 10
1747240447933 4.000000000000001e-06 20
1747240449139 6.5000000000000004e-06 30
1747240450341 9e-06 40
1747240451552 1.1500000000000002e-05 50
1747240452767 1.4000000000000001e-05 60
1747240453983 1.65e-05 70
1747240455196 1.9e-05 80
1747240456394 2.15e-05 90
1747240457609 2.4e-05 100
1747240458830 2.6500000000000004e-05 110
1747240460039 2.9e-05 120
1747240461240 3.15e-05 130
1747240462450 3.4000000000000007e-05 140
1747240463653 3.65e-05 150
1747240464846 3.9000000000000006e-05 160
1747240466037 4.15e-05 170
1747240467242 4.4000000000000006e-05 180
1747240468457 4.6500000000000005e-05 190
1747240469657 4.9e-05 200
1747240470860 4.99264705882353e-05 210
1747240474926 4.980392156862745e-05 220
1747240476136 4.968137254901961e-05 230
1747240477337 4.955882352941177e-05 240
1747240478541 4.9436274509803925e-05 250
1747240479735 4.931372549019608e-05 260
1747240480934 4.9191176470588234e-05 270
1747240482130 4.906862745098039e-05 280
1747240483350 4.894607843137255e-05 290
1747240484553 4.882352941176471e-05 300
1747240485758 4.8700980392156866e-05 310
1747240486957 4.8578431372549024e-05 320
1747240488161 4.8455882352941176e-05 330
1747240489381 4.8333333333333334e-05 340
1747240490575 4.821078431372549e-05 350
1747240491780 4.808823529411765e-05 360
1747240492981 4.796568627450981e-05 370
1747240494183 4.7843137254901966e-05 380
1747240495397 4.7720588235294124e-05 390
1747240496618 4.7598039215686275e-05 400
1747240497829 4.747549019607843e-05 410
1747240499028 4.735294117647059e-05 420
1747240500166 4.723039215686275e-05 430
1747240504330 4.71078431372549e-05 440
1747240505555 4.698529411764706e-05 450
1747240506769 4.6862745098039216e-05 460
1747240507993 4.6740196078431374e-05 470
1747240510154 4.661764705882353e-05 480
1747240511366 4.649509803921569e-05 490
1747240512585 4.637254901960785e-05 500
1747240513815 4.6250000000000006e-05 510
1747240515043 4.6127450980392164e-05 520
1747240516256 4.6004901960784315e-05 530
1747240517455 4.588235294117647e-05 540
1747240518652 4.575980392156863e-05 550
1747240519847 4.563725490196078e-05 560
1747240521048 4.551470588235294e-05 570
1747240522247 4.53921568627451e-05 580
1747240523445 4.5269607843137257e-05 590
1747240524636 4.5147058823529415e-05 600
1747240525845 4.502450980392157e-05 610
1747240527056 4.490196078431373e-05 620
1747240528255 4.477941176470589e-05 630
1747240529467 4.4656862745098047e-05 640
1747240533768 4.45343137254902e-05 650
1747240534981 4.4411764705882356e-05 660
1747240536222 4.428921568627451e-05 670
1747240537438 4.4166666666666665e-05 680
1747240538653 4.404411764705882e-05 690
1747240539907 4.392156862745098e-05 700
1747240541152 4.379901960784314e-05 710
1747240542389 4.36764705882353e-05 720
1747240543633 4.3553921568627455e-05 730
1747240544844 4.343137254901961e-05 740
1747240546052 4.330882352941177e-05 750
1747240547266 4.318627450980392e-05 760
1747240548468 4.306372549019608e-05 770
1747240549665 4.294117647058823e-05 780
1747240550865 4.281862745098039e-05 790
1747240552079 4.269607843137255e-05 800
1747240553276 4.2573529411764706e-05 810
1747240554480 4.2450980392156864e-05 820
1747240555671 4.232843137254902e-05 830
1747240556872 4.220588235294118e-05 840
1747240558073 4.208333333333334e-05 850
1747240559201 4.1960784313725496e-05 860
1747240563613 4.1838235294117654e-05 870
1747240564839 4.1715686274509805e-05 880
1747240566052 4.159313725490196e-05 890
1747240567306 4.147058823529412e-05 900
1747240568521 4.134803921568627e-05 910
1747240569737 4.122549019607843e-05 920
1747240570982 4.110294117647059e-05 930
1747240572211 4.0980392156862746e-05 940
1747240573430 4.0857843137254904e-05 950
1747240574629 4.073529411764706e-05 960
1747240575834 4.061274509803922e-05 970
1747240577035 4.049019607843138e-05 980
1747240578236 4.036764705882353e-05 990
1747240579437 4.024509803921569e-05 1000
1747240580639 4.0122549019607845e-05 1010
1747240581832 4e-05 1020
1747240583040 3.987745098039216e-05 1030
1747240584247 3.975490196078431e-05 1040
1747240585444 3.963235294117647e-05 1050
1747240586643 3.950980392156863e-05 1060
1747240587855 3.9387254901960787e-05 1070
1747240591991 3.9264705882352945e-05 1080
1747240593206 3.91421568627451e-05 1090
1747240594420 3.9019607843137254e-05 1100
1747240595657 3.889705882352941e-05 1110
1747240596882 3.877450980392157e-05 1120
1747240598117 3.865196078431373e-05 1130
1747240599330 3.8529411764705886e-05 1140
1747240600585 3.8406862745098044e-05 1150
1747240601812 3.82843137254902e-05 1160
1747240603936 3.816176470588235e-05 1170
1747240605140 3.803921568627451e-05 1180
1747240606346 3.791666666666667e-05 1190
1747240607554 3.779411764705883e-05 1200
1747240608757 3.767156862745098e-05 1210
1747240609968 3.7549019607843136e-05 1220
1747240611180 3.7426470588235294e-05 1230
1747240612381 3.730392156862745e-05 1240
1747240613576 3.718137254901961e-05 1250
1747240614782 3.705882352941177e-05 1260
1747240615975 3.6936274509803926e-05 1270
1747240617178 3.6813725490196084e-05 1280
1747240618319 3.6691176470588235e-05 1290
1747240622557 3.6568627450980393e-05 1300
1747240623765 3.644607843137255e-05 1310
1747240624979 3.632352941176471e-05 1320
1747240626212 3.620098039215686e-05 1330
1747240627431 3.607843137254902e-05 1340
1747240628643 3.595588235294118e-05 1350
1747240629859 3.5833333333333335e-05 1360
1747240631096 3.571078431372549e-05 1370
1747240632988 3.558823529411765e-05 1380
1747240634209 3.546568627450981e-05 1390
1747240635417 3.534313725490197e-05 1400
1747240636625 3.5220588235294125e-05 1410
1747240637847 3.5098039215686276e-05 1420
1747240639039 3.4975490196078434e-05 1430
1747240640238 3.4852941176470585e-05 1440
1747240641442 3.473039215686274e-05 1450
1747240642647 3.46078431372549e-05 1460
1747240643857 3.448529411764706e-05 1470
1747240645048 3.436274509803922e-05 1480
1747240646266 3.4240196078431375e-05 1490
1747240647478 3.411764705882353e-05 1500
1747240651632 3.399509803921569e-05 1510
1747240652855 3.387254901960785e-05 1520
1747240654081 3.375000000000001e-05 1530
1747240655347 3.362745098039216e-05 1540
1747240656573 3.350490196078431e-05 1550
1747240657789 3.338235294117647e-05 1560
1747240659003 3.3259803921568626e-05 1570
1747240660233 3.3137254901960784e-05 1580
1747240661469 3.301470588235294e-05 1590
1747240662670 3.28921568627451e-05 1600
1747240663873 3.276960784313726e-05 1610
1747240665083 3.2647058823529416e-05 1620
1747240666287 3.2524509803921574e-05 1630
1747240667484 3.240196078431373e-05 1640
1747240668671 3.227941176470588e-05 1650
1747240669863 3.215686274509804e-05 1660
1747240671059 3.20343137254902e-05 1670
1747240672266 3.191176470588235e-05 1680
1747240673463 3.178921568627451e-05 1690
1747240674660 3.1666666666666666e-05 1700
1747240675865 3.1544117647058824e-05 1710
1747240677006 3.142156862745098e-05 1720
1747240681348 3.129901960784314e-05 1730
1747240682562 3.11764705882353e-05 1740
1747240683806 3.1053921568627456e-05 1750
1747240685020 3.093137254901961e-05 1760
1747240686263 3.0808823529411765e-05 1770
1747240687507 3.0686274509803923e-05 1780
1747240688732 3.056372549019608e-05 1790
1747240689951 3.0441176470588233e-05 1800
1747240692131 3.031862745098039e-05 1810
1747240693337 3.019607843137255e-05 1820
1747240694534 3.0073529411764707e-05 1830
1747240695737 2.9950980392156865e-05 1840
1747240696949 2.982843137254902e-05 1850
1747240698144 2.9705882352941177e-05 1860
1747240699337 2.9583333333333335e-05 1870
1747240700531 2.9460784313725493e-05 1880
1747240701728 2.933823529411765e-05 1890
1747240702926 2.9215686274509806e-05 1900
1747240704126 2.9093137254901964e-05 1910
1747240705329 2.8970588235294122e-05 1920
1747240706542 2.8848039215686273e-05 1930
1747240710699 2.872549019607843e-05 1940
1747240711948 2.860294117647059e-05 1950
1747240713178 2.8480392156862744e-05 1960
1747240714404 2.8357843137254902e-05 1970
1747240715629 2.823529411764706e-05 1980
1747240716850 2.8112745098039218e-05 1990
1747240718081 2.7990196078431376e-05 2000
1747240719299 2.786764705882353e-05 2010
1747240720532 2.774509803921569e-05 2020
1747240721758 2.7622549019607846e-05 2030
1747240722979 2.7500000000000004e-05 2040
1747240724178 2.7377450980392162e-05 2050
1747240725391 2.7254901960784314e-05 2060
1747240726598 2.7132352941176468e-05 2070
1747240727794 2.7009803921568626e-05 2080
1747240728984 2.6887254901960784e-05 2090
1747240730179 2.6764705882352942e-05 2100
1747240731376 2.66421568627451e-05 2110
1747240732583 2.6519607843137255e-05 2120
1747240733801 2.6397058823529413e-05 2130
1747240734999 2.627450980392157e-05 2140
1747240736128 2.615196078431373e-05 2150
1747240740445 2.604166666666667e-05 2160
1747240741660 2.5919117647058826e-05 2170
1747240742887 2.5796568627450984e-05 2180
1747240744102 2.5674019607843136e-05 2190
1747240745328 2.5551470588235294e-05 2200
1747240746566 2.542892156862745e-05 2210
1747240747803 2.530637254901961e-05 2220
1747240749024 2.5183823529411764e-05 2230
1747240750746 2.5061274509803922e-05 2240
1747240751972 2.493872549019608e-05 2250
1747240753180 2.4816176470588238e-05 2260
1747240754387 2.4693627450980393e-05 2270
1747240755587 2.4571078431372547e-05 2280
1747240756789 2.4448529411764705e-05 2290
1747240758012 2.4325980392156863e-05 2300
1747240759218 2.420343137254902e-05 2310
1747240760424 2.408088235294118e-05 2320
1747240761622 2.3958333333333334e-05 2330
1747240762831 2.3835784313725492e-05 2340
1747240764036 2.3713235294117647e-05 2350
1747240765245 2.3590686274509805e-05 2360
1747240769472 2.3468137254901963e-05 2370
1747240770682 2.334558823529412e-05 2380
1747240771882 2.3223039215686275e-05 2390
1747240773101 2.3100490196078433e-05 2400
1747240774327 2.2977941176470588e-05 2410
1747240775548 2.2855392156862746e-05 2420
1747240776780 2.2732843137254904e-05 2430
1747240777998 2.261029411764706e-05 2440
1747240779219 2.2487745098039217e-05 2450
1747240780985 2.2365196078431375e-05 2460
1747240782200 2.224264705882353e-05 2470
1747240783415 2.2120098039215687e-05 2480
1747240784637 2.1997549019607845e-05 2490
1747240785852 2.1875e-05 2500
1747240787056 2.1752450980392158e-05 2510
1747240788260 2.1629901960784316e-05 2520
1747240789455 2.1507352941176474e-05 2530
1747240790661 2.138480392156863e-05 2540
1747240791878 2.1262254901960786e-05 2550
1747240793076 2.113970588235294e-05 2560
1747240794287 2.10171568627451e-05 2570
1747240795424 2.0894607843137257e-05 2580
1747240799689 2.0772058823529415e-05 2590
1747240800900 2.064950980392157e-05 2600
1747240802118 2.0526960784313724e-05 2610
1747240803331 2.0404411764705882e-05 2620
1747240804548 2.028186274509804e-05 2630
1747240805768 2.0159313725490198e-05 2640
1747240806997 2.0036764705882356e-05 2650
1747240808221 1.991421568627451e-05 2660
1747240809445 1.9791666666666665e-05 2670
1747240810645 1.9669117647058824e-05 2680
1747240811863 1.954656862745098e-05 2690
1747240813072 1.942401960784314e-05 2700
1747240814272 1.9301470588235298e-05 2710
1747240815482 1.9178921568627452e-05 2720
1747240816685 1.9056372549019607e-05 2730
1747240817887 1.8933823529411765e-05 2740
1747240819090 1.8811274509803923e-05 2750
1747240820328 1.868872549019608e-05 2760
1747240821571 1.8566176470588235e-05 2770
1747240823020 1.8443627450980393e-05 2780
1747240824270 1.8321078431372548e-05 2790
1747240828681 1.8198529411764706e-05 2800
1747240829916 1.8075980392156864e-05 2810
1747240831156 1.7953431372549022e-05 2820
1747240832389 1.7830882352941177e-05 2830
1747240833620 1.7708333333333335e-05 2840
1747240834834 1.7585784313725493e-05 2850
1747240836067 1.7463235294117647e-05 2860
1747240837286 1.7340686274509805e-05 2870
1747240838506 1.721813725490196e-05 2880
1747240839732 1.7095588235294118e-05 2890
1747240840933 1.6973039215686276e-05 2900
1747240842170 1.6850490196078434e-05 2910
1747240843380 1.672794117647059e-05 2920
1747240844588 1.6605392156862746e-05 2930
1747240845794 1.64828431372549e-05 2940
1747240847002 1.636029411764706e-05 2950
1747240848216 1.6237745098039217e-05 2960
1747240849434 1.6115196078431375e-05 2970
1747240850655 1.599264705882353e-05 2980
1747240851859 1.5870098039215688e-05 2990
1747240853070 1.5747549019607842e-05 3000
1747240854232 1.5625e-05 3010
1747240858422 1.550245098039216e-05 3020
1747240859627 1.5379901960784316e-05 3030
1747240860855 1.5257352941176473e-05 3040
1747240862111 1.5134803921568627e-05 3050
1747240863333 1.5012254901960785e-05 3060
1747240864559 1.4889705882352942e-05 3070
1747240865781 1.47671568627451e-05 3080
1747240867024 1.4644607843137256e-05 3090
1747240868259 1.4522058823529414e-05 3100
1747240869479 1.4399509803921568e-05 3110
1747240870718 1.4276960784313725e-05 3120
1747240871935 1.4154411764705883e-05 3130
1747240873134 1.403186274509804e-05 3140
1747240874347 1.3909313725490197e-05 3150
1747240875552 1.3786764705882355e-05 3160
1747240876775 1.366421568627451e-05 3170
1747240877983 1.3541666666666666e-05 3180
1747240879192 1.3419117647058824e-05 3190
1747240880388 1.329656862745098e-05 3200
1747240881592 1.3174019607843138e-05 3210
1747240882800 1.3051470588235296e-05 3220
1747240886893 1.2928921568627453e-05 3230
1747240888092 1.2806372549019607e-05 3240
1747240889311 1.2683823529411765e-05 3250
1747240890556 1.2561274509803922e-05 3260
1747240891796 1.243872549019608e-05 3270
1747240893045 1.2316176470588236e-05 3280
1747240894292 1.2193627450980392e-05 3290
1747240895554 1.207107843137255e-05 3300
1747240896778 1.1948529411764707e-05 3310
1747240898101 1.1825980392156863e-05 3320
1747240899329 1.170343137254902e-05 3330
1747240900541 1.1580882352941177e-05 3340
1747240901746 1.1458333333333333e-05 3350
1747240902953 1.1335784313725491e-05 3360
1747240904158 1.1213235294117648e-05 3370
1747240905358 1.1090686274509804e-05 3380
1747240906562 1.096813725490196e-05 3390
1747240907789 1.0845588235294118e-05 3400
1747240909014 1.0723039215686275e-05 3410
1747240910223 1.0600490196078431e-05 3420
1747240911424 1.0477941176470589e-05 3430
1747240912571 1.0355392156862747e-05 3440
1747240918106 1.0232843137254902e-05 3450
1747240919305 1.011029411764706e-05 3460
1747240920519 9.987745098039216e-06 3470
1747240921738 9.865196078431372e-06 3480
1747240922948 9.74264705882353e-06 3490
1747240924160 9.620098039215687e-06 3500
1747240925366 9.497549019607843e-06 3510
1747240926576 9.375000000000001e-06 3520
1747240927785 9.252450980392157e-06 3530
1747240928998 9.129901960784313e-06 3540
1747240930209 9.007352941176471e-06 3550
1747240931418 8.884803921568628e-06 3560
1747240932635 8.762254901960784e-06 3570
1747240933868 8.639705882352942e-06 3580
1747240935079 8.517156862745098e-06 3590
1747240936289 8.394607843137255e-06 3600
1747240937514 8.272058823529413e-06 3610
1747240938736 8.149509803921569e-06 3620
1747240939952 8.026960784313727e-06 3630
1747240941167 7.904411764705882e-06 3640
1747240942391 7.78186274509804e-06 3650
1747240946565 7.659313725490198e-06 3660
1747240947788 7.536764705882353e-06 3670
1747240949002 7.41421568627451e-06 3680
1747240950216 7.2916666666666674e-06 3690
1747240951418 7.169117647058824e-06 3700
1747240952629 7.046568627450981e-06 3710
1747240953831 6.924019607843138e-06 3720
1747240955038 6.8014705882352935e-06 3730
1747240956247 6.6789215686274515e-06 3740
1747240957468 6.556372549019609e-06 3750
1747240958679 6.433823529411764e-06 3760
1747240959881 6.311274509803921e-06 3770
1747240961099 6.188725490196079e-06 3780
1747240962298 6.066176470588236e-06 3790
1747240963545 5.943627450980392e-06 3800
1747240964751 5.821078431372549e-06 3810
1747240965953 5.698529411764706e-06 3820
1747240967153 5.575980392156863e-06 3830
1747240968361 5.45343137254902e-06 3840
1747240969562 5.330882352941177e-06 3850
1747240970772 5.208333333333334e-06 3860
1747240971912 5.08578431372549e-06 3870
1747240976419 4.963235294117647e-06 3880
1747240977622 4.840686274509805e-06 3890
1747240978831 4.718137254901961e-06 3900
1747240980033 4.595588235294118e-06 3910
1747240981255 4.473039215686274e-06 3920
1747240982466 4.3504901960784316e-06 3930
1747240983681 4.227941176470589e-06 3940
1747240984906 4.105392156862745e-06 3950
1747240986100 3.982843137254902e-06 3960
1747240987293 3.860294117647059e-06 3970
1747240988495 3.7377450980392156e-06 3980
1747240989701 3.6151960784313732e-06 3990
1747240990912 3.4926470588235295e-06 4000
1747240992118 3.3700980392156863e-06 4010
1747240993323 3.2475490196078434e-06 4020
1747240994526 3.125e-06 4030
1747240995740 3.0024509803921573e-06 4040
1747240996948 2.8799019607843136e-06 4050
1747240998154 2.7573529411764708e-06 4060
1747240999353 2.6348039215686275e-06 4070
1747241000554 2.5122549019607847e-06 4080
1747241006678 2.389705882352941e-06 4090
1747241007882 2.267156862745098e-06 4100
1747241009089 2.144607843137255e-06 4110
1747241010308 2.022058823529412e-06 4120
1747241011516 1.8995098039215685e-06 4130
1747241012725 1.7769607843137255e-06 4140
1747241013928 1.6544117647058824e-06 4150
1747241015135 1.5318627450980392e-06 4160
1747241016334 1.409313725490196e-06 4170
1747241017536 1.286764705882353e-06 4180
1747241018750 1.16421568627451e-06 4190
1747241019961 1.0416666666666667e-06 4200
1747241021183 9.191176470588236e-07 4210
1747241022409 7.965686274509804e-07 4220
1747241023630 6.740196078431373e-07 4230
1747241024830 5.514705882352942e-07 4240
1747241026033 4.28921568627451e-07 4250
1747241027231 3.0637254901960785e-07 4260
1747241028438 1.8382352941176472e-07 4270
1747241029653 6.127450980392157e-08 4280
